T,J7,J8,J9,J10,J11,J12,J13,J14,J15,J16,J17,J18,J19,J20,J21,J22,J23,J24,J25,J26,J27,J28,J29,J30,J31,J32,J33,J34,J35,J36,J37,J38,J39,J40
0,-0.40059,-0.25208,-0.19715,-0.8458,-0.00651,0.01438,1.21445,-13.18835,-0.84095,-0.91134,-2.70238,-0.02097,-0.06333,0.47668,-11.34062,-0.0007,-0.3175,0.007,0.00778,-0.00997,0.06369,-0.01169,-0.02911,-0.01036,-0.05823,-0.00596,-0.07192,0.29151,0.03137,0.00262,0.00606,-0.04099,0.00359,0.04159
0.02,-0.44756,-0.24816,-0.19453,-0.86206,-0.01119,0.01319,1.2729,-13.36615,-0.33843,-0.89375,-2.5525,-0.02219,-0.06173,0.52535,-11.27085,-0.00094,-0.36129,0.01035,0.00653,-0.01122,0.06649,-0.01052,-0.02885,-0.01033,-0.0587,-0.00612,-0.07169,0.29213,0.0274,0.00293,0.00606,-0.04141,0.00336,0.04095
0.04,-0.48288,-0.22901,-0.18092,-0.86198,-0.01511,0.01136,1.26295,-13.37105,0.31694,-0.86631,-2.33035,-0.02311,-0.05857,0.53889,-10.95333,-0.00119,-0.41273,0.01455,0.00448,-0.01258,0.06809,-0.00875,-0.028,-0.01013,-0.05811,-0.00622,-0.06998,0.28589,0.02122,0.00324,0.0059,-0.04105,0.00298,0.03896
0.06,-0.50369,-0.1939,-0.15645,-0.84719,-0.01744,0.00911,1.18281,-13.19646,1.07884,-0.83008,-2.05214,-0.02359,-0.05395,0.51184,-10.39094,-0.00142,-0.46862,0.0195,0.00175,-0.0139,0.06788,-0.00643,-0.02663,-0.00976,-0.05647,-0.00626,-0.06691,0.27305,0.01299,0.00356,0.00558,-0.0399,0.00249,0.03573
0.08,-0.5069,-0.14537,-0.12288,-0.82171,-0.01791,0.0067,1.05047,-12.82428,1.86117,-0.77975,-1.73274,-0.02361,-0.04799,0.4495,-9.58246,-0.00161,-0.52382,0.02414,-0.00143,-0.01495,0.06507,-0.00359,-0.02487,-0.00919,-0.05378,-0.00624,-0.06264,0.25425,0.00315,0.00388,0.00512,-0.03797,0.00192,0.03158
0.1,-0.49275,-0.08702,-0.08588,-0.78966,-0.01551,0.0045,0.85392,-12.22612,2.59631,-0.72775,-1.41477,-0.02283,-0.04111,0.34924,-8.6005,-0.0017,-0.56665,0.02878,-0.00474,-0.01541,0.05871,-0.00034,-0.02289,-0.00841,-0.05009,-0.00617,-0.05744,0.23018,-0.0076,0.0042,0.00453,-0.03524,0.00135,0.02673
0.12,-0.46254,-0.02693,-0.05101,-0.75719,-0.01059,0.00274,0.60162,-11.36467,3.28046,-0.68668,-1.13259,-0.0209,-0.03366,0.22216,-7.52577,-0.00162,-0.58238,0.03445,-0.00765,-0.01491,0.04791,0.0033,-0.02086,-0.00736,-0.04542,-0.00603,-0.05158,0.20182,-0.01827,0.00453,0.00381,-0.03174,0.00086,0.02159
0.14,-0.41312,0.02478,-0.02105,-0.73339,-0.00504,0.00142,0.34852,-10.22436,3.79364,-0.63845,-0.88375,-0.01825,-0.02573,0.09865,-6.35765,-0.00132,-0.56755,0.03783,-0.00991,-0.0133,0.03204,0.00732,-0.01895,-0.00611,-0.03982,-0.00582,-0.04524,0.17052,-0.02801,0.00483,0.00303,-0.02745,0.00051,0.01681
0.16,-0.3432,0.06308,0.00144,-0.72571,0.00029,0.00047,0.11354,-8.79541,4.00713,-0.57108,-0.6695,-0.01531,-0.01738,-0.00318,-5.10953,-0.00072,-0.52267,0.03626,-0.01163,-0.01062,0.01111,0.01159,-0.01725,-0.00475,-0.03339,-0.00551,-0.03855,0.13738,-0.03627,0.00507,0.00221,-0.02243,0.00034,0.01279
0.18,-0.25559,0.08598,0.01464,-0.73901,0.00513,-0.00015,-0.11242,-7.0783,3.95507,-0.48728,-0.4947,-0.0122,-0.00884,-0.07789,-3.83261,0.00029,-0.44594,0.03118,-0.01286,-0.00708,-0.01404,0.01593,-0.01587,-0.00331,-0.02632,-0.0051,-0.03169,0.10341,-0.04264,0.00525,0.00138,-0.01677,0.00035,0.00971
0.2,-0.15416,0.09446,0.01929,-0.77606,0.00915,-0.00053,-0.33403,-5.16601,3.61607,-0.40149,-0.35108,-0.00922,-0.00064,-0.11684,-2.60184,0.0018,-0.35533,0.02196,-0.01378,-0.00322,-0.04172,0.02006,-0.01487,-0.00196,-0.01899,-0.00457,-0.0249,0.06973,-0.04683,0.00532,0.00056,-0.01067,0.00054,0.00767
0.22,-0.04477,0.09189,0.01896,-0.83778,0.01214,-0.00075,-0.54534,-3.12294,3.01884,-0.32478,-0.22591,-0.00662,0.00706,-0.09881,-1.46732,0.00389,-0.26608,0.01029,-0.0146,0.00054,-0.06975,0.02365,-0.01429,-0.00079,-0.01178,-0.00391,-0.0184,0.03765,-0.0487,0.00527,-0.00023,-0.00438,0.00087,0.00674
0.24,0.06555,0.08122,0.0157,-0.92564,0.01405,-0.00087,-0.74991,-0.94065,2.36103,-0.24965,-0.10717,-0.00437,0.01413,-0.03019,-0.43798,0.00665,-0.17201,0.00138,-0.01553,0.00402,-0.09651,0.02627,-0.01417,0.00028,-0.00497,-0.00313,-0.01229,0.00818,-0.04831,0.00513,-0.00098,0.00193,0.0013,0.00687
0.26,0.17144,0.06566,0.01041,-1.03975,0.01499,-0.00093,-0.96445,1.34585,1.76117,-0.17431,0.01662,-0.00254,0.02014,0.06024,0.46838,0.01011,-0.07458,-0.00229,-0.01677,0.00708,-0.12146,0.02757,-0.01447,0.00126,0.00127,-0.00225,-0.00657,-0.0186,-0.04593,0.00491,-0.00167,0.00812,0.0018,0.00794
0.28,0.26826,0.04822,0.00493,-1.17658,0.01517,-0.00093,-1.2037,3.65908,1.24675,-0.10432,0.15343,-0.0012,0.025,0.1476,1.23487,0.01426,0.01734,-0.00076,-0.01849,0.00978,-0.14474,0.02743,-0.01516,0.00216,0.00685,-0.00129,-0.00118,-0.04329,-0.04188,0.00465,-0.00234,0.01409,0.00234,0.0097
0.3,0.35246,0.03265,0.00073,-1.33168,0.01454,-0.00088,-1.44027,5.9436,0.84238,-0.04451,0.30732,-0.00042,0.02883,0.25299,1.85793,0.01897,0.09852,0.00722,-0.02095,0.01236,-0.16706,0.0258,-0.01614,0.00302,0.01175,-0.00034,0.00398,-0.0668,-0.0367,0.00432,-0.00299,0.01975,0.00287,0.01181
0.32,0.42213,0.02111,-0.00169,-1.49977,0.01305,-0.00078,-1.61684,8.20772,0.55631,0.0054,0.48055,-0.0003,0.03181,0.4275,2.34399,0.02393,0.17222,0.02577,-0.02452,0.01515,-0.18935,0.02283,-0.01729,0.00384,0.01595,0.00056,0.00901,-0.0901,-0.03088,0.00394,-0.00362,0.02496,0.00335,0.01397
0.34,0.47695,0.01257,-0.00306,-1.67526,0.0111,-0.00061,-1.75182,10.36667,0.38475,0.04769,0.67198,-0.00091,0.03423,0.6325,2.69112,0.02866,0.2374,0.05058,-0.02911,0.01833,-0.21224,0.01892,-0.0185,0.0047,0.01948,0.00133,0.01398,-0.11405,-0.02459,0.00355,-0.00422,0.02962,0.00377,0.01581
0.36,0.51763,0.0064,-0.00384,-1.8541,0.00904,-0.00034,-1.88537,12.2898,0.32271,0.08207,0.87728,-0.00235,0.03637,0.8114,2.90258,0.03251,0.28849,0.07398,-0.03459,0.02196,-0.23584,0.0145,-0.0196,0.00563,0.02235,0.00196,0.01889,-0.13909,-0.01802,0.00318,-0.00481,0.03363,0.00408,0.01706
0.38,0.54328,0.00259,-0.00392,-2.03094,0.00698,-0,-2.01798,13.93141,0.36377,0.10939,1.08875,-0.00469,0.0386,0.95765,2.99776,0.03446,0.32605,0.09493,-0.04118,0.02593,-0.25958,0.00989,-0.02042,0.00658,0.02458,0.00245,0.02364,-0.16515,-0.01139,0.00279,-0.00536,0.03687,0.00428,0.01761
0.4,0.56422,0.00072,-0.00348,-2.20201,0.00496,0.00041,-2.07861,15.28639,0.49989,0.13225,1.30114,-0.00791,0.04115,1.13351,2.9945,0.03313,0.35133,0.11088,-0.04788,0.03009,-0.28158,0.00546,-0.02073,0.0076,0.02614,0.00281,0.02803,-0.19115,-0.00503,0.00234,-0.00577,0.03921,0.00438,0.01744
0.42,0.59188,-4e-05,-0.00266,-2.36041,0.003,0.00086,-1.97061,16.36609,0.72019,0.15348,1.51259,-0.0119,0.04403,1.41797,2.90653,0.02677,0.36473,0.11965,-0.05298,0.03427,-0.29928,0.00156,-0.02024,0.00881,0.02699,0.00309,0.03178,-0.21544,0.00077,0.0018,-0.00585,0.04052,0.00436,0.01657
0.44,0.61397,-0.00062,-0.0011,-2.49046,0.00115,0.00134,-1.75226,17.06973,1.01099,0.17378,1.70866,-0.01648,0.04726,1.73985,2.7513,0.0136,0.36425,0.12323,-0.05674,0.03795,-0.31139,-0.00156,-0.01885,0.00999,0.02709,0.0033,0.03456,-0.23698,0.00577,0.00116,-0.00568,0.04066,0.00423,0.01511
0.46,0.61878,-0.00143,0.0008,-2.57947,-0.00057,0.00182,-1.49549,17.30882,1.35281,0.19307,1.87745,-0.02143,0.05062,2.02355,2.54998,-0.00836,0.34963,0.12312,-0.05963,0.04068,-0.31739,-0.00381,-0.01655,0.01087,0.02643,0.00347,0.03612,-0.25527,0.00978,0.00044,-0.00537,0.0396,0.00402,0.0132
0.48,0.60513,-0.00257,0.00159,-2.61743,-0.00214,0.00225,-1.18396,17.12015,1.7126,0.21112,2.02454,-0.02645,0.05327,2.2816,2.32226,-0.04108,0.32369,0.11959,-0.06102,0.04227,-0.31693,-0.00522,-0.01338,0.01145,0.02505,0.00359,0.03627,-0.26988,0.01268,-0.00032,-0.00487,0.03743,0.00371,0.01097
0.5,0.5776,-0.00357,-0.00063,-2.59617,-0.00359,0.00257,-0.82827,16.4766,2.06178,0.22874,2.15313,-0.03067,0.05476,2.50508,2.08728,-0.08614,0.28704,0.11259,-0.06037,0.04261,-0.31078,-0.00588,-0.00962,0.01166,0.02304,0.00363,0.03489,-0.28051,0.01446,-0.00105,-0.00435,0.03432,0.00334,0.00858
0.52,0.54224,-0.00365,-0.00765,-2.50934,-0.00489,0.00274,-0.44267,15.37284,2.3813,0.24695,2.26519,-0.03284,0.05488,2.68972,1.86244,-0.14455,0.24132,0.10234,-0.05725,0.04161,-0.30013,-0.00587,-0.00559,0.01146,0.02048,0.00357,0.03197,-0.28694,0.01522,-0.00165,-0.004,0.03052,0.00291,0.00622
0.54,0.49343,-0.00276,-0.01961,-2.35133,-0.00582,0.00267,-0.0584,13.92043,2.62732,0.26258,2.37267,-0.03308,0.05246,2.8066,1.66478,-0.21609,0.19269,0.08963,-0.05217,0.03926,-0.28567,-0.00535,-0.00156,0.01086,0.01753,0.00338,0.02761,-0.2894,0.01498,-0.00205,-0.0037,0.0263,0.00245,0.00405
0.56,0.42943,-0.00111,-0.03398,-2.12281,-0.00629,0.00237,0.29426,12.2176,2.76678,0.27299,2.4817,-0.03186,0.04711,2.84001,1.50244,-0.29876,0.14583,0.07552,-0.04567,0.03565,-0.26812,-0.00446,0.00219,0.00987,0.0143,0.00305,0.02216,-0.28828,0.01383,-0.00226,-0.00335,0.02188,0.00197,0.0022
0.58,0.35629,0.00112,-0.04686,-1.83062,-0.00646,0.0019,0.61498,10.33941,2.80968,0.27779,2.58404,-0.02892,0.03986,2.82208,1.37019,-0.38874,0.1026,0.06136,-0.03759,0.03102,-0.24846,-0.00328,0.00538,0.0086,0.01093,0.00259,0.01629,-0.28386,0.01192,-0.00231,-0.003,0.01748,0.00149,0.00071
0.6,0.28344,0.00355,-0.05526,-1.50663,-0.00622,0.00135,0.84113,8.31207,2.7606,0.27783,2.68037,-0.02542,0.03162,2.67838,1.27358,-0.47839,0.06638,0.04664,-0.02976,0.02574,-0.22786,-0.00195,0.00776,0.00704,0.00762,0.00205,0.01087,-0.27656,0.00944,-0.00222,-0.00269,0.01334,0.00103,-0.0004
0.62,0.21958,0.00593,-0.05768,-1.18665,-0.00552,0.00081,0.94432,6.21225,2.63016,0.27618,2.77426,-0.0226,0.0236,2.3826,1.21806,-0.55816,0.03906,0.03185,-0.02348,0.0202,-0.2075,-0.00057,0.00912,0.00528,0.00459,0.00148,0.00693,-0.26693,0.00655,-0.00204,-0.00243,0.00972,0.00062,-0.00113
0.64,0.1632,0.00804,-0.05335,-0.87398,-0.00474,0.00036,0.99324,4.19819,2.45638,0.27123,2.845,-0.01974,0.01718,2.06112,1.18024,-0.62544,0.01903,0.01977,-0.01738,0.01467,-0.18824,0.0008,0.00938,0.00357,0.00207,0.00094,0.00531,-0.25579,0.00345,-0.0018,-0.0022,0.00687,0.00029,-0.00152
0.66,0.11365,0.00981,-0.04352,-0.57446,-0.00412,-1e-05,1.029,2.32321,2.26068,0.26026,2.8824,-0.01643,0.01292,1.77588,1.13662,-0.68214,0.00519,0.01104,-0.01102,0.00938,-0.17084,0.00212,0.00856,0.00207,0.00028,0.00047,0.00635,-0.24426,0.00029,-0.00152,-0.002,0.005,3e-05,-0.00167
0.68,0.07335,0.01115,-0.03095,-0.30041,-0.00359,-0.00029,1.05653,0.55565,2.03911,0.24378,2.90807,-0.01305,0.01075,1.51679,1.07641,-0.72965,-0.00323,0.00486,-0.00515,0.00461,-0.1561,0.00337,0.00692,0.00084,-0.00057,0.00011,0.00991,-0.23369,-0.0028,-0.00124,-0.00185,0.00431,-0.00015,-0.00173
0.7,0.04317,0.0119,-0.01829,-0.05842,-0.00313,-0.0005,1.07372,-1.14311,1.77727,0.22182,2.93004,-0.01016,0.0105,1.28202,0.99057,-0.77579,-0.00743,0.00073,-0.00037,0.00064,-0.14488,0.00457,0.0048,-6e-05,-0.00023,-0.00011,0.01544,-0.22606,-0.00569,-0.001,-0.00178,0.00498,-0.00026,-0.00186
0.72,0.02362,0.01192,-0.0077,0.15053,-0.00272,-0.00067,1.08481,-2.81366,1.4507,0.19516,2.95522,-0.0081,0.01191,1.08074,0.87141,-0.8316,-0.00883,-0.0018,0.00332,-0.00224,-0.13808,0.00574,0.00263,-0.00054,0.00152,-0.00016,0.02221,-0.22352,-0.00822,-0.00086,-0.00185,0.00719,-0.00031,-0.00227
0.74,0.0143,0.01105,-0.00037,0.32922,-0.00234,-0.0008,1.12606,-4.51502,1.02595,0.1641,3.02607,-0.00655,0.01457,0.9383,0.70611,-0.89592,-0.0085,-0.00309,0.00602,-0.00388,-0.13645,0.0069,0.00082,-0.00057,0.00487,-2e-05,0.02947,-0.22757,-0.01026,-0.00083,-0.00209,0.01112,-0.00031,-0.00311
0.76,0.01317,0.00933,0.00381,0.48181,-0.00196,-0.0009,1.21921,-6.32962,0.45604,0.12887,3.16797,-0.00528,0.01806,0.86866,0.48889,-0.96515,-0.00696,-0.00343,0.00746,-0.00442,-0.14056,0.00806,-0.00038,-0.00017,0.00991,0.00033,0.03661,-0.23931,-0.01177,-0.00092,-0.00249,0.01689,-0.00027,-0.00451
0.78,0.01687,0.007,0.00566,0.61548,-0.00157,-0.00097,1.35177,-8.34433,-0.31814,0.09123,3.36372,-0.0044,0.02192,0.86983,0.22646,-1.04343,-0.00403,-0.00311,0.00769,-0.00407,-0.15083,0.00923,-0.00085,0.00059,0.01662,0.00092,0.04326,-0.2596,-0.01268,-0.00117,-0.0031,0.02453,-0.00019,-0.00651
0.8,0.02135,0.0042,0.00631,0.7388,-0.00119,-0.00102,1.54544,-10.562,-1.35623,0.05204,3.61175,-0.00375,0.02594,0.94456,-0.07021,-1.10908,0.0014,-0.00241,0.00688,-0.00322,-0.16737,0.01037,-0.00056,0.00165,0.02483,0.00173,0.04913,-0.28823,-0.01299,-0.00153,-0.00382,0.03398,-7e-05,-0.0091
0.82,0.02272,0.00104,0.00693,0.8606,-0.00083,-0.00105,1.82906,-12.91778,-2.71406,0.01484,3.9106,-0.003,0.03007,1.09229,-0.38386,-1.13133,0.01095,-0.0016,0.00522,-0.00224,-0.19029,0.01142,0.00045,0.00306,0.03434,0.00277,0.05404,-0.32449,-0.01269,-0.00197,-0.00449,0.04513,8e-05,-0.01218
0.84,0.01823,-0.00194,0.008,0.98942,-0.00049,-0.00106,2.16571,-15.46912,-4.42161,-0.01357,4.2072,-0.00201,0.03398,1.30033,-0.69794,-1.12196,0.02778,-0.0009,0.00286,-0.00132,-0.21984,0.01235,0.00211,0.00481,0.04492,0.00403,0.05788,-0.36836,-0.01175,-0.00243,-0.00509,0.05783,0.00029,-0.01569
0.86,0.00703,-0.0042,0.00968,1.13331,-0.00018,-0.00106,2.5067,-18.33617,-6.47786,-0.02759,4.44817,-0.00055,0.0373,1.54842,-1.00209,-1.09682,0.05531,-0.00057,0.00022,-0.00063,-0.25642,0.01314,0.00435,0.00685,0.05632,0.00548,0.06055,-0.42004,-0.01014,-0.00292,-0.00566,0.07188,0.00058,-0.01959
0.88,-0.009,-0.00571,0.01243,1.2991,8e-05,-0.00103,2.82182,-21.59564,-8.93732,-0.02296,4.60586,0.00194,0.03989,1.80305,-1.29708,-1.05474,0.09246,-0.00083,-0.00207,-0.00024,-0.30036,0.01378,0.00705,0.00917,0.06829,0.00708,0.06201,-0.47933,-0.00786,-0.00337,-0.00615,0.08699,0.00099,-0.02381
0.9,-0.02613,-0.00633,0.01616,1.49365,0.00031,-0.00099,3.13538,-24.99867,-11.41554,0.00555,4.65405,0.00585,0.0424,2.06944,-1.55574,-0.98794,0.14278,-0.00189,-0.00297,-0.00022,-0.35104,0.01424,0.01002,0.01182,0.08058,0.00877,0.06233,-0.54415,-0.00498,-0.00373,-0.00647,0.10282,0.00157,-0.02822
0.92,-0.0443,-0.00602,0.02074,1.72118,0.00053,-0.00093,3.47516,-28.11469,-13.13322,0.06454,4.57408,0.01126,0.04578,2.36636,-1.71705,-0.89164,0.21543,-0.00398,-0.00026,-0.0006,-0.40719,0.0145,0.01303,0.01486,0.09288,0.01048,0.0617,-0.6113,-0.00155,-0.00389,-0.00658,0.11896,0.00235,-0.03259
0.94,-0.06525,-0.0053,0.02735,1.98124,0.00078,-0.00087,3.74389,-31.03063,-14.24768,0.15161,4.33029,0.01853,0.04928,2.61507,-1.80388,-0.78992,0.30275,-0.0072,0.00679,-0.00145,-0.46829,0.01454,0.01578,0.01826,0.10465,0.01213,0.06044,-0.67981,0.00237,-0.00386,-0.00646,0.13469,0.00334,-0.03676
0.96,-0.09034,-0.00452,0.03795,2.27212,0.00112,-0.0008,3.85197,-34.00595,-15.19222,0.25597,3.90523,0.02787,0.05217,2.7352,-1.8822,-0.70219,0.38817,-0.01144,0.01719,-0.00286,-0.53393,0.01438,0.01788,0.02186,0.11526,0.01364,0.05927,-0.74934,0.00665,-0.00366,-0.00616,0.14924,0.00453,-0.04058
0.98,-0.12464,-0.00383,0.05506,2.59012,0.00163,-0.00072,3.78746,-37.12629,-15.95339,0.36914,3.32838,0.03827,0.05476,2.7116,-1.96923,-0.62753,0.46012,-0.01669,0.02979,-0.00505,-0.60297,0.01398,0.01886,0.0255,0.12406,0.01497,0.0595,-0.81832,0.01113,-0.0033,-0.00582,0.16185,0.00583,-0.04383
1,-0.2139,-0.00336,0.08043,2.8834,0.00228,-0.00065,3.57369,-39.57799,-16.30209,0.47577,2.60082,0.04865,0.05678,2.54956,-2.10281,-0.58598,0.52192,-0.02189,0.04406,-0.00811,-0.67103,0.01336,0.0182,0.02939,0.13048,0.01609,0.06254,-0.88067,0.01556,-0.00277,-0.00513,0.17183,0.00713,-0.04599
1.02,-0.44046,-0.00341,0.11305,2.84744,0.00297,-0.00063,3.22987,-40.3653,-16.01929,0.5654,1.76784,0.05825,0.05767,2.25636,-2.326,-0.60204,0.59238,-0.02484,0.06023,-0.0118,-0.7323,0.01253,0.01548,0.03389,0.13397,0.01695,0.0697,-0.92852,0.01968,-0.00208,-0.0037,0.17856,0.00831,-0.04648
1.04,-0.83854,-0.00445,0.14977,2.82237,0.00353,-0.00067,2.75291,-40.23547,-15.44363,0.62754,0.94229,0.06491,0.05772,1.82656,-2.67849,-0.66114,0.64859,-0.02552,0.07505,-0.01629,-0.78554,0.01161,0.01029,0.03859,0.13357,0.01753,0.08212,-0.96221,0.02313,-0.00135,-0.00185,0.18096,0.00921,-0.04529
1.06,-1.40567,-0.00728,0.18362,2.80843,0.00382,-0.00073,2.18422,-40.06898,-14.92632,0.64581,0.18054,0.06711,0.05715,1.28192,-3.19683,-0.74637,0.66036,-0.02502,0.08596,-0.02197,-0.83133,0.01075,0.00264,0.04301,0.12864,0.01778,0.09993,-0.98436,0.02557,-0.0007,-5e-05,0.1784,0.00974,-0.0426
1.08,-2.15924,-0.01322,0.20263,2.81039,0.00376,-0.00084,1.5888,-40.02161,-14.48989,0.61922,-0.49826,0.06633,0.0559,0.66239,-3.86047,-0.85596,0.63884,-0.02325,0.0957,-0.02877,-0.86893,0.01018,-0.00705,0.04723,0.11945,0.01766,0.12144,-0.99426,0.0267,-0.00019,0.00124,0.17116,0.00988,-0.03843
1.1,-3.13666,-0.02308,0.186,2.82363,0.00283,-0.00114,1.01785,-39.25761,-13.8371,0.52945,-1.0716,0.06197,0.05399,0.00379,-4.71505,-0.94796,0.56602,-0.02012,0.10164,-0.03613,-0.89415,0.01017,-0.01789,0.05149,0.10616,0.01718,0.14503,-0.99017,0.02611,0.0001,0.00329,0.15955,0.00968,-0.03334
1.12,-4.33555,-0.03583,0.11834,2.82822,0.00049,-0.00175,0.51126,-36.99248,-12.78371,0.37635,-1.51454,0.05486,0.05164,-0.63961,-5.78427,-0.98365,0.43788,-0.01589,0.10079,-0.04261,-0.90213,0.01094,-0.02828,0.05604,0.08934,0.01631,0.16965,-0.97052,0.02337,0.00012,0.00797,0.14419,0.0092,-0.02787
1.14,-5.58184,-0.05168,0.01866,2.81636,-0.00262,-0.00248,0.09741,-34.44851,-11.52625,0.19406,-1.81028,0.05026,0.04991,-1.21208,-6.88021,-0.88281,0.28614,-0.01152,0.09944,-0.04732,-0.8968,0.01257,-0.03732,0.06096,0.07023,0.01504,0.19211,-0.93977,0.01791,-0.00018,0.01389,0.12641,0.00856,-0.02198
1.16,-6.68854,-0.07144,-0.0869,2.7924,-0.00566,-0.0032,-0.20949,-32.33131,-10.27705,0.01496,-1.94806,0.04995,0.05012,-1.6607,-7.85433,-0.59226,0.14167,-0.00782,0.10129,-0.04904,-0.88397,0.01488,-0.04507,0.06622,0.0497,0.01336,0.21006,-0.90345,0.00908,-0.00079,0.01948,0.10728,0.00786,-0.01564
1.18,-7.5244,-0.0922,-0.18175,2.74424,-0.00829,-0.00378,-0.37061,-30.2074,-9.23083,-0.12175,-1.90917,0.05394,0.05365,-1.88869,-8.66157,-0.26888,0.04406,-0.00537,0.10615,-0.04506,-0.86529,0.01748,-0.05146,0.07179,0.02835,0.01137,0.22473,-0.86343,-0.00386,-0.00168,0.02523,0.08758,0.00719,-0.00901
1.2,-7.97049,-0.112,-0.25753,2.66487,-0.00995,-0.00416,-0.30104,-28.01706,-7.63987,-0.21873,-1.67254,0.05283,0.06252,-1.7807,-9.19772,0.60157,-0.05416,-0.00324,0.10315,-0.03562,-0.84223,0.02029,-0.05664,0.07899,0.00686,0.00918,0.2369,-0.8259,-0.02157,-0.00267,0.03194,0.06811,0.00664,-0.00212
1.22,-7.95041,-0.1306,-0.31604,2.54745,-0.01046,-0.00445,0.12365,-25.62129,-5.16627,-0.25371,-1.21294,0.03544,0.07863,-1.17334,-9.32228,2.34094,-0.12474,-0.00019,0.07711,-0.01817,-0.81658,0.02366,-0.0609,0.08941,-0.01384,0.00695,0.24738,-0.79779,-0.04414,-0.00342,0.04025,0.04983,0.00627,0.00492
1.24,-7.41745,-0.14559,-0.35763,2.38785,-0.00966,-0.00447,1.02074,-22.87599,-3.06444,-0.16662,-0.5058,0.01122,0.10271,0.11838,-8.9643,3.69977,-0.02439,0.00078,0.03947,0.01415,-0.79134,0.02748,-0.06451,0.10268,-0.033,0.00485,0.2594,-0.77793,-0.07174,-0.00388,0.0502,0.03369,0.00611,0.01195
1.26,-6.40467,-0.15417,-0.3804,2.18385,-0.00769,-0.00415,2.41338,-19.78618,-1.71954,0.03347,0.47236,-0.00692,0.13355,2.13471,-8.18862,4.35699,0.24303,-0.00193,0.00976,0.06132,-0.77042,0.03157,-0.06775,0.11796,-0.05029,0.00298,0.27476,-0.76506,-0.10479,-0.00413,0.06148,0.02021,0.00616,0.01861
1.28,-5.02501,-0.15577,-0.38555,1.92011,-0.00524,-0.00364,4.15773,-16.31388,-0.83982,0.27351,1.733,-0.01158,0.16627,4.67604,-7.02132,4.51311,0.56797,-0.00754,0.00036,0.11582,-0.75818,0.03628,-0.07083,0.13438,-0.06553,0.00135,0.29201,-0.76174,-0.14316,-0.00418,0.07365,0.00958,0.00626,0.02421
1.3,-3.5037,-0.15519,-0.36872,1.65486,-0.00241,-0.00282,5.98898,-13.03289,-0.35564,0.4831,3.28928,0.00613,0.19686,7.31828,-5.58637,4.36494,0.84058,-0.00814,0.02795,0.1684,-0.75145,0.04412,-0.07278,0.15694,-0.07834,-8e-05,0.30997,-0.76412,-0.18471,-0.00422,0.08923,0.00192,0.00628,0.02823
1.32,-2.05248,-0.15647,-0.32129,1.26004,-0.00015,-0.00167,7.67484,-10.39035,-0.29952,0.6726,5.16315,0.06007,0.22327,9.58677,-4.19111,3.95651,1.03565,0.01222,0.10962,0.21439,-0.74604,0.05933,-0.07222,0.19298,-0.08832,-0.00138,0.32681,-0.7667,-0.22531,-0.00452,0.11139,-0.00273,0.00605,0.03036
1.34,-0.78546,-0.15167,-0.25778,0.84488,8e-05,-0.00061,8.90346,-8.05064,-0.50196,0.76964,7.34185,0.16192,0.23721,11.00889,-2.99111,3.54028,1.01269,0.06729,0.25274,0.24108,-0.75243,0.08282,-0.06971,0.24001,-0.09581,-0.00265,0.33708,-0.77227,-0.26256,-0.00517,0.13712,-0.00447,0.00538,0.02937
1.36,0.19144,-0.13561,-0.19546,0.5205,-0.00147,0.00012,9.41866,-5.84699,-0.70384,0.66536,9.73869,0.30721,0.23355,11.32318,-1.96348,3.5762,0.63579,0.1655,0.43853,0.24041,-0.7844,0.11469,-0.06586,0.29403,-0.1017,-0.00402,0.33516,-0.78302,-0.29463,-0.00618,0.16344,-0.00354,0.0042,0.02446
1.38,0.8102,-0.11165,-0.14007,0.29082,-0.00428,0.00055,9.19682,-3.91496,-0.80594,0.3275,12.04708,0.47396,0.21591,10.56421,-1.12202,4.51583,-0.1204,0.28505,0.62421,0.2199,-0.85184,0.15728,-0.06032,0.35499,-0.10691,-0.00564,0.31663,-0.79664,-0.3179,-0.00753,0.19107,-0.00035,0.0026,0.01618
1.4,1.06853,-0.08526,-0.09565,0.14613,-0.00773,0.00065,8.39836,-2.38942,-0.82106,-0.08724,14.51788,0.66968,0.18742,9.15815,-0.55478,5.84286,-0.87543,0.46879,0.81429,0.18917,-0.95113,0.21331,-0.05304,0.43418,-0.11287,-0.00768,0.27641,-0.81129,-0.32685,-0.00865,0.21869,0.00457,0.00076,0.00521
1.42,1.01537,-0.06497,-0.05916,0.06377,-0.01127,0.00049,7.26534,-1.2426,-0.82634,-0.36581,17.90463,0.92386,0.15044,7.60875,-0.21926,5.82464,-1.22805,0.77361,1.06782,0.1518,-1.07425,0.28462,-0.04414,0.54567,-0.12114,-0.01029,0.20982,-0.82507,-0.31628,-0.00843,0.24466,0.01061,-0.00102,-0.00653
1.44,0.70346,-0.05932,-0.02746,0.0178,-0.01495,0.00019,5.8725,-0.3358,-0.77684,-0.63138,21.47066,1.17337,0.11147,5.97025,0.03004,5.00795,-1.48334,1.05366,1.31968,0.11092,-1.23681,0.36931,-0.03417,0.67548,-0.13266,-0.01363,0.1124,-0.83573,-0.28634,-0.00638,0.26876,0.01712,-0.00246,-0.01693
1.46,0.21516,-0.07495,-0.00429,-0.00282,-0.0188,-0.00018,4.37409,0.37772,-0.64215,-0.9881,24.10754,1.3527,0.07644,4.35868,0.26883,4.21617,-1.85703,1.18464,1.48563,0.07319,-1.45198,0.46225,-0.02404,0.8067,-0.14795,-0.01786,-0.01841,-0.84069,-0.24023,-0.00233,0.29011,0.02346,-0.00346,-0.02523
1.48,-0.34535,-0.11619,0.00901,-0.00262,-0.0228,-0.00056,2.99648,0.91441,-0.47641,-1.38366,26.13432,1.46382,0.04705,2.93993,0.51488,3.26165,-2.33528,1.20472,1.58294,0.04123,-1.71323,0.55552,-0.01472,0.9339,-0.16706,-0.02307,-0.18321,-0.83678,-0.1824,0.00413,0.3073,0.02894,-0.004,-0.03091
1.5,-0.90265,-0.18215,0.01351,0.0157,-0.02683,-0.00094,1.81824,1.32417,-0.35958,-1.64777,26.57518,1.51628,0.02421,1.68503,0.80829,1.76535,-2.55446,1.07735,1.60082,0.01803,-1.98667,0.64569,-0.00714,1.03783,-0.18903,-0.02921,-0.37632,-0.81945,-0.11776,0.01455,0.317,0.03282,-0.00413,-0.03387
1.52,-1.46289,-0.26536,0.01155,0.05069,-0.03041,-0.00128,0.8447,1.6551,-0.31247,-1.62023,24.371,1.53178,0.00739,0.44898,1.16228,0.19261,-2.2413,0.80918,1.52857,0.00433,-2.22178,0.72688,-0.00206,1.09465,-0.21213,-0.03605,-0.57968,-0.78376,-0.05449,0.03107,0.31636,0.03428,-0.004,-0.03432
1.54,-2.02285,-0.35253,0.00764,0.10121,-0.03307,-0.00152,0.05459,1.87684,-0.26658,-1.43865,20.98396,1.50072,-0.00384,-0.73174,1.41348,-0.62569,-1.85145,0.54495,1.39448,-0.00073,-2.3973,0.77524,0.00016,1.0743,-0.23389,-0.04331,-0.78046,-0.72887,-0.00759,0.05291,0.30442,0.0325,-0.00367,-0.03227
1.56,-2.57205,-0.42297,0.00356,0.16561,-0.03423,-0.00156,-0.64315,1.95599,-0.20561,-1.18859,17.4031,1.41488,-0.01074,-1.79633,1.4227,-0.92435,-1.55532,0.34526,1.2301,0.00011,-2.48018,0.76845,0.00042,0.94647,-0.25113,-0.05057,-0.97294,-0.65483,0.01097,0.07806,0.28024,0.02674,-0.00324,-0.0278
1.58,-3.11387,-0.45515,-0.00391,0.24085,-0.033,-0.00126,-1.3687,1.90676,-0.14972,-0.84357,13.58162,1.29086,-0.0148,-2.75467,1.21329,-0.92236,-1.22086,0.19765,1.04737,0.00352,-2.41147,0.69833,0.0008,0.68625,-0.26068,-0.05733,-1.1512,-0.56155,-0.00406,0.10515,0.24312,0.01638,-0.00275,-0.02104
1.6,-3.76771,-0.40877,-0.01959,0.31954,-0.02878,-0.00047,-2.13767,1.74797,-0.10081,-0.48514,9.5139,1.12591,-0.01762,-3.59232,0.85042,-0.85621,-0.86257,0.09109,0.86268,0.00654,-2.16455,0.56907,0.00405,0.26243,-0.25566,-0.06178,-1.26914,-0.45671,-0.05093,0.13387,0.19074,0.00104,-0.00225,-0.01223
1.62,-4.7038,-0.25269,-0.04374,0.3902,-0.02212,0.00093,-2.82493,1.50796,-0.06593,-0.17175,5.35069,0.92208,-0.02078,-4.26667,0.47031,-0.90321,-0.46798,0.01707,0.69259,0.00715,-1.71676,0.3959,0.01221,-0.30324,-0.22885,-0.06154,-1.26196,-0.34723,-0.1155,0.16385,0.12473,-0.01939,-0.00174,-0.00156
1.64,-5.7449,-0.02481,-0.06766,0.44512,-0.01414,0.0029,-3.43364,1.21839,-0.05297,0.04121,1.39231,0.70142,-0.02442,-4.79514,0.18107,-0.96588,-0.119,-0.03021,0.53015,0.00519,-1.06419,0.20091,0.02512,-0.95675,-0.1833,-0.05693,-1.16203,-0.2386,-0.18066,0.19038,0.05212,-0.04447,-0.00123,0.01075
1.66,-6.66128,0.2204,-0.0807,0.4787,-0.00614,0.00527,-4.0415,0.91021,-0.06062,0.08514,-2.30367,0.47467,-0.02818,-5.24816,0.02018,-0.97055,0.0701,-0.06165,0.36754,0.00153,-0.24116,0.01447,0.04005,-1.65315,-0.12325,-0.04884,-1.01291,-0.13959,-0.23366,0.2098,-0.0209,-0.07294,-0.00071,0.02426
1.68,-7.3774,0.44153,-0.07057,0.48474,-0.00013,0.00782,-4.60789,0.61056,-0.08479,-0.10463,-5.80933,0.23776,-0.03211,-5.60904,-0.01877,-0.92002,0.01026,-0.08433,0.20087,-0.00256,0.65641,-0.13408,0.05257,-2.31995,-0.05155,-0.03729,-0.81252,-0.05994,-0.26465,0.22327,-0.08892,-0.10273,-0.00017,0.0379
1.7,-7.75689,0.61063,-0.02892,0.46357,0.00435,0.01043,-5.12634,0.32809,-0.11752,-0.54144,-9.09784,-0.01245,-0.03617,-5.82289,0.00581,-0.82929,-0.36707,-0.10589,0.02225,-0.0068,1.52253,-0.2239,0.05499,-2.81267,0.02397,-0.0238,-0.59735,-0.01387,-0.26874,0.22892,-0.14329,-0.12998,0.00039,0.05133
1.72,-7.70075,0.71151,0.04361,0.41846,0.00799,0.013,-5.69411,0.07838,-0.14899,-1.06596,-12.03285,-0.27258,-0.04009,-5.9654,0.06576,-0.70237,-1.06474,-0.13594,-0.17334,-0.01103,2.37446,-0.25097,0.04468,-2.9321,0.10609,-0.00947,-0.39103,-9e-05,-0.248,0.22562,-0.17118,-0.14975,0.00097,0.06537
1.74,-7.13194,0.70819,0.14463,0.34956,0.00948,0.0152,-6.37503,-0.11469,-0.18356,-1.56157,-14.59706,-0.53652,-0.04366,-6.20061,0.13675,-0.52933,-2.01053,-0.16844,-0.39233,-0.01392,3.10144,-0.22996,0.03102,-2.64563,0.19816,0.00536,-0.19297,-0.0066,-0.21184,0.21771,-0.17209,-0.15983,0.00156,0.07794
1.76,-6.0015,0.57983,0.26562,0.25884,0.00841,0.01676,-7.14228,-0.25029,-0.22709,-2.02736,-16.86226,-0.79674,-0.04706,-6.54613,0.16391,-0.33346,-3.11343,-0.1953,-0.63707,-0.01558,3.52877,-0.17943,0.02052,-2.02467,0.29407,0.01996,-0.01075,-0.02679,-0.1696,0.20789,-0.15466,-0.15993,0.00214,0.08641
1.78,-4.3407,0.3326,0.38631,0.15163,0.00533,0.01757,-7.98016,-0.33252,-0.26843,-2.32367,-18.85964,-1.06489,-0.05006,-6.90874,0.14963,-0.16098,-4.24848,-0.22271,-0.92029,-0.01727,3.64676,-0.11497,0.01439,-1.1451,0.39097,0.03245,0.13285,-0.05074,-0.12683,0.1965,-0.12349,-0.1501,0.00266,0.09066
1.8,-2.2325,-0.01768,0.49321,0.03584,0.00155,0.01793,-8.84146,-0.36687,-0.30419,-2.46886,-20.13906,-1.26453,-0.05444,-7.34435,0.09284,-0.04775,-5.23342,-0.22564,-1.17125,-0.02046,3.53168,-0.04226,0.00742,-0.28095,0.4893,0.04387,0.24007,-0.06702,-0.08508,0.18088,-0.08937,-0.13284,0.00304,0.08983
1.82,0.11716,-0.45023,0.57006,-0.08166,-0.00506,0.01821,-9.68147,-0.35953,-0.34965,-2.61973,-20.07938,-1.2501,-0.06338,-7.96224,0.00773,0.00478,-5.88768,-0.15941,-1.24094,-0.02722,3.29901,0.03,-0.00146,0.50557,0.59204,0.05939,0.38552,-0.06627,-0.04447,0.15973,-0.06176,-0.11126,0.00322,0.0835
1.84,2.47917,-0.94259,0.58941,-0.19562,-0.01708,0.01813,-10.39736,-0.31684,-0.3991,-2.65334,-19.12292,-1.11147,-0.07548,-8.51005,-0.04139,0.01929,-6.15629,-0.05099,-1.17613,-0.0387,2.9719,0.09328,-0.0078,1.26534,0.68742,0.07421,0.52081,-0.04693,-0.00515,0.13702,-0.04034,-0.08725,0.00313,0.07282
1.86,4.7141,-1.45836,0.54459,-0.30132,-0.03332,0.0175,-10.81542,-0.24136,-0.43214,-2.46199,-17.75017,-0.97106,-0.0882,-8.73086,-0.03573,0.01914,-6.05135,0.05705,-1.06688,-0.05495,2.56558,0.14932,-0.01414,1.84427,0.75938,0.08125,0.54961,-0.01315,0.03355,0.115,-0.02356,-0.06284,0.00273,0.05887
1.88,6.7243,-1.96069,0.44287,-0.39894,-0.05292,0.01653,-10.79546,-0.13281,-0.4404,-2.08845,-15.87213,-0.78481,-0.10146,-8.57584,-0.00622,0.0088,-5.44257,0.17573,-0.87944,-0.07592,2.1514,0.19961,-0.02381,2.16417,0.80471,0.08151,0.47656,0.02658,0.0721,0.09342,-0.01043,-0.04032,0.00202,0.04285
1.9,8.45718,-2.40247,0.30969,-0.48895,-0.0742,0.01525,-10.2358,0.00564,-0.42559,-1.65743,-13.88564,-0.64388,-0.11068,-7.92883,-9e-05,-0.00953,-4.65255,0.27115,-0.69441,-0.09803,1.79106,0.23813,-0.03691,2.28628,0.81083,0.07079,0.25808,0.06116,0.10632,0.07192,-0.00016,-0.02186,0.00105,0.02569
1.92,9.91965,-2.73843,0.17553,-0.5713,-0.09482,0.01374,-9.10329,0.16835,-0.39436,-1.30415,-12.121,-0.62961,-0.11035,-6.73366,-0.02812,-0.01671,-4.13891,0.30005,-0.59658,-0.11552,1.52926,0.25252,-0.05093,2.36677,0.76963,0.04911,-0.0331,0.08721,0.12811,0.05102,0.01383,-0.00932,-0.00014,0.00934
1.94,11.13426,-2.95204,0.0422,-0.65281,-0.11353,0.01218,-7.36621,0.34506,-0.33896,-0.99758,-10.36332,-0.61971,-0.10167,-4.98698,-0.07514,-0.01352,-3.61373,0.29053,-0.51593,-0.12622,1.37518,0.2254,-0.06736,2.34529,0.6903,0.02547,-0.25544,0.09887,0.13641,0.03206,0.03701,-0.00399,-0.00147,-0.00389
1.96,12.1184,-3.03969,-0.09093,-0.73969,-0.12956,0.01072,-5.00271,0.52258,-0.25237,-0.70049,-8.51371,-0.55298,-0.08604,-2.66857,-0.13733,-0.02258,-2.89752,0.26811,-0.41138,-0.12872,1.32445,0.13136,-0.08253,2.15628,0.58293,0.00425,-0.39318,0.08755,0.13268,0.01572,0.06763,-0.00654,-0.00292,-0.0133
1.98,12.85624,-3.00333,-0.21397,-0.83,-0.14238,0.00955,-2.08358,0.69042,-0.144,-0.43007,-6.65551,-0.45763,-0.06308,0.1521,-0.19757,-0.05388,-2.11218,0.23573,-0.2973,-0.12087,1.38784,-0.05295,-0.08629,1.91605,0.45756,-0.01308,-0.44168,0.05265,0.11599,0.00223,0.1048,-0.01685,-0.00445,-0.01881
2,13.48453,-2.87499,-0.31811,-0.92626,-0.15107,0.00876,1.19627,0.84153,-0.04009,-0.25108,-4.93374,-0.35424,-0.03568,3.3108,-0.2276,-0.05778,-1.42344,0.18309,-0.19992,-0.10431,1.55066,-0.32988,-0.06607,1.56359,0.32017,-0.02427,-0.41651,0.00384,0.08522,-0.00794,0.14617,-0.03401,-0.00605,-0.02084
2.02,14.17123,-2.69375,-0.40059,-1.03274,-0.15489,0.00841,4.78204,0.9751,0.06476,-0.15801,-3.39805,-0.25244,-0.00613,6.81503,-0.20798,0.04334,-0.85698,0.11187,-0.11768,-0.08158,1.76875,-0.65141,-0.02025,1.08836,0.18645,-0.02689,-0.33985,-0.04249,0.04264,-0.01407,0.18837,-0.05652,-0.00769,-0.02
2.04,14.79358,-2.46658,-0.45464,-1.14199,-0.155,0.00858,8.58657,1.09308,0.18752,-0.06579,-1.9447,-0.14658,0.02437,10.53082,-0.15781,0.17192,-0.27118,0.05278,-0.02239,-0.05265,2.01798,-0.96961,0.03562,0.62924,0.07996,-0.02129,-0.22245,-0.08273,-0.00663,-0.01603,0.22876,-0.08317,-0.00933,-0.01643
2.06,15.1968,-2.1946,-0.47236,-1.24498,-0.15251,0.00919,12.31495,1.19493,0.311,0.04074,-0.54596,-0.03681,0.05291,14.10902,-0.09553,0.25274,0.35523,0.01746,0.08493,-0.01923,2.29287,-1.26373,0.08883,0.21214,0.00787,-0.00935,-0.07936,-0.11803,-0.0612,-0.01439,0.26466,-0.11336,-0.01097,-0.01014
2.08,15.33512,-1.88412,-0.44725,-1.33536,-0.14764,0.01004,15.67049,1.27821,0.41878,0.14355,0.7714,0.07024,0.07633,17.27761,-0.01389,0.30008,0.98977,0.00049,0.19509,0.01454,2.59007,-1.50969,0.13054,-0.22169,-0.03149,0.00662,0.06872,-0.14304,-0.12174,-0.01007,0.29459,-0.14661,-0.01259,-0.00111
2.1,15.39592,-1.52399,-0.39136,-1.42011,-0.14098,0.01095,18.65641,1.35378,0.52348,0.24908,2.00299,0.1734,0.09244,19.99545,0.05672,0.3178,1.65012,-0.00087,0.31014,0.04418,2.80772,-1.68606,0.15054,-0.69143,-0.04268,0.02382,0.20761,-0.13503,-0.18661,-0.00443,0.31464,-0.18219,-0.01412,0.01081
2.12,15.58553,-1.1051,-0.32128,-1.51161,-0.13281,0.0118,21.52735,1.43647,0.65843,0.39645,3.16127,0.28091,0.10013,22.37587,0.08057,0.30722,2.40286,0.01146,0.43697,0.06784,2.85171,-1.78125,0.14123,-1.08896,-0.03243,0.04411,0.38241,-0.06765,-0.24945,0.0011,0.32106,-0.21913,-0.01543,0.02537
2.14,15.58242,-0.64019,-0.23377,-1.52072,-0.12329,0.01237,23.90885,1.50014,0.79598,0.58923,4.23254,0.39343,0.0971,24.0262,0.09047,0.27952,3.23853,0.03485,0.57329,0.0817,2.78937,-1.81987,0.11374,-1.39456,-0.00618,0.06624,0.58623,0.04732,-0.30478,0.00539,0.31529,-0.25722,-0.01657,0.042
2.16,15.09958,-0.15138,-0.13257,-1.4904,-0.11242,0.01254,25.36642,1.52529,0.89605,0.80241,5.16617,0.50199,0.08262,24.62866,0.11762,0.2445,4.07461,0.0638,0.71094,0.08232,2.66787,-1.82865,0.08053,-1.67756,0.03041,0.08535,0.76156,0.19219,-0.34617,0.00786,0.29974,-0.29665,-0.01759,0.05976
2.18,14.16038,0.32765,-0.03489,-1.45059,-0.10049,0.01233,25.95921,1.53005,0.96385,1.03888,5.88627,0.59599,0.05937,24.36232,0.16074,0.20625,4.81716,0.0903,0.83734,0.07188,2.46854,-1.80376,0.04345,-1.90413,0.07111,0.10102,0.90862,0.36619,-0.35911,0.00857,0.27576,-0.33728,-0.01854,0.07604
2.2,12.88145,0.75146,0.04346,-1.42036,-0.088,0.0117,25.81971,1.50746,1.00423,1.34482,6.40022,0.68598,0.03006,23.2819,0.2084,0.17425,5.57368,0.11794,0.96778,0.0531,2.1301,-1.77399,0.01253,-2.05838,0.11024,0.11092,0.992,0.57692,-0.31833,0.00792,0.2421,-0.37693,-0.01951,0.08994
2.22,11.36981,1.07434,0.09236,-1.4208,-0.07522,0.01059,25.04952,1.45037,1.00859,1.76228,6.75996,0.79323,-0.00023,21.41164,0.24515,0.14769,6.50547,0.15443,1.12493,0.03068,1.6419,-1.7694,-0.00475,-2.13847,0.14381,0.11281,0.97661,0.8298,-0.19084,0.00636,0.19971,-0.41244,-0.02065,0.10202
2.24,9.59399,1.25707,0.10663,-1.43865,-0.06247,0.00905,23.51439,1.4006,0.97749,2.26024,6.77413,0.87899,-0.02577,19.04524,0.28376,0.1193,7.30616,0.18096,1.25189,0.01126,1.1021,-1.74771,-0.01703,-2.13387,0.1673,0.10889,0.89923,1.10005,0.04312,0.00418,0.15467,-0.44365,-0.02202,0.10614
2.26,7.62449,1.28261,0.08682,-1.46203,-0.05054,0.0072,21.27044,1.38187,0.9124,2.74972,6.30534,0.91204,-0.04463,16.52608,0.33471,0.08896,7.71752,0.18472,1.30414,-0.00217,0.56099,-1.66907,-0.02953,-2.04984,0.1774,0.10101,0.78852,1.36592,0.39217,0.00137,0.11214,-0.4711,-0.0237,0.09611
2.28,5.63636,1.14283,0.0401,-1.4981,-0.03996,0.00514,18.66752,1.37227,0.80677,3.0499,5.48103,0.91366,-0.05583,14.06339,0.38243,0.05769,7.70942,0.1747,1.3008,-0.00941,0.02352,-1.53081,-0.03976,-1.88735,0.17485,0.0899,0.65205,1.62727,0.86454,-0.00161,0.0755,-0.49369,-0.02586,0.07048
2.3,3.82419,0.87594,-0.01979,-1.55396,-0.03084,0.00293,15.68648,1.36437,0.69765,3.41832,4.30125,0.86742,-0.061,11.70616,0.40838,0.02832,7.40694,0.15021,1.21827,-0.01169,-0.49026,-1.31555,-0.04549,-1.67688,0.16082,0.07577,0.49085,1.87123,1.45702,-0.00251,0.04375,-0.50889,-0.02847,0.02597
2.32,2.34126,0.55488,-0.07797,-1.63703,-0.02315,0.00077,12.41029,1.36196,0.58707,4.16173,2.92076,0.76489,-0.06268,9.50662,0.39625,0.00416,6.92002,0.11531,1.05293,-0.01104,-0.94001,-1.00738,-0.04497,-1.45058,0.13792,0.05923,0.31624,2.08508,2.1451,0.00337,0.01858,-0.51372,-0.03145,-0.03546
2.34,1.21346,0.19309,-0.13582,-1.73784,-0.01711,-0.00107,9.44372,1.34337,0.43468,4.65713,1.74185,0.6581,-0.05978,7.67482,0.34856,-0.00864,6.08168,0.08549,0.87392,-0.00866,-1.30444,-0.61987,-0.03698,-1.20883,0.11119,0.04222,0.15466,2.27628,2.87809,0.02375,0.00441,-0.50865,-0.03486,-0.10837
2.36,0.42209,-0.19644,-0.19543,-1.80363,-0.01251,-0.00251,7.08125,1.29629,0.26502,4.56024,0.92555,0.57666,-0.05248,6.27235,0.27063,-0.00507,4.88933,0.06626,0.71792,-0.0055,-1.5917,-0.18157,-0.01909,-0.95694,0.08436,0.02558,0.01262,2.44684,3.59647,0.0689,-0.00058,-0.49453,-0.03873,-0.19103
2.38,-0.06688,-0.5721,-0.25161,-1.73477,-0.00864,-0.00348,5.23613,1.23428,0.10921,4.01154,0.46763,0.51259,-0.04252,5.19618,0.16398,0.0169,3.49204,0.05442,0.58286,-0.00255,-1.80226,0.27268,0.01131,-0.7109,0.05974,0.00903,-0.11579,2.58409,4.24741,0.14783,-0.00033,-0.47038,-0.04299,-0.2827
2.4,-0.29487,-0.88861,-0.29881,-1.6133,-0.0056,-0.00404,3.90035,1.16202,-0.00546,3.14338,0.33754,0.47165,-0.03202,4.41522,0.05764,0.0532,2.06035,0.04902,0.47257,-0.00058,-1.93482,0.71226,0.05585,-0.49278,0.03922,-0.00766,-0.23763,2.68518,4.76155,0.26689,0.00199,-0.43762,-0.04686,-0.37042
2.42,-0.34405,-1.0936,-0.32117,-1.43789,-0.00367,-0.00435,3.02285,1.08469,-0.05887,2.19092,0.47232,0.45801,-0.02289,3.88099,-0.02609,0.09435,0.80223,0.05,0.38623,6e-05,-1.98571,1.09937,0.11642,-0.3127,0.02436,-0.02469,-0.3645,2.75093,5.06734,0.42424,0.00409,-0.39762,-0.04928,-0.42971
2.44,-0.32428,-1.18309,-0.31149,-1.23052,-0.0026,-0.00453,2.41994,1.011,-0.06683,1.24482,0.80484,0.46023,-0.01531,3.47536,-0.10143,0.13566,-0.24793,0.05505,0.31942,-0.00045,-1.96284,1.38013,0.19248,-0.16407,0.01598,-0.04226,-0.50172,2.75417,5.16141,0.6074,0.00504,-0.34938,-0.05012,-0.45796
2.46,-0.31133,-1.18392,-0.27807,-1.00611,-0.00204,-0.00466,1.94992,0.93924,-0.05283,0.31299,1.27172,0.46974,-0.00919,3.11721,-0.17678,0.1741,-1.12386,0.06197,0.26934,-0.00193,-1.88007,1.52584,0.27962,-0.04646,0.01365,-0.06056,-0.64934,2.67061,5.06345,0.79121,0.00498,-0.29241,-0.04944,-0.46434
2.48,-0.34911,-1.10632,-0.22861,-0.7736,-0.0021,-0.00483,1.54635,0.86737,-0.02975,-0.55082,1.81427,0.48378,-0.0047,2.77003,-0.24694,0.20604,-1.82274,0.06958,0.23286,-0.00418,-1.74191,1.541,0.36962,0.03723,0.01577,-0.07992,-0.8137,2.49006,4.77745,0.92354,0.00506,-0.22748,-0.04706,-0.45565
2.5,-0.46059,-0.98811,-0.176,-0.54019,-0.00249,-0.0051,1.18452,0.79443,-0.00466,-1.2158,2.38439,0.50118,-0.00189,2.44175,-0.29887,0.22412,-2.27662,0.07896,0.2074,-0.00673,-1.56134,1.43268,0.45994,0.08817,0.01993,-0.09864,-0.96345,2.16583,4.39201,1.01476,0.00724,-0.15688,-0.04205,-0.39772
2.52,-0.64711,-0.86917,-0.13048,-0.31962,-0.00282,-0.00538,0.84694,0.72202,0.01582,-1.57597,2.95182,0.51973,-0.00037,2.13889,-0.32235,0.22166,-2.45586,0.09267,0.19063,-0.00885,-1.35161,1.22728,0.55429,0.11287,0.02348,-0.11323,-1.03978,1.66507,3.99641,1.11998,0.01468,-0.0822,-0.03352,-0.24738
2.54,-0.89986,-0.75852,-0.09477,-0.12772,-0.00301,-0.00561,0.50693,0.65818,0.02395,-1.75337,3.47231,0.53323,0.00048,1.81448,-0.32803,0.20388,-2.48378,0.10731,0.18132,-0.01044,-1.12509,0.9802,0.63751,0.11391,0.02397,-0.124,-1.05925,0.98855,3.58389,1.16099,0.03202,-0.00504,-0.0237,-0.08127
2.56,-1.20016,-0.66136,-0.06926,0.03026,-0.00297,-0.00573,0.16563,0.60941,0.01744,-1.85927,3.90811,0.53796,0.00089,1.44274,-0.32473,0.17731,-2.4489,0.11901,0.17897,-0.01166,-0.89167,0.73333,0.69549,0.09294,0.01984,-0.13257,-1.05501,0.13028,3.16186,1.08037,0.06676,0.07122,-0.01455,0.03598
2.58,-1.5081,-0.58156,-0.05233,0.15542,-0.00263,-0.00568,-0.16183,0.57875,-0.00187,-1.89465,4.26345,0.53494,0.00102,1.03113,-0.3129,0.14464,-2.36075,0.12896,0.18299,-0.01243,-0.65527,0.50596,0.73587,0.05623,0.01081,-0.1385,-1.01707,-0.91691,2.76275,0.92964,0.12813,0.13955,-0.00652,0.10786
2.6,-1.79347,-0.52685,-0.04257,0.24903,-0.0018,-0.00542,-0.46503,0.56837,-0.03211,-1.84617,4.53768,0.52512,0.00103,0.59288,-0.28803,0.10595,-2.21088,0.13622,0.19366,-0.01277,-0.45051,0.30757,0.75608,0.00976,-0.0024,-0.14016,-0.95602,-2.10124,2.43536,0.73364,0.2208,0.19493,-0.00181,0.07763
2.62,-2.04797,-0.49881,-0.03887,0.3112,-0.00064,-0.00497,-0.73967,0.57865,-0.0737,-1.71846,4.72812,0.50982,0.00102,0.13434,-0.24744,0.06199,-2.00373,0.13944,0.21138,-0.01276,-0.28461,0.14295,0.75042,-0.03963,-0.01813,-0.1357,-0.88931,-3.2531,2.2206,0.52152,0.33509,0.23745,0.00085,-0.01436
2.64,-2.23991,-0.47905,-0.03968,0.34641,0.00042,-0.00439,-0.97954,0.61007,-0.12645,-1.56353,4.86036,0.49147,0.00099,-0.34313,-0.20207,0.01995,-1.77959,0.14116,0.23605,-0.01255,-0.12406,0.01335,0.73595,-0.08578,-0.03451,-0.12646,-0.81004,-4.28984,2.08598,0.31749,0.47046,0.25301,0.00435,-0.0718
2.66,-2.3399,-0.45523,-0.04523,0.36109,0.00135,-0.00369,-1.17714,0.6611,-0.18809,-1.41259,4.94592,0.47193,0.00088,-0.82678,-0.16028,-0.01465,-1.56291,0.14284,0.26708,-0.01226,0.03558,-0.0847,0.72392,-0.12486,-0.04997,-0.11448,-0.71589,-5.22486,2.00176,0.11805,0.63199,0.22875,0.00855,-0.09354
2.68,-2.35284,-0.42717,-0.05687,0.35889,0.00238,-0.00291,-1.33021,0.72529,-0.25616,-1.26275,4.96165,0.45245,0.00067,-1.29621,-0.123,-0.04075,-1.35583,0.14314,0.30261,-0.01196,0.18342,-0.15584,0.70778,-0.15333,-0.06307,-0.10022,-0.61863,-6.00968,1.96474,-0.11296,0.78852,0.16828,0.01314,-0.09159
2.7,-2.29351,-0.38984,-0.07443,0.34253,0.00336,-0.00206,-1.44064,0.79937,-0.33294,-1.1075,4.8973,0.43332,0.00043,-1.73389,-0.08888,-0.06041,-1.1464,0.14232,0.34127,-0.01148,0.31475,-0.20263,0.69067,-0.16975,-0.07226,-0.08359,-0.50221,-6.58689,1.93571,-0.3995,0.97713,0.07405,0.01837,-0.03761
2.72,-2.18629,-0.3413,-0.09618,0.31387,0.00334,-0.00118,-1.51086,0.88063,-0.4232,-0.94749,4.74361,0.41462,0.00026,-2.12532,-0.05731,-0.07605,-0.92806,0.14084,0.38133,-0.01069,0.43183,-0.2266,0.67793,-0.17371,-0.07613,-0.06401,-0.34604,-6.85568,1.86025,-0.61622,1.28866,-0.03559,0.02441,0.12026
2.74,-2.04202,-0.28863,-0.12008,0.27557,0.00258,-0.0004,-1.53363,0.95563,-0.51618,-0.793,4.44801,0.3979,9e-05,-2.43204,-0.03263,-0.08582,-0.72264,0.13595,0.41753,-0.00968,0.5215,-0.23172,0.65566,-0.16266,-0.07412,-0.04469,-0.19138,-6.77992,1.72027,-0.72634,1.63267,-0.13616,0.02817,0.29122
2.76,-1.87246,-0.23755,-0.14341,0.22982,0.00183,0.00023,-1.50169,1.01207,-0.5977,-0.64664,3.98473,0.38377,-0.00011,-2.61618,-0.0162,-0.0894,-0.54103,0.12617,0.44517,-0.00854,0.56731,-0.22266,0.61523,-0.13577,-0.06644,-0.02792,-0.06658,-6.39566,1.5181,-0.79433,1.88886,-0.21986,0.02726,0.38315
2.78,-1.71152,-0.19064,-0.16239,0.17748,0.00078,0.00068,-1.41556,1.04614,-0.66326,-0.50493,3.38551,0.37111,-0.00026,-2.66563,-0.00614,-0.08902,-0.37445,0.11306,0.46254,-0.00722,0.57116,-0.20312,0.56292,-0.09538,-0.05385,-0.01269,0.04031,-5.68399,1.26114,-0.78192,2.05093,-0.28148,0.02242,0.41477
2.8,-1.54738,-0.15129,-0.1743,0.1212,-0.00035,0.00091,-1.27909,1.05277,-0.70626,-0.37272,2.66509,0.3592,-0.00031,-2.58359,-0.0013,-0.08585,-0.23444,0.09609,0.46852,-0.00576,0.53031,-0.17686,0.49196,-0.047,-0.03807,-0.00406,0.08662,-4.84715,0.96778,-0.71663,2.0873,-0.32022,0.01312,0.31494
2.82,-1.35903,-0.12223,-0.17768,0.06239,-0.00131,0.00094,-1.09757,1.02899,-0.72284,-0.25814,1.87382,0.34731,-0.00025,-2.38424,1e-05,-0.08092,-0.13332,0.07576,0.46301,-0.00424,0.45185,-0.14793,0.40176,0.00366,-0.021,-0.00328,0.06285,-4.07809,0.67374,-0.64415,1.98378,-0.33889,0.00237,0.1234
2.84,-1.18783,-0.10284,-0.17062,0.0002,-0.00214,0.00079,-0.87373,0.97535,-0.71285,-0.15926,1.10893,0.33352,-0.0001,-2.07475,-0.00049,-0.07483,-0.05704,0.05588,0.44604,-0.00275,0.36096,-0.11999,0.31237,0.05195,-0.00405,-0.00339,0.0318,-3.29463,0.41655,-0.54944,1.77204,-0.33878,-0.00523,-0.00827
2.86,-1.06114,-0.09157,-0.15298,-0.06502,-0.00268,0.00051,-0.61286,0.89426,-0.67682,-0.07049,0.41303,0.31603,0.00011,-1.66868,-0.00156,-0.0679,0.00667,0.03836,0.41845,-0.00136,0.27469,-0.0952,0.2335,0.09254,0.01158,-0.00222,0.01416,-2.47821,0.21064,-0.42986,1.48693,-0.32263,-0.00937,-0.06753
2.88,-0.96896,-0.08815,-0.12741,-0.13192,-0.00275,0.00016,-0.32627,0.792,-0.61863,0.01211,-0.21176,0.29373,0.00034,-1.19542,-0.00244,-0.06096,0.06044,0.02325,0.38294,-0.00014,0.20137,-0.07428,0.1647,0.12185,0.02505,-0.00088,0.00248,-1.70949,0.0547,-0.29244,1.16411,-0.29376,-0.01047,-0.0744
2.9,-0.8971,-0.09094,-0.09781,-0.19924,-0.00194,-0.00018,-0.02987,0.67255,-0.54375,0.06917,-0.77076,0.26462,0.00056,-0.6901,-0.00235,-0.05464,0.08841,0.01066,0.3403,0.00086,0.1484,-0.05693,0.10663,0.13731,0.03582,0.00044,-0.0039,-1.04824,-0.05635,-0.18676,0.80639,-0.25805,-0.00993,-0.05837
2.92,-0.83412,-0.09772,-0.06815,-0.26621,-0.00044,-0.00048,0.2593,0.54412,-0.46,0.08533,-1.27709,0.22765,0.00073,-0.19123,-0.00118,-0.04953,0.08286,0.00086,0.29218,0.00159,0.12057,-0.04244,0.06035,0.13742,0.04356,0.00153,-0.00623,-0.51781,-0.13243,-0.1251,0.44289,-0.22063,-0.00932,-0.05058
2.94,-0.78547,-0.10902,-0.04149,-0.32983,0.00106,-0.0007,0.52638,0.4226,-0.37477,0.08597,-1.74177,0.18387,0.00084,0.26751,0.00012,-0.04601,0.06767,-0.00596,0.24378,0.00203,0.12018,-0.03015,0.02694,0.12264,0.04805,0.00226,-0.00573,-0.10943,-0.18021,-0.06236,0.13704,-0.18207,-0.00832,-0.04272
2.96,-0.75537,-0.1253,-0.01972,-0.38616,0.00236,-0.00084,0.75925,0.3181,-0.29302,0.08723,-2.1702,0.13505,0.00093,0.66202,0.00091,-0.04384,0.05481,-0.01009,0.19839,0.00218,0.1475,-0.01925,0.0064,0.09402,0.04921,0.00254,-0.00401,0.18321,-0.20267,0.00341,-0.09576,-0.14337,-0.00674,-0.02926
2.98,-0.73865,-0.14467,-0.00367,-0.43252,0.00339,-0.00089,0.94902,0.23518,-0.21843,0.08615,-2.55991,0.08378,0.00097,0.97577,0.00084,-0.04235,0.04182,-0.01184,0.15715,0.00207,0.20041,-0.00894,-0.00185,0.05314,0.04712,0.00239,-0.00172,0.37229,-0.20352,0.05666,-0.26244,-0.10673,-0.00494,-0.01479
3,-0.7247,-0.16454,0.00663,-0.46708,0.00385,-0.00087,1.08842,0.17775,-0.15404,0.0791,-2.88617,0.03339,0.00097,1.19673,-0.00054,-0.04077,0.02756,-0.01157,0.12098,0.00174,0.27489,0.00138,0.00146,0.00217,0.0419,0.00181,-0.00016,0.47887,-0.1864,0.09314,-0.36804,-0.07433,-0.00329,-0.00258
3.02,-0.70602,-0.18206,0.01184,-0.48821,0.00335,-0.00081,1.17203,0.14864,-0.10183,0.06514,-3.11031,-0.01098,0.00094,1.31769,-0.00365,-0.03838,0.01392,-0.00957,0.09115,0.00125,0.36605,0.01207,0.01543,-0.055,0.03377,0.00089,7e-05,0.52535,-0.15531,0.11508,-0.4176,-0.04762,-0.00203,0.00684
3.04,-0.68637,-0.19345,0.01299,-0.49229,0.00221,-0.00069,1.19809,0.14894,-0.06225,0.051,-3.208,-0.04473,0.00088,1.34095,-0.0081,-0.03488,0.00465,-0.00588,0.06927,0.00064,0.46841,0.02341,0.03894,-0.1146,0.02301,-0.0002,-4e-05,0.52989,-0.11458,0.12172,-0.4215,-0.02688,-0.00129,0.01138
3.06,-0.66669,-0.19592,0.01133,-0.47725,0.00097,-0.0005,1.16997,0.17638,-0.03423,0.03987,-3.15698,-0.06638,0.0008,1.27836,-0.01286,-0.03054,-0.00028,-0.00057,0.05578,-7e-05,0.5769,0.03567,0.07064,-0.17482,0.00998,-0.00132,2e-05,0.50583,-0.06918,0.11272,-0.39298,-0.01232,-0.00118,0.00668
3.08,-0.64349,-0.18918,0.00823,-0.44466,-0.0002,-0.00027,1.09575,0.22466,-0.01553,0.02967,-2.92872,-0.07546,0.00069,1.1475,-0.01739,-0.02553,-0.00211,0.00616,0.04999,-0.00083,0.68726,0.04887,0.10854,-0.23405,-0.00475,-0.00245,2e-05,0.46581,-0.02461,0.09554,-0.33928,-0.00382,-0.00174,-0.00878
3.1,-0.6095,-0.16965,0.00466,-0.39727,-0.00091,-1e-05,0.98837,0.28611,-0.00344,0.02073,-2.49068,-0.07254,0.00054,0.97433,-0.02041,-0.02092,-0.00206,0.01404,0.051,-0.00162,0.79617,0.06293,0.15081,-0.28984,-0.02039,-0.00338,0.00069,0.41657,0.01355,0.07028,-0.27545,-0.0007,-0.00277,-0.03296
3.12,-0.56028,-0.1373,0.00141,-0.33925,-0.00099,0.00025,0.86127,0.35343,0.0048,0.01264,-1.82241,-0.05863,0.00037,0.78403,-0.02087,-0.01797,-0.00121,0.0229,0.05767,-0.00238,0.90091,0.0776,0.19687,-0.33907,-0.03592,-0.00368,0.00554,0.36203,0.04057,0.04111,-0.21217,-0.00206,-0.00383,-0.0535
3.14,-0.50237,-0.10026,-0.00089,-0.27525,-0.00064,0.0005,0.72356,0.41721,0.01146,0.00319,-0.95363,-0.03436,0.00018,0.59142,-0.01944,-0.01613,0.0002,0.03228,0.06871,-0.00308,0.99703,0.09223,0.24545,-0.38066,-0.05061,-0.00345,0.01494,0.30766,0.05408,0.01907,-0.14513,-0.00691,-0.0047,-0.06419
3.16,-0.43981,-0.06433,-0.00214,-0.20872,-1e-05,0.0007,0.5816,0.46939,0.01792,-0.00799,0.06477,-0.00094,-2e-05,0.40765,-0.01672,-0.01479,0.00183,0.04145,0.0828,-0.00371,1.08026,0.10589,0.29632,-0.41469,-0.0642,-0.00303,0.0269,0.25566,0.05473,0.00597,-0.07373,-0.01429,-0.00531,-0.0682
3.18,-0.37122,-0.03206,-0.00253,-0.14232,0.00081,0.00084,0.44045,0.5065,0.02475,-0.02059,1.1397,0.0394,-0.00019,0.24252,-0.01284,-0.01404,0.00329,0.04973,0.0986,-0.00426,1.14762,0.11736,0.35258,-0.44029,-0.07659,-0.00234,0.04317,0.20512,0.04625,-0.00062,-0.00128,-0.02324,-0.00559,-0.06394
3.2,-0.29491,-0.00557,-0.00212,-0.07848,0.00168,0.00092,0.30525,0.5264,0.03194,-0.03229,2.16112,0.08336,-0.0003,0.10393,-0.00818,-0.01403,0.00437,0.05673,0.11472,-0.00468,1.19672,0.12594,0.41734,-0.45474,-0.08786,-0.00169,0.06312,0.15541,0.03495,-0.00271,0.0706,-0.03273,-0.00561,-0.0565
3.22,-0.21088,0.01215,-0.00077,-0.01933,0.00251,0.00093,0.1795,0.52838,0.0392,-0.03778,3.09081,0.12697,-0.00018,-0.00223,-0.00326,-0.01487,0.00502,0.06222,0.12976,-0.00492,1.22529,0.1313,0.49209,-0.45471,-0.09808,-0.00146,0.08247,0.10577,0.02819,-0.00256,0.1407,-0.04169,-0.00556,-0.05246
3.24,-0.12135,0.02012,0.00109,0.03367,0.0032,0.00087,0.06423,0.51284,0.04596,-0.0372,3.80067,0.16658,0.0001,-0.07267,0.00139,-0.01612,0.00504,0.06526,0.14221,-0.00498,1.22806,0.13223,0.57988,-0.44131,-0.10699,-0.00136,0.10513,0.055,0.03227,-0.00146,0.20802,-0.04943,-0.00541,-0.04898
3.26,-0.02762,0.02088,0.00283,0.07993,0.00368,0.00074,-0.03933,0.48115,0.0518,-0.03273,4.15094,0.19936,0.00034,-0.10705,0.00547,-0.01733,0.0043,0.06518,0.1508,-0.00487,1.20101,0.12836,0.6805,-0.41662,-0.11393,-0.00115,0.13441,0.00313,0.05093,-0.00033,0.271,-0.05563,-0.00516,-0.0441
3.28,0.06932,0.01716,0.00421,0.11926,0.00389,0.00055,-0.1297,0.43646,0.05686,-0.02418,4.17034,0.22336,0.00054,-0.10892,0.00877,-0.01846,0.0029,0.06237,0.15473,-0.00459,1.144,0.12091,0.78381,-0.38081,-0.11796,-0.00104,0.15881,-0.04828,0.08502,0.00018,0.32708,-0.06006,-0.00487,-0.03939
3.3,0.16608,0.01158,0.00501,0.15159,0.00397,0.00034,-0.20485,0.38216,0.06119,-0.01499,3.86145,0.23838,0.00059,-0.08535,0.01124,-0.01908,0.00093,0.05688,0.15346,-0.00417,1.05618,0.11145,0.89081,-0.3372,-0.11728,-0.00069,0.20165,-0.09538,0.13291,-5e-05,0.37559,-0.06273,-0.00454,-0.03472
3.32,0.25579,0.00614,0.00508,0.17696,0.00411,0.00013,-0.26193,0.32265,0.06483,-0.00648,3.27938,0.24508,0.00045,-0.04534,0.01295,-0.01873,-0.0013,0.04905,0.14677,-0.00365,0.93898,0.10162,1.01101,-0.28927,-0.11,-2e-05,0.30425,-0.13174,0.19164,-0.00074,0.41677,-0.06375,-0.00418,-0.02966
3.34,0.33436,0.00205,0.00438,0.19531,0.00418,-7e-05,-0.29934,0.2635,0.06818,0.00289,2.62554,0.24282,0.00028,0.00266,0.01384,-0.01739,-0.00345,0.04011,0.13451,-0.00304,0.79666,0.09227,1.12291,-0.23776,-0.0958,5e-05,0.42611,-0.15325,0.25784,-0.00151,0.44462,-0.06321,-0.00379,-0.0248
3.36,0.40116,-0.0003,0.003,0.20678,0.00413,-0.00023,-0.31686,0.20873,0.0715,0.01196,2.02283,0.23158,0.00017,0.0524,0.01385,-0.01506,-0.00543,0.03093,0.11703,-0.00237,0.63435,0.08361,1.20277,-0.18348,-0.07536,-0.00082,0.52249,-0.15862,0.32849,-0.00212,0.45408,-0.06122,-0.00338,-0.02032
3.38,0.45459,-0.00106,0.00109,0.21178,0.00404,-0.00032,-0.31504,0.16088,0.0745,0.01959,1.50062,0.21305,9e-05,0.10002,0.01308,-0.01171,-0.00717,0.02191,0.09549,-0.00167,0.45909,0.07569,1.2551,-0.12792,-0.05016,-0.00299,0.60432,-0.14802,0.40092,-0.00248,0.44654,-0.05792,-0.00294,-0.01602
3.4,0.49059,-0.00057,-0.00118,0.211,0.0039,-0.00033,-0.29569,0.12213,0.0768,0.02501,1.07766,0.18837,5e-05,0.14368,0.01158,-0.00771,-0.00861,0.0134,0.07119,-0.001,0.27756,0.06794,1.27017,-0.07493,-0.02346,-0.00549,0.63868,-0.12569,0.47237,-0.00269,0.42154,-0.05351,-0.0025,-0.01235
3.42,0.50403,0.00079,-0.00363,0.20511,0.00367,-0.00023,-0.26118,0.09436,0.07797,0.02759,0.75033,0.15906,3e-05,0.18303,0.00941,-0.00342,-0.00973,0.00584,0.04598,-0.00039,0.10142,0.05984,1.23789,-0.02587,0.0016,-0.00489,0.59987,-0.09763,0.54007,-0.00297,0.38059,-0.0482,-0.00206,-0.00956
3.44,0.49712,0.00262,-0.00607,0.19418,0.00338,-2e-05,-0.21372,0.07874,0.07748,0.02782,0.49933,0.12764,2e-05,0.21862,0.00674,0.00094,-0.01052,-0.00043,0.02193,0.00013,-0.05635,0.05157,1.17318,0.02026,0.0227,-0.00194,0.53011,-0.06882,0.60105,-0.00346,0.33063,-0.04214,-0.00161,-0.00713
3.46,0.47386,0.00466,-0.00834,0.1784,0.00303,0.00033,-0.1557,0.07511,0.07515,0.02625,0.30743,0.09585,1e-05,0.25134,0.00369,0.00505,-0.01105,-0.00536,0.0002,0.00054,-0.19024,0.04325,1.08808,0.06195,0.03799,0.0009,0.45565,-0.04399,0.65279,-0.00424,0.27696,-0.0355,-0.00116,-0.00482
3.48,0.43476,0.0069,-0.01033,0.15848,0.00263,0.00078,-0.09004,0.08197,0.07121,0.02329,0.15997,0.06474,1e-05,0.28196,0.00041,0.00868,-0.01131,-0.00909,-0.01872,0.00086,-0.29773,0.0349,0.9875,0.09747,0.04693,0.00404,0.37633,-0.02698,0.69331,-0.00535,0.22272,-0.02852,-0.00071,-0.00269
3.5,0.38576,0.00847,-0.01177,0.13527,0.0022,0.00131,-0.02035,0.0969,0.06624,0.01916,0.04463,0.03536,0,0.31062,-0.00291,0.01166,-0.0113,-0.01179,-0.03447,0.00108,-0.37673,0.02667,0.86793,0.12574,0.04988,0.00584,0.29249,-0.02006,0.72155,-0.00677,0.17035,-0.02157,-0.00027,-0.00085
3.52,0.33244,0.00824,-0.01236,0.10978,0.00177,0.00187,0.04931,0.11692,0.06098,0.01423,-0.04762,0.00892,-0,0.33691,-0.00604,0.01388,-0.01095,-0.01367,-0.04681,0.00122,-0.42568,0.01899,0.73023,0.14611,0.04781,0.00509,0.20899,-0.02416,0.73675,-0.00843,0.1228,-0.01501,0.00015,0.00081
3.54,0.2743,0.00694,-0.01209,0.08305,0.00141,0.00242,0.11535,0.13899,0.05615,0.00915,-0.12338,-0.01364,-1e-05,0.36062,-0.00881,0.01533,-0.01038,-0.01487,-0.05568,0.00131,-0.4448,0.01239,0.59274,0.15738,0.04219,0.00376,0.13709,-0.03892,0.73684,-0.0102,0.08347,-0.00906,0.00054,0.00247
3.56,0.21167,0.00549,-0.01104,0.0559,0.00112,0.0029,0.17497,0.16039,0.05229,0.00429,-0.18749,-0.03208,-1e-05,0.38131,-0.01111,0.01607,-0.00967,-0.01548,-0.06121,0.00134,-0.43631,0.00707,0.46556,0.15882,0.03428,0.0028,0.08077,-0.06267,0.72072,-0.01189,0.05328,-0.00381,0.00088,0.00407
3.58,0.14686,0.00408,-0.0093,0.02906,0.00092,0.00328,0.22585,0.17869,0.04979,-0.00024,-0.24227,-0.04648,-1e-05,0.39788,-0.01288,0.01621,-0.00883,-0.01554,-0.06353,0.00132,-0.40358,0.00303,0.34831,0.15169,0.02507,0.00196,0.03822,-0.09254,0.68963,-0.01337,0.0311,0.00074,0.00119,0.00555
3.6,0.08328,0.00225,-0.00694,0.00343,0.00077,0.00353,0.26558,0.19179,0.04885,-0.00434,-0.28715,-0.05707,-2e-05,0.40848,-0.01414,0.01581,-0.0079,-0.01504,-0.06277,0.00126,-0.35297,0.00015,0.24087,0.13688,0.01542,0.00127,0.00793,-0.12408,0.64586,-0.01444,0.01512,0.00465,0.00144,0.00696
3.62,0.02237,-0.00035,-0.00413,-0.01995,0.00065,0.00362,0.29195,0.19804,0.04951,-0.00779,-0.31961,-0.06412,-2e-05,0.41102,-0.01496,0.0149,-0.0069,-0.01391,-0.0591,0.00116,-0.2915,-0.00174,0.14458,0.11613,0.00604,0.00076,-0.01208,-0.15199,0.5924,-0.01486,0.00308,0.00802,0.00164,0.00838
3.64,-0.03631,-0.0027,-0.00134,-0.04028,0.00056,0.00356,0.3039,0.19651,0.05177,-0.0105,-0.33761,-0.06807,-2e-05,0.40432,-0.01534,0.01369,-0.00591,-0.01219,-0.05277,0.001,-0.22403,-0.00282,0.06161,0.09285,-0.00252,0.00038,-0.02392,-0.17279,0.53208,-0.0146,-0.00716,0.01096,0.00177,0.0097
3.66,-0.09172,-0.00412,0.00095,-0.05715,0.00048,0.00337,0.3017,0.1876,0.05546,-0.01251,-0.34042,-0.06956,-2e-05,0.38798,-0.01529,0.01239,-0.00496,-0.00995,-0.04423,0.0008,-0.15479,-0.00329,-0.00819,0.06936,-0.00995,0.00012,-0.02959,-0.18489,0.4674,-0.01374,-0.01731,0.01352,0.00185,0.01074
3.68,-0.1425,-0.00477,0.0025,-0.07041,0.00042,0.00306,0.28679,0.17339,0.06018,-0.01379,-0.32843,-0.06924,-2e-05,0.36214,-0.01491,0.01105,-0.00406,-0.00732,-0.0341,0.00057,-0.08774,-0.00331,-0.06606,0.04679,-0.01608,-5e-05,-0.03085,-0.18741,0.40097,-0.01239,-0.02841,0.01571,0.00187,0.01145
3.7,-0.18809,-0.00495,0.00319,-0.07996,0.00036,0.00268,0.26182,0.15692,0.06534,-0.01427,-0.30345,-0.06792,-2e-05,0.32802,-0.01426,0.00977,-0.00321,-0.00455,-0.02337,0.00033,-0.02635,-0.00305,-0.11253,0.02614,-0.02084,-0.00016,-0.02917,-0.18106,0.33546,-0.01081,-0.04078,0.01744,0.00186,0.01183
3.72,-0.22873,-0.00493,0.00304,-0.08576,0.00031,0.00225,0.22998,0.1418,0.07028,-0.01388,-0.2681,-0.06638,-2e-05,0.28737,-0.01341,0.00862,-0.00241,-0.00191,-0.01304,0.00011,0.02677,-0.00263,-0.14751,0.00823,-0.02418,-0.00022,-0.02575,-0.16726,0.27374,-0.00931,-0.05415,0.01864,0.00183,0.01187
3.74,-0.26257,-0.00468,0.0022,-0.08802,0.00027,0.00181,0.19425,0.13168,0.07447,-0.01268,-0.22515,-0.06517,-1e-05,0.24185,-0.01248,0.00764,-0.00167,0.0004,-0.00384,-7e-05,0.06994,-0.00214,-0.17166,-0.00641,-0.02616,-0.00024,-0.02149,-0.14705,0.21837,-0.00797,-0.06825,0.01922,0.00179,0.01148
3.76,-0.28752,-0.00423,0.00084,-0.08711,0.00024,0.00138,0.15722,0.12864,0.07753,-0.01076,-0.17752,-0.0646,-1e-05,0.19316,-0.01156,0.00681,-0.001,0.00226,0.00378,-0.0002,0.10229,-0.00166,-0.18628,-0.01768,-0.02693,-0.00023,-0.01703,-0.12155,0.17065,-0.00682,-0.08286,0.0192,0.00175,0.01065
3.78,-0.30386,-0.00377,-0.00084,-0.08347,0.00022,0.00098,0.1213,0.13294,0.07918,-0.00824,-0.12862,-0.06475,-1e-05,0.14331,-0.01068,0.0061,-0.00042,0.00364,0.0097,-0.00027,0.1239,-0.00121,-0.19242,-0.02569,-0.02667,-0.00021,-0.0128,-0.09217,0.1309,-0.00584,-0.09764,0.01873,0.00171,0.00955
3.8,-0.31162,-0.00345,-0.00267,-0.07763,0.00019,0.00062,0.08889,0.14373,0.07928,-0.00536,-0.0825,-0.06543,-0,0.09491,-0.00984,0.00551,1e-05,0.00459,0.01406,-0.00031,0.13531,-0.00083,-0.1913,-0.03066,-0.02565,-0.00018,-0.00906,-0.06063,0.099,-0.00491,-0.1121,0.01802,0.00165,0.00816
3.82,-0.31105,-0.00336,-0.00449,-0.07022,0.00015,0.00031,0.06227,0.15945,0.07774,-0.00235,-0.04329,-0.06625,0,0.05066,-0.00901,0.00503,0.00028,0.0052,0.01715,-0.00032,0.13739,-0.00052,-0.1841,-0.03282,-0.02413,-0.00015,-0.00593,-0.02851,0.07467,-0.00385,-0.12563,0.01734,0.00156,0.0066
3.84,-0.30317,-0.00355,-0.00618,-0.06183,0.00011,7e-05,0.04313,0.17802,0.07458,0.00069,-0.0141,-0.06691,1e-05,0.01257,-0.00823,0.00458,0.00036,0.00557,0.01928,-0.00032,0.13123,-0.00029,-0.17188,-0.03253,-0.02232,-0.00011,-0.00346,0.00313,0.0573,-0.00257,-0.13768,0.01691,0.00142,0.0053
3.86,-0.28912,-0.00406,-0.00763,-0.05304,6e-05,-0.0001,0.03234,0.19754,0.06986,0.0036,0.00338,-0.06712,1e-05,-0.01834,-0.00752,0.00411,0.00026,0.00574,0.02064,-0.00031,0.11813,-0.00012,-0.15575,-0.03025,-0.02039,-8e-05,-0.00159,0.03323,0.04589,-0.00102,-0.14778,0.01684,0.00123,0.00446
3.88,-0.27051,-0.00493,-0.00878,-0.04443,1e-05,-0.0002,0.02997,0.21643,0.06383,0.00618,0.00897,-0.0666,1e-05,-0.04193,-0.00681,0.00364,-1e-05,0.0057,0.02128,-0.00031,0.09963,0,-0.13682,-0.02644,-0.01843,-6e-05,-0.00027,0.06071,0.03912,0.00075,-0.1554,0.01708,0.001,0.00398
3.9,-0.24823,-0.00618,-0.0096,-0.03665,-3e-05,-0.00023,0.03546,0.2332,0.05686,0.00827,0.00369,-0.06517,1e-05,-0.05862,-0.00602,0.00322,-0.0004,0.00537,0.02111,-0.0003,0.07747,7e-05,-0.11666,-0.02172,-0.01652,-3e-05,0.0006,0.08455,0.03554,0.0026,-0.15985,0.01751,0.00076,0.00382
3.92,-0.22352,-0.00779,-0.01008,-0.03031,-6e-05,-0.0002,0.04775,0.2465,0.04936,0.00985,-0.01057,-0.06268,1e-05,-0.06925,-0.0051,0.0029,-0.00084,0.00467,0.01997,-0.00027,0.05352,0.00011,-0.09672,-0.01668,-0.01468,-2e-05,0.0011,0.10402,0.03377,0.00439,-0.16038,0.0179,0.00053,0.0039
3.94,-0.19895,-0.00972,-0.01019,-0.02582,-6e-05,-0.00013,0.06543,0.25508,0.04168,0.01074,-0.03161,-0.05901,0,-0.07481,-0.00402,0.00271,-0.00127,0.00352,0.01772,-0.00021,0.02942,0.00013,-0.07773,-0.01172,-0.01294,-1e-05,0.00134,0.1183,0.03262,0.00593,-0.15674,0.01803,0.00034,0.00406
3.96,-0.17614,-0.01186,-0.00993,-0.02324,-4e-05,-3e-05,0.08675,0.25814,0.03406,0.01081,-0.0571,-0.05413,0,-0.0764,-0.00281,0.00267,-0.00165,0.00192,0.01431,-0.00013,0.00617,0.00013,-0.0601,-0.00714,-0.01126,0,0.00138,0.12709,0.03123,0.00709,-0.14901,0.01771,0.0002,0.00415
3.98,-0.15541,-0.01418,-0.00935,-0.02236,-1e-05,0.0001,0.10947,0.2555,0.02669,0.01018,-0.08451,-0.04814,-0,-0.07524,-0.00152,0.00278,-0.00196,-0,0.00987,-3e-05,-0.01567,0.00012,-0.044,-0.00306,-0.00965,1e-05,0.00129,0.13099,0.02909,0.00782,-0.13748,0.01683,0.00012,0.00411
4,-0.13684,-0.01653,-0.00852,-0.02269,3e-05,0.00022,0.13087,0.24728,0.01972,0.0089,-0.11092,-0.04132,-0,-0.07258,-0.00025,0.00301,-0.00216,-0.00207,0.0047,9e-05,-0.03578,0.0001,-0.02935,0.00049,-0.0081,1e-05,0.00113,0.13091,0.02597,0.00812,-0.12319,0.01531,7e-05,0.00388
4.02,-0.12044,-0.01876,-0.00754,-0.02364,7e-05,0.00032,0.14811,0.23384,0.01331,0.00708,-0.13323,-0.03398,-0,-0.06956,0.00087,0.0033,-0.00225,-0.004,-0.00081,0.0002,-0.05394,8e-05,-0.01587,0.00357,-0.00663,1e-05,0.00094,0.12793,0.02191,0.00802,-0.10728,0.01316,5e-05,0.00343
4.04,-0.10629,-0.02085,-0.00653,-0.02468,0.0001,0.0004,0.15902,0.21588,0.00756,0.00502,-0.14864,-0.02632,-0,-0.06701,0.00177,0.00357,-0.00221,-0.00559,-0.00627,0.00031,-0.07016,6e-05,-0.00313,0.00627,-0.00523,1e-05,0.00074,0.12328,0.01706,0.00764,-0.09031,0.01043,3e-05,0.00275
4.06,-0.09431,-0.02278,-0.00559,-0.02545,0.00013,0.00045,0.1625,0.1942,0.00253,0.0029,-0.15479,-0.01844,-0,-0.06534,0.0024,0.00379,-0.00207,-0.00673,-0.01134,0.00038,-0.08456,5e-05,0.00938,0.00872,-0.00392,1e-05,0.00055,0.11794,0.01156,0.00711,-0.07278,0.00721,1e-05,0.00186
4.08,-0.08421,-0.02452,-0.00479,-0.02581,0.00015,0.00046,0.1586,0.16984,-0.00175,0.00082,-0.14974,-0.01045,-0,-0.06455,0.00277,0.00388,-0.00185,-0.00735,-0.01571,0.00043,-0.09728,3e-05,0.02218,0.01106,-0.00272,1e-05,0.0004,0.11261,0.00563,0.00653,-0.05525,0.00369,-3e-05,0.00082
4.1,-0.07572,-0.02591,-0.0042,-0.02582,0.00016,0.00045,0.14847,0.14407,-0.00522,-0.00113,-0.13197,-0.00242,-0,-0.06427,0.00292,0.00383,-0.00159,-0.00748,-0.01906,0.00045,-0.10832,2e-05,0.0357,0.01338,-0.00168,1e-05,0.00027,0.10792,-0.00047,0.00602,-0.03832,0.00013,-7e-05,-0.00031
4.12,-0.06867,-0.02684,-0.00384,-0.02563,0.00017,0.00042,0.13376,0.11841,-0.00779,-0.00284,-0.10081,0.00554,-0,-0.06389,0.00291,0.0036,-0.00133,-0.00715,-0.02112,0.00044,-0.11757,1e-05,0.05027,0.01576,-0.00085,1e-05,0.00017,0.1044,-0.00642,0.0057,-0.02253,-0.00315,-0.00012,-0.00139
4.14,-0.06297,-0.02738,-0.00372,-0.02543,0.00018,0.00038,0.11599,0.09439,-0.00939,-0.00424,-0.05711,0.0133,-0,-0.06285,0.00281,0.00318,-0.00112,-0.0064,-0.02172,0.00039,-0.12511,1e-05,0.06618,0.01826,-0.00025,0,0.0001,0.10236,-0.0119,0.00571,-0.00818,-0.00589,-0.00017,-0.00231
4.16,-0.05838,-0.02763,-0.00382,-0.0253,0.00019,0.00034,0.09643,0.07307,-0.00996,-0.00527,-0.00375,0.02068,-0,-0.06072,0.00267,0.00257,-0.00096,-0.0053,-0.02088,0.00032,-0.13117,1e-05,0.08361,0.02092,0.00015,0,5e-05,0.10203,-0.01665,0.00614,0.00446,-0.00794,-0.00022,-0.00302
4.18,-0.05448,-0.02772,-0.00404,-0.02529,0.00019,0.00031,0.07617,0.0551,-0.00949,-0.0059,0.05375,0.0274,0,-0.05731,0.00254,0.00183,-0.00089,-0.00394,-0.01878,0.00022,-0.13605,0,0.10256,0.02371,0.00041,0,3e-05,0.10354,-0.02044,0.00707,0.01518,-0.00928,-0.00026,-0.00347
4.2,-0.05078,-0.02759,-0.00428,-0.02534,0.00019,0.00028,0.05619,0.04104,-0.00798,-0.00611,0.10738,0.03303,0,-0.05262,0.00246,0.00099,-0.0009,-0.00244,-0.01577,0.00011,-0.14006,0,0.12279,0.02658,0.00063,0,2e-05,0.10689,-0.02301,0.00849,0.02378,-0.00996,-0.00028,-0.00361
4.22,-0.04685,-0.02719,-0.0044,-0.0254,0.00019,0.00025,0.03737,0.03129,-0.00545,-0.00588,0.14834,0.0371,0,-0.04671,0.00244,0.00013,-0.00102,-0.00091,-0.01228,-1e-05,-0.14349,1e-05,0.1437,0.02937,0.00093,0,2e-05,0.11185,-0.02431,0.01033,0.03022,-0.01007,-0.00029,-0.0034
4.24,-0.04229,-0.02669,-0.00436,-0.02541,0.0002,0.00024,0.02035,0.02586,-0.00198,-0.00521,0.16901,0.03913,0,-0.03951,0.00248,-0.00068,-0.00122,0.00052,-0.00867,-0.00012,-0.14629,1e-05,0.16426,0.03182,0.00141,-0,2e-05,0.11778,-0.02478,0.01249,0.03476,-0.00976,-0.00029,-0.00293
4.26,-0.03683,-0.02618,-0.00417,-0.02538,0.00019,0.00022,0.00552,0.02423,0.00231,-0.00413,0.16487,0.03882,0,-0.03073,0.00258,-0.00143,-0.0015,0.00178,-0.00519,-0.00021,-0.14815,1e-05,0.18297,0.03359,0.00215,-0,3e-05,0.12348,-0.0255,0.01475,0.03816,-0.00923,-0.00029,-0.0023
4.28,-0.03037,-0.02548,-0.00384,-0.0254,0.00018,0.00021,-0.00687,0.02532,0.00719,-0.00271,0.13518,0.03611,-0,-0.01987,0.00268,-0.00211,-0.00185,0.00278,-0.00202,-0.00029,-0.1484,1e-05,0.1977,0.03417,0.00321,-0,3e-05,0.12707,-0.02822,0.0167,0.04187,-0.00869,-0.0003,-0.00166
4.3,-0.02301,-0.02427,-0.00346,-0.02563,0.00016,0.0002,-0.01657,0.02763,0.0123,-0.00107,0.0824,0.03109,-0,-0.00634,0.00273,-0.00274,-0.00222,0.00346,0.00075,-0.00033,-0.14601,1e-05,0.20641,0.03303,0.00457,-0,1e-05,0.12647,-0.03521,0.01802,0.04764,-0.00841,-0.00032,-0.00123
4.32,-0.01501,-0.02221,-0.00306,-0.02621,0.00012,0.00018,-0.02334,0.02955,0.01723,0.00067,0.01135,0.02399,-1e-05,0.01053,0.00264,-0.00332,-0.00259,0.00379,0.00308,-0.00035,-0.13994,0,0.20734,0.02971,0.00623,-0,-2e-05,0.11963,-0.0486,0.01851,0.05713,-0.00861,-0.00039,-0.00122
4.34,-0.00665,-0.01943,-0.00271,-0.02725,7e-05,0.00016,-0.02699,0.02975,0.02163,0.00243,-0.07221,0.01514,-1e-05,0.03131,0.00237,-0.00389,-0.00294,0.00374,0.00495,-0.00033,-0.12984,-0,0.19819,0.0239,0.00811,-1e-05,-9e-05,0.10461,-0.06948,0.01758,0.07157,-0.00944,-0.00051,-0.00177
4.36,0.00185,-0.01615,-0.00243,-0.02875,-2e-05,0.00013,-0.02742,0.0275,0.0253,0.00409,-0.16261,0.00492,-1e-05,0.05636,0.00186,-0.00446,-0.00328,0.00333,0.0064,-0.00027,-0.11617,-2e-05,0.17852,0.0158,0.01016,-1e-05,-0.00018,0.081,-0.0972,0.01497,0.09111,-0.01089,-0.00067,-0.00292
4.38,0.01035,-0.0126,-0.00221,-0.03056,-0.00013,9e-05,-0.02459,0.02281,0.02816,0.00556,-0.25371,-0.00618,-0,0.08561,0.00114,-0.00507,-0.0036,0.00263,0.00744,-0.0002,-0.10031,-4e-05,0.15107,0.00634,0.01224,-1e-05,-0.00032,0.05054,-0.12905,0.01104,0.11416,-0.01276,-0.00086,-0.00466
4.4,0.01868,-0.00921,-0.00204,-0.03247,-0.00027,3e-05,-0.01853,0.01633,0.03018,0.00678,-0.33815,-0.01751,-0,0.11839,0.00026,-0.00571,-0.0039,0.00176,0.00811,-0.0001,-0.0847,-6e-05,0.11945,-0.00306,0.01423,-1e-05,-0.0005,0.01645,-0.1603,0.00614,0.1385,-0.01471,-0.00106,-0.00664
4.42,0.02672,-0.00641,-0.00189,-0.03416,-0.00044,-3e-05,-0.00928,0.00905,0.03142,0.0077,-0.40806,-0.02831,-0,0.15361,-0.0007,-0.00635,-0.00415,0.00083,0.00841,-1e-05,-0.0722,-9e-05,0.08877,-0.01055,0.01598,-1e-05,-0.00073,-0.01647,-0.18529,0.0011,0.16177,-0.01633,-0.00123,-0.0082
4.44,0.03465,-0.00433,-0.0017,-0.03539,-0.00063,-0.00011,0.00313,0.00188,0.03195,0.00828,-0.4574,-0.03798,-0,0.19036,-0.00166,-0.00699,-0.00437,-4e-05,0.0083,8e-05,-0.06508,-0.00013,0.06497,-0.01463,0.0174,-1e-05,-0.00098,-0.04352,-0.19922,-0.00312,0.18026,-0.01737,-0.00136,-0.00915
4.46,0.04297,-0.00303,-0.00143,-0.036,-0.00079,-0.00019,0.01869,-0.00466,0.03185,0.00848,-0.48243,-0.04613,-1e-05,0.22795,-0.00257,-0.00756,-0.00453,-0.00079,0.0077,0.00015,-0.06483,-0.00017,0.05144,-0.01464,0.01853,-1e-05,-0.00126,-0.06143,-0.19912,-0.00611,0.19083,-0.01782,-0.00143,-0.0096
4.48,0.05252,-0.00243,-0.00106,-0.03597,-0.00092,-0.00029,0.03721,-0.01048,0.03118,0.00837,-0.48105,-0.05251,-1e-05,0.26562,-0.00339,-0.00794,-0.00459,-0.00142,0.00648,0.00022,-0.07204,-0.0002,0.04915,-0.01049,0.01953,-1e-05,-0.00153,-0.0679,-0.18389,-0.00764,0.19237,-0.01788,-0.00146,-0.00945
4.5,0.06431,-0.00227,-0.00055,-0.03537,-0.001,-0.0004,0.05818,-0.01583,0.03005,0.00803,-0.45303,-0.05689,-1e-05,0.30219,-0.00412,-0.00798,-0.00451,-0.00193,0.00449,0.00027,-0.08643,-0.00024,0.05784,-0.00274,0.02065,-0,-0.00177,-0.06152,-0.15429,-0.00767,0.18372,-0.01801,-0.00145,-0.0089
4.52,0.07974,-0.0022,7e-05,-0.03422,-0.001,-0.00052,0.08035,-0.02127,0.02853,0.00756,-0.39783,-0.05903,-1e-05,0.33549,-0.00475,-0.00743,-0.00422,-0.00235,0.00164,0.00031,-0.10732,-0.00026,0.07648,0.00788,0.02217,1e-05,-0.00193,-0.04108,-0.112,-0.00625,0.16408,-0.0188,-0.00145,-0.00822
4.54,0.10121,-0.00196,0.00077,-0.03231,-0.00093,-0.00066,0.10109,-0.02764,0.02659,0.00707,-0.31155,-0.05857,-1e-05,0.36181,-0.00536,-0.00603,-0.00361,-0.00268,-0.00201,0.00034,-0.13451,-0.00027,0.10366,0.02077,0.02433,2e-05,-0.00193,-0.00458,-0.0584,-0.00328,0.13357,-0.02085,-0.00145,-0.00736
4.56,0.13228,-0.00144,0.00152,-0.02907,-0.0008,-0.00081,0.11606,-0.03602,0.02413,0.00663,-0.18695,-0.055,-1e-05,0.37554,-0.00603,-0.00349,-0.00258,-0.00289,-0.00614,0.00038,-0.16846,-0.00026,0.13805,0.03537,0.02724,4e-05,-0.00169,0.05061,0.00559,0.0013,0.09155,-0.02476,-0.00149,-0.0063
4.58,0.17754,-0.00066,0.00231,-0.02356,-0.0006,-0.00101,0.11921,-0.04769,0.02109,0.00626,-0.01404,-0.04768,-0,0.36922,-0.0069,0.00033,-0.00109,-0.00286,-0.01011,0.00042,-0.21011,-0.0002,0.17856,0.05127,0.03083,6e-05,-0.0011,0.12755,0.07925,0.00747,0.03659,-0.03106,-0.00157,-0.00515
4.6,0.24251,0.00013,0.00311,-0.01457,-0.00035,-0.00125,0.10297,-0.06401,0.01736,0.00594,0.21924,-0.03582,1e-05,0.33386,-0.00815,0.00535,0.00079,-0.00247,-0.01293,0.00045,-0.26052,-9e-05,0.224,0.06809,0.0349,9e-05,-5e-05,0.22916,0.16155,0.01514,-0.03249,-0.04013,-0.0017,-0.004
4.62,0.33425,0.00039,0.00392,-0.00069,-8e-05,-0.00156,0.05877,-0.08639,0.01289,0.0056,0.52606,-0.01846,3e-05,0.25963,-0.00997,0.01105,0.00285,-0.00153,-0.01333,0.00049,-0.32075,9e-05,0.27272,0.08535,0.03912,0.00012,0.0016,0.35703,0.25065,0.02416,-0.1161,-0.05223,-0.00189,-0.00292
4.64,0.46136,-0.00073,0.00475,0.01937,0.00015,-0.00194,-0.02185,-0.11618,0.00768,0.00518,0.91924,0.00563,4e-05,0.13684,-0.01247,0.01634,0.00467,0.00016,-0.0099,0.00051,-0.39138,0.00036,0.3224,0.10232,0.0431,0.00016,0.00398,0.51114,0.34343,0.03427,-0.21321,-0.06762,-0.00213,-0.00188
4.66,0.63449,-0.00428,0.00566,0.04656,0.00025,-0.00241,-0.14621,-0.15445,0.00179,0.00457,1.40846,0.03779,4e-05,-0.04226,-0.01577,0.01926,0.0056,0.00284,-0.00113,0.0005,-0.47212,0.00074,0.3696,0.11789,0.04647,0.00019,0.00719,0.68803,0.43479,0.04493,-0.32074,-0.08646,-0.00241,-0.00086
4.68,0.86803,-0.01129,0.00682,0.0811,0.00011,-0.00294,-0.31873,-0.20178,-0.00454,0.00368,1.9944,0.07923,-2e-05,-0.28151,-0.01995,0.01674,0.00459,0.00671,0.01451,0.00043,-0.56139,0.00126,0.40887,0.13037,0.04888,0.00022,0.01132,0.87562,0.51657,0.0546,-0.43383,-0.10878,-0.00271,0.00013
4.7,1.1593,-0.02308,0.00843,0.12266,-0.0004,-0.00348,-0.54131,-0.25774,-0.01102,0.00259,2.67681,0.13096,-0.00013,-0.58003,-0.02447,0.00685,0.0015,0.01206,0.03842,0.00025,-0.65349,0.00193,0.43647,0.13808,0.04998,0.00024,0.01634,1.07138,0.57957,0.06457,-0.539,-0.1336,-0.00298,0.00108
4.72,1.48923,-0.04166,0.01079,0.1708,-0.00143,-0.00395,-0.81529,-0.3214,-0.0174,0.00141,3.45674,0.19333,-0.00027,-0.93349,-0.02849,-0.01057,-0.00285,0.01945,0.07129,-8e-05,-0.74023,0.00278,0.4497,0.13934,0.04943,0.00024,0.02213,1.28386,0.61423,0.07835,-0.61652,-0.15916,-0.00319,0.002
4.74,1.86279,-0.06731,0.01493,0.22491,-0.00308,-0.0043,-1.13938,-0.3925,-0.0233,0.00022,4.31609,0.26576,-0.00047,-1.33581,-0.03145,-0.03692,-0.00844,0.0295,0.11303,-0.00065,-0.81694,0.0038,0.43996,0.1313,0.04696,0.00022,0.02839,1.49345,0.60829,0.09257,-0.66287,-0.1847,-0.00331,0.00289
4.76,2.29388,-0.09855,0.02246,0.28461,-0.00533,-0.00446,-1.50886,-0.47155,-0.02824,-0.00061,5.22408,0.3458,-0.00079,-1.77856,-0.03291,-0.07354,-0.01505,0.04294,0.16246,-0.00157,-0.88045,0.00491,0.40172,0.11208,0.04245,0.00015,0.03458,1.67805,0.55287,0.10337,-0.68156,-0.20983,-0.00336,0.0037
4.78,2.78379,-0.13392,0.03517,0.34963,-0.00798,-0.00439,-1.91458,-0.55932,-0.0317,-0.00024,6.13975,0.42676,-0.00135,-2.24704,-0.03253,-0.12082,-0.02109,0.06102,0.21542,-0.00297,-0.92689,0.00602,0.33777,0.08194,0.03603,4e-05,0.03988,1.84009,0.44545,0.11245,-0.67069,-0.2335,-0.00334,0.0044
4.8,3.25195,-0.16824,0.05657,0.42066,-0.01075,-0.00413,-2.36393,-0.65456,-0.03369,0.002,7.05487,0.50468,-0.00179,-2.74988,-0.02763,-0.16078,-0.02073,0.08507,0.26901,-0.00495,-0.95093,0.00698,0.24984,0.04142,0.02798,-0.00014,0.04312,1.98335,0.28643,0.11928,-0.64027,-0.25244,-0.00328,0.00491
4.82,3.56887,-0.19287,0.09116,0.49907,-0.01341,-0.00377,-2.88333,-0.75547,-0.03411,0.00528,7.98554,0.57836,-0.00134,-3.31688,-0.01723,-0.16921,-0.01088,0.11591,0.32294,-0.00743,-0.94792,0.00757,0.14431,-0.00647,0.01868,-0.00038,0.04276,2.11141,0.07831,0.12366,-0.60259,-0.26226,-0.00324,0.0051
4.84,3.73501,-0.20059,0.1411,0.58333,-0.01544,-0.00334,-3.47345,-0.86735,-0.03141,0.00855,8.84608,0.63375,-0.00013,-3.94465,-0.00593,-0.15079,0.00163,0.15515,0.37014,-0.01025,-0.92095,0.00739,0.03223,-0.05735,0.00852,-0.00068,0.03679,2.224,-0.17641,0.12933,-0.55816,-0.26342,-0.00323,0.00484
4.86,3.79021,-0.18598,0.20646,0.67083,-0.0164,-0.00295,-4.12448,-1.00034,-0.02325,0.01066,9.55027,0.65859,0.00148,-4.6115,0.00046,-0.11578,0.00818,0.20337,0.40377,-0.01326,-0.87576,0.0059,-0.08125,-0.10828,-0.00233,-0.00102,0.02285,2.31801,-0.47509,0.13935,-0.5094,-0.25723,-0.00325,0.00394
4.88,3.72704,-0.14568,0.28537,0.75975,-0.01627,-0.00271,-4.83129,-1.16342,-0.00695,0.00994,10.11216,0.65635,0.00373,-5.28276,-0.00353,-0.07048,-0.00238,0.25572,0.42516,-0.01626,-0.81679,0.00248,-0.19439,-0.15653,-0.01382,-0.0014,-0.00173,2.39285,-0.81363,0.15552,-0.46324,-0.24244,-0.00329,0.00213
4.9,3.41801,-0.07415,0.37964,0.84636,-0.01472,-0.00272,-5.63763,-1.37092,0.02068,-0.0118,10.50395,0.62622,0.00706,-6.01646,-0.02938,0.00539,-0.0554,0.31582,0.43375,-0.01763,-0.75261,-0.00358,-0.30499,-0.19727,-0.0259,-0.00174,-0.0397,2.4531,-1.17765,0.17903,-0.42636,-0.22055,-0.00333,-0.00085
4.92,2.71982,0.02484,0.49162,0.92569,-0.01124,-0.00297,-6.58239,-1.64266,0.06595,-0.1045,10.68245,0.57036,0.01177,-6.86691,-0.1036,0.12725,-0.20946,0.39096,0.43017,-0.01422,-0.69161,-0.01312,-0.41012,-0.22397,-0.03854,-0.00202,-0.09371,2.50074,-1.54126,0.21018,-0.40396,-0.19302,-0.0033,-0.0056
4.94,1.79836,0.12998,0.60783,0.99372,-0.0061,-0.00339,-7.54941,-1.98367,0.13384,-0.29199,10.67911,0.50399,0.01769,-7.65481,-0.23934,0.25219,-0.50267,0.46152,0.4201,-0.00574,-0.63661,-0.027,-0.51071,-0.23602,-0.05175,-0.00218,-0.16557,2.52468,-1.88894,0.2511,-0.39418,-0.15861,-0.00319,-0.01273
4.96,0.82941,0.22082,0.71175,1.0484,0.00038,-0.00382,-8.42554,-2.39422,0.22379,-0.58211,10.49472,0.43761,0.02424,-8.25866,-0.43328,0.35553,-0.94278,0.50614,0.40707,0.00675,-0.58847,-0.04577,-0.61117,-0.23605,-0.06558,-0.00217,-0.25568,2.51125,-2.2123,0.30303,-0.39206,-0.11645,-0.00298,-0.02212
4.98,-0.17028,0.28274,0.79358,1.08947,0.00825,-0.00402,-9.15619,-2.89107,0.33379,-1.03403,10.05768,0.37483,0.03053,-8.66333,-0.69125,0.44739,-1.58324,0.52084,0.39336,0.02376,-0.54744,-0.06985,-0.71529,-0.22471,-0.08005,-0.00243,-0.366,2.44589,-2.49808,0.36239,-0.3936,-0.06684,-0.00264,-0.03481
5,-1.24026,0.30992,0.85187,1.11723,0.01657,-0.00381,-9.73625,-3.41311,0.45996,-1.61308,9.32827,0.31749,0.03701,-9.00798,-1.0083,0.54824,-2.34823,0.50138,0.38196,0.04713,-0.51091,-0.09877,-0.82386,-0.20588,-0.09484,-0.00195,-0.48328,2.3357,-2.72077,0.4286,-0.38319,-0.01127,-0.00215,-0.04634
5.02,-2.46936,0.30221,0.89097,1.13216,0.02359,-0.00311,-10.18842,-3.84631,0.59636,-2.27443,8.27609,0.2679,0.04401,-9.55301,-1.37625,0.68852,-3.12869,0.44858,0.37625,0.07835,-0.4752,-0.13094,-0.93632,-0.18386,-0.10945,0.00065,-0.57806,2.20037,-2.85109,0.50174,-0.34153,0.0517,-0.00151,-0.04617
5.04,-3.73755,0.2684,0.88771,1.13556,0.02876,-0.002,-10.46445,-4.20347,0.73523,-3.13646,6.78476,0.22794,0.04819,-10.26095,-1.78186,0.87613,-4.02553,0.3665,0.37794,0.11568,-0.43874,-0.16538,-1.05531,-0.16003,-0.12377,0.0026,-0.64787,2.01066,-2.89549,0.57151,-0.26276,0.1245,-0.00078,-0.0365
5.06,-4.8796,0.22518,0.82039,1.12848,0.03193,-0.00066,-10.56437,-4.52463,0.87816,-4.21371,4.82348,0.19455,0.04672,-11.01352,-2.20525,1.11032,-5.01638,0.26491,0.38404,0.15393,-0.40032,-0.20168,-1.18457,-0.13593,-0.13786,0.00206,-0.704,1.75842,-2.87364,0.62887,-0.15251,0.20683,1e-05,-0.02411
5.08,-5.84846,0.18478,0.68679,1.1108,0.03269,0.0007,-10.52251,-4.79131,1.02648,-5.45313,2.49164,0.16119,0.03904,-11.83161,-2.63268,1.38433,-5.9875,0.16017,0.38632,0.18185,-0.35814,-0.23886,-1.32735,-0.11335,-0.15166,-0.00111,-0.74855,1.48285,-2.79379,0.67315,-0.03374,0.29185,0.0008,-0.00863
5.1,-6.60438,0.15473,0.49323,1.08143,0.03162,0.00194,-10.48285,-4.88955,1.16358,-6.73051,-0.09452,0.12059,0.02512,-12.68782,-2.99554,1.66732,-6.81326,0.06294,0.37415,0.20627,-0.31283,-0.27362,-1.46396,-0.09431,-0.16499,-0.00664,-0.74637,1.14908,-2.69338,0.70813,0.13276,0.39436,0.00154,0.00807
5.12,-7.17379,0.1377,0.26885,1.03901,0.02977,0.003,-10.68538,-4.68608,1.26449,-7.94635,-2.58029,0.06372,0.00567,-13.56001,-3.22259,1.90164,-7.41334,-0.00585,0.3351,0.24055,-0.26509,-0.30171,-1.5653,-0.08007,-0.1775,-0.00645,-0.64303,0.75493,-2.6147,0.73907,0.41337,0.5536,0.00216,0.02468
5.14,-7.49822,0.13348,0.04625,0.98357,0.02744,0.00375,-11.09413,-4.29846,1.32752,-9.01877,-4.65864,-0.01838,-0.01882,-14.32062,-3.33803,2.0228,-7.72135,-0.03237,0.25691,0.24431,-0.21418,-0.32358,-1.64435,-0.0695,-0.18889,0.00239,-0.47041,0.37517,-2.55787,0.76648,0.73087,0.7523,0.00257,0.0379
5.16,-7.52098,0.1419,-0.14384,0.91551,0.02478,0.0041,-11.54394,-3.85009,1.35185,-9.78673,-6.28883,-0.12683,-0.04709,-14.78389,-3.36409,2.00974,-7.66244,-0.01998,0.13933,0.18973,-0.16086,-0.34125,-1.71946,-0.06115,-0.19872,0.01519,-0.27437,0.01867,-2.51818,0.78768,0.98565,0.95293,0.00263,0.04568
5.18,-7.2851,0.16341,-0.27175,0.83564,0.02219,0.00415,-11.97319,-3.32587,1.30745,-10.14795,-7.43353,-0.25535,-0.07758,-14.83982,-3.27749,1.8475,-7.24592,0.02524,-0.00539,0.08716,-0.10814,-0.355,-1.78673,-0.05398,-0.20634,0.0315,-0.04528,-0.35078,-2.50087,0.79876,1.15043,1.15606,0.00214,0.05155
5.2,-6.82534,0.19817,-0.31434,0.7481,0.01968,0.00393,-12.22595,-2.83608,1.20562,-10.00602,-8.1404,-0.38491,-0.10676,-14.35588,-3.08568,1.591,-6.45773,0.09314,-0.15708,-0.05875,-0.06214,-0.36526,-1.83622,-0.04649,-0.21049,0.05042,0.21594,-0.74921,-2.50002,0.79876,1.27373,1.35388,0.00108,0.04993
5.22,-6.25327,0.24075,-0.27087,0.65851,0.01707,0.00352,-12.16634,-2.46346,1.07516,-9.41116,-8.50051,-0.48518,-0.1298,-13.29801,-2.80054,1.32291,-5.39329,0.17794,-0.2868,-0.1825,-0.02795,-0.37303,-1.85793,-0.03715,-0.20964,0.07107,0.49687,-1.14795,-2.50169,0.78585,1.43118,1.5375,-0.00077,0.03905
5.24,-5.65892,0.28621,-0.16651,0.57097,0.01434,0.00312,-11.72713,-2.12879,0.89835,-8.48973,-8.54137,-0.54602,-0.14518,-11.74713,-2.41306,1.03483,-4.24778,0.2618,-0.37833,-0.24384,-0.00909,-0.38167,-1.85314,-0.02499,-0.20325,0.09085,0.79811,-1.55538,-2.49252,0.74651,1.53944,1.6942,-0.00391,0.03064
5.26,-5.0699,0.33257,-0.03093,0.48965,0.01146,0.00285,-10.85224,-1.78111,0.67452,-7.32486,-8.29273,-0.57114,-0.15243,-9.79405,-1.93603,0.72796,-3.1361,0.31989,-0.4314,-0.26464,-0.01001,-0.39587,-1.82224,-0.00939,-0.19103,0.10681,1.10787,-2.01373,-2.46631,0.67516,1.52874,1.80932,-0.00805,0.02841
5.28,-4.51117,0.37679,0.10529,0.41961,0.00824,0.0027,-9.551,-1.42965,0.43177,-6.01054,-7.79314,-0.56163,-0.15061,-7.55465,-1.4017,0.43532,-2.11636,0.34726,-0.44788,-0.24603,-0.03424,-0.41962,-1.75941,0.00962,-0.17265,0.11943,1.37917,-2.52185,-2.42298,0.58022,1.45117,1.88623,-0.01327,0.02473
5.3,-4.04973,0.41494,0.21171,0.36719,0.00446,0.00263,-7.94725,-1.09563,0.23915,-4.63549,-7.0577,-0.52498,-0.13997,-5.25914,-0.86293,0.19514,-1.22382,0.33829,-0.43227,-0.21247,-0.08345,-0.45599,-1.6344,0.03196,-0.14867,0.12645,1.66032,-3.04694,-2.35908,0.46234,1.30445,1.90019,-0.01728,0.02536
5.32,-3.74003,0.44621,0.26762,0.3386,3e-05,0.00261,-6.22369,-0.77935,0.12767,-3.31851,-6.09605,-0.47168,-0.12247,-3.1042,-0.36461,0.00926,-0.49493,0.29678,-0.39025,-0.18887,-0.15662,-0.50547,-1.41736,0.06042,-0.11981,0.12652,2.03214,-3.53919,-2.27669,0.32876,1.0894,1.83011,-0.01537,0.04497
5.34,-3.56636,0.47838,0.26432,0.33731,-0.00507,0.00256,-4.4829,-0.46661,0.05743,-2.14746,-4.95189,-0.4104,-0.10059,-1.16005,0.07215,-0.14509,0.05296,0.24859,-0.32992,-0.16249,-0.2527,-0.56642,-1.14618,0.09728,-0.08652,0.1233,2.31888,-3.99299,-2.19508,0.19851,0.86238,1.7071,-0.0098,0.06935
5.36,-3.51566,0.52057,0.2032,0.36461,-0.01113,0.00243,-2.82101,-0.16108,0.01222,-1.15317,-3.67248,-0.34708,-0.0765,0.49029,0.42914,-0.26851,0.43901,0.20905,-0.2574,-0.12843,-0.37114,-0.63457,-0.84815,0.14151,-0.04954,0.11945,2.38788,-4.40355,-2.13573,0.07933,0.66239,1.55727,-0.00464,0.08115
5.38,-3.59011,0.58181,0.09545,0.41978,-0.01818,0.00217,-1.3528,0.12023,-0.00274,-0.34124,-2.3157,-0.28537,-0.05227,1.76341,0.69832,-0.36213,0.69644,0.179,-0.17672,-0.09399,-0.50901,-0.69558,-0.53069,0.1893,-0.01015,0.1158,2.32618,-4.71811,-2.11504,-0.03274,0.50425,1.3891,-0.00018,0.08038
5.4,-3.83526,0.6704,-0.04716,0.49837,-0.02685,0.00184,-0.1715,0.36692,0.0105,0.29609,-1.00032,-0.23017,-0.02959,2.63555,0.88282,-0.44155,0.85863,0.15731,-0.09441,-0.06159,-0.65053,-0.74935,-0.25913,0.24979,0.02977,0.11035,1.94122,-4.91353,-2.13331,-0.14267,0.36843,1.19396,0.0011,0.05741
5.42,-4.30182,0.79305,-0.20831,0.59366,-0.03835,0.00149,0.69266,0.59792,0.03301,0.77679,0.19552,-0.18496,-0.0102,3.16202,0.99842,-0.52731,0.95452,0.14066,-0.01652,-0.03377,-0.77714,-0.82299,-0.04709,0.34538,0.06918,0.10125,1.23713,-4.96636,-2.17878,-0.24155,0.24639,0.97558,-4e-05,0.01515
5.44,-4.95413,0.95238,-0.35978,0.70115,-0.05164,0.0011,1.25159,0.81476,0.05743,1.12422,1.23255,-0.14965,0.00481,3.36761,1.05843,-0.60914,1.01179,0.12417,0.05197,-0.01284,-0.88363,-0.89551,0.12858,0.47832,0.10675,0.0915,0.64989,-4.83168,-2.25671,-0.32903,0.1538,0.77574,-9e-05,-0.03025
5.46,-5.74933,1.14012,-0.47537,0.81834,-0.06449,0.00069,1.5208,0.99787,0.09046,1.36077,2.05741,-0.12375,0.01541,3.26933,1.07168,-0.67133,1.0514,0.1045,0.10615,0.00107,-0.98939,-0.91932,0.24536,0.64078,0.1405,0.08287,0.2825,-4.4786,-2.36368,-0.4149,0.08357,0.61569,0.00165,-0.07325
5.48,-6.67556,1.33817,-0.53686,0.942,-0.07549,0.00037,1.54655,1.14715,0.13154,1.50641,2.65973,-0.10604,0.02213,2.95394,1.05863,-0.7192,1.08181,0.08008,0.14293,0.00877,-1.14478,-0.88735,0.29814,0.8274,0.16913,0.07393,0.06112,-3.89296,-2.46899,-0.49373,0.01243,0.49283,0.00412,-0.11247
5.5,-7.78581,1.49435,-0.53233,1.07062,-0.08214,0.00017,1.39285,1.28359,0.17435,1.57889,3.05058,-0.09296,0.02572,2.51232,1.01322,-0.73718,1.10736,0.05045,0.16086,0.01149,-1.30658,-0.72803,0.286,1.11002,0.19167,0.06447,-0.06115,-3.19479,-2.53221,-0.55576,-0.07038,0.4073,0.01039,-0.13738
5.52,-9.14893,1.53559,-0.45711,1.20223,-0.07802,9e-05,1.13819,1.44018,0.20869,1.59485,3.25356,-0.08031,0.02696,2.04295,0.92797,-0.70008,1.13092,0.01635,0.16009,0.0106,-1.37051,-0.34577,0.21592,1.60742,0.2076,0.05418,-0.15509,-2.48392,-2.50961,-0.58604,-0.12656,0.35777,0.0279,-0.12898
5.54,-10.69631,1.42995,-0.32309,1.33319,-0.06564,-1e-05,0.83784,1.59797,0.23478,1.5646,3.3182,-0.06516,0.02665,1.60177,0.82854,-0.621,1.15252,-0.0207,0.14272,0.00739,-1.43789,0.22578,0.13002,2.27586,0.21584,0.04129,-0.26927,-1.71064,-2.37716,-0.58015,-0.13846,0.34081,0.0497,-0.09908
5.56,-12.33955,1.17756,-0.1571,1.46108,-0.04744,-0.00033,0.53857,1.73007,0.25193,1.4998,3.2917,-0.04554,0.02545,1.22374,0.72932,-0.52224,1.17194,-0.05892,0.11229,0.00293,-1.66537,0.92075,0.05899,3.02514,0.2165,0.02452,-0.4273,-0.89104,-2.13147,-0.54265,-0.10363,0.35205,0.06634,-0.06663
5.58,-14.03219,0.79647,0.00622,1.58516,-0.02496,-0.00108,0.30101,1.84867,0.2476,1.41737,3.21315,-0.02052,0.02385,0.96033,0.62889,-0.40785,1.18864,-0.09621,0.07367,-0.00192,-2.09924,1.7055,0.01329,3.84098,0.21218,0.0032,-0.6585,-0.11922,-1.77944,-0.47119,0.0012,0.38489,0.08005,-0.03022
5.6,-15.99067,0.24907,0.13063,1.70421,0.00339,-0.00222,0.11594,1.92725,0.22597,1.32731,3.116,0.00924,0.02224,0.73953,0.5254,-0.28751,1.20993,-0.12919,0.03262,-0.00653,-2.57687,2.56723,-0.00189,4.75814,0.20536,-0.02305,-0.95324,0.52643,-1.36699,-0.38426,0.18762,0.43368,0.08494,-0.00735
5.62,-18.59729,-0.47214,0.19857,1.82001,0.0376,-0.00328,-0.02238,1.93587,0.19936,1.24059,3.02658,0.04258,0.02091,0.5025,0.42181,-0.17577,1.24318,-0.1534,-0.00497,-0.01035,-2.83022,3.48244,0.01681,5.79554,0.19898,-0.05308,-1.25426,1.07726,-0.96014,-0.30253,0.48514,0.49376,0.07729,-0.00673
5.64,-21.71501,-1.19081,0.20977,1.77558,0.06861,-0.00365,-0.06973,1.88198,0.16009,1.16942,2.96832,0.0778,0.02002,0.31251,0.32852,-0.08215,1.2746,-0.1678,-0.03464,-0.01316,-2.97077,4.333,0.07052,6.74128,0.19796,-0.08505,-1.54247,1.55597,-0.59568,-0.22031,0.89665,0.5573,0.068,-0.00915
5.66,-25.13194,-1.74713,0.17688,1.76275,0.08164,-0.00284,-0.0289,1.76973,0.10096,1.11654,2.94976,0.11215,0.01958,0.18457,0.24956,-0.00967,1.2903,-0.17335,-0.05454,-0.015,-3.11004,5.01605,0.15582,7.40824,0.20544,-0.11695,-1.81677,1.92377,-0.30056,-0.13592,1.38472,0.61696,0.06335,-0.00773
5.68,-28.92158,-2.10049,0.12562,1.78305,0.07769,-0.00044,0.05741,1.5975,0.02963,1.0795,2.95855,0.14181,0.01948,0.08042,0.18283,0.04225,1.28809,-0.17005,-0.06475,-0.01588,-3.08442,5.49201,0.2729,7.78031,0.22121,-0.14722,-2.07068,2.20393,-0.10167,-0.05889,1.91643,0.66842,0.06201,-0.00601
5.7,-33.25273,-2.23913,0.07829,1.8361,0.06348,0.00341,0.15798,1.34273,-0.0344,1.0471,2.97873,0.16284,0.01961,-0.02805,0.12909,0.06852,1.26002,-0.16034,-0.06718,-0.01613,-2.85359,5.79652,0.42348,7.71188,0.24533,-0.16717,-2.17475,2.45524,-0.01032,0.0009,2.46342,0.70843,0.06563,-0.00444
5.72,-38.2525,-2.18882,0.04881,1.91733,0.04369,0.00903,0.28912,1.01211,-0.07213,1.00621,2.99015,0.17159,0.0198,-0.10565,0.08737,0.06813,1.19878,-0.14673,-0.06443,-0.01605,-2.40514,5.99323,0.61029,7.14762,0.27704,-0.16427,-1.95474,2.75217,-0.00642,0.03753,3.00327,0.73484,0.07628,-0.0037
5.74,-43.60417,-2.00196,0.03896,2.01914,0.01648,0.01606,0.43883,0.6669,-0.09284,0.95146,2.95927,0.16339,0.01972,-0.12227,0.05114,0.05378,1.10554,-0.1293,-0.05809,-0.01545,-1.74786,6.04806,0.83502,6.27254,0.31234,-0.14483,-1.57246,3.08812,-0.05274,0.05311,3.4892,0.74354,0.09322,-0.00441
5.76,-48.99209,-1.73663,0.04186,2.1352,-0.01469,0.02316,0.56296,0.33634,-0.10722,0.87848,2.86323,0.13718,0.01916,-0.10201,0.01674,0.03261,0.98216,-0.1088,-0.04897,-0.0142,-0.94524,5.94746,1.09536,5.22988,0.34613,-0.11784,-1.18258,3.42931,-0.12249,0.05132,3.88072,0.732,0.11558,-0.00657
5.78,-54.3773,-1.44452,0.05277,2.25971,-0.04548,0.02967,0.6545,0.02188,-0.11162,0.78174,2.70107,0.09808,0.01806,-0.05974,-0.0169,0.00561,0.83023,-0.08711,-0.03723,-0.01239,-0.04346,5.74822,1.38695,4.09152,0.37224,-0.08331,-0.76069,3.79871,-0.19431,0.0347,4.17636,0.70251,0.142,-0.01018
5.8,-59.62913,-1.16562,0.06871,2.39149,-0.07372,0.03489,0.75134,-0.27229,-0.10706,0.6565,2.47296,0.05425,0.01647,0.03622,-0.04882,-0.02521,0.65372,-0.06673,-0.02218,-0.01015,0.65577,5.50211,1.67651,2.9194,0.38812,-0.05175,-0.45226,4.19817,-0.24946,0.00524,4.37322,0.65476,0.17665,-0.01379
5.82,-64.57664,-0.92404,0.08662,2.53057,-0.09792,0.03825,0.91183,-0.54285,-0.09713,0.50462,2.18648,0.01689,0.01451,0.24351,-0.07099,-0.05742,0.46211,-0.04995,-0.00248,-0.00756,0.964,5.26228,1.91874,1.80464,0.39293,-0.02666,-0.30652,4.61604,-0.27636,-0.02782,4.47536,0.59029,0.22679,-0.01397
5.84,-69.13956,-0.72801,0.10378,2.66919,-0.11796,0.03972,1.10838,-0.78753,-0.08401,0.33602,1.86169,-0.00429,0.01235,0.5082,-0.07887,-0.08915,0.2691,-0.03809,0.0233,-0.00451,1.07847,5.06187,2.11243,0.8528,0.37509,-0.00099,-0.17861,5.05201,-0.28149,-0.05559,4.50603,0.5174,0.28634,-0.01029
5.86,-73.25453,-0.58363,0.11772,2.79963,-0.13389,0.03935,1.29557,-1.00482,-0.06978,0.16073,1.50838,-0.00584,0.01008,0.7507,-0.07384,-0.11871,0.08416,-0.03194,0.05619,-0.00084,1.09795,4.91649,2.27198,0.10072,0.3274,0.02442,-0.03326,5.5,-0.27447,-0.07847,4.48636,0.44206,0.34614,-0.00441
5.88,-76.82472,-0.49871,0.12548,2.91877,-0.14543,0.03727,1.47911,-1.19286,-0.05657,-0.01025,1.1247,0.00998,0.00765,0.96495,-0.0549,-0.14308,-0.08751,-0.03131,0.09632,0.00374,0.99196,4.82622,2.39272,-0.45089,0.25498,0.04673,0.10304,5.94941,-0.25742,-0.09809,4.43319,0.36679,0.40345,0.00315
5.9,-79.77478,-0.48025,0.12726,3.02763,-0.15163,0.03362,1.67379,-1.32963,-0.04372,-0.16142,0.70898,0.03607,0.00498,1.15705,-0.02446,-0.16122,-0.24193,-0.03467,0.14295,0.00964,0.75922,4.79181,2.48795,-0.80911,0.16075,0.06508,0.22632,6.40226,-0.2356,-0.11074,4.35288,0.29361,0.45973,0.01496
5.92,-82.03271,-0.53713,0.12557,3.12647,-0.1513,0.02865,1.89479,-1.3842,-0.03116,-0.27417,0.26218,0.0637,0.00195,1.3464,0.01357,-0.17243,-0.37566,-0.0397,0.19449,0.01735,0.44405,4.80671,2.57307,-0.99603,0.05753,0.07992,0.34633,6.86008,-0.21369,-0.10728,4.25068,0.22512,0.51866,0.03537
5.94,-83.55909,-0.67981,0.1179,3.21402,-0.14367,0.0227,2.09186,-1.36521,-0.0214,-0.33682,-0.20916,0.08457,-0.00144,1.49685,0.05421,-0.17154,-0.48653,-0.04426,0.24822,0.0272,0.11459,4.83022,2.64664,-1.02545,-0.03513,0.08969,0.45424,7.3044,-0.1907,-0.09225,4.14514,0.1648,0.5692,0.05967
5.96,-84.34562,-0.91515,0.103,3.28887,-0.12828,0.01613,2.22639,-1.28668,-0.01433,-0.34847,-0.68648,0.09352,-0.00504,1.5814,0.09168,-0.15535,-0.57366,-0.04684,0.30049,0.03915,-0.19603,4.82849,2.71132,-0.91334,-0.10847,0.09304,0.53109,7.7228,-0.16614,-0.07607,4.04866,0.1139,0.60153,0.08234
5.98,-84.3706,-1.24208,0.08627,3.34737,-0.1054,0.00931,2.3182,-1.1478,-0.0076,-0.31438,-1.13723,0.09112,-0.00851,1.63294,0.12334,-0.12519,-0.63481,-0.04673,0.34672,0.05262,-0.46769,4.79167,2.77451,-0.68738,-0.15776,0.09278,0.58863,8.1167,-0.1407,-0.05908,3.96298,0.07175,0.62086,0.10505
6,-83.82804,-1.65041,0.06443,3.19418,-0.07538,0.00256,2.29675,-0.97491,-0.00152,-0.25077,-1.5056,0.08155,-0.01137,1.58681,0.14231,-0.08339,-0.66959,-0.04407,0.3821,0.06664,-0.67098,4.68901,2.83503,-0.3891,-0.17966,0.0895,0.61507,8.48479,-0.11135,-0.03169,3.88658,0.03745,0.61755,0.12369
6.02,-82.94452,-2.12322,0.03325,2.86179,-0.04067,-0.00348,2.12689,-0.79062,0.0037,-0.17438,-1.72465,0.0711,-0.01315,1.41173,0.14519,-0.03627,-0.67996,-0.03952,0.4022,0.0801,-0.77022,4.49701,2.88793,-0.04931,-0.17227,0.08461,0.59818,8.82867,-0.07766,0.01831,3.8179,0.00995,0.58391,0.13367
6.04,-81.6039,-2.64309,0.00479,2.52431,-0.00561,-0.00824,1.90024,-0.59236,0.01119,-0.0916,-1.77227,0.06582,-0.01358,1.20425,0.14018,0.00867,-0.66471,-0.03354,0.40122,0.09121,-0.74089,4.22465,2.934,0.31701,-0.13587,0.0848,0.57988,9.15383,-0.04373,0.08603,3.76085,-0.01187,0.53854,0.14038
6.06,-79.69511,-3.19483,-0.01117,2.17312,0.02699,-0.01169,1.66206,-0.38351,0.02399,-0.00761,-1.6661,0.06758,-0.01275,1.00582,0.13258,0.04681,-0.62381,-0.0261,0.3753,0.098,-0.5599,3.88449,2.97322,0.68793,-0.0722,0.09423,0.58657,9.46305,-0.01231,0.16324,3.71874,-0.02903,0.49357,0.14754
6.08,-77.27151,-3.76485,-0.01457,1.82239,0.05502,-0.01382,1.40591,-0.17244,0.04375,0.07285,-1.44587,0.07339,-0.01107,0.79929,0.12179,0.0765,-0.56141,-0.01661,0.32475,0.09871,-0.20187,3.48972,2.99745,1.04278,0.01557,0.11201,0.60473,9.75792,0.01385,0.24923,3.69162,-0.04229,0.44775,0.15315
6.1,-74.39592,-4.32387,-0.01022,1.48339,0.07693,-0.01474,1.12747,0.03689,0.07043,0.14839,-1.19896,0.07783,-0.0093,0.56768,0.10827,0.09748,-0.48647,-0.00396,0.25077,0.09263,0.34635,3.02739,2.98679,1.38522,0.12212,0.14044,0.64438,10.04447,0.03022,0.36114,3.67656,-0.05198,0.40035,0.15843
6.12,-71.17651,-4.83183,-0.00121,1.16828,0.09241,-0.01465,0.84302,0.24239,0.10268,0.22087,-1.01627,0.07485,-0.00825,0.31603,0.09223,0.11048,-0.40727,0.01289,0.15744,0.07958,1.09369,2.50478,2.92096,1.75104,0.24617,0.18467,0.72075,10.33128,0.03229,0.51997,3.67038,-0.05826,0.35113,0.16501
6.14,-67.62861,-5.27153,0.01054,0.88534,0.10082,-0.01367,0.58739,0.44046,0.14318,0.2901,-0.94495,0.0587,-0.0084,0.06578,0.07264,0.11909,-0.3251,0.03445,0.05169,0.05808,2.03846,1.97986,2.78616,2.14558,0.38437,0.2427,0.80249,10.61839,0.01879,0.70854,3.6736,-0.06186,0.30109,0.1692
6.16,-63.72458,-5.62977,0.01771,0.64178,0.10184,-0.01199,0.37513,0.62272,0.19484,0.35201,-0.99715,0.02813,-0.00979,-0.176,0.04988,0.12604,-0.24154,0.06044,-0.05936,0.02882,3.15922,1.4827,2.57325,2.56374,0.52906,0.31013,0.8583,10.89999,-0.00712,0.90766,3.68321,-0.06428,0.25046,0.16891
6.18,-59.50656,-5.87666,0.01351,0.4451,0.09611,-0.00982,0.20366,0.77353,0.25547,0.40203,-1.14578,-0.01215,-0.01199,-0.40479,0.02599,0.13075,-0.1607,0.08914,-0.16766,-0.00487,4.40625,1.01136,2.27915,3.03758,0.67437,0.38553,0.88096,11.16951,-0.0389,1.12138,3.69021,-0.06763,0.1979,0.16603
6.2,-55.03971,-5.96915,-0.00307,0.30006,0.08541,-0.00759,0.06518,0.88575,0.32163,0.43896,-1.30269,-0.0529,-0.01407,-0.60265,0.00337,0.13109,-0.08749,0.11808,-0.2614,-0.03835,5.75142,0.55817,1.88496,3.57239,0.8199,0.47087,0.85582,11.42233,-0.06396,1.36264,3.67775,-0.07481,0.14099,0.15836
6.22,-50.45278,-5.86216,-0.0267,0.21123,0.07145,-0.00563,-0.05213,0.96244,0.38827,0.46465,-1.34955,-0.08119,-0.0148,-0.74077,-0.01464,0.12424,-0.02476,0.14484,-0.32546,-0.0629,7.19642,0.12857,1.39439,4.15136,0.96913,0.56972,0.77246,11.6465,-0.05791,1.64575,3.62598,-0.08912,0.07905,0.14498
6.24,-45.85665,-5.55833,-0.05679,0.18053,0.05437,-0.00409,-0.16193,0.98195,0.44651,0.47099,-1.21511,-0.08749,-0.01315,-0.80748,-0.02582,0.10742,0.02668,0.16588,-0.35308,-0.07471,8.65146,-0.26346,0.8505,4.7716,1.11204,0.67391,0.61947,11.80491,-0.00364,1.96823,3.52046,-0.11353,0.01321,0.13183
6.26,-41.32242,-5.08784,-0.09263,0.20394,0.03475,-0.00306,-0.27719,0.92739,0.48833,0.45065,-0.87183,-0.06745,-0.00843,-0.80199,-0.03036,0.07972,0.06501,0.17854,-0.34387,-0.07532,9.98822,-0.61529,0.28048,5.42156,1.2347,0.77066,0.39424,11.85889,0.10456,2.32228,3.34632,-0.15048,-0.05729,0.12215
6.28,-36.93674,-4.48124,-0.12646,0.27184,0.01419,-0.00255,-0.40595,0.81178,0.50922,0.40705,-0.32809,-0.01995,-0.00032,-0.72313,-0.02941,0.04276,0.08893,0.18283,-0.29806,-0.06506,11.10429,-0.92237,-0.30323,6.07755,1.33073,0.85027,0.10761,11.77651,0.27764,2.70286,3.08557,-0.20176,-0.13392,0.11489
6.3,-32.76239,-3.81481,-0.16077,0.36835,-0.00563,-0.00245,-0.54848,0.63706,0.50315,0.34443,0.35554,0.05193,0.0111,-0.58345,-0.02453,8e-05,0.09744,0.17896,-0.22311,-0.04758,12.0661,-1.16688,-0.87767,6.63972,1.40167,0.90975,-0.22549,11.49727,0.52048,3.11203,2.71937,-0.26744,-0.21597,0.10948
6.32,-28.9054,-3.16833,-0.20104,0.47212,-0.02328,-0.00259,-0.69952,0.41587,0.46765,0.26861,1.1113,0.14463,0.02563,-0.4056,-0.0174,-0.04156,0.08961,0.16782,-0.12731,-0.02557,13.03369,-1.32394,-1.40296,6.99717,1.45279,0.95035,-0.52688,10.96718,0.82755,3.54547,2.23787,-0.34605,-0.29983,0.10489
6.34,-25.51261,-2.5631,-0.24149,0.563,-0.03782,-0.00283,-0.85736,0.18198,0.40848,0.18638,1.86374,0.25322,0.04281,-0.21752,-0.00988,-0.07565,0.06475,0.15173,-0.01607,0.00124,13.79505,-1.38832,-1.86397,7.15275,1.46644,0.944,-0.7491,10.15466,1.19136,3.95788,1.64253,-0.43618,-0.38391,0.099
6.36,-22.62337,-2.00822,-0.27904,0.62241,-0.04855,-0.00306,-1.02554,-0.04563,0.33147,0.10281,2.52602,0.36957,0.06177,-0.04902,-0.00335,-0.09897,0.02247,0.13221,0.10264,0.03145,14.141,-1.36487,-2.27375,7.11533,1.42936,0.86711,-0.90992,9.03574,1.59867,4.30384,0.94199,-0.53609,-0.46851,0.08965
6.38,-20.17411,-1.5155,-0.31614,0.63024,-0.05497,-0.00323,-1.20855,-0.25819,0.24164,0.02219,3.02173,0.48299,0.08121,0.07012,0.00163,-0.10936,-0.03691,0.10954,0.21879,0.06247,14.15629,-1.25419,-2.63923,6.86837,1.35339,0.72327,-1.00524,7.60756,2.02575,4.5652,0.15408,-0.64315,-0.55345,0.07443
6.4,-18.07462,-1.07402,-0.35557,0.5669,-0.05779,-0.00335,-1.41164,-0.44189,0.14477,-0.05157,3.28799,0.58548,0.09997,0.112,0.00459,-0.1066,-0.11177,0.08366,0.32259,0.09281,13.79382,-1.06095,-2.93321,6.3972,1.22848,0.48702,-1.05034,5.83887,2.48942,4.7003,-0.69037,-0.74733,-0.62628,0.05089
6.42,-16.22141,-0.67495,-0.3988,0.41703,-0.059,-0.00349,-1.64078,-0.57469,0.05023,-0.11506,3.27928,0.67278,0.11708,0.05532,0.00546,-0.09216,-0.19814,0.05423,0.40645,0.12314,13.01341,-0.79744,-3.11181,5.72387,1.053,0.17217,-1.06936,3.77281,3.01984,4.6687,-1.54529,-0.83425,-0.66792,0.01681
6.44,-14.51999,-0.31929,-0.4402,0.17595,-0.05783,-0.00357,-1.90324,-0.65452,-0.0322,-0.16737,2.93931,0.72877,0.13031,-0.11228,0.00492,-0.06815,-0.29222,0.0207,0.46116,0.15068,11.94679,-0.49052,-3.19794,4.92639,0.86613,-0.16131,-1.06359,1.54148,3.57537,4.4778,-2.37816,-0.90254,-0.68479,-0.02979
6.46,-12.89044,-0.01047,-0.47416,-0.15234,-0.05311,-0.00342,-2.20731,-0.69388,-0.09808,-0.21095,2.25843,0.74101,0.13787,-0.38688,0.00366,-0.03815,-0.39083,-0.01787,0.48116,0.17259,10.68983,-0.1717,-3.22717,4.06178,0.69078,-0.4926,-1.03717,-0.78462,4.10159,4.14871,-3.17566,-0.95481,-0.68844,-0.08926
6.48,-11.27928,0.24498,-0.50024,-0.55334,-0.04685,-0.00306,-2.56048,-0.69746,-0.14579,-0.24992,1.30746,0.71508,0.13986,-0.75068,0.00247,-0.00683,-0.48814,-0.06246,0.47067,0.19193,9.28549,0.12462,-3.19516,3.15859,0.52866,-0.81835,-0.99991,-3.16699,4.56428,3.70558,-3.92974,-0.98793,-0.67714,-0.16189
6.5,-9.68906,0.42415,-0.51679,-1.0071,-0.03545,-0.00216,-2.94774,-0.67728,-0.17478,-0.29412,0.18953,0.65292,0.13656,-1.1638,0.00263,0.02111,-0.57948,-0.11352,0.43544,0.20894,7.7135,0.3633,-3.08839,2.24526,0.38229,-1.09093,-0.94533,-5.52025,5.00005,3.15763,-4.5904,-1.00086,-0.65098,-0.23953
6.52,-8.1487,0.46661,-0.52323,-1.50195,-0.01329,-0.00015,-3.33943,-0.64727,-0.18541,-0.35602,-0.91404,0.5614,0.12869,-1.56272,0.00573,0.04172,-0.66134,-0.1709,0.3842,0.22221,6.01235,0.52625,-2.90395,1.36253,0.25475,-1.21808,-0.86468,-7.70144,5.46217,2.54237,-5.06873,-0.99326,-0.61006,-0.30186
6.54,-6.6799,0.34775,-0.52429,-2.02018,0.01519,0.00267,-3.73493,-0.61134,-0.17943,-0.43969,-1.83904,0.46129,0.11764,-1.91727,0.01355,0.05336,-0.72727,-0.23277,0.33009,0.23816,4.3339,0.60365,-2.66393,0.54858,0.14893,-1.22173,-0.77066,-9.63745,5.84233,1.95295,-5.36064,-0.96666,-0.55865,-0.34538
6.56,-5.30374,0.08034,-0.52293,-2.54023,0.04556,0.00584,-4.14224,-0.57193,-0.15938,-0.54393,-2.52415,0.36549,0.10431,-2.23054,0.02721,0.05693,-0.77258,-0.29578,0.28116,0.26048,2.76184,0.59563,-2.38655,-0.17772,0.06444,-1.16581,-0.67333,-11.31911,6.04939,1.44417,-5.49838,-0.92346,-0.5018,-0.37688
6.58,-4.04536,-0.34692,-0.51861,-3.04405,0.07891,0.00938,-4.55522,-0.53388,-0.12797,-0.66624,-2.94264,0.27737,0.08915,-2.50667,0.04648,0.0552,-0.79603,-0.35778,0.23942,0.28207,1.32154,0.51967,-2.07089,-0.80669,-0.00136,-1.05526,-0.57097,-12.70638,6.11365,1.02539,-5.45747,-0.86443,-0.43961,-0.3943
6.6,-2.93976,-0.9077,-0.52448,-3.53421,0.11216,0.01288,-4.91807,-0.48968,-0.08798,-0.79946,-3.12148,0.19963,0.07241,-2.71416,0.07062,0.04868,-0.80307,-0.40682,0.20481,0.30693,0.05151,0.40077,-1.74043,-1.32455,-0.05101,-0.8908,-0.47005,-13.72501,6.02829,0.69365,-5.25475,-0.79653,-0.37881,-0.3903
6.62,-2.01581,-1.54574,-0.55791,-4.02217,0.14133,0.01591,-5.15341,-0.42937,-0.04314,-0.93267,-3.11534,0.1335,0.05432,-2.8043,0.09908,0.03785,-0.79987,-0.42519,0.17565,0.34349,-0.98494,0.26296,-1.42323,-1.71383,-0.08682,-0.67034,-0.37524,-14.29639,5.79986,0.44091,-4.9122,-0.72605,-0.32548,-0.35583
6.64,-1.27897,-2.22088,-0.60948,-4.13248,0.16486,0.01871,-5.2914,-0.36344,0.00217,-1.05161,-2.95756,0.0789,0.03525,-2.82826,0.12799,0.02697,-0.78348,-0.41965,0.14956,0.37222,-1.74833,0.12118,-1.11892,-1.96965,-0.11117,-0.44511,-0.2876,-14.43923,5.4798,0.25707,-4.43348,-0.65044,-0.27638,-0.30166
6.66,-0.71869,-2.88434,-0.66976,-4.17676,0.18029,0.02103,-5.38962,-0.29895,0.04439,-1.14434,-2.6821,0.03501,0.01557,-2.85273,0.15301,0.01814,-0.75313,-0.40153,0.12492,0.37682,-2.24622,-0.01168,-0.82811,-2.10191,-0.12642,-0.25291,-0.20805,-14.1943,5.10383,0.12672,-3.8466,-0.56781,-0.22929,-0.24151
6.68,-0.31481,-3.4861,-0.74655,-4.2204,0.18585,0.02267,-5.4471,-0.23143,0.0804,-1.20438,-2.32825,0.00065,-0.00428,-2.87889,0.17373,0.01104,-0.71329,-0.36901,0.10108,0.36301,-2.49476,-0.12514,-0.55922,-2.12363,-0.13446,-0.07927,-0.13532,-13.5661,4.69406,0.03438,-3.17648,-0.47946,-0.18519,-0.17541
6.7,-0.04048,-3.9607,-0.82555,-4.27358,0.17927,0.02341,-5.45484,-0.17299,0.10627,-1.23296,-1.93376,-0.02525,-0.02351,-2.914,0.18807,0.00595,-0.6699,-0.33155,0.07831,0.32479,-2.53011,-0.21221,-0.34698,-2.05518,-0.13666,0.01627,-0.08446,-12.62573,4.22944,-0.03079,-2.53022,-0.38799,-0.14789,-0.11263
6.72,0.13251,-4.25697,-0.88443,-4.34934,0.16016,0.02305,-5.39619,-0.1293,0.11777,-1.23448,-1.5313,-0.04356,-0.04084,-2.96145,0.19406,0.00348,-0.62823,-0.29722,0.05752,0.26291,-2.39106,-0.26778,-0.21361,-1.91811,-0.13389,0.01256,-0.05995,-11.44892,3.69867,-0.07582,-1.99094,-0.2945,-0.11945,-0.06103
6.74,0.22983,-4.38043,-0.92861,-4.44334,0.13289,0.02179,-5.28534,-0.0881,0.11364,-1.2057,-1.14353,-0.05513,-0.05535,-3.01572,0.19468,0.00441,-0.5885,-0.25981,0.0396,0.19882,-2.09618,-0.29686,-0.12663,-1.72934,-0.1269,-0.00652,-0.04261,-10.05647,3.14316,-0.10383,-1.51314,-0.19697,-0.09598,-0.01835
6.76,0.27277,-4.33869,-0.96199,-4.55088,0.10043,0.01985,-5.13763,-0.04657,0.09435,-1.14537,-0.78914,-0.06086,-0.0666,-3.07015,0.19206,0.0092,-0.55007,-0.2169,0.02497,0.14333,-1.6595,-0.30498,-0.05884,-1.4852,-0.11584,-0.00853,-0.02556,-8.4758,2.58295,-0.11422,-1.06945,-0.09426,-0.07481,0.01716
6.78,0.27872,-4.1284,-0.97473,-4.68097,0.06386,0.01723,-4.93391,-0.00832,0.06106,-1.05836,-0.48623,-0.06167,-0.07407,-3.10813,0.18553,0.0175,-0.51363,-0.17166,0.01358,0.09653,-1.10289,-0.29089,-0.008,-1.18108,-0.10077,-0.00623,-0.01146,-6.75793,2.01525,-0.10288,-0.67647,0.01271,-0.05588,0.04679
6.8,0.26088,-3.74741,-0.95491,-4.82103,0.02531,0.01419,-4.68672,0.02579,0.01666,-0.95005,-0.25254,-0.05846,-0.07683,-3.11998,0.17415,0.02876,-0.47805,-0.128,0.00516,0.05913,-0.46402,-0.27076,0.01948,-0.86415,-0.08337,-0.00247,-0.00028,-4.9954,1.43333,-0.06337,-0.38221,0.12227,-0.0412,0.06079
6.82,0.22914,-3.21043,-0.8945,-4.95568,-0.01397,0.01095,-4.40843,0.05795,-0.03413,-0.82542,-0.10189,-0.05215,-0.07397,-3.09503,0.15659,0.04338,-0.44192,-0.08874,-0.00071,0.03082,0.22707,-0.25662,0.02698,-0.54917,-0.06461,0.00238,0.00863,-3.26207,0.85564,0.01332,-0.17978,0.23564,-0.0314,0.05515
6.84,0.19093,-2.56055,-0.79811,-4.72255,-0.05373,0.00749,-4.07956,0.0911,-0.08623,-0.68586,-0.04005,-0.04379,-0.06617,-3.01838,0.1311,0.05985,-0.40521,-0.0542,-0.00447,0.01049,0.9459,-0.24073,0.026,-0.23797,-0.04516,0.0078,0.0158,-1.57815,0.32046,0.13739,-0.00667,0.35222,-0.02367,0.04477
6.86,0.15146,-1.83328,-0.66879,-4.31797,-0.09416,0.00385,-3.68735,0.12762,-0.1359,-0.53076,-0.06253,-0.03464,-0.05476,-2.87818,0.09536,0.07553,-0.36859,-0.02514,-0.00658,-0.00313,1.67217,-0.21783,0.02201,0.06709,-0.02555,0.01272,0.02136,0.03336,-0.16255,0.31496,0.14998,0.46844,-0.017,0.03684
6.88,0.11419,-1.05878,-0.50277,-3.83504,-0.13699,0.00026,-3.23024,0.17314,-0.17966,-0.35947,-0.15264,-0.02632,-0.04131,-2.66625,0.0463,0.08931,-0.33367,-0.00221,-0.00746,-0.01136,2.38824,-0.19127,0.01452,0.36232,-0.00625,0.01694,0.0257,1.54937,-0.59975,0.54644,0.28818,0.58176,-0.01203,0.0296
6.9,0.08122,-0.27052,-0.29675,-3.27291,-0.1836,-0.00312,-2.75671,0.2325,-0.21569,-0.1696,-0.28245,-0.0208,-0.02899,-2.41289,-0.01974,0.10143,-0.30387,0.0151,-0.00745,-0.01543,3.0774,-0.16611,0.00295,0.64607,0.01221,0.02055,0.02924,2.95917,-0.99672,0.82891,0.42269,0.69272,-0.00898,0.02303
6.92,0.05379,0.47782,-0.05256,-2.64438,-0.23361,-0.00597,-2.30682,0.30548,-0.24389,0.03991,-0.41806,-0.01996,-0.02074,-2.14776,-0.10445,0.11257,-0.28298,0.0278,-0.00683,-0.01643,3.72474,-0.14539,-0.01022,0.92007,0.02935,0.02342,0.03231,4.26627,-1.35755,1.15795,0.58012,0.80375,-0.00797,0.01758
6.94,0.03244,1.13888,0.22409,-1.97612,-0.28829,-0.00819,-1.85409,0.39706,-0.26274,0.26936,-0.53175,-0.02502,-0.01812,-1.85714,-0.2079,0.12165,-0.27301,0.03704,-0.00581,-0.01523,4.31399,-0.12686,-0.02213,1.18262,0.04477,0.0266,0.03532,5.47493,-1.69162,1.51764,0.76296,0.90824,-0.00907,0.01393
6.96,0.01713,1.69724,0.52606,-1.28649,-0.34778,-0.00994,-1.39144,0.5086,-0.27148,0.52013,-0.60755,-0.03618,-0.02203,-1.53666,-0.32955,0.12671,-0.27405,0.04375,-0.00453,-0.01249,4.83234,-0.10892,-0.03228,1.43034,0.0582,0.03099,0.03848,6.59281,-2.01206,1.88114,0.96066,0.99781,-0.01225,0.01249
6.98,0.00743,2.14699,0.84602,-0.5889,-0.40621,-0.01116,-0.94459,0.6144,-0.27163,0.78813,-0.63942,-0.05249,-0.0322,-1.20229,-0.46858,0.12563,-0.28434,0.04845,-0.00307,-0.00876,5.27263,-0.0918,-0.03952,1.66332,0.06946,0.0365,0.04162,7.63819,-2.3258,2.21562,1.17733,1.0705,-0.01741,0.01329
7,0.00272,2.47374,1.15011,0.09768,-0.43533,-0.0122,-0.54963,0.75015,-0.26484,1.06802,-0.63204,-0.07177,-0.04622,-0.88867,-0.60633,0.12274,-0.29914,0.05157,-0.00147,-0.00445,5.62964,-0.07692,-0.03691,1.8844,0.07838,0.0459,0.04488,8.64531,-2.62685,2.49275,1.43659,1.12501,-0.02408,0.01644
7.02,0.00221,2.65901,1.37705,0.74564,-0.42811,-0.01377,-0.22108,1.00659,-0.25231,1.35368,-0.59526,-0.09119,-0.05996,-0.61578,-0.70577,0.12454,-0.31166,0.05341,0.00026,0.00013,5.89864,-0.06387,-0.01201,2.09677,0.08476,0.06335,0.04825,9.64679,-2.90185,2.68785,1.7696,1.16083,-0.03156,0.02189
7.04,0.00505,2.71794,1.52062,1.33432,-0.42126,-0.01555,0.0526,1.33071,-0.23562,1.62289,-0.5362,-0.10864,-0.07084,-0.36982,-0.76477,0.12502,-0.31522,0.05363,0.00213,0.00473,5.65535,-0.04145,0.01054,1.64591,0.07852,0.0668,0.04792,10.63018,-3.15021,2.75,2.15741,1.17293,-0.03847,0.02985
7.06,0.01027,2.67757,1.60011,1.85918,-0.41109,-0.01694,0.27304,1.63412,-0.21621,1.85306,-0.45841,-0.12307,-0.07786,-0.14914,-0.79609,0.11912,-0.3036,0.05214,0.00414,0.00906,4.4737,-0.01205,-0.03335,-0.21755,0.04999,0.01743,0.0364,11.56881,-3.3778,2.64365,2.5738,1.1578,-0.04336,0.04044
7.08,0.01678,2.55104,1.60659,2.32021,-0.4002,-0.01789,0.44286,1.93337,-0.19494,2.03517,-0.36197,-0.13416,-0.08004,0.03788,-0.79056,0.1104,-0.27134,0.04954,0.00629,0.01277,2.69888,-0.00029,-0.16164,-3.04199,0.00909,-0.08843,0.0093,12.43556,-3.58696,2.37721,3.02321,1.11976,-0.04766,0.05249
7.1,0.02331,2.34601,1.5492,2.71677,-0.38862,-0.01806,0.57417,2.19018,-0.17457,2.15937,-0.24324,-0.14238,-0.07799,0.18829,-0.75179,0.0993,-0.21449,0.04661,0.00849,0.01542,0.3541,-0.03381,-0.44217,-6.88974,-0.04151,-0.28075,-0.04267,13.23346,-3.75297,1.95863,3.46792,1.0561,-0.04168,0.06783
7.12,0.02832,2.06922,1.44199,3.04733,-0.37655,-0.01726,0.68437,2.35659,-0.1577,2.22065,-0.0975,-0.14869,-0.07293,0.30683,-0.68763,0.08631,-0.13076,0.04434,0.01063,0.01641,-2.43673,-0.16066,-1.01201,-11.70539,-0.09712,-0.60857,-0.13564,13.97837,-3.84151,1.41402,3.85485,0.9663,-0.00785,0.09062
7.14,0.02999,1.748,1.29312,3.31735,-0.365,-0.01559,0.77903,2.43948,-0.14408,2.2239,0.07806,-0.15414,-0.06529,0.39597,-0.59937,0.07434,-0.01925,0.04401,0.0125,0.01498,-5.45691,-0.45236,-2.01236,-17.2507,-0.15131,-1.12012,-0.28646,14.58862,-3.87107,0.79189,4.17638,0.86407,0.04715,0.1178
7.16,0.02612,1.40883,1.11506,3.5366,-0.35399,-0.01317,0.85749,2.44198,-0.13339,2.17704,0.28238,-0.15981,-0.05565,0.45378,-0.49132,0.06485,0.1199,0.04694,0.01376,0.0102,-8.39068,-0.98834,-3.52447,-23.05122,-0.19643,-1.83626,-0.50584,14.98786,-3.86457,0.12114,4.42886,0.75896,0.10781,0.14382
7.18,0.01414,1.0616,0.91673,3.71119,-0.345,-0.01032,0.92514,2.37201,-0.12575,2.09086,0.50788,-0.16672,-0.04494,0.48323,-0.3688,0.05839,0.28395,0.05453,0.01397,0.00094,-10.82745,-1.83721,-5.60262,-28.4356,-0.22479,-2.74925,-0.79936,15.17889,-3.81509,-0.58451,4.60129,0.65335,0.16548,0.16535
7.2,-0.00886,0.72567,0.73202,3.84558,-0.32722,-0.00709,0.99541,2.16735,-0.12354,1.97289,0.74163,-0.1758,-0.03429,0.48924,-0.2577,0.05436,0.46732,0.06819,0.01256,-0.01399,-12.33654,-3.05835,-8.37139,-32.66708,-0.2312,-3.8586,-1.17806,15.15658,-3.72902,-1.30642,4.66089,0.54839,0.22902,0.18345
7.22,-0.0459,0.41154,0.58846,3.94422,-0.25457,-0.00384,1.08363,1.80092,-0.12979,1.83246,0.97037,-0.18767,-0.0246,0.4788,-0.17528,0.05238,0.66418,0.08912,0.00882,-0.03575,-12.61903,-4.71229,-12.03382,-35.16528,-0.21476,-5.17766,-1.6619,14.91832,-3.61373,-2.01461,4.58809,0.44657,0.31345,0.20049
7.24,-0.09983,0.1073,0.46809,4.01237,-0.1849,-0.00134,1.1856,1.37782,-0.14159,1.68747,1.18131,-0.2021,-0.01613,0.4515,-0.10732,0.05404,0.86891,0.11845,0.00193,-0.0652,-11.63427,-6.75185,-16.43711,-35.617,-0.17814,-6.59766,-2.23315,14.46135,-3.4689,-2.69227,4.42497,0.35343,0.37536,0.20318
7.26,-0.17293,-0.19991,0.35594,4.06077,-0.1254,0.0001,1.29556,0.94754,-0.15432,1.54984,1.36816,-0.21795,-0.00905,0.4078,-0.04962,0.06048,1.07962,0.15664,-0.00897,-0.10272,-9.47604,-9.04482,-21.26613,-33.93581,-0.12517,-7.96857,-2.85834,13.79029,-3.29147,-3.33736,4.20626,0.2716,0.37811,0.18125
7.28,-0.26614,-0.51335,0.25457,4.09994,-0.07388,0.00053,1.41864,0.49505,-0.16648,1.42305,1.53534,-0.23332,-0.00336,0.35591,-0.00709,0.07144,1.30128,0.20238,-0.02471,-0.14832,-6.29461,-11.49042,-26.39779,-30.23486,-0.05943,-9.21526,-3.52867,12.94035,-3.06982,-3.94067,3.94041,0.20071,0.32727,0.13609
7.3,-0.37851,-0.79504,0.16636,4.14425,-0.03439,0.00021,1.5573,0.01372,-0.17473,1.3101,1.69073,-0.2445,0.00123,0.29221,0.01993,0.08606,1.54331,0.25374,-0.04601,-0.19912,-2.31217,-13.95848,-31.65173,-24.78142,0.01581,-10.29056,-4.22778,11.92185,-2.82211,-4.47046,3.63316,0.14035,0.1883,0.06106
7.32,-0.50636,-0.98581,0.09164,4.21013,-0.00841,-0.00025,1.71011,-0.49063,-0.17396,1.21432,1.84257,-0.24717,0.00506,0.21737,0.03076,0.10312,1.81525,0.30802,-0.07344,-0.24947,2.14989,-16.30843,-36.8006,-17.98772,0.09793,-11.16635,-4.93778,10.76673,-2.57173,-4.88646,3.29512,0.09045,-0.01054,-0.03178
7.34,-0.64146,-1.05577,0.02945,4.30465,0.00682,-0.00041,1.87098,-1.01051,-0.16308,1.13972,1.99971,-0.23948,0.00848,0.14462,0.02365,0.12134,2.12401,0.35929,-0.10734,-0.29688,6.75197,-18.37558,-41.50728,-10.33242,0.18524,-11.75923,-5.63517,9.5617,-2.296,-5.19084,2.95141,0.05091,-0.19279,-0.1212
7.36,-0.76996,-0.96786,-0.01963,4.42846,0.00783,0.00017,2.02916,-1.54612,-0.14232,1.09118,2.16378,-0.22109,0.0117,0.07839,-0.00526,0.13969,2.46769,0.40059,-0.14767,-0.34078,11.22891,-19.98977,-45.47056,-2.24929,0.27675,-12.00619,-6.29726,8.35813,-1.98377,-5.3973,2.61765,0.0208,-0.34634,-0.20331
7.38,-0.87209,-0.68124,-0.05488,4.57951,-0.00679,0.00184,2.17112,-2.09917,-0.10982,1.07503,2.32402,-0.19259,0.01474,0.01601,-0.06629,0.15756,2.82717,0.42545,-0.19382,-0.38019,15.32392,-21.03489,-48.58871,5.81463,0.37099,-11.92405,-6.91749,7.16886,-1.65629,-5.50282,2.29744,-0.00123,-0.47966,-0.27717
7.4,-0.9207,-0.19384,-0.06667,4.73905,-0.04267,0.0047,2.29796,-2.60101,-0.07555,1.09739,2.46678,-0.15739,0.0175,-0.04403,-0.14304,0.17011,3.19538,0.42866,-0.2439,-0.40499,18.6584,-21.42942,-50.50387,13.317,0.46494,-11.48283,-7.43274,5.99535,-1.34369,-5.50015,1.99144,-0.01639,-0.53742,-0.32661
7.42,-0.88131,0.45338,-0.0567,4.87828,-0.11007,0.00916,2.41143,-2.93342,-0.04998,1.16288,2.57606,-0.11973,0.0198,-0.09635,-0.19375,0.17186,3.57084,0.40659,-0.29508,-0.40046,20.78717,-21.13494,-50.89005,19.64968,0.55304,-10.68378,-7.76374,4.84731,-1.06932,-5.38317,1.70266,-0.02576,-0.41305,-0.32364
7.44,-0.71332,1.1946,-0.04399,4.97552,-0.17136,0.01479,2.48417,-3.11812,-0.02556,1.27694,2.62616,-0.0827,0.02135,-0.13916,-0.22954,0.16488,3.9031,0.35358,-0.34514,-0.3757,21.55709,-20.07219,-49.91304,24.30872,0.62594,-9.62623,-7.89664,3.75277,-0.83232,-5.16815,1.44093,-0.03032,-0.19242,-0.28479
7.46,-0.37175,1.96053,-0.03717,5.01843,-0.22287,0.02034,2.49266,-3.20554,0.0026,1.43785,2.5998,-0.04907,0.02192,-0.17732,-0.27131,0.15105,4.14521,0.26974,-0.39233,-0.3427,21.00005,-18.20069,-47.69727,26.96475,0.67123,-8.37594,-7.79766,2.72684,-0.62762,-4.87639,1.21101,-0.03104,0.01442,-0.23577
7.48,0.19018,2.68537,-0.03571,4.98396,-0.26944,0.02535,2.4261,-3.1756,0.03081,1.62912,2.49758,-0.02112,0.02148,-0.21236,-0.30533,0.12908,4.29125,0.16362,-0.43475,-0.29855,19.15926,-15.60299,-44.17621,27.4345,0.67564,-6.96246,-7.39194,1.77627,-0.45427,-4.51873,1.01188,-0.0288,0.22783,-0.17267
7.5,1.01576,3.28504,-0.03754,4.83519,-0.30614,0.02901,2.2921,-3.03566,0.05416,1.83695,2.32208,-0.00037,0.02014,-0.24609,-0.32422,0.09867,4.33523,0.04419,-0.4681,-0.25626,16.18171,-12.37771,-39.18255,25.778,0.6278,-5.45028,-6.59495,0.91735,-0.31288,-4.11051,0.84515,-0.02444,0.37405,-0.11942
7.52,2.13716,3.67028,-0.03817,4.53848,-0.32747,0.03063,2.11615,-2.79363,0.06655,2.04762,2.08121,0.01217,0.01805,-0.28169,-0.3225,0.06124,4.27737,-0.07141,-0.48751,-0.22756,12.35367,-8.81363,-32.813,22.28753,0.52613,-3.93647,-5.39591,0.17787,-0.20225,-3.6652,0.71351,-0.01867,0.39167,-0.09614
7.54,3.56931,3.82234,-0.03613,4.10887,-0.3411,0.03063,1.87558,-2.46945,0.07043,2.22977,1.79044,0.01605,0.01526,-0.31922,-0.30454,0.01968,4.12542,-0.16783,-0.4938,-0.20181,8.23703,-5.40531,-25.67842,17.4491,0.38639,-2.52823,-3.94696,-0.41468,-0.11184,-3.20147,0.61995,-0.01205,0.36654,-0.08169
7.56,5.30089,3.75112,-0.03158,3.57399,-0.35223,0.02943,1.56478,-2.08748,0.0683,2.35908,1.45823,0.01133,0.01184,-0.35913,-0.27632,-0.02343,3.89091,-0.24273,-0.48956,-0.17324,4.42276,-2.61992,-18.50511,12.04253,0.23734,-1.34773,-2.48011,-0.84243,-0.03438,-2.73386,0.56761,-0.00503,0.35081,-0.06448
7.58,7.27714,3.45909,-0.02086,2.95426,-0.36082,0.02725,1.22143,-1.65983,0.05793,2.431,1.08598,-0.00145,0.00787,-0.40741,-0.23488,-0.06565,3.59858,-0.29594,-0.47583,-0.14507,1.35605,-0.77355,-11.97811,6.9921,0.11049,-0.49892,-1.22869,-1.08665,0.03226,-2.24955,0.55638,0.00198,0.33003,-0.05032
7.6,9.41965,3.00401,-0.01159,2.31063,-0.36593,0.024,0.81824,-1.24892,0.04783,2.4639,0.67393,-0.02138,0.00343,-0.4402,-0.19662,-0.10311,3.26176,-0.32941,-0.45658,-0.11975,-0.62708,0.06018,-6.62836,3.04796,0.02908,-0.02601,-0.38421,-1.12547,0.09046,-1.78993,0.58808,0.00852,0.30384,-0.03975
7.62,11.65138,2.44723,-0.01452,1.69131,-0.35196,0.01956,0.38174,-0.88746,0.04313,2.48241,0.22414,-0.04737,-0.00135,-0.41789,-0.1727,-0.13045,2.89271,-0.3462,-0.43636,-0.09858,-1.52811,0.06813,-2.83284,0.62682,-0.00035,0.0931,-0.02168,-0.94062,0.13913,-1.39917,0.66768,0.01422,0.27628,-0.03177
7.64,13.88819,1.81168,-0.02109,1.10005,-0.28108,0.01469,-0.00384,-0.54948,0.03751,2.48111,-0.26036,-0.07832,-0.00633,-0.35642,-0.14996,-0.14604,2.5296,-0.34916,-0.41666,-0.08033,-1.54499,-0.35822,-0.68981,-0.27673,0.01387,-0.0438,-0.07269,-0.51632,0.17669,-1.04767,0.79583,0.01882,0.25193,-0.02565
7.66,16.07628,1.13507,-0.02296,0.54645,-0.21301,0.00982,-0.32992,-0.23506,0.02928,2.45684,-0.77668,-0.11322,-0.01143,-0.28214,-0.12313,-0.15097,2.19763,-0.34145,-0.39862,-0.06422,-0.89391,-0.8127,0.08543,-0.13267,0.0532,-0.28712,-0.36848,0.15626,0.20178,-0.71846,0.97095,0.02224,0.23409,-0.02028
7.68,18.2005,0.47056,-0.02164,0.04306,-0.1511,0.00512,-0.61429,0.04132,0.02122,2.42213,-1.3181,-0.15092,-0.01654,-0.18979,-0.09705,-0.14594,1.90052,-0.32537,-0.38368,-0.05074,0.12169,-1.01593,0.06039,0.14177,0.09284,-0.47034,-0.69123,1.0729,0.21396,-0.41595,1.18714,0.02456,0.21735,-0.01597
7.7,20.26898,-0.13047,-0.01914,-0.40426,-0.09816,0.00084,-0.85308,0.27608,0.0151,2.39035,-1.86508,-0.18953,-0.02147,-0.06588,-0.0725,-0.13298,1.63996,-0.30385,-0.3722,-0.03985,1.13429,-0.86082,-0.02865,-0.75935,0.10801,-0.41731,-0.7535,2.21815,0.21119,-0.15031,1.43805,0.026,0.20488,-0.01091
7.72,22.30496,-0.62473,-0.01671,-0.79652,-0.05609,-0.00268,-1.02226,0.47282,0.01148,2.37128,-2.38763,-0.22665,-0.026,0.10361,-0.0488,-0.11469,1.4168,-0.2797,-0.3641,-0.03134,1.8052,-0.4151,0.55162,-4.38871,0.08107,-0.03079,-0.29299,3.57912,0.19157,0.09377,1.72074,0.02678,0.20222,-0.00298
7.74,24.30454,-0.98392,-0.0125,-1.13591,-0.02555,-0.00523,-1.13401,0.63536,0.00984,2.36716,-2.87236,-0.26104,-0.02997,0.30877,-0.02491,-0.09346,1.23363,-0.25434,-0.35927,-0.0249,1.84861,0.14213,2.26698,-12.32446,0.00632,0.56406,0.59067,5.13185,0.1576,0.34128,2.03237,0.02716,0.20062,0.0054
7.76,26.27,-1.19771,-0.00624,-1.42434,-0.00569,-0.00685,-1.22077,0.76627,0.00956,2.38032,-3.32029,-0.29236,-0.03339,0.53329,0.00084,-0.07153,1.09061,-0.22902,-0.35745,-0.02014,1.05537,0.62261,5.21872,-25.87602,-0.10472,1.14475,1.616,6.84158,0.11246,0.59592,2.37317,0.02726,0.19502,0.01197
7.78,28.22582,-1.27656,-0.00084,-1.66839,0.00514,-0.00766,-1.28862,0.87253,0.00996,2.4144,-3.7308,-0.32001,-0.03628,0.77298,0.0299,-0.05075,0.98452,-0.20515,-0.35831,-0.01673,-0.63623,0.8348,9.08199,-45.78555,-0.22627,1.44819,2.47812,8.66519,0.05844,0.86177,2.74881,0.02713,0.19055,0.01687
7.8,30.19649,-1.24475,0.00041,-1.87425,0.00891,-0.00785,-1.32139,0.96427,0.01072,2.47476,-4.10364,-0.34326,-0.03867,1.05082,0.0624,-0.03266,0.91232,-0.18414,-0.36128,-0.01436,-3.09508,0.63425,13.32234,-72.08351,-0.32576,1.31533,2.87522,10.55574,-0.00062,1.15886,3.18178,0.02672,0.1817,0.01812
7.82,32.18325,-1.13438,-0.0041,-2.04693,0.00767,-0.00766,-1.29555,1.05212,0.01231,2.56455,-4.43838,-0.36127,-0.04063,1.39491,0.09779,-0.01831,0.87111,-0.16711,-0.36572,-0.01279,-5.94924,-0.0559,17.40539,-103.91477,-0.37588,0.73982,2.72229,12.46251,-0.05931,1.51738,3.70432,0.02587,0.1639,0.01501
7.84,34.12637,-0.97842,-0.01499,-2.19003,0.00309,-0.00721,-1.23076,1.14087,0.0142,2.67996,-4.73937,-0.37383,-0.0422,1.77557,0.1375,-0.00792,0.85916,-0.15436,-0.37103,-0.0118,-8.79129,-1.22295,20.51149,-138.65555,-0.37109,-0.28815,2.01832,14.29032,-0.11368,1.93144,4.32437,0.02444,0.14124,0.00983
7.86,35.964,-0.80773,-0.03334,-2.30682,-0.00337,-0.00656,-1.15224,1.23264,0.01549,2.8176,-5.01152,-0.38096,-0.04348,2.16047,0.18278,-0.00124,0.8736,-0.14581,-0.37649,-0.01126,-11.29217,-2.73652,21.9579,-172.73896,-0.32218,-1.61839,0.87025,15.08794,-0.12182,2.01066,4.0914,0.02063,0.09499,0.00154
7.88,37.64934,-0.65065,-0.0587,-2.40157,-0.01029,-0.00578,-1.05613,1.33044,0.01636,2.97497,-5.25279,-0.38237,-0.04446,2.55169,0.23256,0.00215,0.90845,-0.14128,-0.38123,-0.01101,-13.17164,-4.37051,21.55991,-203.23408,-0.24601,-3.02086,-0.49655,14.29036,-0.08116,1.52251,2.46171,0.01423,0.03815,-0.00071
7.9,39.10526,-0.52571,-0.08944,-2.47614,-0.01654,-0.00497,-0.92925,1.4401,0.01763,3.14986,-5.44764,-0.3773,-0.04509,2.95413,0.28652,0.00265,0.95717,-0.13987,-0.38336,-0.01095,-14.2082,-5.87801,19.66804,-227.87571,-0.16026,-4.29855,-1.85802,12.05531,-0.01842,0.54532,-0.35929,0.00646,-0.01091,0.01268
7.92,40.22358,-0.44099,-0.12304,-2.53092,-0.02153,-0.00419,-0.75641,1.5666,0.02032,3.33727,-5.57441,-0.36495,-0.04527,3.37261,0.34399,0.00017,1.01244,-0.14041,-0.38089,-0.01099,-14.20421,-7.06126,16.80919,-245.09786,-0.07998,-5.31619,-3.05157,8.20824,0.0555,-1.00673,-4.61467,-0.00202,-0.04445,0.04487
7.94,40.91115,-0.39581,-0.15718,-2.56758,-0.0247,-0.00346,-0.54722,1.70369,0.02416,3.52496,-5.62512,-0.3459,-0.04491,3.79071,0.40188,-0.00546,1.06645,-0.14208,-0.37393,-0.01105,-13.32866,-7.73005,13.20844,-253.56077,-0.01527,-5.96569,-3.96104,2.7161,0.12101,-3.16286,-10.42524,-0.0102,-0.06035,0.0905
7.96,41.11888,-0.3775,-0.19062,-2.58767,-0.02565,-0.00276,-0.31325,1.84109,0.02839,3.69906,-5.59261,-0.32123,-0.04391,4.19199,0.45696,-0.01465,1.11309,-0.14398,-0.36309,-0.01105,-11.83541,-7.80703,9.22079,-252.93766,0.03065,-6.19596,-4.5227,-4.17672,0.15782,-5.84072,-17.66326,-0.0168,-0.06116,0.13607
7.98,40.83243,-0.3652,-0.22259,-2.59226,-0.02446,-0.00215,-0.04719,1.96756,0.03284,3.84414,-5.46238,-0.29198,-0.04217,4.57921,0.50601,-0.02826,1.14712,-0.1451,-0.34862,-0.01089,-9.72984,-7.38401,5.347,-244.51954,0.05891,-6.06415,-4.76321,-11.90896,0.1503,-8.8553,-25.91246,-0.02046,-0.05076,0.16239
8,40.15034,-0.34039,-0.25335,-2.58522,-0.02165,-0.00168,0.24884,2.08532,0.03818,3.94751,-5.22015,-0.26093,-0.0396,4.92675,0.54749,-0.04652,1.16616,-0.14415,-0.33243,-0.0105,-7.64014,-6.61167,1.95925,-230.00639,0.07284,-5.65672,-4.73721,-19.59724,0.09844,-11.94682,-34.45259,-0.02034,-0.0322,0.15191
8.02,39.23565,-0.29413,-0.28348,-2.57039,-0.01812,-0.00137,0.56729,2.20208,0.04524,3.99868,-4.85307,-0.23087,-0.03611,5.20624,0.58054,-0.06904,1.17002,-0.13997,-0.31668,-0.00986,-6.13473,-5.65728,-0.72394,-211.68416,0.07649,-5.0826,-4.5181,-26.23435,0.02016,-14.84489,-42.41816,-0.01648,-0.00821,0.09423
8.04,38.16681,-0.22972,-0.31316,-2.54545,-0.01445,-0.0012,0.90531,2.28467,0.05208,3.97621,-4.36489,-0.20253,-0.03176,5.42855,0.59949,-0.09601,1.15615,-0.13276,-0.30187,-0.00896,-4.80625,-4.67099,-2.65792,-192.39141,0.07334,-4.45593,-4.20065,-31.20188,-0.05761,-17.34402,-49.0517,-0.00978,0.01477,-0.01513
8.06,37.0179,-0.15851,-0.3418,-2.50692,-0.01099,-0.00113,1.25773,2.30268,0.05682,3.86715,-3.76754,-0.17612,-0.02669,5.60127,0.59977,-0.12754,1.12346,-0.12314,-0.28823,-0.00782,-3.43789,-3.7382,-3.92168,-174.09837,0.06613,-3.84747,-3.85114,-34.28677,-0.1068,-19.35751,-53.89125,-0.00149,0.03392,-0.17264
8.08,35.91084,-0.09264,-0.36785,-2.45322,-0.00836,-0.00117,1.61511,2.26035,0.0592,3.67992,-3.07918,-0.15175,-0.0211,5.71554,0.58149,-0.16296,1.07478,-0.11135,-0.27635,-0.00652,-2.22925,-2.89066,-4.65142,-157.75878,0.05701,-3.29011,-3.50324,-35.48172,-0.11069,-20.89489,-56.81216,0.00723,0.04928,-0.3707
8.1,34.98315,-0.03964,-0.39231,-2.38072,-0.00671,-0.00131,1.95299,2.13401,0.05667,3.41566,-2.35389,-0.12901,-0.01541,5.74967,0.54273,-0.1981,1.01639,-0.09901,-0.26684,-0.00522,-1.23095,-2.16057,-4.9946,-143.68137,0.04762,-2.80468,-3.17643,-35.07396,-0.06857,-21.98591,-57.88259,0.0156,0.06027,-0.60153
8.12,34.38121,-0.00191,-0.41653,-2.28675,-0.00593,-0.00155,2.24983,1.91028,0.04791,3.08323,-1.64257,-0.10722,-0.01005,5.68973,0.48411,-0.22743,0.95496,-0.08759,-0.2601,-0.00408,-0.46773,-1.5494,-5.0861,-131.85932,0.03916,-2.39829,-2.88002,-33.47989,0.01066,-22.68877,-57.33994,0.0232,0.0646,-0.85924
8.14,34.19678,0.01977,-0.43689,-2.17078,-0.00603,-0.0019,2.50115,1.62218,0.03442,2.71688,-0.97065,-0.08596,-0.00525,5.54958,0.41067,-0.24999,0.89206,-0.07673,-0.25562,-0.00308,0.08288,-1.01607,-5.02447,-122.34574,0.03247,-2.06024,-2.6164,-31.01384,0.11707,-23.0771,-55.5699,0.02985,0.06383,-1.1396
8.16,34.48025,0.02818,-0.4501,-2.03212,-0.00685,-0.00237,2.69907,1.29571,0.01684,2.34288,-0.37076,-0.06541,-0.0012,5.33846,0.32643,-0.26526,0.82706,-0.06623,-0.25276,-0.00221,0.46963,-0.53258,-4.89067,-114.9625,0.02824,-1.77546,-2.38041,-27.95163,0.23986,-23.20995,-52.93619,0.03551,0.06307,-1.43879
8.18,35.26309,0.02888,-0.45573,-1.87087,-0.00809,-0.00297,2.82996,0.94624,-0.00488,1.97594,0.11831,-0.04662,0.00191,5.05582,0.23521,-0.27087,0.75936,-0.05645,-0.25127,-0.00149,0.70029,-0.08683,-4.76992,-109.33351,0.027,-1.52949,-2.16094,-24.5613,0.36889,-23.14654,-49.75273,0.04016,0.06563,-1.75291
8.2,36.49981,0.02638,-0.45273,-1.68529,-0.00885,-0.00363,2.87519,0.58381,-0.02971,1.62681,0.46089,-0.0316,0.00399,4.69656,0.14114,-0.26463,0.69051,-0.04794,-0.25067,-0.00095,0.84725,0.33059,-4.7397,-105.23039,0.02913,-1.30887,-1.94378,-21.10455,0.50139,-22.94127,-46.29473,0.04381,0.0673,-2.0804
8.22,38.10378,0.02424,-0.4402,-1.47817,-0.00857,-0.00429,2.82953,0.241,-0.05452,1.30685,0.63244,-0.02224,0.00504,4.26544,0.05093,-0.24577,0.62157,-0.04098,-0.25024,-0.00058,0.96067,0.73199,-4.86614,-102.51953,0.03483,-1.10144,-1.71599,-17.7993,0.64407,-22.65924,-42.81099,0.04644,0.06069,-2.42054
8.24,39.98938,0.02473,-0.41832,-1.25933,-0.00755,-0.00493,2.70012,-0.03916,-0.0777,1.03304,0.61849,-0.01926,0.00513,3.78838,-0.02817,-0.21714,0.54823,-0.03521,-0.24898,-0.00034,1.02533,1.12145,-5.19509,-101.14057,0.04397,-0.89555,-1.47162,-14.72318,0.79341,-22.37914,-39.55584,0.048,0.0531,-2.76209
8.26,42.04486,0.02743,-0.38804,-1.03789,-0.00574,-0.00554,2.49781,-0.24573,-0.09948,0.80957,0.4296,-0.02213,0.00438,3.28606,-0.0928,-0.18173,0.46858,-0.03029,-0.2455,-0.00017,1.03347,1.4882,-5.72581,-101.01383,0.05606,-0.68646,-1.21133,-11.92026,0.93791,-22.15896,-36.66365,0.04847,0.05327,-3.0915
8.28,44.12542,0.02939,-0.35141,-0.82259,-0.0028,-0.00607,2.2435,-0.38048,-0.11929,0.62795,0.11379,-0.02883,0.00309,2.77243,-0.14106,-0.1417,0.38562,-0.02613,-0.23825,-7e-05,0.98665,1.81562,-6.39698,-101.97128,0.07019,-0.47916,-0.94481,-9.45772,1.06926,-22.0386,-34.14179,0.04798,0.06132,-3.39887
8.3,45.95198,0.02625,-0.31107,-0.62077,0.0015,-0.00645,1.94074,-0.45113,-0.13635,0.48257,-0.25301,-0.03578,0.00164,2.26587,-0.17257,-0.10209,0.30328,-0.02259,-0.22509,-2e-05,0.96308,2.09611,-7.12263,-104.0728,0.08439,-0.28665,-0.69511,-7.36406,1.19829,-22.08714,-32.07312,0.0466,0.07085,-3.66693
8.32,47.21509,0.01376,-0.27024,-0.4424,0.00702,-0.00664,1.60964,-0.46996,-0.14983,0.36589,-0.57137,-0.03877,0.00036,1.79001,-0.18836,-0.06704,0.22597,-0.01946,-0.20396,-0,1.00515,2.33404,-7.80761,-107.35303,0.09564,-0.12858,-0.49217,-5.67617,1.34871,-22.36564,-30.51573,0.04442,0.07389,-3.87212
8.34,47.83073,-0.01028,-0.23195,-0.29878,0.0135,-0.00663,1.30293,-0.44649,-0.15988,0.26657,-0.7658,-0.03492,-0.0005,1.36733,-0.18886,-0.03746,0.15755,-0.01645,-0.17443,0,1.04114,2.50467,-8.31828,-111.45513,0.10132,-0.02669,-0.36514,-4.44257,1.49641,-22.8722,-29.33557,0.04157,0.07649,-3.98625
8.36,47.78236,-0.04507,-0.19774,-0.1925,0.02063,-0.00645,1.04517,-0.39046,-0.16666,0.17999,-0.80741,-0.02311,-0.0008,1.01033,-0.1753,-0.01458,0.1002,-0.01337,-0.13712,0,1.03482,2.58434,-8.55479,-115.99363,0.09851,-0.00109,-0.34019,-3.66101,1.6084,-23.57551,-28.40515,0.03815,0.0825,-3.97738
8.38,47.00015,-0.08682,-0.168,-0.11968,0.02771,-0.00611,0.83412,-0.31247,-0.16928,0.10849,-0.69852,-0.00398,-0.00052,0.72505,-0.1504,0.00057,0.05501,-0.01015,-0.09367,-1e-05,0.99655,2.58382,-8.49595,-120.6351,0.08325,-0.06986,-0.43909,-3.29295,1.68531,-24.42029,-27.66958,0.03423,0.08597,-3.81147
8.4,45.42379,-0.13064,-0.14202,-0.07482,0.03323,-0.00563,0.66907,-0.22385,-0.16783,0.05718,-0.48067,0.01982,0.00027,0.51593,-0.11788,0.00807,0.02249,-0.00688,-0.04821,-3e-05,0.98369,2.51154,-8.12464,-125.2353,0.05098,-0.24958,-0.67964,-3.30006,1.71931,-25.36654,-27.01124,0.02984,0.08483,-3.44732
8.42,43.00452,-0.16951,-0.11894,-0.05179,0.03515,-0.00504,0.54589,-0.13523,-0.16244,0.03324,-0.20131,0.04527,0.00146,0.38703,-0.08098,0.00869,0.00258,-0.00369,-0.00463,-4e-05,1.03887,2.37856,-7.44872,-129.63625,-0.00205,-0.55498,-1.07903,-3.6392,1.70303,-26.3591,-26.31888,0.02502,0.07369,-2.84208
8.44,39.83382,-0.19306,-0.09882,-0.04496,0.03244,-0.00446,0.45435,-0.05569,-0.15147,0.04073,0.11587,0.06921,0.00291,0.33962,-0.04137,0.00354,-0.0055,-0.00071,0.03428,-5e-05,1.12535,2.19813,-6.5317,-133.0692,-0.07772,-1.00091,-1.65668,-4.26173,1.63227,-27.23213,-25.51583,0.01986,0.04343,-1.95676
8.46,36.03439,-0.19511,-0.08143,-0.04953,0.02475,-0.00398,0.3858,0.00575,-0.13393,0.07679,0.46672,0.08905,0.00456,0.37011,-0.00055,-0.00617,-0.00339,0.00194,0.066,-5e-05,1.23872,1.97844,-5.43276,-134.87723,-0.17738,-1.60282,-2.43426,-5.1139,1.50748,-27.83282,-24.54368,0.01437,-0.01403,-0.75535
8.48,31.67438,-0.1761,-0.06624,-0.06167,0.01201,-0.00363,0.33391,0.04006,-0.11011,0.13145,0.87814,0.10421,0.00634,0.47036,0.03969,-0.01949,0.00642,0.00411,0.08939,-4e-05,1.41903,1.73046,-4.20246,-134.8552,-0.29971,-2.36827,-3.43318,-6.12113,1.34241,-28.07004,-23.38459,0.00851,-0.1046,0.78922
8.5,27.03866,-0.13897,-0.05393,-0.07936,-0.00468,-0.00347,0.28957,0.03872,-0.07985,0.19125,1.39588,0.11509,0.00825,0.62717,0.07823,-0.03577,0.02087,0.00571,0.10456,-3e-05,1.66948,1.45358,-2.89889,-132.6541,-0.44267,-3.29951,-4.66052,-7.27014,1.12412,-27.8409,-21.90807,0.00228,-0.23647,2.67758
8.52,22.365,-0.092,-0.04497,-0.10265,-0.0243,-0.00355,0.24537,-0.00545,-0.04413,0.24439,2.05204,0.12264,0.0103,0.82365,0.11576,-0.0545,0.03698,0.00667,0.11236,-1e-05,1.98647,1.14861,-1.59114,-128.08553,-0.60303,-4.38454,-6.09363,-8.59452,0.8538,-27.08539,-20.03883,-0.00426,-0.41693,4.88581
8.54,17.59742,-0.04627,-0.03876,-0.13156,-0.046,-0.00381,0.19898,-0.09689,-0.00533,0.2784,2.87211,0.12859,0.01241,1.045,0.1518,-0.07624,0.05217,0.00704,0.11396,0,2.37727,0.83458,-0.34775,-121.17576,-0.77242,-5.58428,-7.69646,-9.99288,0.56879,-25.72156,-17.91265,-0.01101,-0.64538,7.33728
8.56,12.71212,-0.01103,-0.03482,-0.16616,-0.06836,-0.00417,0.14701,-0.23385,0.0344,0.28639,3.84443,0.13383,0.01439,1.27943,0.18491,-0.10261,0.0644,0.00691,0.11058,1e-05,2.84283,0.5248,0.79779,-112.05996,-0.93524,-6.81912,-9.39299,-11.3175,0.29379,-23.74175,-15.63752,-0.01773,-0.91377,9.90176
8.58,7.7987,0.00732,-0.0329,-0.20721,-0.08977,-0.00454,0.08472,-0.40877,0.07253,0.27366,4.85351,0.13782,0.01595,1.51484,0.21432,-0.13539,0.07228,0.00653,0.10361,1e-05,3.39384,0.22894,1.82472,-101.15801,-1.0542,-7.92827,-11.00629,-12.47226,0.03525,-21.29725,-13.2617,-0.02406,-1.23117,12.50733
8.6,3.02769,0.00345,-0.03344,-0.25745,-0.10899,-0.00488,0.00895,-0.60192,0.10486,0.2504,5.83271,0.13963,0.01683,1.73607,0.24172,-0.17361,0.07528,0.00614,0.09469,-0,3.90349,-0.03402,2.73075,-88.62029,-1.16271,-8.87983,-12.40774,-13.44046,-0.19886,-18.39151,-10.75193,-0.02944,-1.53993,14.53734
8.62,-1.46678,-0.03148,-0.03726,-0.32058,-0.11493,-0.00518,-0.08113,-0.78082,0.12616,0.23039,6.78202,0.13804,0.01684,1.92711,0.26974,-0.2136,0.07337,0.00599,0.08527,-2e-05,4.18563,-0.24884,3.54898,-74.93832,-1.34853,-9.71726,-13.50365,-14.2624,-0.34081,-15.09951,-8.14217,-0.03361,-2.31533,14.9475
8.64,-5.57414,-0.0955,-0.04376,-0.39526,-0.11496,-0.00538,-0.18418,-0.92843,0.13423,0.22841,7.47362,0.13139,0.01563,2.07925,0.29441,-0.25506,0.06592,0.00629,0.07615,-6e-05,4.30808,-0.40228,4.26232,-61.36086,-1.5269,-10.13224,-13.96943,-14.83359,-0.3707,-11.83016,-5.64727,-0.03768,-4.61591,13.85299
8.66,-9.13048,-0.17858,-0.05225,-0.47768,-0.11371,-0.00544,-0.2964,-1.03915,0.1296,0.2501,7.69982,0.11883,0.01316,2.18824,0.31113,-0.29826,0.05277,0.00707,0.06773,-0.0001,4.3651,-0.48626,4.84768,-48.62924,-1.59851,-9.90712,-13.62329,-14.94255,-0.33593,-8.907,-3.38252,-0.04329,-7.40195,12.01141
8.68,-12.0233,-0.27518,-0.06316,-0.56554,-0.11209,-0.00541,-0.40965,-1.103,0.11395,0.28935,7.51932,0.10083,0.00996,2.25131,0.31959,-0.3395,0.03478,0.00824,0.06011,-0.00016,4.30379,-0.50605,5.33381,-36.93522,-1.59206,-9.11615,-12.56588,-14.64165,-0.24256,-6.33839,-1.34916,-0.05316,-10.53155,9.34174
8.7,-14.17295,-0.38226,-0.07692,-0.65541,-0.11066,-0.00536,-0.50649,-1.11363,0.09024,0.33606,6.9046,0.07832,0.00674,2.27238,0.31888,-0.37278,0.0134,0.00961,0.05315,-0.00022,4.15266,-0.47365,5.69993,-26.61262,-1.47447,-7.92041,-10.91058,-13.84311,-0.15809,-4.26308,0.41147,-0.07073,-12.08633,6.96777
8.72,-15.52731,-0.49972,-0.0941,-0.74307,-0.11002,-0.00535,-0.56235,-1.0669,0.06273,0.37861,5.90104,0.05281,0.00444,2.25947,0.30856,-0.39053,-0.00969,0.01099,0.04651,-0.00029,3.96107,-0.40727,5.91474,-17.91258,-1.23749,-6.58221,-8.91538,-12.42677,-0.12924,-2.70581,1.91412,-0.099,-10.85784,5.8088
8.74,-16.06937,-0.62427,-0.11409,-0.82113,-0.11009,-0.00539,-0.56289,-0.96761,0.03664,0.39827,4.8014,0.0262,0.00382,2.21977,0.28848,-0.39107,-0.03307,0.0121,0.03972,-0.00036,3.70891,-0.32798,6.02792,-10.87369,-0.97239,-5.21463,-6.90183,-10.63406,-0.10544,-1.50331,3.1798,-0.14123,-8.92388,4.96034
8.76,-15.82772,-0.75178,-0.13533,-0.88383,-0.11096,-0.00548,-0.50188,-0.82403,0.01485,0.38245,3.78149,-0.00014,0.00514,2.16176,0.2587,-0.37478,-0.05564,0.01267,0.03255,-0.00041,3.39462,-0.25177,6.08857,-5.44947,-0.72864,-3.90402,-5.0644,-8.64262,-0.06557,-0.59164,4.20027,-0.19982,-7.32833,4.01583
8.78,-14.89955,-0.88155,-0.15688,-0.93116,-0.11357,-0.0057,-0.37723,-0.64315,-0.00192,0.33382,2.87519,-0.02518,0.00809,2.0963,0.22052,-0.33862,-0.0768,0.01253,0.02517,-0.00044,3.03776,-0.18842,6.09452,-1.50186,-0.51189,-2.74107,-3.47951,-6.517,-0.02402,0.05604,4.98215,-0.27483,-5.92157,3.21295
8.8,-13.41414,-1.00816,-0.17386,-0.96347,-0.10376,-0.00577,-0.20189,-0.44477,-0.01401,0.2592,2.11195,-0.04784,0.012,2.03544,0.17497,-0.29311,-0.09608,0.01155,0.01802,-0.00043,2.66931,-0.14585,6.0751,1.17915,-0.32953,-1.762,-2.18721,-4.34979,0.01003,0.48655,5.56433,-0.36455,-4.78759,2.55914
8.82,-11.53422,-1.12468,-0.18033,-0.98358,-0.07966,-0.00544,0.0081,-0.24379,-0.02319,0.17302,1.498,-0.06704,0.01615,1.98933,0.12447,-0.25031,-0.11298,0.00971,0.01181,-0.00038,2.31719,-0.12792,6.06409,2.82937,-0.18444,-0.97931,-1.18759,-2.24818,0.04308,0.74579,6.00277,-0.46491,-3.96463,2.04369
8.84,-9.43639,-1.22789,-0.17604,-0.99655,-0.05558,-0.00499,0.23758,-0.04451,-0.03065,0.09411,1.02037,-0.08207,0.01954,1.96223,0.0728,-0.20533,-0.12717,0.007,0.00739,-0.00029,1.98117,-0.13372,6.04942,3.68152,-0.07563,-0.38993,-0.45258,-0.30878,0.07823,0.87604,6.28083,-0.56783,-3.43154,1.66585
8.86,-7.25972,-1.3172,-0.16149,-1.00469,-0.03542,-0.00461,0.46514,0.1431,-0.03677,0.03263,0.66584,-0.09264,0.02131,1.94994,0.02288,-0.15677,-0.13813,0.00367,0.0054,-0.00016,1.65917,-0.15989,6.02064,3.94735,0.00074,0.02603,0.05431,1.41216,0.10535,0.91313,6.3748,-0.6608,-3.1267,1.38785
8.88,-5.11222,-1.39612,-0.13658,-1.00718,-0.01959,-0.00426,0.6679,0.30645,-0.04197,-0.00886,0.42238,-0.09868,0.02148,1.93921,-0.02278,-0.11018,-0.14517,0.00022,0.00628,-2e-05,1.35605,-0.20126,5.98093,3.81092,0.05012,0.29615,0.37407,2.88306,0.12142,0.88883,6.31091,-0.72635,-2.89862,1.16889
8.9,-3.09061,-1.46283,-0.10297,-1.00174,-0.00817,-0.00382,0.82619,0.43666,-0.04669,-0.03208,0.28027,-0.10015,0.02006,1.91462,-0.06083,-0.07135,-0.14585,-0.00263,0.01035,0.0001,1.07566,-0.25077,5.93476,3.42311,0.07814,0.44932,0.54845,4.06692,0.13181,0.8222,6.14011,-0.74362,-2.64365,0.91907
8.92,-1.28087,-1.51611,-0.0645,-0.98537,-0.00141,-0.00323,0.92696,0.5307,-0.05147,-0.04152,0.2314,-0.09716,0.01738,1.86039,-0.08688,-0.04266,-0.13759,-0.00401,0.0177,0.00018,0.81781,-0.30101,5.88394,2.90178,0.09028,0.513,0.61622,4.92575,0.14388,0.72542,5.91038,-0.69345,-2.25174,0.57139
8.94,0.25661,-1.56688,-0.02619,-0.95475,0.00092,-0.0026,0.9574,0.57968,-0.0558,-0.04239,0.26389,-0.09047,0.01448,1.75778,-0.09887,-0.02151,-0.12131,-0.00341,0.02815,0.00019,0.57653,-0.34559,5.81458,2.33467,0.09112,0.51343,0.61022,5.45447,0.14895,0.61607,5.61199,-0.56404,-1.50511,0.15866
8.96,1.49565,-1.62143,0.0086,-0.90838,0.0004,-0.00205,0.91505,0.57835,-0.0592,-0.03897,0.35714,-0.08113,0.01198,1.59901,-0.09703,-0.00668,-0.09862,-0.00072,0.04117,0.00012,0.34805,-0.37934,5.71141,1.78238,0.08448,0.47319,0.55715,5.68098,0.14006,0.50397,5.23706,-0.36007,-0.33782,-0.28557
8.98,2.42973,-1.67452,0.03777,-0.84741,-0.00151,-0.00151,0.81452,0.53691,-0.06216,-0.03407,0.48017,-0.0704,0.00986,1.3913,-0.08232,0.00233,-0.07074,0.0038,0.05567,-1e-05,0.13332,-0.3982,5.56664,1.2831,0.07356,0.40972,0.47813,5.65582,0.12056,0.38898,4.81067,-0.10606,1.14431,-0.69765
9,3.0549,-1.71103,0.05991,-0.77227,-0.00352,-0.00108,0.67283,0.46362,-0.06418,-0.02944,0.59571,-0.06032,0.00807,1.14513,-0.05797,0.00691,-0.04072,0.00952,0.07017,-0.00019,-0.06343,-0.40212,5.38861,0.8579,0.06062,0.33592,0.38912,5.39772,0.08733,0.27513,4.36587,0.15729,2.67695,-1.05042
9.02,3.36937,-1.71339,0.07457,-0.68473,-0.00484,-0.00082,0.51102,0.372,-0.0645,-0.02589,0.66733,-0.05294,0.00649,0.8761,-0.02758,0.00849,-0.01121,0.01585,0.08318,-0.00038,-0.24061,-0.39226,5.18735,0.51444,0.04734,0.26106,0.30106,4.93641,0.0431,0.16089,3.93323,0.38019,3.81902,-1.45509
9.04,3.38818,-1.67566,0.08136,-0.59015,-0.00577,-0.00064,0.35245,0.2853,-0.06398,-0.02352,0.66386,-0.04935,0.0048,0.60276,0.00599,0.00839,0.01625,0.02187,0.09319,-0.00057,-0.39652,-0.36544,4.94646,0.25094,0.03496,0.19181,0.22039,4.38432,-0.00341,0.03571,3.51657,0.52288,4.30714,-1.79448
9.06,3.14009,-1.59632,0.08065,-0.49285,-0.0067,-0.00047,0.21147,0.21593,-0.0633,-0.02223,0.57144,-0.04987,0.00288,0.33744,0.03965,0.00759,0.04013,0.0266,0.09934,-0.00073,-0.52759,-0.32081,4.6553,0.06007,0.02418,0.13187,0.15079,3.82521,-0.04846,-0.10612,3.11747,0.5661,4.14963,-1.88629
9.08,2.66157,-1.47497,0.07398,-0.39594,-0.00774,-0.00034,0.09567,0.1654,-0.06212,-0.0217,0.3997,-0.05403,0.0008,0.08911,0.07053,0.00673,0.05923,0.0296,0.10164,-0.00084,-0.6335,-0.2629,4.32417,-0.06859,0.01529,0.08266,0.0939,3.28817,-0.08912,-0.26869,2.74928,0.50805,3.3582,-1.73368
9.1,2.00144,-1.31225,0.06308,-0.30361,-0.0088,-0.00024,0.01053,0.13276,-0.06064,-0.02149,0.17504,-0.06024,-0.00129,-0.13189,0.09623,0.00624,0.07314,0.03067,0.10056,-0.0009,-0.71338,-0.19999,3.97365,-0.14683,0.00831,0.04433,0.04977,2.82029,-0.11877,-0.45269,2.40889,0.36354,2.19907,-1.27991
9.12,1.20894,-1.11566,0.05002,-0.22033,-0.00965,-0.00018,-0.04025,0.11391,-0.0591,-0.02108,-0.063,-0.06637,-0.00314,-0.31437,0.11513,0.00632,0.08218,0.02986,0.09685,-0.00088,-0.76604,-0.14019,3.62542,-0.18637,0.00313,0.01606,0.01738,2.45785,-0.12874,-0.6501,2.09434,0.15641,0.87151,-0.57708
9.14,0.32255,-0.90434,0.0371,-0.14939,-0.01012,-0.00013,-0.0557,0.10265,-0.05697,-0.02,-0.27712,-0.07087,-0.0045,-0.45091,0.12584,0.00681,0.08568,0.02744,0.09135,-0.00081,-0.79173,-0.08788,3.28473,-0.19788,-0.00047,-0.00348,-0.0049,2.20851,-0.11895,-0.85525,1.81907,-0.08791,-0.628,0.20324
9.16,-0.62723,-0.69207,0.02582,-0.09183,-0.01009,-0.0001,-0.03845,0.09359,-0.05388,-0.01798,-0.44627,-0.07288,-0.00519,-0.54035,0.12786,0.00753,0.08343,0.02379,0.0846,-0.0007,-0.79152,-0.04612,2.95246,-0.1905,-0.00275,-0.01582,-0.01888,2.06729,-0.09342,-1.06079,1.58644,-0.34395,-2.17596,0.97234
9.18,-1.61062,-0.48618,0.01695,-0.04679,-0.00948,-7e-05,0.00516,0.08251,-0.04982,-0.01507,-0.56259,-0.07206,-0.00509,-0.58621,0.12236,0.00836,0.07696,0.01943,0.07682,-0.00057,-0.76817,-0.01594,2.63277,-0.17165,-0.004,-0.02253,-0.02639,2.0149,-0.05603,-1.24774,1.38923,-0.58575,-3.60923,1.6744
9.2,-2.59394,-0.29614,0.01089,-0.01243,-0.00828,-6e-05,0.06512,0.06575,-0.04482,-0.01152,-0.62997,-0.06885,-0.00412,-0.59767,0.11084,0.00913,0.06795,0.01485,0.06809,-0.00044,-0.72517,0.00443,2.32379,-0.14696,-0.00448,-0.02503,-0.02909,2.02445,-0.01603,-1.38631,1.22413,-0.78617,-4.83361,2.20834
9.22,-3.54314,-0.13101,0.00773,0.01367,-0.00659,-6e-05,0.13008,0.04072,-0.03901,-0.00776,-0.66028,-0.06406,-0.0022,-0.5865,0.09522,0.00971,0.05847,0.01058,0.05844,-0.00031,-0.66704,0.01794,2.02311,-0.12041,-0.00442,-0.02458,-0.02842,2.06445,0.01978,-1.44228,1.08848,-0.92011,-5.82611,2.43292
9.24,-4.42394,0.00279,0.00728,0.0339,-0.00461,-6e-05,0.18974,0.00615,-0.03247,-0.00426,-0.66809,-0.05843,0.00073,-0.56139,0.07798,0.0102,0.05076,0.00717,0.04798,-0.00022,-0.59904,0.02751,1.73363,-0.09458,-0.00399,-0.02217,-0.02556,2.08833,0.04656,-1.39973,0.97805,-0.9686,-6.3716,2.36481
9.26,-5.2082,0.10178,0.00912,0.05012,-0.00253,-7e-05,0.23669,-0.03731,-0.02532,-0.0014,-0.66947,-0.05265,0.00474,-0.52807,0.06074,0.0106,0.04564,0.00483,0.03707,-0.00016,-0.52575,0.03505,1.45887,-0.07079,-0.00334,-0.01857,-0.02141,2.0573,0.05904,-1.25737,0.88988,-0.92312,-6.27483,2.09323
9.28,-5.8768,0.16505,0.01259,0.06357,-0.00051,-8e-05,0.26741,-0.08675,-0.01783,0.00056,-0.68138,-0.04739,0.00987,-0.48969,0.04425,0.01075,0.04231,0.00352,0.02649,-0.00014,-0.45141,0.04102,1.20468,-0.04941,-0.00256,-0.01431,-0.01661,1.95367,0.05549,-1.0195,0.82256,-0.78816,-5.55429,1.63886
9.3,-6.41103,0.19322,0.01683,0.0747,0.0013,-0.0001,0.28116,-0.13648,-0.0103,0.00141,-0.72125,-0.04322,0.01612,-0.44535,0.02897,0.01047,0.03907,0.00307,0.01737,-0.00014,-0.37948,0.04475,0.98564,-0.03006,-0.00172,-0.00977,-0.01158,1.75544,0.03595,-0.71224,0.77747,-0.57856,-4.21955,1.13504
9.32,-6.7922,0.18804,0.02093,0.08327,0.00273,-0.00013,0.27946,-0.17872,-0.00319,0.00106,-0.80223,-0.04056,0.02332,-0.39181,0.01509,0.0095,0.03355,0.00327,0.01109,-0.00015,-0.31366,0.04498,0.81681,-0.01185,-0.00086,-0.00515,-0.00658,1.45171,0.00186,-0.36317,0.75648,-0.31737,-2.44551,0.65989
9.34,-7.00345,0.1525,0.02412,0.08853,0.00371,-0.00016,0.2656,-0.20864,0.00295,-0.00044,-0.92311,-0.03952,0.03112,-0.32595,0.0025,0.00747,0.02314,0.00388,0.00899,-0.00017,-0.25782,0.04019,0.70462,0.0064,1e-05,-0.00056,-0.00172,1.05975,-0.04466,0.00982,0.75658,-0.03006,-0.47498,0.165
9.36,-7.03395,0.09082,0.02594,0.08938,0.00431,-0.0002,0.2437,-0.22475,0.00784,-0.00279,-1.06546,-0.0398,0.03883,-0.24509,-0.00906,0.00413,0.006,0.00469,0.01208,-0.00018,-0.21315,0.02943,0.64834,0.02604,0.00088,0.00396,0.00294,0.60115,-0.10101,0.38307,0.77156,0.26019,1.52664,-0.33647
9.38,-6.88184,0.00853,0.02637,0.08434,0.00465,-0.00024,0.21861,-0.22702,0.01127,-0.00547,-1.19464,-0.04075,0.04496,-0.14796,-0.01995,-0.00052,-0.01862,0.00559,0.021,-0.00018,-0.1782,0.0126,0.63995,0.04834,0.00172,0.00834,0.00737,0.10373,-0.16451,0.72959,0.79326,0.53094,3.41452,-0.79562
9.4,-6.55098,-0.08758,0.02566,0.07168,0.00488,-0.00027,0.19576,-0.21882,0.01312,-0.00775,-1.25147,-0.04129,0.04879,-0.03591,-0.03049,-0.00626,-0.0503,0.00648,0.03604,-0.00018,-0.15057,-0.00979,0.66389,0.07431,0.00254,0.01252,0.01151,-0.38927,-0.22388,1.02394,0.80554,0.75883,5.0207,-1.2059
9.42,-6.05222,-0.19056,0.02428,0.04997,0.00518,-0.0003,0.18048,-0.20483,0.0133,-0.0088,-1.17235,-0.0403,0.05,0.08757,-0.04088,-0.0125,-0.08738,0.00727,0.05705,-0.00017,-0.12718,-0.0366,0.70116,0.10445,0.00328,0.01632,0.01522,-0.83192,-0.25948,1.24622,0.79041,0.92262,6.15747,-1.61811
9.44,-5.4039,-0.29523,0.02285,0.01886,0.00565,-0.00031,0.17695,-0.18784,0.01182,-0.00798,-0.93405,-0.03714,0.04571,0.21695,-0.05117,-0.01856,-0.12771,0.00792,0.08325,-0.00015,-0.10476,-0.06639,0.73423,0.13851,0.00389,0.01947,0.01829,-1.19143,-0.26907,1.375,0.741,1.0097,6.70011,-1.96294
9.46,-4.63272,-0.39908,0.02185,-0.02033,0.00633,-0.00031,0.18665,-0.1701,0.00881,-0.00495,-0.54783,-0.0318,0.03445,0.3441,-0.0612,-0.02381,-0.16886,0.0083,0.11295,-0.00012,-0.08067,-0.0975,0.75027,0.17515,0.00428,0.0215,0.0203,-1.4579,-0.25797,1.39973,0.65578,1.01876,6.67909,-2.14582
9.48,-3.77943,-0.50081,0.02159,-0.06413,0.00721,-0.00028,0.20788,-0.15357,0.00467,0.00021,-0.0591,-0.02491,0.01783,0.45748,-0.07037,-0.02762,-0.20791,0.0083,0.14302,-7e-05,-0.05319,-0.1277,0.74217,0.2116,0.00432,0.02178,0.0207,-1.6419,-0.22582,1.33288,0.53579,0.95934,6.14829,-2.18659
9.5,-2.89947,-0.60113,0.02232,-0.10697,0.00817,-0.00024,0.23663,-0.13918,-4e-05,0.00706,0.447,-0.01788,-0.00231,0.54331,-0.07747,-0.02884,-0.23934,0.00774,0.16973,-2e-05,-0.02159,-0.15412,0.70841,0.2433,0.00383,0.01944,0.01872,-1.77695,-0.18388,1.192,0.39082,0.8509,5.33054,-2.04573
9.52,-2.05781,-0.70216,0.02421,-0.14223,0.00899,-0.00017,0.26713,-0.1268,-0.00466,0.01493,0.8892,-0.01224,-0.02083,0.58776,-0.0809,-0.02629,-0.25642,0.00648,0.18955,5e-05,0.01402,-0.17379,0.65096,0.26349,0.00261,0.01341,0.01339,-1.90734,-0.14439,1.00395,0.23286,0.71652,4.46032,-1.72562
9.54,-1.31439,-0.80322,0.02731,-0.16395,0.00945,-8e-05,0.29206,-0.11496,-0.00854,0.02327,1.19032,-0.00884,-0.03377,0.57772,-0.07957,-0.02071,-0.25819,0.00445,0.19831,0.00015,0.05292,-0.18468,0.57291,0.26302,0.00041,0.00245,0.00356,-2.06276,-0.10998,0.80432,0.07028,0.57587,3.55994,-1.3455
9.56,-0.71044,-0.90342,0.03163,-0.16789,0.00922,2e-05,0.30391,-0.10074,-0.01111,0.03175,1.2953,-0.00757,-0.04137,0.50604,-0.07263,-0.01329,-0.24629,0.00172,0.1941,0.00026,0.09364,-0.18626,0.47896,0.2301,-0.00305,-0.01481,-0.01202,-2.2631,-0.08355,0.61629,-0.09034,0.44279,2.66462,-0.97228
9.58,-0.27196,-1.00381,0.03711,-0.15177,0.00795,0.00014,0.29563,-0.07994,-0.01191,0.04022,1.20575,-0.00714,-0.04369,0.37411,-0.05937,-0.00488,-0.22189,-0.0015,0.1793,0.00041,0.13389,-0.17947,0.37618,0.15044,-0.00804,-0.03972,-0.03461,-2.52332,-0.06704,0.44985,-0.24468,0.32542,1.84263,-0.61604
9.6,-0.01706,-1.09989,0.04356,-0.11481,0.00533,0.00026,0.2603,-0.04711,-0.01058,0.04865,0.95276,-0.00516,-0.04285,0.18803,-0.03971,0.00285,-0.19049,-0.00488,0.15756,0.00057,0.16983,-0.16743,0.27459,0.00765,-0.01478,-0.07347,-0.06534,-2.84168,-0.05701,0.30917,-0.38955,0.22721,1.12036,-0.29009
9.62,0.04193,-1.18307,0.05063,-0.05722,0.00103,0.00035,0.19152,0.0039,-0.00689,0.05685,0.59869,0.0013,-0.04135,-0.04189,-0.01348,0.01051,-0.15783,-0.00801,0.13411,0.00072,0.19662,-0.15361,0.18275,-0.2157,-0.02343,-0.11689,-0.10499,-3.2028,-0.0484,0.19405,-0.5221,0.14816,0.50038,-0.00172
9.64,-0.10096,-1.24532,0.05807,0.02055,-0.0053,0.00041,0.0836,0.07927,-0.00076,0.06432,0.22465,0.01493,-0.03896,-0.30562,0.02008,0.01879,-0.12615,-0.01045,0.11561,0.00086,0.21091,-0.13935,0.10316,-0.5365,-0.03396,-0.16992,-0.1536,-3.5901,-0.03762,0.10106,-0.64237,0.08592,-0.02931,0.24772
9.66,-0.44476,-1.27114,0.06564,0.11831,-0.01412,0.00041,-0.06722,0.18476,0.00765,0.07003,-0.10912,0.03782,-0.03544,-0.59794,0.06226,0.02669,-0.09733,-0.01179,0.10629,0.00096,0.21054,-0.12419,0.03175,-0.96872,-0.04611,-0.23118,-0.21001,-3.97989,-0.02176,0.02401,-0.75263,0.03671,-0.4846,0.46121
9.68,-0.9804,-1.2334,0.07302,0.23559,-0.02605,0.00032,-0.26227,0.32397,0.01787,0.07222,-0.35962,0.07103,-0.03121,-0.91535,0.11479,0.03422,-0.07294,-0.01159,0.10765,0.00098,0.19373,-0.10585,-0.04282,-1.51989,-0.05926,-0.2976,-0.27148,-4.33212,0.00157,-0.04496,-0.8558,-0.0041,-0.88257,0.64331
9.7,-1.69151,-1.09319,0.0796,0.3709,-0.04173,0.00011,-0.49877,0.50118,0.02921,0.06875,-0.49279,0.11514,-0.02596,-1.25278,0.18007,0.04172,-0.05384,-0.00934,0.12021,0.00088,0.16023,-0.07973,-0.13827,-2.18693,-0.07228,-0.36364,-0.33322,-4.61391,0.03342,-0.11425,-0.95243,-0.04149,-1.2416,0.79705
9.72,-2.56033,-0.80733,0.08462,0.52207,-0.06181,-0.00025,-0.76874,0.72365,0.04096,0.05671,-0.48019,0.17087,-0.01913,-1.6049,0.26115,0.04963,-0.03971,-0.00442,0.14373,0.00061,0.10863,-0.03913,-0.27467,-2.95078,-0.0834,-0.42067,-0.38774,-4.79052,0.07084,-0.19194,-1.04054,-0.08063,-1.57877,0.92351
9.74,-3.57303,-0.33816,0.08751,0.68817,-0.08715,-0.0008,-1.06861,0.99321,0.05252,0.03192,-0.29232,0.23774,-0.0101,-1.97288,0.36034,0.05756,-0.02903,0.00389,0.17701,0.00016,0.03345,0.02383,-0.46795,-3.7692,-0.09025,-0.45668,-0.42407,-4.78999,0.11035,-0.28601,-1.12228,-0.12617,-1.89858,1.02323
9.76,-4.71997,0.34132,0.08775,0.86965,-0.11875,-0.00158,-1.40094,1.3053,0.0633,-0.01054,0.10164,0.31394,0.00191,-2.36379,0.47895,0.06476,-0.02007,0.01644,0.21866,-0.00047,-0.07444,0.11679,-0.72423,-4.57003,-0.08973,-0.45568,-0.42743,-4.54874,0.15036,-0.40381,-1.19814,-0.18184,-2.19381,1.09516
9.78,-5.98783,1.23717,0.08469,1.06642,-0.15742,-0.0026,-1.76915,1.64901,0.07265,-0.07589,0.73216,0.39618,0.01761,-2.78458,0.61688,0.07134,-0.01082,0.03397,0.26703,-0.00125,-0.22778,0.24529,-1.03626,-5.2448,-0.07788,-0.39738,-0.37906,-4.03545,0.18348,-0.55023,-1.26088,-0.25024,-2.45218,1.134
9.8,-7.3562,2.31044,0.0771,1.27512,-0.2019,-0.00382,-2.1551,2.03647,0.08123,-0.17026,1.6257,0.48401,0.03778,-3.23415,0.77351,0.07732,0.00112,0.0577,0.32038,-0.0021,-0.44295,0.41415,-1.38903,-5.64244,-0.04991,-0.25773,-0.25684,-3.22139,0.20994,-0.72759,-1.30853,-0.33227,-2.63402,1.13
9.82,-8.79988,3.46487,0.06436,1.48937,-0.2486,-0.0051,-2.52043,2.49727,0.09075,-0.30193,2.79351,0.57875,0.06357,-3.70704,0.9479,0.08269,0.0188,0.08996,0.37683,-0.00276,-0.73905,0.62853,-1.76559,-5.56463,-0.00055,-0.00948,-0.0349,-2.09209,0.23775,-0.93418,-1.33658,-0.42631,-2.67124,1.0685
9.84,-10.28642,4.60477,0.04791,1.70663,-0.2951,-0.00634,-2.86438,3.00044,0.10087,-0.47675,4.229,0.67167,0.09519,-4.21392,1.13331,0.0878,0.04536,0.13165,0.43291,-0.00303,-1.13579,0.88495,-2.1387,-4.76522,0.07556,0.3763,0.31543,-0.64548,0.25985,-1.15811,-1.32624,-0.52695,-2.50018,0.91817
9.86,-11.78822,5.65014,0.03032,1.92659,-0.33852,-0.00741,-3.20705,3.4901,0.11028,-0.69523,5.89155,0.75119,0.1312,-4.77711,1.32052,0.0934,0.08301,0.18212,0.48467,-0.00283,-1.64942,1.16903,-2.48186,-2.95406,0.18355,0.92708,0.82174,1.11539,0.26457,-1.37575,-1.25572,-0.62387,-2.02864,0.63591
9.88,-13.28323,6.51681,0.0151,2.14528,-0.36889,-0.00811,-3.55339,3.92662,0.11777,-0.95499,7.65366,0.80978,0.16722,-5.4163,1.50276,0.1006,0.13273,0.24008,0.52862,-0.00204,-2.28673,1.45653,-2.77934,0.19128,0.32795,1.66578,1.50723,3.17328,0.24324,-1.55302,-1.10426,-0.70033,-1.11471,0.17043
9.9,-14.74615,7.03553,0.00665,2.35875,-0.34589,-0.00819,-3.83757,4.32476,0.12687,-1.24535,9.45524,0.84759,0.20351,-6.13333,1.67044,0.11055,0.19588,0.30673,0.5619,-0.0002,-3.05396,1.7379,-3.02675,5.00536,0.50933,2.60268,2.38741,5.45845,0.22857,-1.63122,-0.86464,-0.7345,0.37584,-0.54259
9.92,-16.14346,7.02398,0.00971,2.56457,-0.30962,-0.00736,-3.94631,4.71876,0.14212,-1.54845,11.31184,0.86774,0.24229,-6.9181,1.81438,0.12483,0.27371,0.38397,0.58254,0.00326,-3.95619,2.01604,-3.22288,11.81413,0.72218,3.72455,3.46566,7.83971,0.26782,-1.53686,-0.51555,-0.70347,2.68023,-1.45301
9.94,-17.42049,6.54477,0.02664,2.75327,-0.26427,-0.00564,-3.8976,4.96985,0.1543,-1.85403,12.95773,0.85388,0.26977,-7.78243,1.93078,0.14689,0.36141,0.46399,0.5869,0.00804,-4.97956,2.25087,-3.35138,20.87698,0.95785,4.99745,4.71625,10.2355,0.3268,-1.22656,-0.00636,-0.5884,5.99881,-2.45488
9.96,-18.51997,5.75144,0.05743,2.91719,-0.21448,-0.00319,-3.7693,4.93791,0.15426,-2.15808,14.08294,0.79276,0.27433,-8.75067,2.0128,0.18076,0.44727,0.53593,0.57275,0.01341,-6.10007,2.4016,-3.3991,32.30905,1.20379,6.35485,6.07559,12.63195,0.36927,-0.66637,0.69841,-0.38466,10.23513,-3.49392
9.98,-19.37905,4.74846,0.0995,3.0516,-0.16173,-0.00015,-3.59519,4.60683,0.14093,-2.45406,14.59068,0.68939,0.25716,-9.84372,2.04744,0.23081,0.51209,0.59208,0.54199,0.01856,-7.27213,2.46274,-3.36503,45.99786,1.44557,7.66828,7.44197,15.04935,0.39999,0.16961,1.61492,-0.10874,15.376,-4.14198
10,-19.91849,3.63666,0.14959,3.14073,-0.1065,0.00338,-3.21205,3.84921,0.10519,-2.76328,14.35946,0.54476,0.21801,-10.89039,2.04662,0.30199,0.53963,0.6304,0.4973,0.02395,-8.541,2.45727,-3.26666,61.59501,1.62545,8.78859,8.63728,17.2996,0.43359,1.28703,2.7691,0.20372,20.1046,-4.94321
10.02,-20.03336,2.51626,0.20547,3.16721,-0.04969,0.00725,-2.38033,2.61386,0.04668,-3.1167,13.31709,0.36946,0.16078,-11.544,2.01706,0.39202,0.50386,0.65065,0.44253,0.02994,-10.03781,2.41062,-3.12267,78.64428,1.65998,9.55534,9.44422,19.08224,0.49354,2.79728,4.23081,0.49917,21.45142,-7.69141
10.04,-19.62756,1.52856,0.26346,3.13078,0.00561,0.01128,-1.30958,1.01448,-0.02077,-3.49586,11.39663,0.18521,0.09492,-11.77191,1.90818,0.49746,0.34932,0.64018,0.38209,0.03415,-11.65253,2.30324,-2.92719,96.55194,1.5749,9.78844,9.74033,20.65653,0.55743,4.77215,6.02142,0.73385,18.69686,-11.40379
10.06,-18.66484,0.74437,0.32023,3.03292,0.05221,0.01523,-0.26393,-0.86838,-0.0884,-3.87993,8.61813,0.00636,0.02645,-11.66893,1.6776,0.61535,0.03672,0.59339,0.31902,0.03499,-13.25098,2.11844,-2.68118,114.73899,1.41676,9.43384,9.50656,22.33144,0.58368,7.17215,8.12136,0.88983,14.69683,-14.40172
10.08,-17.16017,0.14416,0.37161,2.87321,0.07709,0.01891,0.76486,-3.01179,-0.15268,-4.26669,5.17254,-0.15697,-0.04019,-11.11834,1.31271,0.72319,-0.44245,0.52085,0.25569,0.0327,-14.91552,1.8628,-2.40195,132.73064,1.17812,8.52754,8.75882,24.12178,0.56363,10.04084,10.56264,0.96484,10.01668,-16.96313
10.1,-15.17064,-0.26602,0.42969,2.65749,0.08614,0.02258,1.6946,-5.16982,-0.19657,-4.64206,1.22314,-0.29288,-0.1005,-10.05065,0.81839,0.83294,-1.06822,0.42746,0.19514,0.02866,-16.46634,1.58471,-2.12705,149.33379,0.9474,7.30473,7.6719,26.13144,0.50205,13.23016,13.34875,0.96842,6.89065,-17.98432
10.12,-12.7615,-0.49508,0.50354,2.39215,0.08519,0.02665,2.45307,-6.67882,-0.18622,-4.99105,-2.65647,-0.38817,-0.15268,-8.29082,0.20522,0.97702,-1.76328,0.32087,0.14012,0.02348,-17.63422,1.32757,-1.89553,162.9618,0.78638,6.02492,6.45688,28.27411,0.40354,16.57403,16.5292,0.9026,4.65454,-17.04627
10.14,-10.1133,-0.63257,0.60365,2.09027,0.07636,0.03067,2.96473,-7.50319,-0.13262,-5.27895,-5.90021,-0.43849,-0.194,-6.30515,-0.48986,1.11157,-2.48723,0.22329,0.09341,0.01817,-18.58372,1.08,-1.71492,173.11985,0.63356,4.72763,5.18706,30.51998,0.24145,20.17768,20.18336,0.79073,2.44848,-15.41029
10.16,-7.34202,-0.71972,0.71296,1.76391,0.06434,0.03414,3.24395,-7.96795,-0.06745,-5.47592,-8.42666,-0.44759,-0.22087,-4.22825,-1.22686,1.19407,-3.20295,0.14158,0.05555,0.01261,-19.47534,0.84859,-1.58995,179.67912,0.47101,3.47755,3.94001,32.9618,-0.00602,24.2054,24.41613,0.65752,0.47716,-13.78489
10.18,-4.54041,-0.76149,0.82115,1.4223,0.0545,0.0373,3.45582,-8.04158,0.0128,-5.56715,-10.18286,-0.42047,-0.23286,-1.99004,-1.94326,1.21936,-3.84202,0.07398,0.02643,0.00711,-20.23359,0.65702,-1.52694,182.08093,0.32454,2.37708,2.8074,35.63856,-0.35309,28.71028,29.41164,0.51606,-1.10739,-12.08887
10.2,-1.84582,-0.75349,0.90222,1.08954,0.04749,0.03961,3.32287,-7.79025,0.07649,-5.52288,-11.24192,-0.3689,-0.2314,-0.18447,-2.52531,1.22574,-4.30815,0.01916,0.00549,0.00196,-20.86917,0.51206,-1.51074,180.05789,0.20216,1.47297,1.83631,38.52991,-0.81424,33.69073,35.32389,0.37822,-2.17553,-10.37691
10.22,0.62928,-0.69685,0.93942,0.78347,0.0424,0.04039,2.69332,-7.29359,0.09317,-5.34737,-11.75008,-0.30672,-0.22079,0.7951,-2.90313,1.26112,-4.56785,-0.02507,-0.00814,-0.00261,-21.40323,0.40458,-1.51332,173.50683,0.10756,0.78112,1.05346,41.51954,-1.39804,39.0568,42.27457,0.25263,-2.67409,-8.71672
10.24,2.82491,-0.59796,0.93024,0.50368,0.03914,0.04017,2.05931,-6.63785,0.09474,-5.06839,-11.77794,-0.24152,-0.20401,1.32655,-3.07924,1.27631,-4.6361,-0.06165,-0.0158,-0.00673,-21.77067,0.31592,-1.50896,162.33855,0.04182,0.29527,0.46926,44.55545,-2.09431,44.74014,50.42546,0.14455,-2.65943,-7.1794
10.26,4.71511,-0.46264,0.88305,0.25297,0.03703,0.03936,1.64729,-5.91194,0.10458,-4.6927,-11.40915,-0.17903,-0.18272,1.72334,-3.08725,1.22752,-4.53462,-0.09298,-0.01896,-0.01055,-21.92888,0.22929,-1.47038,146.76883,0.00219,-0.00779,0.07299,47.53582,-2.87014,50.62791,59.88909,0.05714,-2.22835,-5.81432
10.28,6.30713,-0.29448,0.7997,0.03661,0.0352,0.03784,1.33809,-5.11495,0.12047,-4.22622,-10.7326,-0.12378,-0.1593,2.03221,-2.93856,1.11896,-4.27258,-0.12092,-0.01907,-0.01424,-21.86391,0.13718,-1.3711,127.36043,-0.01623,-0.16195,-0.15912,50.09717,-3.6793,56.39924,70.62521,-0.00868,-1.50896,-4.60582
10.3,7.64231,-0.10095,0.6915,-0.14247,0.0337,0.03564,1.02914,-4.37164,0.13558,-3.73445,-9.84481,-0.07754,-0.13528,2.0492,-2.71841,0.98297,-3.92162,-0.14543,-0.01737,-0.01776,-21.55502,0.04449,-1.20036,105.05492,-0.0197,-0.20738,-0.2581,52.1426,-4.45797,61.66493,82.11826,-0.05367,-0.6619,-3.54809
10.32,8.78168,0.09977,0.57452,-0.28306,0.03309,0.03283,0.67842,-3.74542,0.14527,-3.28041,-8.82582,-0.04085,-0.11207,1.67265,-2.53079,0.85746,-3.56594,-0.16519,-0.01496,-0.0209,-21.00664,-0.03297,-0.96899,81.37843,-0.01454,-0.18461,-0.25963,53.60413,-5.12685,65.93256,93.39513,-0.08017,0.14753,-2.63882
10.34,9.74772,0.29109,0.45842,-0.38494,0.03413,0.02953,0.32252,-3.13867,0.15775,-2.84189,-7.71072,-0.01349,-0.09052,1.27657,-2.34467,0.72036,-3.19765,-0.18037,-0.01271,-0.02368,-20.27676,-0.07391,-0.70667,58.2271,-0.00566,-0.12773,-0.20055,53.83513,-5.59827,68.57661,103.57631,-0.09108,0.78351,-1.87352
10.36,10.5559,0.46893,0.35104,-0.4497,0.03742,0.02595,-0.03602,-2.51283,0.17857,-2.40391,-6.52905,0.00554,-0.07084,1.03849,-2.11955,0.56208,-2.80817,-0.19117,-0.01116,-0.02605,-19.44401,-0.05846,-0.45123,37.17461,0.00403,-0.06086,-0.11297,52.28543,-5.80535,69.12344,111.79677,-0.0896,1.17279,-1.24599
10.38,11.24122,0.63305,0.25867,-0.48306,0.04316,0.02232,-0.4101,-1.89354,0.20436,-1.98694,-5.32173,0.01756,-0.05324,0.8662,-1.86475,0.40511,-2.42471,-0.19686,-0.01048,-0.02783,-18.57428,0.02388,-0.23259,19.13236,0.0137,0.00251,-0.02004,48.82788,-5.7271,67.37509,117.10307,-0.07932,1.31317,-0.74469
10.4,11.83873,0.77963,0.18701,-0.4914,0.05104,0.01867,-0.7827,-1.34401,0.2253,-1.61226,-4.16151,0.02402,-0.03791,0.66533,-1.629,0.26676,-2.07255,-0.1963,-0.0106,-0.02873,-17.70934,0.17097,-0.06456,4.43857,0.02379,0.05697,0.0637,43.8351,-5.37677,63.32985,118.42054,-0.06406,1.25511,-0.35643
10.42,12.37274,0.90263,0.13724,-0.48173,0.06038,0.01504,-1.11319,-0.88313,0.23328,-1.29194,-3.10433,0.02631,-0.02502,0.41112,-1.44671,0.15485,-1.77139,-0.1887,-0.01119,-0.02852,-16.8746,0.36851,0.0551,-6.9171,0.0353,0.10153,0.12964,37.77369,-4.79771,57.16806,114.89509,-0.04721,1.07286,-0.06886
10.44,12.82708,1.0093,0.10406,-0.46309,0.07113,0.01174,-1.38254,-0.46914,0.23122,-1.01602,-2.15836,0.02569,-0.01459,0.15558,-1.2732,0.06683,-1.5171,-0.17501,-0.01174,-0.02722,-16.09825,0.59174,0.13918,-15.1823,0.04896,0.13635,0.17277,30.54341,-4.06565,49.28563,106.62785,-0.03112,0.83937,0.13013
10.46,13.17178,1.11299,0.08263,-0.44226,0.08359,0.00891,-1.59156,-0.09717,0.22124,-0.77646,-1.33854,0.02322,-0.00646,-0.0989,-1.0854,0.00189,-1.30248,-0.1567,-0.01149,-0.02484,-15.80078,0.75728,0.17366,-17.26628,0.06344,0.15237,0.18148,22.31025,-3.26146,40.30424,94.28141,-0.01762,0.61127,0.2521
10.48,13.38273,1.22207,0.06946,-0.42246,0.09756,0.00653,-1.73067,0.21663,0.20129,-0.57325,-0.66794,0.01977,-0.00047,-0.36688,-0.90163,-0.04113,-1.12777,-0.13534,-0.00944,-0.02138,-15.6137,0.88316,0.19687,-17.18007,0.07846,0.15624,0.16802,13.77892,-2.46115,31.02598,78.90874,-0.0079,0.42113,0.30701
10.5,13.42035,1.33682,0.05817,-0.40511,0.11188,0.00447,-1.79167,0.46989,0.16582,-0.40606,-0.16416,0.01599,0.00353,-0.63327,-0.73693,-0.06417,-0.99148,-0.11421,-0.00441,-0.01698,-15.27797,0.99553,0.23067,-17.15259,0.09311,0.15007,0.13907,5.71396,-1.73755,22.25999,61.99439,-0.00218,0.27767,0.30476
10.52,13.23879,1.45412,0.04394,-0.39019,0.1247,0.00266,-1.77142,0.67826,0.11512,-0.27279,0.16221,0.01238,0.00567,-0.85922,-0.60025,-0.06471,-0.89032,-0.09669,0.005,-0.01181,-14.77719,1.0915,0.27673,-17.11639,0.10503,0.12961,0.09513,-1.33194,-1.13347,14.60735,45.10284,0.00015,0.17347,0.25741
10.54,12.80259,1.58708,0.02704,-0.37735,0.13578,0.00113,-1.6841,0.8409,0.05905,-0.16892,0.30887,0.00919,0.00612,-1.03161,-0.48717,-0.04676,-0.81605,-0.08444,0.02022,-0.00578,-14.15431,1.16694,0.33548,-17.03808,0.11102,0.08973,0.03722,-7.13618,-0.65977,8.38351,29.57426,8e-05,0.09514,0.17881
10.56,12.09671,1.75202,0.00747,-0.36606,0.14546,-0.00017,-1.54562,0.94567,0.00194,-0.09135,0.28429,0.00659,0.00513,-1.15524,-0.39335,-0.01958,-0.76111,-0.07821,0.04262,0.00131,-13.45264,1.21953,0.40594,-16.89454,0.10715,0.0249,-0.03287,-11.6295,-0.31359,3.65046,16.22816,-0.00137,0.0306,0.08264
10.58,11.13071,1.9548,-0.01512,-0.3552,0.15309,-0.00132,-1.36343,0.99845,-0.05557,-0.03806,0.11282,0.00462,0.00304,-1.21728,-0.31917,0.01272,-0.72138,-0.078,0.07332,0.00977,-12.67305,1.2521,0.48495,-16.65376,0.0887,-0.0705,-0.11235,-14.83522,-0.08292,0.30056,5.4143,-0.00339,-0.02766,-0.01872
10.6,9.94493,2.18974,-0.03921,-0.34461,0.15743,-0.00236,-1.15768,1.00386,-0.11092,-0.00718,-0.1687,0.00324,0.00021,-1.22581,-0.26157,0.04574,-0.69158,-0.08228,0.11301,0.01998,-11.89974,1.26496,0.56836,-16.31801,0.0501,-0.20139,-0.19648,-16.88042,0.05069,-1.86634,-2.82337,-0.00544,-0.08206,-0.11397
10.62,8.58631,2.44578,-0.06154,-0.33424,0.15722,-0.0032,-0.94571,0.96647,-0.15978,0.00285,-0.51407,0.00237,-0.00295,-1.19581,-0.21681,0.07615,-0.66705,-0.08884,0.1616,0.03217,-11.22321,1.25876,0.65218,-15.90084,-0.01476,-0.37101,-0.27808,-17.81259,0.10037,-2.93274,-7.99905,-0.00703,-0.12695,-0.18643
10.64,7.08432,2.72668,-0.07948,-0.32282,0.15303,-0.00383,-0.73103,0.88747,-0.20032,-0.00588,-0.88147,0.0019,-0.00612,-1.12736,-0.18217,0.10165,-0.64558,-0.09596,0.21789,0.04646,-10.5952,1.2394,0.73164,-15.38249,-0.11241,-0.58076,-0.35163,-17.27536,0.06894,-2.63232,-8.00758,-0.00747,-0.1405,-0.20117
10.66,5.46698,3.0348,-0.09144,-0.30945,0.14594,-0.00424,-0.51866,0.76908,-0.23304,-0.03024,-1.24229,0.00173,-0.00909,-1.02553,-0.15467,0.12073,-0.62541,-0.10239,0.27897,0.06258,-9.96629,1.20681,0.80381,-14.73715,-0.24934,-0.83038,-0.41316,-16.67127,0.04069,-2.34902,-7.984,-0.00774,-0.15314,-0.21064
10.68,3.77333,3.35706,-0.09489,-0.29404,0.13647,-0.0044,-0.3167,0.62136,-0.25584,-0.06599,-1.57523,0.00176,-0.01173,-0.90133,-0.13139,0.13477,-0.605,-0.10713,0.33893,0.07877,-9.3439,1.15184,0.86931,-13.94949,-0.43174,-1.12115,-0.45771,-16.01168,0.01789,-2.08122,-7.928,-0.00788,-0.16351,-0.21417
10.7,2.0604,3.6524,-0.09147,-0.27736,0.12592,-0.00428,-0.13529,0.44466,-0.27068,-0.10751,-1.86352,0.00189,-0.01397,-0.77244,-0.11176,0.14004,-0.58239,-0.10927,0.3918,0.09492,-8.7172,1.06379,0.93023,-13.02157,-0.6608,-1.42257,-0.47649,-15.33726,0.0019,-1.83745,-7.84284,-0.00794,-0.17009,-0.21115
10.72,0.37955,3.86926,-0.08492,-0.26007,0.11584,-0.00391,0.0218,0.25131,-0.28171,-0.1483,-2.0946,0.00207,-0.01576,-0.65275,-0.09601,0.13443,-0.55618,-0.10809,0.43248,0.1123,-8.04671,0.93085,0.98769,-11.95708,-0.93127,-1.6769,-0.45987,-14.68825,-0.00546,-1.62533,-7.73252,-0.00795,-0.17141,-0.20107
10.74,-1.23849,4.00565,-0.07379,-0.24101,0.10723,-0.00327,0.15481,0.06773,-0.2858,-0.18361,-2.26483,0.00224,-0.0171,-0.54191,-0.08192,0.1249,-0.52754,-0.10353,0.45198,0.12588,-7.32865,0.73575,1.03037,-10.63644,-1.23527,-1.87051,-0.40708,-14.05073,-0.00371,-1.43912,-7.60251,-0.00793,-0.16703,-0.18495
10.76,-2.7727,4.06512,-0.05772,-0.21889,0.10071,-0.00237,0.26131,-0.09557,-0.27993,-0.21068,-2.37757,0.00236,-0.01801,-0.44036,-0.0678,0.11539,-0.49777,-0.09565,0.44477,0.13094,-6.49218,0.47682,1.06168,-9.21201,-1.56892,-2.02464,-0.32299,-13.41121,0.00485,-1.27363,-7.45694,-0.00792,-0.15706,-0.16415
10.78,-4.20797,4.02874,-0.03995,-0.19313,0.09673,-0.00127,0.34142,-0.23499,-0.26536,-0.22739,-2.43836,0.00243,-0.01853,-0.35193,-0.05396,0.10515,-0.4675,-0.08431,0.41406,0.12871,-5.48012,0.15482,1.07475,-7.73227,-1.93253,-2.14502,-0.2101,-12.77862,0.01782,-1.12744,-7.29515,-0.00795,-0.14197,-0.13946
10.8,-5.52879,3.92075,-0.02371,-0.16344,0.0961,-7e-05,0.39737,-0.3457,-0.24432,-0.23266,-2.45763,0.00245,-0.01873,-0.27948,-0.03984,0.0945,-0.43879,-0.06997,0.36373,0.11783,-4.38795,-0.22646,1.0673,-6.27065,-2.25672,-2.15395,-0.0771,-12.16605,0.03209,-1.00065,-7.12231,-0.00804,-0.12346,-0.11372
10.82,-6.71804,3.76941,-0.01109,-0.12963,0.09971,0.00116,0.43221,-0.42248,-0.21877,-0.22608,-2.44723,0.00243,-0.01867,-0.22368,-0.02483,0.08375,-0.41423,-0.05317,0.30044,0.09888,-3.26029,-0.6539,1.0403,-4.8932,-2.43346,-1.95667,0.06953,-11.58857,0.04438,-0.89276,-6.94283,-0.00821,-0.1034,-0.08919
10.84,-7.75322,3.5607,-0.00247,-0.09132,0.10812,0.0023,0.44792,-0.46134,-0.18912,-0.20779,-2.41569,0.00241,-0.01842,-0.18173,-0.00959,0.0726,-0.39572,-0.03405,0.23486,0.0782,-2.00127,-1.11448,0.97769,-3.59368,-2.48695,-1.66213,0.22387,-11.04197,0.05231,-0.79769,-6.75108,-0.00849,-0.08267,-0.06549
10.86,-8.61875,3.29127,0.00222,-0.04845,0.1223,0.00323,0.44628,-0.45916,-0.1558,-0.17849,-2.36978,0.00238,-0.01801,-0.15067,0.00558,0.06069,-0.38481,-0.01302,0.17319,0.05918,-0.60477,-1.59946,0.86686,-2.39111,-2.46546,-1.36412,0.37409,-10.5171,0.05376,-0.70996,-6.54246,-0.00883,-0.06198,-0.04267
10.88,-9.3119,2.97999,0.00309,-0.00162,0.14378,0.00386,0.43036,-0.41173,-0.1201,-0.13942,-2.31484,0.00236,-0.01749,-0.12798,0.02127,0.04761,-0.38264,0.0091,0.11711,0.04192,0.83912,-2.09908,0.70822,-1.33621,-2.36571,-1.04406,0.50269,-10.01347,0.04702,-0.62723,-6.31754,-0.00921,-0.04207,-0.02139
10.9,-9.83346,2.66314,0.00091,0.04791,0.17425,0.00412,0.40346,-0.31565,-0.08731,-0.09294,-2.25498,0.00233,-0.01691,-0.1103,0.03752,0.03267,-0.38975,0.03122,0.06703,0.02653,2.25326,-2.56531,0.50679,-0.48268,-2.13783,-0.77074,0.60175,-9.54606,0.03011,-0.54703,-6.04391,-0.00953,-0.02339,-0.00201
10.92,-10.18741,2.37922,-0.00273,0.09829,0.21539,0.00396,0.36853,-0.16852,-0.06034,-0.04211,-2.19165,0.0023,-0.01629,-0.09429,0.05395,0.01557,-0.40635,0.05219,0.02212,0.01271,3.67972,-2.91914,0.27073,0.14652,-1.73593,-0.58491,0.67243,-9.13504,0.00254,-0.46781,-5.68177,-0.00967,-0.00624,0.01538
10.94,-10.37832,2.14532,-0.00613,0.14788,0.26771,0.00335,0.32709,0.0291,-0.0356,0.00978,-2.12051,0.00224,-0.01561,-0.07749,0.07184,-0.00355,-0.43215,0.07094,-0.01919,-0.00013,5.04497,-3.15005,0.01221,0.55023,-1.28495,-0.4326,0.6824,-8.77921,-0.03438,-0.39562,-5.37045,-0.00959,0.00951,0.03127
10.96,-10.42009,1.97701,-0.00814,0.19562,0.33064,0.00229,0.28,0.27333,-0.0117,0.05897,-2.03312,0.00216,-0.01481,-0.05835,0.09204,-0.02455,-0.46632,0.08665,-0.0586,-0.01256,6.20638,-3.28467,-0.24384,0.73077,-0.85693,-0.29044,0.60132,-8.45777,-0.07952,-0.32607,-5.09286,-0.00919,0.02464,0.0463
10.98,-10.34026,1.8877,-0.00805,0.24076,0.40284,0.00084,0.22822,0.55189,0.0104,0.10112,-1.91871,0.00203,-0.01382,-0.03641,0.11248,-0.04695,-0.50728,0.0991,-0.09757,-0.02508,7.15727,-3.33076,-0.48706,0.71603,-0.44338,-0.167,0.42814,-8.17368,-0.13119,-0.25812,-4.83473,-0.00837,0.04021,0.06145
11,-10.16672,1.8666,-0.00639,0.28212,0.47702,-0.00093,0.17237,0.85378,0.03087,0.13129,-1.76269,0.00185,-0.01255,-0.01233,0.13511,-0.06973,-0.55183,0.10828,-0.13692,-0.03795,7.99798,-3.27946,-0.70152,0.53447,-0.12473,-0.08236,0.15348,-7.93057,-0.18423,-0.19339,-4.59728,-0.00703,0.05741,0.0778
11.02,-9.92655,1.89323,-0.00417,0.31784,0.52096,-0.0028,0.11277,1.17941,0.05223,0.14443,-1.55026,0.00161,-0.01093,0.01282,0.16434,-0.0917,-0.59585,0.11424,-0.17659,-0.0512,8.87686,-3.13836,-0.85493,0.22788,0.15954,-0.02526,-0.201,-7.73574,-0.23009,-0.13565,-4.38323,-0.00512,0.07734,0.09622
11.04,-9.65017,1.95713,-0.00228,0.34673,0.53026,-0.00459,0.04925,1.50766,0.07499,0.13584,-1.27296,0.00129,-0.00889,0.0379,0.19509,-0.11205,-0.63632,0.11695,-0.21504,-0.06428,9.76359,-2.97606,-1.0383,-0.14369,0.48625,0.03078,-0.59614,-7.5883,-0.26363,-0.08406,-4.18125,-0.00258,0.1009,0.11764
11.06,-9.36311,2.05344,-0.00169,0.36801,0.53482,-0.0062,-0.01924,1.80667,0.09706,0.10196,-0.92839,0.00089,-0.00642,0.06165,0.22216,-0.13057,-0.67063,0.11605,-0.24911,-0.0761,10.5694,-2.83495,-1.41712,-0.5409,0.79141,0.07973,-1.01601,-7.48399,-0.28205,-0.03971,-3.98098,0.00054,0.12848,0.14251
11.08,-9.07966,2.18307,-0.00276,0.37988,0.53365,-0.00749,-0.09404,2.05961,0.11705,0.04056,-0.52287,0.0004,-0.00356,0.08275,0.24798,-0.14773,-0.69583,0.11076,-0.27406,-0.08561,11.25524,-2.7146,-2.11036,-0.94912,1.0459,0.1131,-1.45106,-7.42657,-0.28222,-0.01109,-3.77686,0.00416,0.15944,0.16993
11.1,-8.81213,2.34435,-0.00504,0.37965,0.52211,-0.00824,-0.1762,2.26192,0.13755,-0.04941,-0.07595,-0.00018,-0.00045,0.10055,0.26918,-0.16282,-0.70861,0.10022,-0.28164,-0.08907,11.87524,-2.62904,-3.14697,-1.32545,1.20735,0.12267,-1.82958,-7.40857,-0.26016,0.00163,-3.57822,0.00809,0.1929,0.2003
11.12,-8.57265,2.53254,-0.00758,0.36456,0.49469,-0.00813,-0.26654,2.41998,0.16291,-0.16742,0.39024,-0.00082,0.00277,0.11535,0.28146,-0.17464,-0.70582,0.08365,-0.26303,-0.08204,12.40888,-2.61329,-4.45015,-1.57038,1.23185,0.10203,-2.02954,-7.42037,-0.2142,-0.00244,-3.39111,0.01201,0.22781,0.23477
11.14,-8.37215,2.75607,-0.00963,0.33375,0.4551,-0.00728,-0.36425,2.50591,0.18888,-0.31062,0.85368,-0.00153,0.00597,0.12595,0.28838,-0.18411,-0.6859,0.06031,-0.21642,-0.06621,12.55483,-2.66038,-5.96354,-1.7127,1.1264,0.0507,-2.07182,-7.46151,-0.15395,-0.03667,-3.19408,0.01559,0.26125,0.26981
11.16,-8.22585,3.01567,-0.01104,0.28702,0.3708,-0.00594,-0.4671,2.49712,0.20961,-0.47239,1.29006,-0.00227,0.009,0.13109,0.29375,-0.1924,-0.6483,0.03071,-0.14405,-0.04392,12.13941,-2.75032,-7.59788,-1.86792,0.90789,-0.02645,-2.01602,-7.53321,-0.09147,-0.1119,-2.96267,0.01837,0.28977,0.30104
11.18,-8.1676,3.28767,-0.01223,0.22645,0.26731,-0.00427,-0.57317,2.41841,0.22346,-0.64142,1.67461,-0.00301,0.01172,0.13085,0.29969,-0.19956,-0.59336,-0.00308,-0.052,-0.01657,11.20302,-2.89594,-9.12808,-2.07243,0.6075,-0.12049,-1.85601,-7.63953,-0.03694,-0.23274,-2.67433,0.01982,0.31039,0.32636
11.2,-8.24986,3.5088,-0.0133,0.15697,0.17257,-0.00268,-0.67265,2.24844,0.23508,-0.79511,1.98422,-0.0037,0.01395,0.12314,0.29728,-0.19966,-0.52406,-0.03776,0.04655,0.01132,9.7949,-3.10602,-10.22646,-2.33173,0.24704,-0.2071,-1.58177,-7.74101,-0.00316,-0.37698,-2.32797,0.01931,0.31936,0.34298
11.22,-8.53706,3.59296,-0.01379,0.08314,0.09692,-0.00146,-0.75128,1.97621,0.24911,-0.90236,2.1999,-0.00429,0.01554,0.10558,0.27814,-0.18518,-0.4447,-0.06841,0.13966,0.03889,8.02251,-3.38191,-10.53943,-2.6039,-0.09243,-0.23905,-1.18606,-7.78858,-0.00015,-0.50601,-1.90774,0.0161,0.31167,0.34717
11.24,-9.10255,3.51207,-0.01407,0.00793,0.04342,-0.0006,-0.81043,1.67707,0.25481,-0.94635,2.29868,-0.00472,0.0163,0.07743,0.25347,-0.15794,-0.35932,-0.09168,0.21544,0.06355,6.13129,-3.68912,-10.00305,-2.90308,-0.32535,-0.21732,-0.76155,-7.79615,-0.03165,-0.61765,-1.37449,0.00944,0.28161,0.33431
11.26,-10.03457,3.26616,-0.0147,-0.06572,0.01182,-0.00012,-0.8571,1.39998,0.24518,-0.91918,2.2703,-0.005,0.01616,0.03657,0.23138,-0.11833,-0.2723,-0.10663,0.26325,0.07951,4.37034,-3.97218,-8.72304,-3.17601,-0.44777,-0.16645,-0.37271,-7.76764,-0.09657,-0.70811,-0.69854,-0.00138,0.22255,0.29944
11.28,-11.43479,2.84674,-0.01521,-0.13477,-0.00117,0,-0.8921,1.1504,0.22431,-0.81572,2.13019,-0.00513,0.01518,-0.01989,0.21085,-0.06359,-0.18864,-0.11283,0.28176,0.08589,2.8793,-4.16249,-6.7449,-3.24093,-0.46822,-0.09395,-0.04999,-7.65718,-0.18914,-0.74678,0.12735,-0.01695,0.12731,0.23812
11.3,-13.42924,2.24376,-0.01525,-0.19718,-0.00203,-0.00014,-0.91467,0.93448,0.18581,-0.65104,1.89862,-0.00515,0.01354,-0.09348,0.19067,0.00386,-0.11417,-0.11151,0.27315,0.08197,1.72741,-4.17978,-4.65139,-3.14045,-0.41926,-0.03277,0.15157,-7.39949,-0.29483,-0.74057,1.09199,-0.03758,-0.01125,0.14536
11.32,-16.14647,1.46039,-0.014,-0.25229,0.00163,-0.00048,-0.92231,0.7594,0.12979,-0.44412,1.60492,-0.00508,0.01149,-0.18355,0.16887,0.08235,-0.05364,-0.10452,0.24341,0.06915,0.8842,-4.02978,-3.01471,-2.89693,-0.33401,0.01813,0.40639,-6.90318,-0.39092,-0.69875,2.17238,-0.06322,-0.19797,0.01899
11.34,-19.67979,0.6256,-0.01071,-0.29902,0.00171,-0.00099,-0.92027,0.6389,0.06937,-0.20451,1.2881,-0.00494,0.00926,-0.29024,0.14975,0.16897,-0.00926,-0.09298,0.20361,0.05326,0.28353,-3.748,-1.71282,-2.35458,-0.21722,0.07921,0.75515,-6.1239,-0.46553,-0.61217,3.30291,-0.09319,-0.43437,-0.14058
11.36,-24.07029,-0.11579,-0.00451,-0.33806,-0.00897,-0.00166,-0.91452,0.57846,0.0096,0.05404,0.9716,-0.00469,0.00701,-0.41582,0.13568,0.25691,0.01856,-0.07808,0.1618,0.03823,-0.1531,-3.3386,-0.68619,-1.53839,-0.07511,0.13874,1.03807,-4.99394,-0.51013,-0.47196,4.36753,-0.12598,-0.71812,-0.33008
11.38,-29.2522,-0.70852,0.00921,-0.37401,-0.03472,-0.0026,-0.90661,0.57203,-0.04896,0.31609,0.6628,-0.00424,0.0048,-0.56096,0.12181,0.33712,0.03125,-0.06126,0.12212,0.02571,-0.50388,-2.79808,-0.06935,-0.6143,0.08048,0.193,1.25861,-3.43984,-0.50864,-0.27749,5.20794,-0.1591,-1.04838,-0.54856
11.4,-35.1662,-1.00966,0.02715,-0.4186,-0.07586,-0.00391,-0.90923,0.61941,-0.10239,0.56814,0.36231,-0.00347,0.00264,-0.73183,0.11385,0.41145,0.03114,-0.04417,0.08748,0.01715,-0.82392,-2.27217,0.00342,0.2674,0.24035,0.23471,1.29599,-1.57567,-0.47363,-0.08526,5.77442,-0.1882,-1.38507,-0.7654
11.42,-41.704,-0.95929,0.03962,-0.48902,-0.12878,-0.00566,-0.93751,0.72345,-0.1427,0.79825,0.06479,-0.00219,0.00051,-0.93983,0.12002,0.49087,0.02019,-0.02823,0.05957,0.01344,-1.13471,-1.91145,-0.1644,1.02441,0.40753,0.25467,1.06275,0.59286,-0.40694,0.15274,6.13962,-0.2081,-1.65157,-0.91384
11.44,-48.44036,-0.70517,0.05311,-0.6023,-0.18967,-0.00792,-0.99544,0.87932,-0.16673,0.99701,-0.24129,-0.00016,-0.00167,-1.18519,0.13162,0.56259,-0.00116,-0.01432,0.03913,0.01511,-1.44356,-1.57048,-0.31274,1.60826,0.57418,0.26036,0.73692,3.12305,-0.29209,0.4805,6.17337,-0.21588,-1.83497,-0.98834
11.46,-54.89361,-0.34229,0.07533,-0.7806,-0.25605,-0.01062,-1.08713,1.0854,-0.17689,1.15654,-0.57352,0.00291,-0.00403,-1.4653,0.14182,0.6086,-0.0351,-0.00332,0.0264,0.02262,-1.75414,-1.15505,-0.5368,1.98611,0.72225,0.25909,0.4177,5.84078,-0.14609,0.78959,5.80137,-0.21048,-1.95192,-1.01385
11.48,-60.66737,0.09659,0.10117,-1.05413,-0.32628,-0.01362,-1.21779,1.35004,-0.17532,1.27113,-0.95218,0.0073,-0.0067,-1.78398,0.15478,0.62593,-0.08627,0.00399,0.02115,0.03634,-2.04743,-0.74024,-0.77491,2.1924,0.84937,0.25428,0.11505,8.42617,-0.00586,0.94563,5.2076,-0.19182,-2.01179,-0.99232
11.5,-65.52316,0.56231,0.12129,-1.46238,-0.39885,-0.01654,-1.39256,1.68688,-0.16072,1.3363,-1.39648,0.01333,-0.00982,-2.14106,0.17195,0.6201,-0.16108,0.00706,0.0229,0.05658,-2.28365,-0.3849,-1.03049,2.27118,0.95139,0.24891,-0.14842,10.91905,0.09321,0.91501,4.45054,-0.16296,-1.91663,-0.8883
11.52,-69.23481,1.00035,0.12578,-2.04987,-0.4742,-0.01909,-1.62755,2.10757,-0.13533,1.34855,-1.9214,0.02125,-0.01351,-2.53888,0.19169,0.60152,-0.26667,0.00562,0.03094,0.08342,-2.41758,-0.13097,-1.33197,2.26786,1.02447,0.24562,-0.34342,13.67379,0.14294,0.76472,3.63342,-0.12768,-1.55231,-0.65588
11.54,-71.22823,1.4001,0.11202,-2.84556,-0.55379,-0.02135,-1.91375,2.62094,-0.10803,1.30524,-2.52812,0.03114,-0.01779,-2.97212,0.2163,0.55926,-0.4079,-0.00026,0.04426,0.11666,-2.42201,0.01272,-1.58927,2.24719,1.07442,0.25064,-0.45935,16.16659,0.14162,0.41717,2.92641,-0.08814,-1.11015,-0.38167
11.56,-71.06268,1.77666,0.08256,-3.8439,-0.58519,-0.0232,-2.24707,3.2253,-0.09062,1.20542,-3.20034,0.0429,-0.02259,-3.4436,0.24565,0.48741,-0.58514,-0.00994,0.06152,0.15528,-2.27306,0.05765,-1.76056,2.2558,1.10647,0.26905,-0.50937,17.79881,0.0972,-0.17078,2.36106,-0.04705,-0.72777,-0.14261
11.58,-68.6956,2.12242,0.04253,-4.84442,-0.609,-0.02583,-2.69297,3.88291,-0.1,1.05212,-3.908,0.05606,-0.02768,-3.99002,0.26777,0.40021,-0.79198,-0.0222,0.08085,0.1951,-1.94986,0.01945,-1.86587,2.31614,1.12425,0.3018,-0.49993,18.55639,0.03654,-0.85243,1.84401,-0.00756,-0.35999,0.08265
11.6,-64.48107,2.49216,0.00204,-5.06737,-0.64208,-0.03105,-3.11497,4.64635,-0.10608,0.85738,-4.5627,0.06977,-0.03253,-4.52692,0.28817,0.2827,-1.02297,-0.03515,0.09997,0.23717,-1.46504,-0.07762,-1.91067,2.44883,1.12953,0.35265,-0.4491,19.07574,-0.01134,-1.45797,0.99534,0.0272,-0.13954,0.20165
11.62,-58.87451,2.87526,-0.02462,-5.30943,-0.65184,-0.03444,-3.27296,5.62227,-0.07344,0.62974,-5.04371,0.08264,-0.03646,-4.91861,0.32384,0.13817,-1.27098,-0.04646,0.11638,0.28631,-0.83658,-0.20229,-1.90229,2.66847,1.12318,0.42485,-0.37349,20.06513,-0.04066,-1.92759,-0.14783,0.05459,-0.13569,0.16527
11.64,-51.98944,3.20665,-0.03203,-5.51764,-0.64894,-0.03732,-3.31834,6.70051,-0.04096,0.36833,-5.32443,0.09241,-0.03902,-5.2382,0.34241,0.00537,-1.503,-0.0555,0.12745,0.3298,-0.07416,-0.32988,-1.86091,2.98454,1.10935,0.51859,-0.27458,20.85036,-0.05213,-2.25668,-1.33555,0.07186,-0.17835,0.10245
11.66,-44.05677,3.42378,-0.02613,-5.66267,-0.64507,-0.04107,-3.44438,7.70506,-0.04353,0.07497,-5.41869,0.09608,-0.04001,-5.58945,0.30615,-0.10332,-1.67633,-0.0634,0.13107,0.35418,0.79339,-0.44662,-1.79819,3.40563,1.09052,0.63064,-0.15593,20.95718,-0.04037,-2.40582,-2.63127,0.07617,-0.19352,0.0695
11.68,-35.6288,3.52243,-0.0146,-5.77067,-0.63067,-0.04429,-3.60054,8.5278,-0.07502,-0.24645,-5.32322,0.09002,-0.03936,-5.96,0.21483,-0.19409,-1.75557,-0.07184,0.12587,0.36058,1.72101,-0.54353,-1.71861,3.93056,1.06486,0.74569,-0.026,20.56921,-0.00844,-2.33265,-4.00266,0.06561,-0.23693,0.03612
11.7,-27.36356,3.49206,-0.00627,-5.83304,-0.61582,-0.0482,-3.68049,9.24014,-0.09782,-0.58722,-5.08732,0.07033,-0.03717,-6.17954,0.08218,-0.24783,-1.71556,-0.0835,0.11111,0.34079,2.66102,-0.61249,-1.62456,4.59979,1.03029,0.88396,0.10613,19.79929,0.03247,-2.09723,-5.25309,0.03908,-0.26031,0.01806
11.72,-19.88864,3.31261,-0.0058,-5.83891,-0.61138,-0.05395,-3.55656,10.02331,-0.06671,-0.92559,-4.77666,0.03288,-0.03369,-6.01362,-0.04213,-0.20338,-1.54242,-0.10101,0.08636,0.28954,3.57711,-0.64653,-1.51337,5.46682,0.98538,1.08777,0.24606,18.70208,0.07141,-1.76608,-6.07791,-0.00354,-0.18811,0.03251
11.74,-13.53104,3.00918,-0.01991,-5.81868,-0.58744,-0.0584,-3.29099,10.4683,-0.02018,-1.22677,-4.43994,-0.02628,-0.02957,-5.52205,-0.14136,-0.06134,-1.24649,-0.12427,0.0513,0.22047,4.4244,-0.65352,-1.38628,6.50366,0.92639,1.30928,0.39311,17.3811,0.08693,-1.3054,-6.2925,-0.06087,-0.09049,0.05034
11.76,-8.44836,2.62627,-0.0601,-5.78783,-0.40258,-0.05898,-2.92436,10.15097,0.01615,-1.45734,-4.13474,-0.10953,-0.0254,-4.71684,-0.20213,0.13601,-0.87885,-0.15118,0.00579,0.14302,5.1614,-0.64424,-1.24746,7.66945,0.85175,1.48909,0.53288,16.02508,0.04391,-0.7437,-5.77858,-0.12901,-0.02276,0.05518
11.78,-4.64603,2.19625,-0.13981,-5.7325,-0.19147,-0.05617,-2.36167,9.14576,0.07061,-1.59057,-3.92375,-0.21756,-0.02149,-3.48678,-0.17089,0.37449,-0.49466,-0.18018,-0.05006,0.05861,5.77297,-0.62103,-1.09682,8.94614,0.76506,1.63722,0.6577,14.7794,-0.08957,-0.16323,-4.44032,-0.20248,0.03229,0.05394
11.8,-1.95335,1.77694,-0.27862,-4.11956,0.02003,-0.04578,-1.88314,6.89306,0.08628,-1.59499,-3.89774,-0.34936,-0.01845,-2.12139,-0.11773,0.66202,-0.12626,-0.20338,-0.11577,-0.03073,6.25858,-0.58995,-0.93743,10.38756,0.66385,1.7148,0.76574,14.00815,-0.31465,0.26875,-2.50727,-0.27133,0.04531,0.03894
11.82,-0.16095,1.39495,-0.48505,-1.88812,0.22886,-0.03414,-1.68421,3.38119,0.04446,-1.48201,-4.14781,-0.50396,-0.01697,-0.84863,-0.03178,0.97723,0.26524,-0.21016,-0.19067,-0.12473,6.63474,-0.56106,-0.7778,12.05997,0.55027,1.68163,0.8593,14.03516,-0.56933,0.45656,-0.20862,-0.32213,0.01878,0.01273
11.84,0.96006,1.0551,-0.75002,0.3642,0.43944,-0.02128,-1.52996,-0.41477,0.01077,-1.32185,-4.67343,-0.67976,-0.01679,0.24277,0.16353,1.19644,0.7785,-0.20553,-0.27177,-0.22607,6.89656,-0.53719,-0.62272,13.85062,0.43918,1.57736,0.92215,14.71376,-0.8323,0.48905,2.30463,-0.35171,0.0008,-0.01173
11.86,1.60467,0.76657,-1.07188,2.51095,0.46044,-0.00888,-1.32067,-4.20848,0.00162,-1.22696,-5.4276,-0.87555,-0.01764,0.86463,0.40752,1.24791,1.4851,-0.19186,-0.35334,-0.33724,7.04591,-0.51696,-0.4739,15.63713,0.3387,1.43403,0.93976,15.90122,-1.11364,0.4064,4.72363,-0.36281,0.00118,-0.03542
11.88,1.91443,0.53104,-1.4566,4.44051,0.45504,0.00058,-1.12474,-8.01601,0.00068,-1.35032,-6.37872,-1.09621,-0.01966,0.83266,0.62781,1.16362,2.41868,-0.16248,-0.42808,-0.46654,7.12718,-0.50271,-0.33674,17.3953,0.24936,1.25984,0.9206,14.18955,-1.16056,0.12809,5.93265,-0.30285,-0.01641,-0.07616
11.9,1.98506,0.34866,-1.8852,5.56792,0.46103,0.00573,-1.02205,-11.40703,-0.00106,-1.68518,-7.2918,-1.31064,-0.02284,0.27146,0.89091,0.92555,3.52794,-0.12323,-0.48443,-0.58357,7.12633,-0.48819,-0.19886,19.16241,0.17173,1.04543,0.85547,6.21409,-0.77003,0.00304,4.71961,-0.15335,-0.12338,-0.1604
11.92,1.88527,0.21069,-2.28318,5.49137,0.47358,0.00637,-1.04338,-13.4806,-0.00697,-2.22833,-7.82011,-1.45143,-0.02707,-0.37697,1.3534,0.60259,4.6593,-0.08004,-0.51212,-0.62012,7.01173,-0.46166,-0.04258,20.98121,0.10662,0.79824,0.7432,-6.41852,-0.04352,0.47907,1.20766,0.02654,-0.33082,-0.28876
11.94,1.68301,0.09241,-2.70505,5.42657,0.48533,0.00399,-1.09915,-14.31762,-0.04316,-3.17888,-7.99917,-1.51337,-0.03141,-0.79537,1.91759,0.32442,5.66182,-0.03945,-0.5112,-0.59345,6.83468,-0.42508,0.12279,22.75423,0.05471,0.56644,0.61763,-24.0788,1.05654,1.87322,-4.82028,0.22326,-0.64204,-0.46211
11.96,1.43602,-0.03637,-3.26806,5.37939,0.49161,0.00094,-1.11583,-14.44745,-0.14744,-4.56387,-7.95398,-1.51931,-0.03444,-0.84871,2.39769,0.12875,6.4324,-0.01618,-0.48601,-0.54004,6.62505,-0.37617,0.29565,24.3656,0.01524,0.37209,0.49925,-47.29666,2.55458,4.4852,-12.84428,0.4225,-1.00251,-0.65596
11.98,1.18866,-0.19546,-3.90225,5.34759,0.48898,-0.00076,-1.08586,-13.95609,-0.34907,-6.19703,-7.65959,-1.45562,-0.03505,-0.49026,2.64486,0.00719,6.89283,-0.01985,-0.44098,-0.44583,6.34907,-0.29239,0.49583,25.75589,-0.01336,0.21311,0.39081,-75.30994,4.3959,8.54642,-22.35479,0.59834,-1.29099,-0.81194
12,0.98417,-0.41825,-4.92138,5.34246,0.47143,-0.00055,-0.9929,-12.44847,-0.659,-7.62348,-7.35616,-1.29674,-0.03391,-0.08564,2.95599,-0.01936,7.03854,-0.04897,-0.38479,-0.34724,5.95306,-0.19897,0.70051,26.93613,-0.03258,0.08957,0.29502,-106.88103,6.51714,14.16213,-32.19755,0.71155,-1.31632,-0.83812
12.02,0.85893,-0.79416,-6.53723,5.38733,0.42823,6e-05,-0.76816,-9.57166,-1.03171,-8.24134,-7.317,-1.04059,-0.03265,-0.03342,3.86357,0.00044,6.92999,-0.09128,-0.32524,-0.27847,5.3933,-0.14122,0.88238,27.91002,-0.04366,0.00118,0.21401,-140.32898,8.91054,21.32015,-40.54331,0.70495,-0.87482,-0.63152
12.04,0.83722,-1.35675,-7.73116,5.46577,0.36247,-0.00251,-0.43041,-6.72959,-1.25076,-7.77167,-7.45971,-0.78068,-0.03165,-0.58512,4.99196,-0.03365,6.61774,-0.13314,-0.26392,-0.217,4.65664,-0.06791,1.06624,28.52221,-0.04765,-0.05344,0.1493,-172.13569,11.23344,29.67242,-46.85605,0.51675,0.15011,-0.12757
12.06,0.93815,-2.07963,-7.58677,5.55728,0.27806,-0.01126,-0.15646,-5.00937,-1.11784,-6.15771,-7.69139,-0.60248,-0.03115,-1.87918,5.87216,-0.14025,6.15931,-0.1671,-0.20316,-0.15632,3.74851,0.06923,1.25803,28.68135,-0.04526,-0.07692,0.0987,-199.27132,13.04543,38.69571,-51.15554,0.11497,1.77747,0.68849
12.08,1.17477,-3.00327,-6.06675,5.65193,0.15502,-0.02888,-0.04614,-4.32274,-0.57402,-3.06776,-8.05438,-0.5268,-0.03062,-3.76263,6.42784,-0.30015,5.61595,-0.18812,-0.14704,-0.10745,2.69262,0.24775,1.43327,28.44063,-0.03677,-0.07166,0.05676,-220.66035,14.27957,48.16544,-53.23823,-0.47831,3.95847,1.78461
12.1,1.54847,-4.12424,-3.75668,5.75735,0.04853,-0.04726,-0.07064,-4.60361,0.08786,0.06105,-8.29726,-0.53031,-0.02859,-5.52951,6.87672,-0.46642,5.07626,-0.19529,-0.09786,-0.07165,1.5058,0.48487,1.50548,27.86491,-0.02216,-0.03958,0.01719,-234.88665,14.93049,56.79507,-53.68552,-1.18345,6.37792,3.01685
12.12,2.04559,-5.43365,-1.4424,5.1619,0.05278,-0.0374,0.00333,-5.0965,0.6045,1.05141,-8.08503,-0.55051,-0.02502,-6.3481,7.60975,-0.58647,4.57366,-0.1889,-0.05761,-0.04618,0.28094,0.7998,1.40946,27.00365,-0.00113,0.01795,-0.02699,-241.27611,15.12667,62.5503,-53.12668,-1.89155,8.31564,4.07969
12.14,2.62491,-6.93938,0.29737,4.64342,0.10189,-0.01483,0.34235,-5.19592,1.02135,1.11549,-7.53745,-0.55392,-0.01973,-6.17121,8.08398,-0.61915,4.09261,-0.17185,-0.02722,-0.02829,-0.85144,1.13475,1.20404,25.89167,0.02671,0.09986,-0.08241,-241.67511,15.20493,65.6692,-51.57243,-2.48606,9.52503,4.82805
12.16,3.21549,-8.62735,1.0689,4.29126,0.13786,0.00791,1.01466,-4.77819,1.255,1.18124,-6.78643,-0.50007,-0.01284,-5.23909,7.97571,-0.5947,3.64855,-0.14882,-0.00529,-0.01582,-1.83907,1.43505,0.94254,24.55971,0.06159,0.20456,-0.15412,-237.56268,15.36915,66.97989,-49.10811,-2.87496,10.16377,5.28753
12.18,3.72489,-10.39097,0.9052,4.10695,0.18317,0.03353,1.89945,-3.90257,1.2579,0.96211,-5.79708,-0.35172,-0.00556,-3.61558,7.5876,-0.64794,3.23345,-0.12076,0.01081,-0.00724,-2.65636,1.67698,0.64861,23.02572,0.10331,0.32942,-0.24546,-229.38973,15.58803,66.2121,-45.87338,-3.02143,10.13803,5.42583
12.2,4.01351,-12.18248,0.21543,3.97995,0.14604,0.06134,2.84801,-2.70017,1.04719,0.55605,-4.79128,-0.15929,0.00122,-1.97405,6.89175,-0.72019,2.87361,-0.0951,0.02401,-0.00184,-3.26527,1.82335,0.35064,21.28484,0.15102,0.46908,-0.35556,-217.5092,15.62471,63.21797,-42.46502,-2.92357,9.4978,5.25508
12.22,3.94988,-14.02397,-0.43326,3.83979,0.02905,0.09248,3.81999,-1.4002,0.69996,0.15092,-3.94571,0.05836,0.00643,-0.8351,5.95144,-0.66678,2.61576,-0.07702,0.03741,0.00172,-3.61821,1.83714,0.09474,19.33102,0.20258,0.61072,-0.47906,-202.17454,15.15539,58.05267,-39.49302,-2.60945,8.35168,4.80551
12.24,3.46203,-15.56127,-0.74295,3.63716,-0.17315,0.1254,4.53461,-0.27686,0.31124,-0.13663,-3.17552,0.29002,0.00875,-0.03791,5.01875,-0.61359,2.39094,-0.06032,0.05361,0.00494,-3.75403,1.71045,-0.07829,17.20662,0.25451,0.74209,-0.61027,-184.07657,13.92958,51.45632,-36.43367,-2.13417,6.90655,4.18937
12.26,2.5455,-16.43207,-0.68107,3.30973,-0.4734,0.15674,4.78284,0.49401,-0.02802,-0.32505,-2.46185,0.46468,0.00754,0.48422,4.1795,-0.6379,2.1263,-0.04165,0.07469,0.00823,-3.74732,1.46553,-0.17191,14.96422,0.30117,0.84517,-0.74319,-163.83086,11.82235,44.10279,-32.90421,-1.55578,5.38277,3.51378
12.28,1.28298,-16.5964,-0.33047,2.80602,-0.70013,0.18677,4.6846,0.81933,-0.24302,-0.46251,-1.85436,0.55144,0.0033,0.69655,3.40818,-0.58588,1.80481,-0.02226,0.1025,0.01182,-3.62746,1.14329,-0.20169,12.62722,0.33254,0.87532,-0.87227,-141.60784,8.87336,36.15809,-29.24137,-0.93223,3.82795,2.78213
12.3,-0.14253,-15.71114,-0.03386,2.10026,-0.83044,0.21024,4.19868,0.77931,-0.29985,-0.56846,-1.33482,0.55034,-0.00235,0.62933,2.62169,-0.49297,1.4201,-0.00303,0.13757,0.01612,-3.5063,0.79891,-0.19818,10.23009,0.34326,0.84021,-0.96962,-118.35693,5.23831,28.58626,-25.20941,-0.32829,2.60723,2.16841
12.32,-1.50465,-13.69221,0.03705,1.19152,-0.89557,0.22213,3.35968,0.64196,-0.22716,-0.6127,-0.87668,0.48369,-0.00695,0.46383,1.83212,-0.54229,0.98418,0.0157,0.17866,0.02168,-3.49509,0.48656,-0.19776,7.82981,0.33043,0.75416,-0.99573,-95.1348,1.2768,22.0106,-20.62535,0.19397,1.91961,1.7947
12.34,-2.60338,-11.16809,0.00246,0.07754,-0.92882,0.22638,2.26282,0.46993,-0.09711,-0.57205,-0.4728,0.37545,-0.00904,0.39362,1.13433,-0.61055,0.48936,0.03387,0.22408,0.02829,-3.57103,0.2488,-0.19665,5.48392,0.27767,0.48481,-0.96502,-71.73772,-2.58549,16.08304,-16.21504,0.58893,1.43718,1.5021
12.36,-3.31431,-8.55692,-0.11856,-1.17644,-0.96149,0.22697,0.93417,0.25985,0.03277,-0.44351,-0.11534,0.24395,-0.00869,0.46346,0.55275,-0.62349,-0.05224,0.05151,0.27058,0.03499,-3.71175,0.09742,-0.1823,3.24131,0.1774,-0.05191,-0.90096,-48.19333,-6.12311,10.77483,-12.31019,0.83219,1.00751,1.20582
12.38,-3.61097,-5.95685,-0.30889,-2.45004,-0.98954,0.22462,-0.57648,0.07713,0.13255,-0.22896,0.18867,0.11027,-0.00643,0.60695,0.07558,-0.63328,-0.61172,0.07024,0.31131,0.04095,-3.9422,0.02134,-0.17016,1.15034,0.03939,-0.87598,-0.80095,-25.05123,-9.22745,6.35819,-8.78508,0.92126,0.67891,0.9401
12.4,-3.56984,-3.43656,-0.56987,-3.62002,-0.99627,0.20369,-2.09659,-0.09198,0.16566,0.04488,0.41455,-0.0153,-0.00348,0.8132,-0.29455,-0.62883,-1.13419,0.09117,0.33819,0.04585,-4.15119,-0.0012,-0.13227,-0.7225,-0.12,-1.83873,-0.69128,-2.86912,-11.76117,3.04459,-5.82682,0.86736,0.44887,0.71123
12.42,-3.31375,-1.10171,-0.97351,-4.60812,-0.96639,0.16062,-3.21261,-0.21169,0.12557,0.34033,0.53734,-0.10698,-0.00032,1.19436,-0.5734,-0.58028,-1.50759,0.11387,0.34332,0.04946,-4.18264,-4e-05,-0.0179,-2.25831,-0.25939,-2.25956,-0.59476,17.3561,-13.54038,0.9321,-3.44501,0.69253,0.29876,0.51775
12.44,-2.9161,0.93923,-1.4325,-5.29426,-0.63574,0.12312,-3.86073,-0.24771,0.07299,0.63923,0.52696,-0.15099,0.00328,1.63233,-0.7678,-0.46765,-1.70895,0.14045,0.31825,0.04885,-4.07813,0.00131,0.11558,-3.37911,-0.35224,-2.17603,-0.5008,34.76632,-14.66874,0.02638,-1.42446,0.42771,0.20537,0.35312
12.46,-2.43682,2.67389,-1.8192,-5.5905,-0.2678,0.094,-4.1995,-0.23238,0.03263,0.925,0.36945,-0.16264,0.00681,1.91654,-0.88031,-0.28638,-1.77248,0.17288,0.25911,0.04257,-3.89578,-0.01142,0.20638,-4.09246,-0.39936,-1.94258,-0.40554,49.07144,-15.35366,0.27318,0.24959,0.10138,0.1539,0.21484
12.48,-1.94468,4.0736,-2.09055,-5.5323,0.07075,0.07111,-4.18146,-0.18812,0.00274,1.17964,0.08319,-0.15051,0.00995,2.06302,-0.92958,-0.03958,-1.69992,0.20781,0.16954,0.03245,-3.61218,-0.04219,0.26517,-4.43044,-0.39947,-1.52923,-0.31593,60.1462,-15.62818,1.47048,1.52355,-0.25962,0.13871,0.10918
12.5,-1.4758,5.11554,-2.19949,-5.15045,0.36422,0.05386,-3.9451,-0.10965,-0.01444,1.39578,-0.29159,-0.13081,0.01227,2.00923,-0.93665,0.26191,-1.54902,0.24572,0.05726,0.01867,-3.29073,-0.08341,0.26807,-4.48088,-0.36945,-1.16756,-0.23941,67.84147,-15.87783,3.26997,2.36185,-0.6262,0.16062,0.04346
12.52,-1.05603,5.79236,-2.11026,-4.50823,0.6069,0.04152,-3.62115,0.00807,-0.02125,1.56525,-0.68672,-0.12078,0.01338,1.72266,-0.92597,0.59305,-1.38202,0.28983,-0.06434,0.00462,-2.9991,-0.12073,0.21295,-4.35197,-0.32869,-0.99582,-0.17974,72.05292,-16.57491,5.25545,2.72958,-0.97123,0.23086,0.02553
12.54,-0.70955,5.9911,-1.80794,-3.72485,0.78525,0.0319,-3.09297,0.10354,-0.01781,1.66373,-1.04423,-0.11672,0.01359,1.35486,-0.92361,0.87263,-1.20382,0.33094,-0.18169,-0.00502,-2.72511,-0.14052,0.15249,-4.11249,-0.27905,-0.85851,-0.13448,73.07151,-17.5117,7.04009,2.62796,-1.27398,0.34946,0.05961
12.56,-0.44019,5.63899,-1.3072,-2.8797,0.88844,0.02377,-2.34859,0.14527,-0.00608,1.67471,-1.3363,-0.11234,0.01325,1.00766,-0.94824,1.0418,-1.0219,0.35906,-0.28739,-0.01018,-2.46755,-0.13683,0.10959,-3.82009,-0.22415,-0.69636,-0.10351,71.38995,-18.42955,8.3507,2.11739,-1.5232,0.50687,0.14321
12.58,-0.23914,4.78624,-0.64579,-2.00878,0.88997,0.01682,-1.49094,0.16549,0.00922,1.60146,-1.54342,-0.107,0.01235,0.70809,-1.00906,1.1278,-0.8551,0.37321,-0.37702,-0.01173,-2.24202,-0.11345,0.07978,-3.52825,-0.1713,-0.55762,-0.08867,67.45697,-19.36174,9.11721,1.33853,-1.71594,0.72448,0.26951
12.6,-0.09637,3.47318,0.1329,-1.14517,0.88784,0.01083,-0.60365,0.14353,0.02526,1.43631,-1.66421,-0.09957,0.01071,0.4476,-1.10457,1.01862,-0.71221,0.36959,-0.44698,-0.01124,-2.0525,-0.08016,0.06047,-3.27214,-0.12381,-0.45258,-0.09025,62.0042,-19.726,9.15987,0.51113,-1.85648,0.92301,0.40939
12.62,-7e-05,1.81991,0.95677,-0.31668,0.81638,0.00586,0.23304,0.07953,0.04042,1.17599,-1.70598,-0.08759,0.00799,0.22809,-1.22513,0.701,-0.59666,0.34599,-0.49488,-0.01042,-1.89869,-0.04919,0.04865,-3.07314,-0.08332,-0.38655,-0.10798,55.76645,-18.82258,8.37002,-0.11785,-1.95233,0.92879,0.50067
12.64,0.06092,0.02612,1.76007,0.45766,0.70997,0.00205,0.94872,0.02859,0.05148,0.84086,-1.6676,-0.06641,0.00357,0.07045,-1.36049,0.42231,-0.50578,0.30641,-0.52413,-0.00931,-1.77063,-0.02938,0.04192,-2.93928,-0.05053,-0.36457,-0.14075,49.20603,-16.85315,7.15071,-0.34412,-2.00857,0.78746,0.52821
12.66,0.09522,-1.78082,2.50643,1.16281,0.59094,-0.00058,1.48883,0.00593,0.05655,0.45113,-1.54626,-0.03151,-0.00313,-0.03825,-1.49833,0.2548,-0.43533,0.25547,-0.54159,-0.00789,-1.65868,-0.02284,0.03914,-2.86811,-0.0251,-0.38453,-0.18646,42.6588,-14.10781,5.83949,-0.05774,-2.02986,0.60574,0.51001
12.68,0.11001,-3.49655,3.15534,1.78355,0.47117,-0.00212,1.81126,-0.00015,0.05665,0.02553,-1.339,0.02035,-0.01249,-0.11247,-1.61839,0.15154,-0.38194,0.19833,-0.55363,-0.00651,-1.56094,-0.02687,0.03907,-2.84994,-0.00625,-0.44413,-0.24332,36.34855,-10.71862,4.53149,0.72172,-2.02008,0.36188,0.43975
12.7,0.11102,-5.02159,3.65716,2.29089,0.36811,-0.00286,1.90199,0.00384,0.05129,-0.40254,-1.04128,0.09336,-0.02406,-0.15192,-1.70135,0.09911,-0.34024,0.13808,-0.57178,-0.00534,-1.47794,-0.03567,0.04049,-2.8673,0.00707,-0.52791,-0.30359,30.65018,-7.17748,3.41807,1.83433,-1.98535,0.11329,0.33743
12.72,0.10277,-6.29172,3.97131,2.64639,0.295,-0.00315,1.78987,0.01726,0.04085,-0.77637,-0.64542,0.19531,-0.03597,-0.14668,-1.72906,0.07943,-0.30474,0.07961,-0.60906,-0.00449,-1.40979,-0.04157,0.04222,-2.89893,0.01595,-0.61093,-0.35449,25.80977,-4.01014,2.64844,2.98536,-1.93112,-0.0773,0.22769
12.74,0.08922,-7.25739,4.10191,2.84227,0.25391,-0.00323,1.49757,0.03022,0.02717,-1.02851,-0.14128,0.33166,-0.04687,-0.07667,-1.68228,0.06113,-0.27178,0.02954,-0.66977,-0.00387,-1.35281,-0.04117,0.04449,-2.92548,0.02143,-0.68657,-0.39412,21.66763,-1.59137,2.2665,3.93444,-1.85452,-0.19132,0.11834
12.76,0.07338,-7.91251,4.06818,2.89154,0.24599,-0.00325,1.0617,0.03033,0.01327,-1.10499,0.47931,0.50055,-0.05577,0.0816,-1.55207,0.03013,-0.23894,-0.01211,-0.75459,-0.00343,-1.30287,-0.03542,0.04778,-2.93175,0.0244,-0.75555,-0.42498,18.14959,-0.19978,2.30739,4.56872,-1.75365,-0.19725,0.02422
12.78,0.05722,-8.30436,3.88374,2.80458,0.27212,-0.00333,0.56907,0.01749,0.00361,-1.04252,1.2146,0.68459,-0.06068,0.3486,-1.34173,-0.01299,-0.20509,-0.04873,-0.86489,-0.00327,-1.25674,-0.02414,0.05136,-2.90706,0.02558,-0.81277,-0.44458,15.34014,0.04084,2.78552,4.82656,-1.63204,-0.05008,-0.03181
12.8,0.04225,-8.50469,3.59523,2.60975,0.32613,-0.00342,0.05214,-0.00856,-0.00404,-0.56278,2.06219,0.90286,-0.06164,0.74384,-1.063,-0.06444,-0.17117,-0.08417,-0.9886,-0.00341,-1.21043,-0.00939,0.05535,-2.84611,0.02549,-0.83602,-0.44856,13.26733,-0.85235,3.66804,4.74633,-1.49345,0.29616,-0.0387
12.82,0.02927,-8.57985,3.23402,2.33725,0.39683,-0.00335,-0.44049,-0.02382,-0.00244,0.82241,3.03259,1.21186,-0.05873,1.28746,-0.73308,-0.09504,-0.13899,-0.12291,-1.1065,-0.0038,-1.15977,0.00587,0.05995,-2.74677,0.02443,-0.79896,-0.43228,11.97669,-2.77905,4.89432,4.42231,-1.34153,0.69385,-0.02425
12.84,0.01854,-8.57315,2.79279,2.00129,0.47668,-0.003,-0.77882,-0.01069,0.02599,2.81347,4.10973,1.56151,-0.05024,1.97404,-0.37163,-0.09783,-0.10905,-0.16588,-1.21366,-0.00459,-1.10101,0.02195,0.06421,-2.60741,0.02265,-0.72208,-0.39996,11.55222,-5.62196,6.41485,3.93456,-1.17852,1.01327,-0.00595
12.86,0.0101,-8.49339,2.27742,1.6148,0.55987,-0.0022,-0.88843,0.01914,0.08594,4.89054,5.24573,1.87156,-0.03594,2.76399,0.00071,-0.08951,-0.08047,-0.21088,-1.3086,-0.00599,-1.03109,0.03937,0.06728,-2.4278,0.02031,-0.62915,-0.35691,12.05603,-9.27826,8.18566,3.35773,-1.00306,1.28999,0.03059
12.88,0.00381,-8.30596,1.70842,1.19331,0.63849,-0.00078,-0.76873,0.0509,0.17076,6.70732,6.37014,2.13951,-0.01752,3.57868,0.35946,-0.07363,-0.05081,-0.25914,-1.38507,-0.0081,-0.94834,0.05762,0.06851,-2.21054,0.01755,-0.52118,-0.30339,13.52843,-13.62795,10.12848,2.75936,-0.81123,1.64765,0.15691
12.9,-0.00055,-7.98562,1.11847,0.7577,0.70082,0.0014,-0.49849,0.08431,0.28457,8.66178,7.48536,2.33973,0.00201,4.39854,0.67676,-0.05747,-0.01531,-0.29561,-1.42193,-0.01104,-0.85498,0.07579,0.06901,-1.96222,0.0145,-0.40622,-0.24445,15.9952,-18.57352,12.20842,2.18547,-0.5988,1.50823,0.13155
12.92,-0.00334,-7.47923,0.53368,0.32209,0.73394,0.00434,-0.17769,0.11931,0.44077,11.13202,8.65675,2.44718,0.02137,5.25847,0.92728,-0.04574,0.03229,-0.29355,-1.39194,-0.01502,-0.75422,0.09314,0.07044,-1.692,0.01125,-0.28755,-0.1833,19.45108,-24.0536,14.48982,1.67555,-0.36028,-0.33206,-0.50325
12.94,-0.00489,-6.69366,-0.01592,-0.10981,0.73571,0.00797,0.0078,0.1279,0.59788,12.96802,9.73158,2.43674,0.03916,6.01834,1.08772,-0.03741,0.1005,-0.26679,-1.30577,-0.01982,-0.6484,0.1089,0.07114,-1.40923,0.00792,-0.17905,-0.12185,23.83028,-29.90127,16.81543,1.26557,-0.08862,-3.23208,-1.45722
12.96,-0.00549,-5.60635,-0.50723,-0.53217,0.70826,0.01221,-0.13807,0.1139,0.72579,13.64602,10.5459,2.29851,0.05308,6.53272,1.14623,-0.03257,0.20146,-0.23664,-1.17545,-0.02487,-0.54099,0.12272,0.07014,-1.12452,0.00456,-0.08672,-0.062,28.98103,-35.87371,18.99467,0.97077,0.22274,-6.10784,-2.35453
12.98,-0.00541,-4.271,-0.93733,-0.93718,0.65159,0.0168,-0.78584,0.09987,0.83999,13.52459,11.15222,2.07344,0.06259,6.79459,1.10654,-0.03279,0.34822,-0.19918,-0.99201,-0.02968,-0.43721,0.1352,0.06932,-0.85178,0.00124,-0.01155,-0.00709,34.63154,-41.66985,21.19988,0.79024,0.57788,-9.28928,-3.36975
13,-0.00493,-2.81587,-1.30699,-1.32028,0.56724,0.02136,-1.76548,0.06124,0.94971,13.00449,11.49961,1.74934,0.06897,6.83738,0.97589,-0.0408,0.55258,-0.16305,-0.77538,-0.03331,-0.34719,0.14179,0.06843,-0.60973,-0.00197,0.03814,0.03803,40.28207,-47.10633,22.57691,0.71675,0.97673,-11.78916,-4.22165
13.02,-0.00424,-1.36758,-1.61205,-1.68244,0.45875,0.02549,-2.49101,0.01226,1.0947,12.38513,11.52764,1.35286,0.07413,6.72527,0.76773,-0.06051,0.81878,-0.13918,-0.53841,-0.03496,-0.27942,0.13836,0.06693,-0.41767,-0.00496,0.12377,0.08975,45.34362,-52.11553,21.80459,0.74013,1.41577,-12.50506,-4.56307
13.04,-0.00345,-0.01153,-1.86018,-2.01644,0.33158,0.02885,-2.95178,-0.01021,1.2865,11.61875,11.38277,1.01069,0.07748,6.43239,0.50131,-0.09672,1.13984,-0.11966,-0.26909,-0.03482,-0.23533,0.12979,0.06789,-0.28936,-0.00764,0.2644,0.15215,49.4763,-56.15966,19.70093,0.85414,1.88289,-12.57416,-4.75791
13.06,-0.00265,1.17857,-2.07726,-2.31674,0.18964,0.03128,-3.37087,-0.01512,1.50874,10.7229,11.17382,0.77335,0.07842,5.95845,0.18926,-0.15273,1.49294,-0.09783,0.02751,-0.03305,-0.21499,0.11984,0.07287,-0.23064,-0.00992,0.40965,0.20996,52.48403,-58.73893,17.23613,1.06009,2.35567,-12.75092,-5.06756
13.08,-0.00192,2.17047,-2.28533,-2.59192,0.03601,0.03276,-3.59727,-0.01264,1.74213,9.79308,10.89069,0.61909,0.07757,5.39876,-0.16324,-0.2267,1.81967,-0.07352,0.32924,-0.02951,-0.21697,0.10793,0.07945,-0.23884,-0.01175,0.55479,0.26157,54.25467,-59.92077,14.12371,1.36189,2.80424,-12.57568,-5.3464
13.1,-0.00128,2.97161,-2.49103,-2.85941,-0.124,0.03346,-3.57717,-0.0053,1.95337,8.85169,10.54935,0.53763,0.07513,4.72045,-0.55205,-0.30696,2.1207,-0.05288,0.61815,-0.02463,-0.23471,0.09337,0.09142,-0.30379,-0.01301,0.67206,0.30075,54.70152,-59.528,11.01652,1.77589,3.17369,-12.47883,-5.58735
13.12,-0.00076,3.61069,-2.68997,-3.14032,-0.28256,0.03357,-3.29441,0.00759,2.10583,7.91374,10.16959,0.51396,0.07136,3.91185,-0.96963,-0.37794,2.46689,-0.04014,0.89777,-0.01913,-0.25929,0.0763,0.11554,-0.41099,-0.01363,0.73003,0.32128,53.74248,-57.40113,8.66216,2.33258,3.39609,-12.91418,-5.81536
13.14,-0.00035,4.12818,-2.89741,-3.44593,-0.43149,0.03324,-2.75073,0.02107,2.17179,7.01234,9.72938,0.52001,0.06671,3.09333,-1.40923,-0.41455,2.80088,-0.02981,1.13462,-0.01353,-0.28454,0.05874,0.14587,-0.54616,-0.01357,0.73982,0.3235,51.56178,-53.99012,6.57752,3.03541,3.44311,-13.02334,-5.84659
13.16,-5e-05,4.55387,-3.12686,-3.78216,-0.5638,0.03264,-1.99826,0.02931,2.13521,6.16673,9.2318,0.53566,0.06158,2.31879,-1.86294,-0.39642,3.02917,-0.01938,1.28408,-0.00832,-0.30643,0.04195,0.17558,-0.69731,-0.01285,0.71156,0.30805,48.36453,-49.69205,4.48744,3.86396,3.31418,-12.35528,-5.57875
13.18,0.00016,4.893,-3.36749,-4.15292,-0.67176,0.03196,-1.05052,0.03431,1.99165,5.37035,8.7282,0.55095,0.05641,1.58315,-2.30748,-0.36444,3.15633,-0.01081,1.35035,-0.004,-0.32184,0.02586,0.20612,-0.85367,-0.01158,0.65384,0.2789,44.23096,-44.69106,2.62894,4.8022,3.01554,-11.20437,-5.07052
13.2,0.00029,5.12527,-3.60107,-4.5645,-0.66669,0.03132,-0.05048,0.02391,1.77098,4.5972,8.21573,0.55965,0.0518,0.89953,-2.70695,-0.1951,3.23839,-0.00762,1.32527,-0.00128,-0.3299,0.01073,0.23602,-1.00519,-0.00992,0.5545,0.23291,39.5108,-39.2858,1.05353,5.77309,2.59886,-9.24939,-4.20845
13.22,0.00037,5.2142,-3.79824,-5.02346,-0.64639,0.031,0.87775,0.0038,1.5195,3.82892,7.70481,0.55883,0.04834,0.3269,-3.01019,0.27719,3.35116,-0.00932,1.20679,-0.00021,-0.33085,-0.00295,0.26336,-1.14266,-0.00806,0.41599,0.17293,34.54486,-33.82446,-0.23803,6.65996,2.12407,-6.59444,-3.02972
13.24,0.0004,5.14128,-3.95674,-5.44491,-0.61918,0.03109,1.75857,-0.00461,1.248,3.08064,7.31996,0.54475,0.04638,-0.06235,-3.1745,0.77006,3.40763,-0.00826,1.04304,7e-05,-0.32499,-0.01458,0.28944,-1.25803,-0.00619,0.2822,0.11495,29.38044,-28.615,-1.18376,7.41585,1.61615,-4.04784,-1.85533
13.26,0.0004,4.9222,-4.09355,-5.54574,-0.58863,0.03167,2.59614,-0.00127,0.96758,2.35955,7.13275,0.51639,0.04602,-0.24619,-3.18757,1.08741,3.32124,0.00083,0.86989,2e-05,-0.31282,-0.0236,0.31447,-1.34509,-0.00442,0.17186,0.06596,24.13308,-23.89719,-1.7977,8.01798,1.10155,-1.90117,-0.82422
13.28,0.00037,4.58886,-4.2089,-5.63126,-0.55393,0.03288,3.36416,0.01154,0.70299,1.65805,7.11326,0.47842,0.04714,-0.22747,-3.04264,1.26847,3.15395,0.01906,0.69428,-0.00012,-0.29499,-0.02945,0.33729,-1.3989,-0.00281,0.08178,0.02566,19.05768,-19.84404,-2.16848,8.42649,0.61216,-0.10708,0.06043
13.3,0.00031,4.18768,-4.34276,-5.70172,-0.51805,0.0346,3.94466,0.03154,0.48124,0.97574,7.25398,0.43669,0.0501,-0.03417,-2.76377,1.29281,2.77637,0.04693,0.52711,-0.0002,-0.27294,-0.03155,0.35684,-1.41503,-0.00142,0.01168,-0.00571,14.46588,-16.53986,-2.25157,8.57998,0.17458,1.34269,0.77839
13.32,0.00023,3.76956,-4.53728,-5.75701,-0.48563,0.03653,4.29872,0.05083,0.31722,0.32451,7.54274,0.39664,0.05553,0.30644,-2.35663,1.20445,2.13118,0.08745,0.37422,-0.0004,-0.24813,-0.02964,0.37218,-1.38999,-0.00024,-0.04034,-0.02872,10.65933,-14.05481,-2.09391,8.42124,-0.19209,2.46376,1.3442
13.34,0.00011,3.38225,-4.7752,-5.79589,-0.42357,0.03783,4.56139,0.06773,0.19922,-0.28016,7.90737,0.36397,0.06307,0.77089,-1.81856,1.08194,1.4759,0.13401,0.23179,-0.00062,-0.22128,-0.0244,0.38147,-1.32292,0.00071,-0.07637,-0.04399,7.82887,-12.48414,-1.94978,7.98978,-0.47769,3.29563,1.76419
13.36,-4e-05,3.04477,-5.02822,-5.82231,-0.35482,0.03745,4.80304,0.07778,0.11475,-0.83145,8.28417,0.34197,0.07222,1.30927,-1.17918,0.95354,0.92463,0.17444,0.09982,-0.00075,-0.19339,-0.0171,0.38397,-1.21674,0.00142,-0.0976,-0.05184,6.07302,-11.79401,-1.95283,7.34843,-0.68059,3.90545,2.04318
13.38,-0.00023,2.74445,-5.26178,-5.83918,-0.29871,0.0345,5.01234,0.05809,0.05764,-1.32502,8.64018,0.33071,0.08293,1.87692,-0.49358,0.81765,0.46311,0.20517,-0.01838,-0.00081,-0.16622,-0.00911,0.38139,-1.07915,0.00186,-0.1049,-0.05245,5.39069,-11.80575,-2.10069,6.53587,-0.81085,4.33932,2.2126
13.4,-0.00048,2.46301,-5.46762,-5.85118,-0.25259,0.02765,5.19987,0.04593,0.02388,-1.73532,8.94064,0.33043,0.09562,2.41778,0.15103,0.69635,0.09206,0.21981,-0.11831,-0.00103,-0.14215,-0.00161,0.37323,-0.92336,0.002,-0.09706,-0.04525,5.66091,-12.32794,-2.43261,5.66054,-0.88566,4.61189,2.27145
13.42,-0.00079,2.17346,-5.62817,-5.86318,-0.21288,0.01604,5.39498,0.10081,0.00698,-2.02125,9.15375,0.34019,0.11062,2.87117,0.69806,0.60277,-0.17606,0.21465,-0.19237,-0.00164,-0.12351,0.0045,0.3601,-0.76464,0.0018,-0.07286,-0.02983,6.69046,-13.1613,-2.98358,4.83034,-0.92514,4.72178,2.20783
13.44,-0.00115,1.83771,-5.62038,-5.8722,-0.18356,0.00203,5.60575,0.14766,1e-05,-2.18925,9.23931,0.35531,0.12651,3.20944,1.09311,0.50805,-0.3422,0.19632,-0.23712,-0.00231,-0.11157,0.00828,0.34832,-0.6152,0.00125,-0.0353,-0.00745,8.27748,-14.05515,-3.69081,4.08468,-0.94882,4.70566,2.07258
13.46,-0.00157,1.43213,-5.34316,-5.8767,-0.16487,-0.01072,5.83277,0.13188,0.00115,-2.25263,9.16111,0.36989,0.14104,3.42103,1.27517,0.40204,-0.43258,0.17133,-0.25356,-0.00276,-0.10645,0.00923,0.34165,-0.48326,0.00039,0.01225,0.02019,10.22488,-14.80159,-4.48021,3.45431,-0.96939,4.6075,1.91078
13.48,-0.00203,0.95448,-4.77256,-5.87951,-0.15167,-0.019,6.09285,0.09044,0.00951,-2.20784,8.90367,0.37757,0.15181,3.49436,1.23582,0.29707,-0.47126,0.14533,-0.24225,-0.00308,-0.10721,0.00752,0.33876,-0.37341,-0.00068,0.0647,0.0501,12.32505,-15.27644,-5.31515,2.96711,-0.9907,4.44219,1.72776
13.5,-0.00249,0.41842,-3.91505,-5.87618,-0.14689,-0.0179,6.38755,0.01664,0.02188,-2.07332,8.42897,0.37073,0.15776,3.42945,0.99243,0.19674,-0.49381,0.11977,-0.20854,-0.00321,-0.11143,0.00316,0.33844,-0.28722,-0.00183,0.11711,0.07968,14.34966,-15.37217,-6.15327,2.64084,-1.00877,4.24119,1.53842
13.52,-0.00291,-0.15322,-2.79321,-5.86247,-0.15315,-0.00503,6.72015,-0.04682,0.03137,-1.86305,7.70701,0.3412,0.15867,3.23328,0.58666,0.11091,-0.5385,0.09586,-0.15759,-0.00321,-0.11601,-0.00278,0.33901,-0.22418,-0.00289,0.17092,0.10944,16.07098,-15.01215,-6.95479,2.47829,-1.01509,4.03548,1.35657
13.54,-0.0032,-0.73745,-1.41798,-5.84361,-0.16269,0.01842,7.11738,-0.00268,0.0293,-1.57363,6.74984,0.28024,0.15045,2.90294,0.07907,0.05099,-0.62243,0.08093,-0.08876,-0.00338,-0.11859,-0.00892,0.33684,-0.18215,-0.00371,0.21885,0.13492,17.33576,-14.17921,-7.65032,2.45248,-1.00227,3.82668,1.1822
13.56,-0.00326,-1.31249,0.1863,-5.82382,-0.16969,0.05218,7.60331,0.19589,0.00672,-1.2057,5.56046,0.18279,0.13068,2.43684,-0.47435,0.01732,-0.75574,0.07799,-0.00291,-0.00393,-0.11767,-0.01468,0.32957,-0.15738,-0.00421,0.25017,0.1504,18.0646,-12.90054,-8.18121,2.52728,-0.96639,3.61177,1.01618
13.58,-0.00294,-1.85501,1.96595,-5.80106,-0.17393,0.0826,8.18961,0.55556,-0.04412,-0.76557,4.12851,0.04915,0.10148,1.84793,-1.02165,0.00523,-0.95089,0.08529,0.097,-0.00487,-0.11258,-0.01973,0.31712,-0.14496,-0.00438,0.2649,0.15597,18.22436,-11.25822,-8.5442,2.66591,-0.90758,3.39063,0.86172
13.6,-0.00205,-2.34248,3.82827,-5.78594,-0.17673,0.06847,8.85178,1.07622,-0.12511,-0.26397,2.44826,-0.116,0.06402,1.16234,-1.53041,0.00878,-1.21553,0.10466,0.20798,-0.00604,-0.10366,-0.02302,0.29824,-0.13928,-0.00422,0.25956,0.15003,17.85188,-9.40518,-8.67921,2.8127,-0.83059,3.16272,0.71699
13.62,-0.00038,-2.7539,5.63141,-5.78856,-0.17774,0.05032,9.52471,1.70603,-0.22515,0.29173,0.55733,-0.2992,0.02199,0.42464,-2.02269,0.02149,-1.56033,0.13923,0.32747,-0.00711,-0.09185,-0.02308,0.27264,-0.1348,-0.00381,0.23305,0.13245,17.02339,-7.52491,-8.54824,2.90719,-0.74285,2.92413,0.57865
13.64,0.00229,-3.06009,7.18207,-5.80328,-0.17623,0.02886,10.15298,2.36707,-0.32453,0.88974,-1.47254,-0.48491,-0.01953,-0.30093,-2.50515,0.03737,-1.97949,0.18889,0.45048,-0.00759,-0.07797,-0.02079,0.24329,-0.12677,-0.00322,0.19471,0.10813,15.80964,-5.77141,-8.23263,2.91239,-0.65146,2.66999,0.45205
13.66,0.00616,-3.23807,8.26738,-5.82043,-0.17092,0.00549,10.64713,2.90293,-0.39667,1.49768,-3.55915,-0.66029,-0.05812,-0.95573,-2.98691,0.05139,-2.4538,0.25099,0.56913,-0.00704,-0.06261,-0.01765,0.21235,-0.11199,-0.0025,0.15141,0.08068,14.2922,-4.25323,-7.80248,2.80997,-0.56207,2.39792,0.33971
13.68,0.0114,-3.28138,8.71076,-5.49975,-0.15733,-0.01464,10.9237,2.72894,-0.39798,2.07559,-5.60653,-0.81649,-0.09349,-1.4707,-3.58865,0.06051,-2.98587,0.31686,0.67415,-0.00581,-0.04613,-0.01389,0.18057,-0.08902,-0.00172,0.10629,0.05198,12.57631,-3.03517,-7.29265,2.59677,-0.47911,2.10611,0.23726
13.7,0.01805,-3.19006,8.43556,-5.05883,-0.14743,-0.0399,10.67609,2.88865,-0.33034,2.5215,-7.36795,-0.91537,-0.12053,-1.85031,-4.22819,0.06476,-3.42975,0.39005,0.75988,-0.00215,-0.02879,-0.01023,0.14856,-0.05818,-0.00095,0.06232,0.02392,10.77129,-2.14167,-6.70487,2.29773,-0.40613,1.83125,0.15525
13.72,0.02597,-2.97603,7.86693,-4.52863,-0.15515,-0.08142,9.4549,6.35631,-0.21962,2.70091,-8.46789,-0.89611,-0.12872,-2.19798,-4.65441,0.06961,-3.55777,0.4798,0.82969,0.00594,-0.0108,-0.0073,0.11748,-0.02096,-0.00023,0.02321,-0.00103,8.99323,-1.57548,-6.06117,1.94691,-0.34596,1.60735,0.10129
13.74,0.03485,-2.67988,7.29445,-3.90807,-0.1672,-0.12531,7.89438,13.01898,-0.04782,2.66104,-8.88568,-0.78878,-0.12306,-2.45812,-4.91753,0.0746,-3.48503,0.54964,0.86863,0.01374,0.00762,-0.00494,0.08918,0.02066,0.0004,-0.00773,-0.02087,7.34653,-1.32322,-5.46374,1.56688,-0.30035,1.40941,0.06158
13.76,0.04447,-2.3229,6.37492,-3.21079,-0.17405,-0.16047,6.68453,21.45141,0.11094,2.50565,-8.7453,-0.64841,-0.11168,-2.53551,-5.17872,0.06906,-3.31301,0.56715,0.85573,0.01755,0.02606,-0.00304,0.06468,0.0645,0.0009,-0.02987,-0.03524,5.87844,-1.35245,-4.97054,1.17784,-0.26914,1.21996,0.0272
13.78,0.05397,-1.92095,4.75588,-2.43125,-0.18363,-0.1904,5.70357,35.15089,0.17211,2.26127,-8.05771,-0.48518,-0.09373,-2.38934,-4.64827,0.04016,-2.93353,0.54075,0.8002,0.01756,0.04382,-0.00167,0.04429,0.10795,0.00129,-0.044,-0.04451,4.58437,-1.61598,-4.57229,0.80021,-0.25045,1.04768,-0.00152
13.8,0.06228,-1.48207,2.6311,-1.63571,-0.18486,-0.20889,4.68758,46.49418,0.13525,1.95246,-7.05691,-0.34935,-0.07642,-1.9677,-3.77257,-0.03079,-2.42725,0.46304,0.69943,0.01373,0.05986,-0.00067,0.02829,0.14781,0.00158,-0.05173,-0.04964,3.43102,-2.05372,-4.26056,0.45313,-0.24126,0.90698,-0.02258
13.82,0.06753,-1.05078,1.18741,-0.84711,-0.16582,-0.21871,3.3986,37.95206,0.09414,1.51307,-5.96616,-0.24871,-0.06419,-1.42904,-3.80562,-0.15248,-1.81838,0.34265,0.56354,0.00782,0.07302,1e-05,0.01701,0.18049,0.00179,-0.0555,-0.05205,2.36252,-2.59642,-4.01621,0.15166,-0.23816,0.80875,-0.03486
13.84,0.06727,-0.70667,0.52792,0.00858,-0.13808,-0.22511,1.7458,23.8477,0.06421,1.07083,-4.78148,-0.14495,-0.05247,-0.89335,-3.23371,-0.32283,-1.17567,0.22137,0.42549,0.003,0.08212,0.0003,0.01065,0.20265,0.00197,-0.05867,-0.05344,1.30256,-3.17811,-3.80581,-0.09506,-0.23833,0.73918,-0.04417
13.86,0.05873,-0.50521,0.17299,0.95339,-0.10591,-0.22868,-0.10918,12.31971,0.02872,0.69524,-3.53135,-0.03019,-0.03955,-0.41845,-1.5341,-0.53386,-0.53847,0.11635,0.30381,-1e-05,0.08628,0.0002,0.009,0.21151,0.00216,-0.06549,-0.05586,0.15656,-3.73582,-3.58786,-0.28192,-0.23998,0.6851,-0.05469
13.88,0.03874,-0.4788,-0.21419,1.98552,-0.05887,-0.03951,-1.92434,1.05151,-0.00989,0.37233,-2.29203,0.08798,-0.02714,-0.06455,0.80162,-0.76772,0.07867,0.02711,0.20242,-0.00144,0.08507,-0.00024,0.01149,0.20499,0.00242,-0.08062,-0.06148,-1.17892,-4.19989,-3.30944,-0.40819,-0.24234,0.64673,-0.06512
13.9,0.00395,-0.64157,-1.04292,3.11706,0.01447,0.21156,-3.45052,-9.57729,-0.05252,0.09597,-1.09477,0.20745,-0.01557,0.13666,3.50933,-0.98888,0.6703,-0.04483,0.12454,-0.00161,0.07823,-0.00101,0.01731,0.1815,0.00281,-0.10953,-0.07286,-2.80184,-4.49102,-2.92357,-0.47725,-0.24575,0.61257,-0.07735
13.92,-0.04908,-0.97929,-2.59152,4.38712,0.12756,0.27363,-4.42572,-19.21873,-0.08627,-0.15829,0.0418,0.32932,-0.00502,0.17736,6.32147,-1.15104,1.24725,-0.09943,0.07119,-0.00107,0.06561,-0.0022,0.02547,0.14002,0.0034,-0.15838,-0.09281,-4.78567,-4.5326,-2.38284,-0.49755,-0.25138,0.56765,-0.09378
13.94,-0.12413,-1.44185,-4.9434,5.36332,0.29357,0.26193,-4.69872,-27.36808,-0.09882,-0.42276,1.09836,0.45072,0.00431,0.06961,9.02864,-1.22547,1.8341,-0.13643,0.04182,-0.0004,0.047,-0.00382,0.03487,0.08036,0.00422,-0.23109,-0.12293,-7.1551,-4.27138,-1.63023,-0.48402,-0.26101,0.51331,-0.11016
13.96,-0.2253,-1.9405,-7.93176,5.36353,0.51751,0.24455,-4.24423,-34.16817,-0.08199,-0.72041,2.04874,0.56345,0.01257,-0.17017,11.33723,-1.20753,2.46225,-0.15647,0.0352,0.00013,0.02209,-0.00569,0.04439,0.00353,0.00531,-0.32909,-0.1638,-9.86054,-3.68482,-0.6382,-0.4616,-0.27673,0.44983,-0.12236
13.98,-0.35269,-2.35915,-10.6726,5.32822,0.80489,0.22446,-3.11659,-41.48692,-0.03501,-1.06065,2.84048,0.65879,0.01974,-0.531,10.52798,-1.13436,2.97216,-0.17012,0.04945,0.00086,-0.00941,-0.00766,0.0527,-0.0876,0.00663,-0.45517,-0.21647,-12.74806,-2.78454,0.58045,-0.4672,-0.30063,0.36983,-0.12899
14,-0.51448,-2.55841,-12.87892,5.37958,1.12324,0.20136,-1.75334,-42.96379,0.06842,-1.4388,3.42532,0.73745,0.02605,-1.12862,10.15479,-0.96159,3.5145,-0.16959,0.08213,0.00339,-0.04753,-0.00957,0.05836,-0.18816,0.00812,-0.59528,-0.27564,-15.57273,-1.60279,1.97465,-0.54695,-0.33486,0.28305,-0.12233
14.02,-0.73369,-2.46556,-13.93793,5.65932,1.14641,0.1681,-2.27027,-31.08171,0.25298,-1.73397,3.76988,0.7816,0.03097,-2.65362,11.82371,-0.68789,4.30408,-0.14304,0.1305,0.01077,-0.09208,-0.01134,0.06008,-0.29265,0.00969,-0.72097,-0.33049,-18.06531,-0.20046,3.45905,-0.75367,-0.3811,0.19508,-0.09555
14.04,-1.01135,-2.0173,-14.75614,5.97805,1.08719,0.12244,-5.13372,-18.17128,0.39753,-1.83826,3.79006,0.76392,0.03391,-6.02297,13.74222,-0.38654,5.24064,-0.11627,0.1925,0.03,-0.14295,-0.01256,0.05694,-0.3973,0.01122,-0.82215,-0.37861,-19.98224,1.36242,4.98121,-1.14583,-0.43975,0.09081,-0.04805
14.06,-1.31963,-1.10917,-14.8095,6.24068,1.00153,0.07191,-8.39883,-9.4978,0.42869,-1.76565,3.43745,0.69787,0.03478,-11.45282,15.4662,0.13951,5.96754,-0.1044,0.26609,0.0681,-0.20018,-0.01292,0.04886,-0.50135,0.0126,-0.90146,-0.42165,-21.21272,3.08091,6.55468,-1.78198,-0.50946,-0.0367,0.02434
14.08,-1.61959,0.21688,-12.97151,6.50439,0.85253,0.01318,-11.42688,-2.70775,0.31382,-1.50242,2.76539,0.60169,0.03314,-18.269,17.07367,1.15794,6.28468,-0.09427,0.34747,0.11636,-0.26374,-0.01278,0.03675,-0.60659,0.01368,-0.97803,-0.46054,-21.83376,4.96615,8.25278,-2.70766,-0.58667,-0.18247,0.13053
14.1,-1.8205,1.7632,-8.40318,6.72311,0.70541,-0.0379,-12.30882,0.48664,0.04528,-1.12395,1.83602,0.48818,0.02785,-22.65052,18.11979,2.76981,5.9872,-0.07872,0.42911,0.18437,-0.33188,-0.01194,0.0225,-0.71636,0.0143,-0.95261,-0.47421,-21.94566,7.06268,10.08126,-3.98116,-0.66509,-0.35186,0.27317
14.12,-1.80352,3.31696,-2.01971,6.84777,0.65027,-0.05998,-10.81899,0.46238,-0.24097,-0.75298,0.78033,0.37062,0.01851,-20.29019,18.43691,4.79781,5.02782,-0.04681,0.4885,0.27932,-0.40149,-0.01045,0.00818,-0.83445,0.01428,-0.68072,-0.43126,-21.68885,9.46505,11.99469,-5.68384,-0.73781,-0.5499,0.44572
14.14,-1.51842,4.96298,3.2443,6.89945,0.61935,-0.06563,-8.65257,-0.14122,-0.47953,-0.4547,-0.22906,0.26603,0.00674,-16.5008,14.8991,6.69329,3.8772,-0.0083,0.52603,0.3687,-0.47205,-0.00953,-0.00463,-0.96406,0.01354,-0.3117,-0.35511,-21.26783,12.1588,14.07973,-7.86838,-0.79988,-0.80062,0.63419
14.16,-0.93961,6.62406,6.59312,6.90305,0.56019,-0.04813,-6.27619,-0.32277,-0.69936,-0.30567,-1.10384,0.18109,-0.0057,-12.27193,10.36439,7.93379,2.85431,0.02864,0.53127,0.42427,-0.54447,-0.00977,-0.01497,-1.10694,0.01209,0.01752,-0.27382,-20.74624,15.05704,16.43994,-10.54387,-0.85039,-1.10487,0.8312
14.18,5e-05,8.25724,8.25081,6.82256,0.50205,0.00649,-3.54387,-0.37885,-0.84581,-0.37743,-1.80393,0.11334,-0.01739,-8.49053,6.09169,8.32804,1.98589,0.05864,0.50529,0.46323,-0.61854,-0.01058,-0.02279,-1.26195,0.01001,0.34478,-0.18104,-19.99361,18.12256,19.12518,-13.64518,-0.89325,-1.18433,1.11384
14.2,1.38172,9.79882,8.98131,6.66127,0.46304,0.0558,-0.51737,-0.31601,-0.93441,-0.69067,-2.31918,0.06076,-0.02738,-5.20582,2.59625,8.27413,1.29307,0.08057,0.45104,0.44875,-0.69306,-0.01239,-0.02851,-1.42436,0.00753,0.58626,-0.09924,-18.62963,21.00852,21.56239,-17.39054,-0.93062,-1.78633,1.18247
14.22,3.31954,11.08867,9.92732,6.44868,0.45647,0.06366,2.75738,-0.26558,-0.9829,-1.21075,-2.6647,0.02061,-0.03537,-1.96191,0.06864,8.25471,0.76737,0.09764,0.3766,0.35754,-0.76622,-0.01683,-0.03272,-1.58735,0.0049,0.66673,-0.04949,-16.30121,23.23297,22.77361,-22.16514,-0.96419,-4.4358,0.44377
14.24,5.93566,11.88712,11.01209,6.18785,0.47346,0.02879,6.0793,-0.34124,-0.9414,-1.86617,-2.86552,-0.00992,-0.04097,1.15176,-1.09409,7.72996,0.37057,0.10252,0.29401,0.2551,-0.8367,-0.02327,-0.03609,-1.74383,0.00232,0.67812,-0.0137,-13.01717,24.77545,23.01412,-27.78512,-1.00007,-8.02269,-0.756
14.26,9.25574,12.15668,11.36836,5.86972,0.50092,-0.0057,9.26176,-0.52736,-0.82179,-2.56836,-2.96019,-0.03196,-0.04426,3.60008,-0.89979,6.66022,0.07834,0.08922,0.212,0.16859,-0.90308,-0.02995,-0.03894,-1.88745,-7e-05,0.68019,0.0198,-8.98919,25.77242,22.81896,-33.75501,-1.04052,-11.03423,-1.88529
14.28,13.1849,11.96089,10.86626,5.48988,0.54535,-0.03868,12.33083,-0.76061,-0.64678,-3.20721,-2.99312,-0.04622,-0.04561,5.62528,0.43778,5.47354,-0.13353,0.06183,0.13574,0.08642,-0.96326,-0.0369,-0.04085,-2.01203,-0.00226,0.66609,0.04834,-4.60484,26.3392,21.95758,-39.34797,-1.07926,-13.67589,-3.00701
14.3,17.4842,11.44351,9.13296,5.10797,0.59186,-0.06627,14.46151,-0.85943,-0.4867,-3.69041,-3.02225,-0.05305,-0.04617,7.32203,1.70058,4.32486,-0.29161,0.01913,0.06796,0.00621,-1.00742,-0.04304,-0.04065,-2.11008,-0.00426,0.61723,0.06528,-0.42795,26.14945,20.5854,-45.63967,-1.09986,-15.0084,-3.78455
14.32,21.89846,10.76047,6.94654,4.79472,0.61788,-0.08488,13.70233,-0.56026,-0.36197,-3.85419,-3.10422,-0.05208,-0.04657,8.41432,1.31322,3.12966,-0.42438,-0.02285,0.00999,-0.07461,-1.02299,-0.04654,-0.03682,-2.17387,-0.00615,0.52644,0.06712,2.7536,24.80907,18.91406,-54.4716,-1.08324,-14.44229,-3.96593
14.34,26.25459,10.01658,5.0841,4.07495,0.63553,-0.09688,10.45314,-0.00171,-0.18994,-3.58532,-3.26267,-0.04454,-0.04604,9.0007,0.09145,2.0469,-0.55067,-0.04637,-0.03804,-0.15745,-1.01366,-0.04804,-0.02846,-2.19843,-0.00803,0.42969,0.06323,4.42906,22.95967,16.93556,-63.09356,-1.02694,-12.99798,-3.81448
14.36,30.11442,9.60603,2.95047,2.68295,0.63896,-0.10402,7.66029,0.47881,0.04612,-3.11148,-3.50418,-0.03367,-0.0449,6.98957,-0.58164,1.04562,-0.6457,-0.04903,-0.07558,-0.2325,-0.98654,-0.04803,-0.01505,-2.18224,-0.00999,0.34561,0.0591,4.65002,21.13155,14.70212,-68.82793,-0.93627,-11.27145,-3.48358
14.38,33.56152,9.3416,1.41487,1.52826,0.46244,-0.10457,5.45687,0.83254,0.3119,-2.48851,-3.8238,-0.02041,-0.0427,4.74754,-1.19068,0.2902,-0.73308,-0.02897,-0.10284,-0.30107,-0.94137,-0.04532,0.00337,-2.12706,-0.01211,0.26558,0.0526,3.70611,19.18248,12.14333,-72.33616,-0.8138,-9.27697,-2.96596
14.4,36.70811,9.18057,0.55371,0.62223,0.26324,-0.10031,3.73057,0.9043,0.55879,-1.89584,-4.17172,-0.00515,-0.03883,2.88908,-1.84797,-0.25699,-0.82838,0.00936,-0.12037,-0.34724,-0.8865,-0.04336,0.02584,-2.03916,-0.01444,0.1849,0.04275,2.17342,17.3274,9.9311,-72.04192,-0.67801,-7.01707,-2.21991
14.42,39.52794,9.08765,0.18013,-0.08319,0.07332,-0.07424,2.33405,0.69614,0.72299,-1.44846,-4.47663,0.01247,-0.03268,1.42906,-2.49494,-0.67762,-0.94177,0.06633,-0.12857,-0.34367,-0.83115,-0.04376,0.05061,-1.92684,-0.01696,0.10103,0.02934,0.551,15.74841,8.7268,-67.01689,-0.54722,-4.6297,-1.29929
14.44,41.76704,9.05288,0.04672,-0.64568,-0.07391,-0.04685,1.22838,0.43881,0.80596,-1.03008,-4.71146,0.03341,-0.02336,0.43972,-2.91569,-1.03472,-1.06929,0.13928,-0.12822,-0.30907,-0.77408,-0.03963,0.07593,-1.79698,-0.01961,0.01159,0.01174,-0.89561,14.26256,7.84955,-59.88123,-0.42529,-2.37578,-0.36077
14.46,43.23911,9.07462,-0.03881,-1.07233,-0.17273,-0.02142,0.2775,0.24073,0.83625,-0.5968,-4.8652,0.05839,-0.01039,-0.24188,-2.96817,-1.35265,-1.19665,0.21339,-0.12045,-0.265,-0.71497,-0.02642,0.10043,-1.6559,-0.02225,-0.08496,-0.01008,-1.9522,12.77426,6.81383,-52.30625,-0.31645,-0.32454,0.54976
14.48,43.92566,9.0839,-0.15842,-1.37334,-0.22611,-0.00078,-0.65539,0.1031,0.82513,-0.19611,-4.91822,0.08785,0.00603,-0.86195,-2.72914,-1.62092,-1.31668,0.27895,-0.10649,-0.20797,-0.65711,-0.00305,0.12272,-1.51058,-0.02465,-0.19138,-0.03685,-2.54798,11.27361,5.83688,-44.52075,-0.22584,1.57081,1.43613
14.5,43.89148,9.044,-0.31404,-1.55799,-0.24594,0.01341,-1.56342,0.02205,0.77776,0.14397,-4.87684,0.12162,0.02539,-1.4963,-2.33102,-1.83116,-1.40533,0.32401,-0.08836,-0.1566,-0.60449,0.0312,0.14213,-1.36877,-0.02643,-0.29924,-0.06499,-2.75047,10.00003,4.96575,-36.78971,-0.15567,3.33318,2.27967
14.52,43.222,8.9435,-0.46488,-1.63575,-0.24972,0.02188,-2.33638,-0.01274,0.69397,0.42875,-4.75502,0.15849,0.04711,-2.01502,-1.91273,-1.96453,-1.43153,0.33807,-0.06828,-0.12314,-0.56072,0.07551,0.15862,-1.2377,-0.0272,-0.38148,-0.08121,-2.69199,9.14991,4.19797,-29.53953,-0.10551,4.961,3.05064
14.54,41.8812,8.72342,-0.54374,-1.61985,-0.24071,0.02535,-2.89617,-0.01622,0.58147,0.66152,-4.54699,0.19588,0.06992,-2.39553,-1.50744,-1.97823,-1.39422,0.32438,-0.0483,-0.09379,-0.52461,0.12702,0.17083,-1.12133,-0.02673,-0.43434,-0.08372,-2.47746,8.45184,3.55454,-23.4598,-0.07285,6.47048,3.73517
14.56,39.86941,8.35288,-0.50906,-1.52493,-0.21984,0.02428,-3.22688,-0.00617,0.44843,0.82715,-4.24596,0.22965,0.09138,-2.67624,-1.1371,-1.86413,-1.3044,0.29016,-0.03068,-0.06514,-0.49382,0.18104,0.1772,-1.01976,-0.02499,-0.46967,-0.0793,-2.18259,7.72766,3.00399,-18.85022,-0.05492,7.90004,4.34081
14.58,37.31918,7.87579,-0.36463,-1.37337,-0.19314,0.02034,-3.30514,0.00948,0.30128,0.93681,-3.85044,0.25327,0.10765,-2.77593,-0.84523,-1.63942,-1.17047,0.2423,-0.01756,-0.042,-0.46747,0.2324,0.17704,-0.92995,-0.02216,-0.48721,-0.06751,-1.87192,7.05034,2.51466,-15.60052,-0.04869,9.29118,4.88376
14.6,34.37716,7.33774,-0.1439,-1.18504,-0.16608,0.01517,-3.18152,0.02289,0.15217,0.99239,-3.35538,0.26106,0.11645,-2.70001,-0.62933,-1.36762,-1.01819,0.18586,-0.01077,-0.02487,-0.44255,0.27707,0.17011,-0.84651,-0.01866,-0.46989,-0.0453,-1.579,6.36755,2.12862,-13.58521,-0.05041,10.44874,5.2438
14.62,31.21359,6.78466,0.10279,-0.98015,-0.14252,0.01017,-2.93446,0.02577,0.0175,0.99313,-2.75774,0.2486,0.11693,-2.48997,-0.48006,-1.11283,-0.87469,0.12699,-0.0118,-0.01362,-0.41514,0.3122,0.15697,-0.763,-0.01499,-0.39704,-0.00931,-1.32545,5.63118,1.87679,-12.63288,-0.05632,11.00991,5.23665
14.64,27.96904,6.26391,0.3289,-0.78253,-0.12204,0.00602,-2.60096,0.02437,-0.08878,0.96068,-2.07145,0.20874,0.10269,-2.16446,-0.39481,-0.86778,-0.75028,0.07475,-0.02181,-0.00808,-0.38416,0.33389,0.13802,-0.67351,-0.01159,-0.28993,0.03402,-1.1424,4.91161,1.69355,-12.52977,-0.06356,11.15372,4.9917
14.66,24.73638,5.80167,0.50243,-0.60668,-0.10399,0.00295,-2.22225,0.02439,-0.16132,0.91083,-1.32212,0.14038,0.07072,-1.76714,-0.36078,-0.62962,-0.65153,0.03268,-0.04161,-0.00767,-0.34885,0.34035,0.11441,-0.57376,-0.00871,-0.17774,0.07555,-1.07874,4.26103,1.52686,-13.10234,-0.07038,11.20388,4.68241
14.68,21.6078,5.41024,0.60953,-0.45866,-0.08943,0.00116,-1.84418,0.0235,-0.20067,0.85007,-0.55449,0.05153,0.02511,-1.34817,-0.36232,-0.41642,-0.5838,0.00053,-0.07159,-0.01183,-0.30799,0.33391,0.08849,-0.46207,-0.00646,-0.07455,0.11067,-1.20582,3.71273,1.37263,-14.22163,-0.07609,11.03985,4.27438
14.7,18.71482,5.07245,0.65177,-0.34433,-0.07801,0.00028,-1.50913,0.02487,-0.21347,0.77696,0.1576,-0.04581,-0.02872,-0.96529,-0.38199,-0.24293,-0.5432,-0.02179,-0.11162,-0.01994,-0.26534,0.31717,0.06105,-0.34002,-0.00479,0.02832,0.13802,-1.61185,3.33518,1.32842,-15.77889,-0.08105,11.16987,3.97494
14.72,16.18276,4.76277,0.64035,-0.26686,-0.06906,-0.0001,-1.242,0.03222,-0.2091,0.69256,0.75485,-0.1325,-0.07581,-0.65489,-0.40325,-0.11019,-0.52284,-0.03408,-0.16098,-0.03121,-0.22447,0.2945,0.03323,-0.21086,-0.00358,0.14443,0.15784,-2.37813,3.19882,1.50082,-17.6865,-0.08605,12.53865,4.08537
14.74,14.05959,4.49291,0.58897,-0.22619,-0.06287,-2e-05,-1.03839,0.04152,-0.19303,0.61241,1.18795,-0.19497,-0.10656,-0.4195,-0.42292,-0.00969,-0.51946,-0.03671,-0.21761,-0.0447,-0.1838,0.27362,0.00713,-0.07731,-0.00267,0.20997,0.15371,-3.54391,3.33766,1.82768,-19.87919,-0.09148,14.64208,4.40913
14.76,12.35734,4.27035,0.51155,-0.2214,-0.05931,0.00039,-0.89289,0.05015,-0.16979,0.54599,1.42216,-0.23051,-0.12263,-0.2625,-0.44128,0.05946,-0.52908,-0.03059,-0.2779,-0.0594,-0.1429,0.25998,-0.01703,0.05929,-0.00193,0.19172,0.11743,-5.07933,3.74426,2.25252,-22.28695,-0.097,16.79353,4.76523
14.78,11.07523,4.08342,0.42199,-0.2503,-0.0579,0.00088,-0.80456,0.05977,-0.14431,0.49368,1.4734,-0.23916,-0.12379,-0.1848,-0.45381,0.09846,-0.54577,-0.01686,-0.33704,-0.07464,-0.10326,0.25557,-0.04001,0.19828,-0.00127,0.10386,0.05295,-6.87175,4.37148,2.81329,-24.80391,-0.10159,19.63649,5.38847
14.8,10.19607,3.96343,0.33238,-0.31033,-0.05859,0.00136,-0.76634,0.06998,-0.11983,0.45723,1.37972,-0.22763,-0.11588,-0.17658,-0.46096,0.1105,-0.56473,0.00223,-0.38631,-0.08657,-0.06598,0.26172,-0.06203,0.33864,-0.00063,-0.07282,-0.04119,-8.73127,5.1061,3.44962,-27.31132,-0.1029,20.80934,5.52605
14.82,9.69556,3.94645,0.25105,-0.39977,-0.06126,0.00181,-0.77016,0.08008,-0.09861,0.43797,1.19849,-0.20456,-0.10539,-0.22442,-0.46482,0.09928,-0.58216,0.02459,-0.41544,-0.08925,-0.03185,0.27842,-0.0827,0.47806,2e-05,-0.19131,-0.11961,-10.43764,5.79508,4.10171,-29.66402,-0.0984,16.45004,4.01663
14.84,9.54299,4.00904,0.18077,-0.51598,-0.06574,0.0022,-0.80997,0.09241,-0.0822,0.43668,1.00303,-0.1742,-0.09148,-0.31615,-0.46521,0.06969,-0.59577,0.04816,-0.42161,-0.08492,-0.00187,0.30391,-0.10109,0.61099,0.00072,-0.16624,-0.15359,-11.788,6.37426,4.70175,-31.64663,-0.0872,9.27864,1.79787
14.86,9.71383,4.1244,0.1202,-0.65714,-0.07211,0.00257,-0.88117,0.1089,-0.0713,0.45343,0.83846,-0.14054,-0.07457,-0.44252,-0.46286,0.02588,-0.60499,0.07066,-0.40587,-0.07716,0.02222,0.33567,-0.11651,0.72781,0.00158,-0.07923,-0.16052,-12.62017,6.82652,5.1382,-33.07058,-0.06868,2.8879,-0.05022
14.88,10.19524,4.28317,0.06542,-0.82445,-0.08035,0.00294,-0.98125,0.12973,-0.06608,0.48647,0.7164,-0.10758,-0.0572,-0.59701,-0.45939,-0.02861,-0.61055,0.09111,-0.36954,-0.06499,0.03812,0.37049,-0.12893,0.81404,0.00269,0.05846,-0.14069,-12.8477,7.1007,5.47397,-33.75539,-0.04297,-2.7325,-1.57799
14.9,10.98116,4.44302,0.01088,-1.02021,-0.09073,0.00332,-1.10665,0.15682,-0.06635,0.53376,0.63162,-0.07761,-0.04085,-0.77164,-0.45906,-0.08977,-0.61618,0.10901,-0.32007,-0.05266,0.04423,0.40716,-0.13019,0.85,0.0042,0.1927,-0.10775,-12.36399,7.28325,5.22888,-33.53907,-0.01105,-4.48702,-1.82439
14.92,12.0636,4.54093,-0.0498,-1.24665,-0.10303,0.00371,-1.25365,0.19175,-0.07172,0.59219,0.56559,-0.05191,-0.0265,-0.95696,-0.46596,-0.15152,-0.62639,0.1241,-0.2658,-0.04315,0.04038,0.44503,-0.1084,0.81289,0.00625,0.26983,-0.07669,-11.09173,7.4892,4.07103,-32.29052,0.02485,-2.21221,-0.74408
14.94,13.4117,4.53842,-0.12276,-1.50448,-0.11516,0.00407,-1.4215,0.23427,-0.0816,0.65638,0.49366,-0.03102,-0.01479,-1.15279,-0.47932,-0.20972,-0.64238,0.13739,-0.21071,-0.03319,0.02552,0.47771,-0.06914,0.67975,0.00893,0.30337,-0.04797,-9.1045,7.64258,2.70884,-29.80862,0.06155,0.94444,0.59518
14.96,14.96157,4.40072,-0.21267,-1.79065,-0.12123,0.00431,-1.60945,0.28263,-0.09521,0.71986,0.39711,-0.0149,-0.00598,-1.36419,-0.49677,-0.26282,-0.66365,0.14967,-0.1585,-0.02213,-0.00064,0.49645,-0.02088,0.43188,0.01226,0.30446,-0.02291,-6.49869,7.67608,1.59302,-25.93698,0.09645,4.2328,1.9475
14.98,16.60535,4.08329,-0.32438,-2.09375,-0.10534,0.00428,-1.81492,0.33057,-0.11183,0.77483,0.26614,-0.00315,-3e-05,-1.59416,-0.51563,-0.30847,-0.68834,0.16064,-0.11253,-0.0115,-0.0379,0.49083,0.0368,0.05733,0.01617,0.2834,-0.00105,-3.38488,7.62974,0.7061,-20.63076,0.12689,8.08707,3.45187
15,18.17902,3.62087,-0.45332,-2.41377,-0.08376,0.00398,-2.01697,0.38778,-0.12864,0.8162,0.09786,0.00483,0.00334,-1.82252,-0.53155,-0.34348,-0.71233,0.17016,-0.07417,-0.00198,-0.08533,0.44881,0.10013,-0.44834,0.02046,0.2122,0.0052,0.06278,7.53573,0.15555,-13.94038,0.14877,10.11105,4.2409
15.02,19.47439,3.08876,-0.58238,-2.75106,-0.05955,0.00347,-2.18254,0.46999,-0.14122,0.83933,-0.10337,0.00973,0.00453,-2.01363,-0.53835,-0.36428,-0.72989,0.17784,-0.04377,0.00602,-0.13671,0.35265,0.16657,-1.08223,0.02488,0.10126,-0.00172,3.62842,7.44948,-0.07583,-5.94009,0.15779,4.29032,2.192
15.04,20.28756,2.48255,-0.70669,-3.07431,-0.03189,0.00256,-2.3045,0.55512,-0.14864,0.83232,-0.32841,0.01226,0.00406,-2.17081,-0.52831,-0.37054,-0.73482,0.18218,-0.02108,0.01226,-0.18849,0.16686,0.23133,-1.83646,0.02912,0.02031,-0.00071,7.16422,7.35966,-0.06657,3.37007,0.15447,-6.97118,-1.81563
15.06,20.43253,1.82553,-0.82401,-3.34856,-0.00076,0.00114,-2.3803,0.61866,-0.15074,0.78621,-0.56506,0.01303,0.00243,-2.30149,-0.4964,-0.36385,-0.72292,0.18198,-0.0052,0.01659,-0.23988,-0.13592,0.29006,-2.69681,0.03284,-0.02188,0.01073,10.64658,7.2176,0.09401,14.02034,0.13883,-17.5773,-5.74512
15.08,19.73903,1.20996,-0.91823,-3.55069,0.03117,-0.0007,-2.39201,0.6583,-0.14551,0.6995,-0.79634,0.01261,0.00016,-2.38473,-0.44106,-0.34464,-0.69302,0.17691,0.00504,0.0191,-0.28827,-0.57353,0.34574,-3.63626,0.03571,-0.03068,0.03343,14.08392,7.07054,0.33883,26.0695,0.11069,-27.77597,-9.85018
15.1,18.09216,0.68826,-0.97258,-3.67026,0.0591,-0.00264,-2.32957,0.6602,-0.13209,0.5719,-0.99754,0.01141,-0.00227,-2.40306,-0.36378,-0.3144,-0.64741,0.16671,0.01088,0.01995,-0.31061,-1.11554,0.37663,-4.60557,0.03733,-0.01734,0.06519,17.60543,6.77741,0.44443,39.43265,0.07024,-32.66821,-12.23314
15.12,15.40771,0.29608,-0.96696,-3.69891,0.07818,-0.00425,-2.1845,0.61557,-0.10997,0.40704,-1.14082,0.00978,-0.00444,-2.33689,-0.26892,-0.27494,-0.5907,0.15153,0.01353,0.01941,-0.2744,-1.6311,0.36131,-5.54451,0.03738,-0.04431,0.08447,21.36818,6.20491,0.27491,53.93196,0.01833,-30.15834,-11.59878
15.14,11.61992,0.07051,-0.898,-3.59221,0.08974,-0.00538,-1.96497,0.52072,-0.08055,0.21102,-1.21157,0.00797,-0.00607,-2.18468,-0.16363,-0.23016,-0.52706,0.13185,0.01403,0.01774,-0.20229,-2.06803,0.32242,-6.4203,0.03564,-0.11081,0.0931,25.41393,5.52775,0.04686,69.54758,-0.04117,-25.42111,-9.98171
15.16,6.75366,-5e-05,-0.77219,-3.324,0.09572,-0.00589,-1.68445,0.37671,-0.04598,-0.00708,-1.20863,0.00614,-0.00706,-1.95282,-0.05743,-0.18402,-0.46177,0.10859,0.01323,0.01524,-0.12494,-2.43978,0.27941,-7.22743,0.0322,-0.17638,0.10398,29.75577,4.85944,-0.10005,86.37393,-0.10514,-20.99518,-8.52228
15.18,0.97001,0.04911,-0.59408,-2.91083,0.09547,-0.0056,-1.35067,0.1927,-0.0092,-0.23548,-1.13959,0.00443,-0.00743,-1.64301,0.03745,-0.13805,-0.40169,0.08343,0.01175,0.01227,-0.04436,-2.69895,0.23024,-7.96879,0.02747,-0.34819,0.07644,34.38783,4.14513,-0.19695,104.45079,-0.16963,-16.52688,-6.97415
15.2,-5.4312,0.16787,-0.41621,-2.36524,0.06275,-0.00476,-1.03078,-0.02636,0.02504,-0.4539,-1.02735,0.00293,-0.00733,-1.31968,0.10843,-0.10058,-0.35344,0.05794,0.01004,0.00909,0.00405,-2.85498,0.18038,-8.68722,0.02219,-0.37216,0.09354,39.55966,3.42362,-0.24555,122.86342,-0.23027,-12.2273,-5.40102
15.22,-12.15886,0.27702,-0.27405,-1.7376,0.03515,-0.00349,-0.7666,-0.2223,0.06114,-0.62876,-0.89933,0.0017,-0.00696,-1.0336,0.15145,-0.07789,-0.32348,0.03432,0.00836,0.00603,0.01061,-2.94138,0.13457,-9.44431,0.01723,0.28249,0.34232,45.63358,2.72042,-0.25652,140.01703,-0.28176,-8.3237,-3.89831
15.24,-18.92362,0.34873,-0.14637,-1.08844,0.0115,-0.00191,-0.5265,-0.35193,0.1007,-0.74483,-0.7743,0.00077,-0.00644,-0.765,0.1607,-0.06258,-0.31612,0.01486,0.00679,0.0034,0.00806,-2.9469,0.09488,-10.24687,0.0134,1.22259,0.70747,52.26846,2.00733,-0.25334,155.66168,-0.31318,-4.97314,-2.53917
15.26,-25.43311,0.38831,-0.03359,-0.45581,-0.0079,-0.00024,-0.30921,-0.42559,0.13717,-0.80268,-0.66552,0.00016,-0.00583,-0.51498,0.13374,-0.05057,-0.33159,0.00015,0.00536,0.00132,0.00499,-2.87535,0.06295,-11.09704,0.01112,2.03535,1.02506,58.90882,1.29662,-0.25167,169.91613,-0.30979,-2.21855,-1.37178
15.28,-31.47356,0.38031,0.05376,0.13689,-0.02236,0.00128,-0.1311,-0.44235,0.16996,-0.79918,-0.58125,-0.00019,-0.00524,-0.3016,0.07887,-0.0443,-0.36588,-0.01037,0.00415,-0.00025,0.00255,-2.74751,0.03687,-12.01,0.01051,2.92805,1.3468,65.23266,0.63009,-0.25932,182.0038,-0.25569,0.02497,-0.38688
15.3,-36.86868,0.34571,0.1154,0.66786,-0.0316,0.0025,0.00765,-0.42246,0.19716,-0.74491,-0.52242,-0.0003,-0.0047,-0.13396,0.0041,-0.03882,-0.41096,-0.01791,0.00315,-0.00143,0.00806,-2.59092,0.01484,-12.97502,0.01135,3.52205,1.54712,70.91529,0.07137,-0.26562,190.2542,-0.13511,1.83477,0.41584
15.32,-41.47701,0.31033,0.15075,1.119,-0.0349,0.0033,0.11332,-0.38926,0.21669,-0.65592,-0.48468,-0.00025,-0.00424,-0.00685,-0.07442,-0.02821,-0.45676,-0.02408,0.00239,-0.00238,0.02896,-2.42962,-0.00837,-13.9849,0.01319,3.23195,1.49796,75.50651,-0.36529,-0.24674,192.76708,0.0661,3.26846,1.02949
15.34,-45.13726,0.25523,0.16504,1.48138,-0.03269,0.00364,0.19529,-0.34165,0.22928,-0.54295,-0.45966,-0.0001,-0.00384,0.08923,-0.1429,-0.01616,-0.49539,-0.03008,0.00186,-0.00326,0.0687,-2.26495,-0.03864,-15.03207,0.01559,2.66962,1.37254,78.069,-0.68346,-0.18545,189.35238,0.35497,4.37195,1.45171
15.36,-47.78499,0.17075,0.16542,1.75736,-0.02645,0.00358,0.26304,-0.28294,0.23502,-0.41834,-0.43548,9e-05,-0.00343,0.15729,-0.20077,-0.00655,-0.5221,-0.03651,0.00152,-0.00412,0.12191,-2.10074,-0.07836,-16.10873,0.01816,2.23365,1.27985,77.7004,-0.86143,-0.07575,180.3906,0.7195,5.16999,1.68764
15.38,-49.51737,0.06402,0.15824,1.95658,-0.01742,0.00316,0.32546,-0.22246,0.2352,-0.29549,-0.3973,0.00028,-0.00291,0.20258,-0.24891,0.00073,-0.53401,-0.04342,0.00134,-0.00496,0.1684,-1.95126,-0.13275,-17.21113,0.02059,1.82222,1.18693,73.92293,-0.9148,0.07299,165.82936,1.12161,5.64789,1.74871
15.4,-50.48419,-0.05631,0.14742,2.09425,-0.00877,0.00256,0.38888,-0.16649,0.22847,-0.18741,-0.32783,0.00042,-0.00218,0.23149,-0.28572,0.00792,-0.53177,-0.05018,0.00128,-0.00575,0.20329,-1.81765,-0.19676,-18.31757,0.02262,1.46268,1.11013,66.83171,-0.85206,0.23109,145.47527,1.49672,5.71128,1.63085
15.42,-50.85973,-0.17676,0.13746,2.1875,-0.00314,0.00198,0.45614,-0.11843,0.21321,-0.104,-0.21141,0.00048,-0.00111,0.25,-0.307,0.01843,-0.51805,-0.05576,0.00127,-0.0064,0.24807,-1.70243,-0.25475,-19.38824,0.02409,1.17484,1.06363,56.87203,-0.68943,0.3625,120.1309,1.76474,5.28312,1.35428
15.44,-50.80336,-0.29041,0.13687,2.24966,0.00057,0.00143,0.52841,-0.07867,0.1925,-0.05001,-0.0399,0.00045,0.00037,0.26333,-0.31664,0.02821,-0.49473,-0.05929,0.00127,-0.0068,0.27464,-1.61444,-0.3126,-20.38526,0.02486,0.92988,1.01339,44.49135,-0.49105,0.44237,92.88797,1.84445,4.45684,1.00163
15.46,-50.43157,-0.39169,0.15083,2.28953,0.00312,0.00092,0.60339,-0.04735,0.16851,-0.02617,0.185,0.00029,0.00222,0.27431,-0.31946,0.03299,-0.46462,-0.06031,0.00126,-0.00688,0.23648,-1.55188,-0.37352,-21.27753,0.02497,0.72033,0.94047,30.74372,-0.30503,0.46627,66.86459,1.68401,3.39251,0.65455
15.48,-49.81474,-0.47082,0.17881,2.31129,0.00424,0.00051,0.67284,-0.02463,0.14137,-0.02873,0.44854,2e-05,0.00435,0.28325,-0.31275,0.03476,-0.43205,-0.05883,0.00122,-0.00666,0.12006,-1.50719,-0.42106,-22.02142,0.02458,0.54117,0.84634,16.99015,-0.15238,0.44285,43.95739,1.28049,2.23614,0.36644
15.5,-48.97484,-0.51396,0.21869,2.31216,0.00478,0.00021,0.72991,-0.00992,0.11248,-0.05006,0.72514,-0.00036,0.00651,0.28864,-0.29824,0.03278,-0.40186,-0.05529,0.00114,-0.0062,-0.03394,-1.46902,-0.44522,-22.55835,0.02402,0.38004,0.71536,4.27885,-0.04457,0.38559,25.14881,0.68217,1.14107,0.15417
15.52,-47.90083,-0.51516,0.26612,2.28534,0.00553,3e-05,0.76877,-0.00229,0.08371,-0.08074,0.98768,-0.00086,0.00846,0.28763,-0.27773,0.02655,-0.37916,-0.05039,0.00104,-0.00557,-0.15586,-1.42415,-0.4412,-22.81472,0.02368,0.23235,0.54278,-6.74225,0.02273,0.30697,10.80468,-0.00882,0.26677,0.02239
15.54,-46.5657,-0.48401,0.31367,2.22483,0.00677,1e-05,0.7756,-0.0005,0.05683,-0.11318,1.20836,-0.00149,0.00996,0.2759,-0.24862,0.0189,-0.36849,-0.04471,0.00091,-0.00485,-0.27662,-1.36514,-0.40247,-22.74692,0.02398,0.10058,0.3475,-15.82197,0.05462,0.2134,0.90517,-0.69433,-0.31856,-0.03199
15.56,-44.95084,-0.42782,0.35398,2.12495,0.00888,0.00013,0.74,-0.00308,0.03332,-0.14333,1.36842,-0.00226,0.01086,0.24973,-0.21035,0.01207,-0.37355,-0.0387,0.00078,-0.00412,-0.43152,-1.2866,-0.33228,-22.35206,0.0253,-0.01935,0.1388,-22.89337,0.05639,0.11335,-5.14997,-1.29888,-0.63949,-0.03498
15.58,-43.05156,-0.34897,0.37999,1.98018,0.01219,0.0003,0.66097,-0.00839,0.01426,-0.16977,1.46638,-0.00324,0.01112,0.207,-0.16506,0.00775,-0.39734,-0.03265,0.00064,-0.0034,-0.57901,-1.18345,-0.24266,-21.63508,0.02796,-0.13382,-0.08153,-25.87768,0.03247,0.05294,-6.70751,-1.56897,-0.61014,-0.01351
15.6,-40.86269,-0.25006,0.3909,1.78534,0.01667,0.00047,0.53731,-0.01471,0.00057,-0.194,1.50749,-0.00446,0.01077,0.1457,-0.1189,0.00301,-0.4415,-0.02668,0.00051,-0.0027,-0.71782,-1.05828,-0.15631,-20.68977,0.03214,-0.24561,-0.30518,-26.16303,-0.00241,0.03979,-5.9777,-1.55884,-0.45088,0.00673
15.62,-38.38421,-0.13742,0.38939,1.53629,0.02213,0.00053,0.37183,-0.02047,-0.00705,-0.2192,1.50175,-0.00596,0.00991,0.06599,-0.07629,-0.00472,-0.50658,-0.02085,0.00038,-0.00203,-0.85889,-0.91954,-0.09056,-19.64077,0.03774,-0.35322,-0.5101,-26.45357,-0.0402,0.04652,-5.18022,-1.48765,-0.36397,0.02171
15.64,-35.63153,-0.01952,0.37024,1.23362,0.02782,0.00043,0.17074,-0.02497,-0.00826,-0.24848,1.46416,-0.00775,0.00861,-0.02991,-0.03747,-0.01115,-0.5928,-0.01533,0.00028,-0.00141,-0.96836,-0.77529,-0.04412,-18.51954,0.04432,-0.45734,-0.68446,-26.72011,-0.08113,0.071,-4.33919,-1.37385,-0.30206,0.0295
15.66,-32.6215,0.09902,0.33206,0.87984,0.03291,0.00012,-0.05959,-0.02847,-0.00317,-0.28436,1.40448,-0.00979,0.00696,-0.14005,-0.00438,-0.0138,-0.69915,-0.01024,0.0002,-0.00086,-1.02796,-0.63194,-0.01447,-17.35052,0.05081,-0.56092,-0.83013,-26.93826,-0.12828,0.10614,-3.47828,-1.23591,-0.24056,0.02483
15.68,-29.38202,0.21457,0.28167,0.48027,0.03731,-0.00035,-0.31686,-0.03161,0.00775,-0.32822,1.32475,-0.01199,0.00504,-0.2656,0.02119,-0.01386,-0.82206,-0.00577,0.00016,-0.00039,-1.04985,-0.49391,-0.00067,-16.18351,0.05545,-0.6649,-0.94411,-27.082,-0.18121,0.15281,-2.61937,-1.07468,-0.1881,0.00669
15.7,-25.99981,0.32214,0.22295,0.04775,0.03945,-0.00083,-0.59206,-0.03592,0.02346,-0.38182,1.22373,-0.01414,0.00292,-0.40098,0.03918,-0.01284,-0.95439,-0.00221,0.00017,-3e-05,-1.01613,-0.37712,0.00022,-15.12541,0.05569,-0.76021,-1.01193,-27.09414,-0.23903,0.21896,-1.85081,-0.92118,-0.14865,-0.025
15.72,-22.58084,0.41576,0.16145,-0.40884,0.0377,-0.00107,-0.853,-0.0434,0.04158,-0.44671,1.09762,-0.01597,0.00073,-0.52761,0.0503,-0.01167,-1.08709,0.00011,0.00023,0.00019,-0.90739,-0.29542,-0.00759,-14.27682,0.04814,-0.8322,-1.01496,-26.91663,-0.2989,0.31137,-1.25419,-0.79993,-0.12326,-0.0629
15.74,-19.18219,0.49042,0.10536,-0.88414,0.03371,-0.00101,-1.09825,-0.05495,0.06029,-0.52027,0.94096,-0.01704,-0.00132,-0.64817,0.05597,-0.00985,-1.21351,0.00101,0.00034,0.00026,-0.74974,-0.23533,-0.02207,-13.58863,0.02865,-0.88611,-0.96723,-26.56327,-0.35256,0.40917,-0.77996,-0.69692,-0.10606,-0.09986
15.76,-15.84472,0.54279,0.05813,-1.36912,0.0289,-0.00076,-1.35746,-0.07081,0.07889,-0.59799,0.75058,-0.01677,-0.00293,-0.78206,0.05767,-0.00685,-1.32888,0.00049,0.00052,0.00017,-0.57331,-0.18488,-0.04414,-12.99647,-0.00779,-0.9323,-0.88706,-26.05731,-0.3912,0.49082,-0.37474,-0.60675,-0.09298,-0.13469
15.78,-12.62941,0.57065,0.01974,-1.85126,0.02315,-0.00038,-1.65308,-0.09145,0.096,-0.67507,0.52764,-0.01443,-0.00367,-0.9423,0.05651,-0.00246,-1.428,-0.00116,0.00072,-4e-05,-0.40127,-0.14737,-0.07406,-12.49059,-0.06686,-0.97036,-0.7753,-25.39492,-0.40801,0.55115,-0.03649,-0.53757,-0.0849,-0.16662
15.8,-9.63759,0.56949,-0.01072,-2.32154,0.01721,-3e-05,-1.93416,-0.11482,0.10948,-0.74705,0.27648,-0.00907,-0.00298,-1.0983,0.05443,0.00132,-1.50567,-0.00346,0.00094,-0.00032,-0.18927,-0.11972,-0.10855,-12.06856,-0.15439,-1.00374,-0.65256,-24.59017,-0.40111,0.57401,0.19661,-0.48981,-0.07849,-0.18458
15.82,-6.97781,0.53488,-0.03604,-2.77466,0.01169,0.00021,-2.09885,-0.13654,0.11692,-0.80958,0.00451,0.00039,-0.00021,-1.19028,0.05318,0.00247,-1.55711,-0.00581,0.00114,-0.0006,0.12869,-0.09821,-0.14135,-11.71826,-0.2758,-1.03786,-0.53545,-23.66371,-0.37196,0.55121,0.29746,-0.46166,-0.0699,-0.17023
15.84,-4.70982,0.47178,-0.05857,-3.18115,0.00645,0.00032,-2.19732,-0.15556,0.1175,-0.85385,-0.2829,0.01504,0.00528,-1.24928,0.05251,0.00348,-1.57997,-0.00774,0.00129,-0.00084,0.48425,-0.08937,-0.17032,-11.36334,-0.43532,-1.07207,-0.41902,-22.63878,-0.32242,0.49201,0.33235,-0.45055,-0.06077,-0.13583
15.86,-2.85854,0.38857,-0.07912,-3.51408,0.00167,0.00024,-2.29897,-0.17184,0.11144,-0.87416,-0.58777,0.03607,0.01407,-1.31922,0.05215,0.00646,-1.57493,-0.00903,0.00139,-0.001,0.78959,-0.09603,-0.19474,-10.91666,-0.63544,-1.10601,-0.30367,-21.43291,-0.25832,0.40612,0.34828,-0.4475,-0.05119,-0.09822
15.88,-1.41879,0.29221,-0.09781,-3.77406,-0.00228,2e-05,-2.3598,-0.18296,0.09896,-0.87201,-0.91606,0.06448,0.02657,-1.37741,0.0526,0.01059,-1.54458,-0.0097,0.00142,-0.00108,1.01661,-0.11341,-0.21182,-10.32573,-0.87823,-1.14263,-0.19676,-20.15418,-0.18938,0.30515,0.35177,-0.45184,-0.04097,-0.05472
15.9,-0.35545,0.19714,-0.11253,-3.9562,-0.00511,-0.00022,-2.4025,-0.18832,0.08129,-0.84975,-1.27441,0.10098,0.04304,-1.43214,0.05354,0.01719,-1.49593,-0.00996,0.00141,-0.00112,1.22353,-0.14527,-0.2143,-9.5712,-1.14763,-1.16433,-0.10953,-18.9011,-0.123,0.19463,0.3351,-0.45877,-0.03261,-0.02227
15.92,0.37847,0.11659,-0.11992,-4.06144,-0.00649,-0.00032,-2.46281,-0.18755,0.0605,-0.81096,-1.66769,0.1457,0.06329,-1.50008,0.05425,0.02857,-1.43688,-0.01014,0.00135,-0.00114,1.50621,-0.19036,-0.19692,-8.63566,-1.41079,-1.1492,-0.046,-17.66992,-0.06659,0.08993,0.28363,-0.45869,-0.02745,-0.01319
15.94,0.83763,0.05244,-0.11895,-4.11285,-0.00631,-0.00017,-2.49687,-0.17735,0.03897,-0.76079,-2.09394,0.19761,0.08686,-1.56124,0.05467,0.04356,-1.37183,-0.01045,0.00126,-0.00117,1.73341,-0.23148,-0.16614,-7.49197,-1.65905,-1.10921,-0.00446,-16.44157,-0.02573,0.01039,0.22127,-0.44984,-0.02342,-0.01066
15.96,1.07986,0.00648,-0.11002,-4.12885,-0.00458,0.00032,-2.47993,-0.15472,0.01886,-0.7029,-2.54216,0.25405,0.11263,-1.6039,0.0546,0.06056,-1.30462,-0.01095,0.00115,-0.00122,1.80068,-0.254,-0.12977,-6.14234,-1.8951,-1.05714,0.01252,-15.20873,-0.00059,-0.04148,0.17174,-0.43185,-0.01942,-0.00615
15.98,1.15913,-0.01679,-0.09414,-4.11773,-0.00128,0.00115,-2.42401,-0.11795,0.00202,-0.63946,-2.99247,0.30959,0.13749,-1.63223,0.05337,0.07951,-1.23964,-0.01148,0.00102,-0.00128,1.7879,-0.25169,-0.09308,-4.63194,-2.11407,-0.99164,0.00529,-13.97297,0.01184,-0.06973,0.13323,-0.4021,-0.01593,-0.00285
16,1.12364,-0.01419,-0.07404,-4.08842,0.00357,0.00224,-2.33635,-0.06566,-0.00975,-0.57204,-3.3931,0.35852,0.16032,-1.63996,0.05084,0.0993,-1.18207,-0.01171,0.00088,-0.00132,1.56971,-0.23098,-0.0567,-3.14831,-2.25998,-0.90518,-0.02172,-12.74909,0.01536,-0.07956,0.09329,-0.36339,-0.01314,-0.00053
16.02,1.01429,0.01987,-0.05325,-4.0491,0.00994,0.00348,-2.22315,0.00164,-0.01487,-0.50252,-3.67768,0.39581,0.18171,-1.61918,0.04723,0.11803,-1.13623,-0.01125,0.0007,-0.00128,1.10698,-0.20105,-0.01888,-1.81145,-2.26193,-0.78894,-0.05911,-11.55489,0.01326,-0.07668,0.04284,-0.31904,-0.01111,0.00136
16.04,0.86396,0.09316,-0.03485,-4.00661,0.01791,0.00467,-2.09248,0.08012,-0.01261,-0.43456,-3.83311,0.41303,0.19537,-1.57449,0.04251,0.13439,-1.10201,-0.00985,0.00051,-0.00115,0.63012,-0.16739,0.01138,-0.58797,-2.16474,-0.66149,-0.09813,-10.39793,0.00821,-0.0661,-0.00321,-0.2685,-0.00972,0.0031
16.06,0.69793,0.21324,-0.02184,-3.96765,0.02742,0.00562,-1.95084,0.16278,-0.00329,-0.37339,-3.87229,0.40523,0.19652,-1.50905,0.03734,0.14667,-1.07752,-0.00755,0.00031,-0.00093,0.26786,-0.14386,0.02869,0.47093,-2.01722,-0.53732,-0.13547,-9.28324,0.00184,-0.05208,-0.03283,-0.21246,-0.00878,0.00533
16.08,0.53437,0.38707,-0.01683,-3.93897,0.03808,0.00615,-1.80306,0.23653,0.01193,-0.32632,-3.80511,0.37572,0.18834,-1.41976,0.03336,0.15217,-1.06043,-0.00468,0.00011,-0.00064,0.02233,-0.14516,0.0363,1.25773,-1.81107,-0.41132,-0.16872,-8.21567,-0.00534,-0.0372,-0.04836,-0.15349,-0.00829,0.00809
16.1,0.38509,0.61677,-0.02122,-3.92745,0.0484,0.00602,-1.67248,0.29154,0.03114,-0.30412,-3.68058,0.32867,0.17206,-1.31115,0.03234,0.15146,-1.0457,-0.00191,-5e-05,-0.00035,-0.10881,-0.17375,0.03427,1.75889,-1.55764,-0.3086,-0.19966,-7.23614,-0.01287,-0.0238,-0.06017,-0.09577,-0.00812,0.01248
16.12,0.2569,0.89917,-0.03428,-3.94056,0.0562,0.00513,-1.58557,0.32388,0.05238,-0.31914,-3.55886,0.2712,0.15133,-1.19161,0.03624,0.14676,-1.02698,-2e-05,-0.00014,-0.00015,0.0305,-0.22371,0.02611,2.12468,-1.26072,-0.24421,-0.23331,-6.37941,-0.02004,-0.0132,-0.07672,-0.04202,-0.00813,0.01993
16.14,0.15285,1.22752,-0.05308,-3.98467,0.05996,0.00364,-1.52785,0.31127,0.07378,-0.38224,-3.47361,0.21423,0.13591,-1.059,0.04754,0.13449,-0.99905,0.00028,-0.00014,-9e-05,0.44138,-0.29279,0.01671,2.34259,-0.93714,-0.19299,-0.26919,-5.61895,-0.02624,-0.00455,-0.09003,0.00728,-0.0082,0.03009
16.16,0.07295,1.59354,-0.07323,-4.06295,0.05797,0.00184,-1.48296,0.23398,0.09383,-0.50155,-3.4562,0.16444,0.13227,-0.91374,0.06833,0.1132,-0.95709,-0.0015,-2e-05,-0.00023,0.90902,-0.38177,0.00806,2.3414,-0.60156,-0.14327,-0.3052,-4.93416,-0.03118,0.00294,-0.09427,0.05112,-0.00821,0.04181
16.18,0.01523,1.99293,-0.08691,-4.17545,0.04823,5e-05,-1.45803,0.08847,0.11122,-0.68142,-3.53969,0.12435,0.14274,-0.76573,0.09899,0.0866,-0.89671,-0.00553,0.00022,-0.00057,1.27823,-0.49156,9e-05,2.2263,-0.26609,-0.09996,-0.3428,-4.32243,-0.03516,0.00912,-0.09233,0.08934,-0.0082,0.05274
16.2,-0.02337,2.38465,-0.09203,-4.31779,0.02929,-0.00144,-1.422,-0.13012,0.12658,-0.9205,-3.74996,0.09511,0.16952,-0.61159,0.14114,0.05348,-0.81558,-0.01167,0.00057,-0.0011,1.57484,-0.61112,-0.00731,2.02832,0.02527,-0.06594,-0.37205,-3.81286,-0.03873,0.01388,-0.08941,0.12273,-0.00771,0.0666
16.22,-0.04649,2.70517,-0.09629,-4.4824,0.00029,-0.00254,-1.33144,-0.39523,0.14176,-1.21323,-4.10447,0.07667,0.21338,-0.44792,0.1981,0.01719,-0.71249,-0.01956,0.00103,-0.00178,1.93181,-0.71794,-0.01241,1.77786,0.29371,-0.04101,-0.3778,-3.42966,-0.04292,0.01711,-0.08953,0.15264,-0.00608,0.0895
16.24,-0.0577,2.96304,-0.09891,-4.66061,-0.03865,-0.00351,-1.19368,-0.67854,0.15543,-1.55109,-4.58178,0.06806,0.27397,-0.28999,0.26801,-0.01442,-0.58732,-0.02878,0.00156,-0.00258,2.18593,-0.81676,-0.01477,1.50545,0.54474,-0.02219,-0.3662,-3.12868,-0.04945,0.01789,-0.08835,0.18068,-0.00403,0.11081
16.26,-0.06027,3.17957,-0.09495,-4.84126,-0.08674,-0.00484,-1.02321,-0.97856,0.16454,-1.92179,-5.13159,0.06756,0.34854,-0.14978,0.34424,-0.03928,-0.44195,-0.03897,0.00216,-0.00345,2.16288,-0.91637,-0.0151,1.20632,0.72175,-0.00876,-0.34559,-2.87075,-0.05931,0.01587,-0.08264,0.20853,-0.00222,0.12102
16.28,-0.05704,3.33258,-0.0839,-5.00979,-0.14038,-0.0068,-0.82388,-1.29785,0.16606,-2.30869,-5.70059,0.0727,0.42546,-0.03083,0.41526,-0.06154,-0.28134,-0.04969,0.00279,-0.00438,1.8896,-1.00385,-0.01364,0.84643,0.80218,-0.00093,-0.31359,-2.64976,-0.07206,0.01171,-0.07387,0.23806,-0.00052,0.12284
16.3,-0.05036,3.43954,-0.09058,-5.14171,-0.19794,-0.01089,-0.56029,-1.56516,0.16464,-2.67357,-6.1239,0.08047,0.50611,0.07353,0.4935,-0.07028,-0.11509,-0.06022,0.00341,-0.00529,1.65952,-1.05902,-0.01105,0.2558,0.76209,0.00183,-0.27816,-2.45456,-0.08574,0.00537,-0.06094,0.27133,0.00037,0.10868
16.32,-0.04203,3.52946,-0.1516,-5.20892,-0.26044,-0.01924,-0.19581,-1.64662,0.16819,-2.96532,-6.19587,0.08782,0.60112,0.16939,0.61245,-0.03273,0.04659,-0.06958,0.004,-0.00609,1.72165,-1.06404,-0.00867,-0.52093,0.58651,0.00029,-0.24753,-2.26936,-0.09745,-0.00149,-0.04263,0.3102,0.00024,0.07813
16.34,-0.0333,3.57962,-0.24546,-5.19833,-0.31739,-0.03029,0.19081,-1.58646,0.16822,-3.16421,-5.9317,0.09233,0.67884,0.24301,0.7472,0.03914,0.19469,-0.07729,0.00449,-0.00675,1.76336,-1.02628,-0.00767,-1.40413,0.27685,-0.0047,-0.21793,-2.07718,-0.10567,-0.00666,-0.02112,0.35568,2e-05,0.04631
16.36,-0.02501,3.57722,-0.34295,-5.10563,-0.35738,-0.0401,0.5315,-1.477,0.15728,-3.26615,-5.39525,0.09265,0.70958,0.29061,0.86387,0.11848,0.32142,-0.0831,0.00486,-0.00726,1.5535,-0.95899,-0.0078,-2.5389,-0.15446,-0.01219,-0.18731,-1.86314,-0.1102,-0.01015,0.00375,0.40801,-1e-05,0.0194
16.38,-0.01769,3.54039,-0.44592,-4.92824,-0.37866,-0.04851,0.83998,-1.30352,0.13927,-3.26542,-4.5974,0.08866,0.7023,0.32432,0.97089,0.21034,0.4218,-0.08657,0.00504,-0.00758,1.17045,-0.86463,-0.00817,-4.01465,-0.69382,-0.02124,-0.15766,-1.62046,-0.11106,-0.01226,0.03223,0.4662,3e-05,-0.00273
16.4,-0.01159,3.46671,-0.53922,-4.67936,-0.38059,-0.05508,1.08445,-1.08925,0.11651,-3.17789,-3.70407,0.08133,0.64718,0.3309,1.05349,0.30273,0.49367,-0.08751,0.00499,-0.00772,0.62088,-0.76605,-0.00983,-5.72626,-1.26658,-0.03027,-0.1312,-1.3708,-0.10805,-0.01307,0.06923,0.53079,0.00012,-0.01927
16.42,-0.00675,3.35509,-0.60432,-4.38138,-0.36587,-0.05972,1.2449,-0.85841,0.09246,-3.02873,-2.8587,0.07217,0.54469,0.3056,1.09557,0.38115,0.53774,-0.08591,0.00466,-0.00774,-0.11364,-0.68279,-0.01829,-7.38434,-1.65316,-0.03683,-0.10906,-1.13585,-0.10163,-0.01249,0.13407,0.60266,0.00028,-0.02963
16.44,-0.00311,3.22175,-0.6364,-4.05127,-0.33784,-0.0627,1.36478,-0.62248,0.07056,-2.83581,-2.0607,0.06252,0.43309,0.27354,1.10971,0.45025,0.55484,-0.08169,0.00399,-0.00764,-0.94306,-0.6016,-0.03835,-8.92865,-1.81837,-0.04042,-0.08934,-0.91114,-0.09438,-0.01099,0.23236,0.67685,0.00041,-0.03399
16.46,-0.00052,3.0761,-0.63118,-3.70669,-0.29952,-0.06428,1.4733,-0.39399,0.05215,-2.61652,-1.33485,0.05321,0.33227,0.24559,1.10488,0.51269,0.54753,-0.07508,0.00292,-0.00747,-1.68693,-0.50958,-0.07176,-10.35522,-1.85288,-0.04162,-0.07056,-0.70069,-0.08902,-0.00936,0.35605,0.74703,0.00038,-0.03324
16.48,0.0012,2.92306,-0.58666,-3.36976,-0.25535,-0.06511,1.58032,-0.16617,0.0379,-2.38845,-0.7192,0.04439,0.24109,0.21801,1.08455,0.56885,0.52182,-0.06665,0.00142,-0.00731,-2.17739,-0.40903,-0.11943,-11.37628,-1.76107,-0.04003,-0.05245,-0.51936,-0.08751,-0.00773,0.50001,0.80868,0.00015,-0.0279
16.5,0.00223,2.72638,-0.51107,-3.07316,-0.20508,-0.06463,1.6546,0.00045,0.02753,-2.17561,-0.20766,0.03573,0.15929,0.18824,1.04579,0.60876,0.48464,-0.05744,-0.00054,-0.0073,-2.40233,-0.30709,-0.16847,-11.94836,-1.52964,-0.03696,-0.03483,-0.38095,-0.09085,-0.00557,0.67586,0.85921,-0.00033,-0.01926
16.52,0.00273,2.44517,-0.41753,-2.85098,-0.15026,-0.06214,1.67711,0.06487,0.02031,-1.99783,0.22114,0.02646,0.08417,0.15708,0.9911,0.62826,0.44293,-0.04852,-0.00296,-0.00757,-2.33755,-0.21572,-0.19601,-12.10181,-1.1453,-0.03388,-0.01709,-0.29163,-0.09886,-0.0021,0.90224,0.8966,-0.00089,-0.00794
16.54,0.00286,2.11953,-0.30834,-2.71896,-0.09849,-0.05916,1.71464,0.09026,0.01476,-1.85899,0.59622,0.01543,0.01091,0.12958,0.94215,0.64702,0.4015,-0.04059,-0.00581,-0.00816,-1.84749,-0.15016,-0.19422,-11.67304,-0.73262,-0.03016,0.00156,-0.24327,-0.11061,0.00244,1.14184,0.91012,-0.00135,0.00676
16.56,0.00273,1.78574,-0.18089,-2.68601,-0.05357,-0.05681,1.81653,0.1121,0.00883,-1.7609,0.94947,0.00124,-0.06515,0.11067,0.91272,0.67741,0.36155,-0.03431,-0.00899,-0.00903,-0.94227,-0.12076,-0.16613,-10.59034,-0.38979,-0.02561,0.02138,-0.22478,-0.12302,0.00759,1.35348,0.89011,-0.00172,0.025
16.58,0.00244,1.43861,-0.0304,-2.76022,-0.01644,-0.05518,1.97983,0.11412,0.0001,-1.70523,1.30627,-0.01769,-0.14826,0.10622,0.90105,0.7153,0.32117,-0.03045,-0.01234,-0.01017,0.20589,-0.12529,-0.11256,-8.86985,-0.09647,-0.02084,0.04196,-0.22694,-0.13051,0.01336,1.5386,0.83496,-0.00205,0.04672
16.6,0.00207,1.10568,0.17446,-2.93729,0.01112,-0.05514,2.2191,0.08848,-0.01637,-1.68653,1.6848,-0.04301,-0.24091,0.12555,0.89919,0.75402,0.27524,-0.02971,-0.01558,-0.01149,1.38675,-0.14913,-0.05062,-7.09577,0.05841,-0.01628,0.06327,-0.23221,-0.12029,0.02026,1.68256,0.73758,-0.00192,0.07263
16.62,0.00166,0.80737,0.47373,-3.20589,0.02812,-0.05681,2.53942,0.03078,-0.0469,-1.69354,2.09246,-0.07626,-0.3436,0.18051,0.89261,0.78102,0.21525,-0.03268,-0.01828,-0.01285,2.52881,-0.17283,0.00052,-5.83861,0.04602,-0.01218,0.08651,-0.22125,-0.07431,0.02834,1.77355,0.59579,-0.00051,0.10428
16.64,0.00126,0.5288,0.89419,-3.55249,0.03383,-0.05979,2.91261,-0.05862,-0.0962,-1.70807,2.52328,-0.11863,-0.45254,0.28426,0.86651,0.7828,0.12879,-0.03958,-0.01991,-0.01395,3.50119,-0.18215,0.04118,-4.73731,0.00113,-0.00845,0.11125,-0.19308,0.01194,0.03606,1.83294,0.41738,0.00187,0.14189
16.66,0.0009,0.26439,1.44996,-3.95943,0.02743,-0.06293,3.29364,-0.16789,-0.16509,-1.70608,2.95537,-0.17063,-0.56055,0.44878,0.80461,0.74676,-0.00042,-0.05013,-0.01973,-0.01437,4.06024,-0.16936,0.06868,-3.55626,-0.01714,-0.00502,0.13619,-0.15057,0.13349,0.0418,1.87567,0.21028,0.00451,0.18393
16.68,0.0006,0.0191,2.11803,-4.40755,0.00807,-0.06329,3.61098,-0.27009,-0.24486,-1.66236,3.34168,-0.23151,-0.66516,0.68198,0.68912,0.65956,-0.19052,-0.06365,-0.01689,-0.01355,4.09422,-0.1317,0.07769,-2.46876,-0.02163,-0.00194,0.16149,-0.09144,0.28569,0.04443,1.89906,-0.01742,0.00728,0.22676
16.7,0.00035,-0.20074,2.95999,-4.83628,-0.02493,-0.05925,3.89267,-0.33093,-0.33135,-1.54587,3.64241,-0.29895,-0.73354,0.98933,0.52029,0.52498,-0.45781,-0.07857,-0.01035,-0.01078,3.72515,-0.07143,0.06266,-1.51811,-0.01363,0.00073,0.18784,-0.02055,0.46911,0.04358,1.89891,-0.25153,0.01045,0.27548
16.72,0.00017,-0.38868,4.05371,-5.15466,-0.08348,-0.04574,4.22985,-0.27754,-0.40551,-1.32702,3.82475,-0.36949,-0.71508,1.36229,0.31892,0.36001,-0.81026,-0.09257,0.00101,-0.00521,3.25688,0.00675,0.0269,-0.69924,0.0065,0.00299,0.21594,0.0595,0.68353,0.03885,1.86708,-0.45713,0.0144,0.33939
16.74,4e-05,-0.53198,5.19767,-5.09792,-0.18259,-0.00948,4.53897,0.01776,-0.39709,-1.00144,3.80551,-0.43727,-0.6377,1.79999,0.11121,0.18313,-1.24897,-0.10516,0.01824,0.0038,2.65856,0.08906,-0.01659,-0.00893,0.03653,0.00487,0.24524,0.14383,0.90228,0.0291,1.79711,-0.61553,0.01807,0.40584
16.76,-4e-05,-0.62164,6.17826,-4.92271,-0.32991,0.06146,4.7504,0.6633,-0.23547,-0.5736,3.52926,-0.49435,-0.54503,2.32481,-0.06079,0.03701,-1.77736,-0.1174,0.04236,0.01732,1.87968,0.15845,-0.06071,0.55892,0.07036,0.00635,0.27403,0.21578,1.09753,0.01374,1.68735,-0.73032,0.0204,0.4572
16.78,-9e-05,-0.66061,6.99514,-4.73064,-0.4395,0.15581,4.92913,1.69184,0.11664,-0.04027,3.01735,-0.53274,-0.43699,2.92157,-0.1715,-0.02508,-2.40354,-0.13028,0.07398,0.03744,1.17359,0.20702,-0.10028,0.99114,0.10296,0.00745,0.29951,0.24165,1.2611,-0.00722,1.53149,-0.79901,0.02121,0.48383
16.8,-0.00011,-0.65725,7.65917,-4.53885,-0.4728,0.15238,5.09548,3.03285,0.65983,0.61202,2.28142,-0.53768,-0.3505,3.85692,-0.20513,0.064,-3.18833,-0.14915,0.11267,0.07055,0.54317,0.22708,-0.13142,1.2461,0.13232,0.00827,0.32368,0.2325,1.39025,-0.03385,1.32173,-0.82305,0.01966,0.48215
16.82,-0.00012,-0.61935,8.08427,-4.36037,-0.4683,0.14265,5.2314,4.38703,1.33277,1.45065,1.37405,-0.49374,-0.30984,5.63446,-0.13969,0.35912,-4.28237,-0.1807,0.15659,0.12752,-0.07036,0.22062,-0.15269,1.30933,0.15825,0.00887,0.35,0.24477,1.48706,-0.0675,1.05345,-0.80555,0.01547,0.4501
16.84,-0.00011,-0.54896,8.3694,-4.18259,-0.44908,0.1311,5.33657,5.35456,2.01142,2.55064,0.39258,-0.40168,-0.27829,8.27164,0.10179,0.86211,-5.87893,-0.22718,0.2036,0.22125,-0.50374,0.20235,-0.16325,1.24351,0.1782,0.00926,0.36922,0.23564,1.54981,-0.10839,0.6938,-0.75908,0.00893,0.35592
16.86,-0.0001,-0.44301,8.56891,-3.99945,-0.43318,0.12113,5.39815,5.41184,2.52443,3.93451,-0.62267,-0.26722,-0.22503,11.46628,0.49345,1.52227,-8.12734,-0.28795,0.25113,0.35967,-0.69197,0.1832,-0.16325,1.0998,0.19012,0.00945,0.37378,0.16461,1.57845,-0.15503,0.214,-0.69845,0.00048,0.18387
16.88,-9e-05,-0.31536,8.41502,-3.80553,-0.41957,0.11263,5.4253,3.51144,2.66055,5.51609,-1.66338,-0.10033,-0.13497,14.58092,0.41021,2.02106,-10.81369,-0.35249,0.29612,0.51472,-0.70079,0.16815,-0.15394,0.90242,0.19542,0.00948,0.3668,0.07544,1.57854,-0.20809,-0.43599,-0.63029,-0.00972,-0.06209
16.9,-7e-05,-0.13692,7.993,-3.50218,-0.38485,0.10442,5.42502,1.21877,2.41551,7.04915,-2.71962,0.07493,0.00128,18.5343,1.28144,2.53195,-14.25444,-0.42375,0.33875,0.71588,-0.61944,0.15718,-0.13839,0.67228,0.19405,0.00935,0.34385,-0.00668,1.53482,-0.25679,-1.28355,-0.58301,-0.02024,-0.36422
16.92,-6e-05,0.21111,6.87319,-3.10847,-0.29804,0.09148,5.30355,2.66081,1.92406,7.99963,-3.77497,0.23521,0.1857,23.58675,5.24876,3.01972,-17.91177,-0.48115,0.40768,0.96425,-0.51815,0.14795,-0.12019,0.43894,0.18627,0.00905,0.30363,-0.05714,1.43364,-0.28234,-2.17659,-0.5852,-0.02568,-0.59815
16.94,-4e-05,0.50051,4.96977,-2.71777,-0.18836,0.0744,4.97224,7.29541,1.31113,7.7026,-4.784,0.35636,0.38641,25.7351,10.65468,3.21371,-20.18424,-0.48928,0.49274,1.13041,-0.39574,0.13914,-0.10141,0.23887,0.17473,0.00863,0.25821,-0.03474,1.28898,-0.28878,-3.08083,-0.62455,-0.02528,-0.71462
16.96,-2e-05,0.63535,2.5619,-2.32356,-0.07872,0.06052,4.55467,12.65127,0.77087,6.16402,-5.68984,0.4254,0.54825,23.51771,14.22737,2.74182,-19.67676,-0.42545,0.55127,1.10327,-0.25635,0.12842,-0.08385,0.08606,0.16138,0.00814,0.21515,0.0856,1.11608,-0.28717,-4.07558,-0.68609,-0.02218,-0.76064
16.98,-1e-05,0.68644,0.4531,-1.93266,0.05379,0.05138,3.8493,20.87633,0.54206,3.90218,-6.43368,0.44874,0.62189,18.28739,17.25512,2.06034,-16.54806,-0.30782,0.56591,0.92419,-0.12706,0.11239,-0.06916,-0.0207,0.14719,0.0076,0.17595,0.30633,0.92647,-0.2817,-5.06093,-0.77548,-0.01668,-0.73187
17,-0,0.64015,-0.48943,-1.55926,0.17096,0.05332,3.26655,26.18164,0.45143,1.83769,-6.88249,0.4395,0.62628,12.70162,15.21544,1.14346,-11.29022,-0.17072,0.49923,0.61589,-0.01727,0.08718,-0.05769,-0.08627,0.13232,0.00703,0.14204,0.62378,0.72089,-0.27557,-5.88989,-0.84725,-0.0082,-0.63705
17.02,0,0.54585,-1.64264,-1.22365,0.21906,0.05621,3.31921,20.42776,0.25155,0.48529,-6.89391,0.40491,0.63828,9.95496,9.78768,0.29091,-7.68942,-0.07323,0.37609,0.31815,0.07177,0.05155,-0.04924,-0.11857,0.11712,0.00645,0.11495,1.03517,0.51069,-0.27104,-6.36789,-0.83256,0.00433,-0.4858
17.04,1e-05,0.41634,-2.47841,-0.92177,0.2412,0.05762,3.50958,13.18269,0.1061,-0.28272,-6.50507,0.3533,0.63,8.01783,5.37822,-0.15943,-5.25255,-0.00179,0.23958,0.084,0.14328,0.00854,-0.04344,-0.12523,0.10313,0.00591,0.09677,1.49105,0.32179,-0.2756,-6.42369,-0.75987,0.01681,-0.31675
17.06,1e-05,0.23673,-2.38088,-0.64976,0.27116,0.06017,3.47957,8.76829,0.05543,-0.59794,-5.78347,0.29334,0.56698,6.34819,3.2902,-0.25578,-3.49303,0.0554,0.10315,-0.085,0.20331,-0.03887,-0.03951,-0.11278,0.09117,0.00541,0.08757,1.9096,0.15775,-0.29191,-6.0762,-0.66525,0.02546,-0.16694
17.08,1e-05,0.01171,-1.54532,-0.40327,0.29055,0.06348,3.38078,5.55244,0.02417,-0.62062,-4.74273,0.22873,0.47139,5.11044,2.21826,-0.20635,-2.41333,0.10477,-0.03088,-0.20919,0.25601,-0.0872,-0.03637,-0.08653,0.08093,0.00496,0.08505,2.22043,0.00863,-0.31194,-5.25227,-0.5427,0.03139,-0.03374
17.1,1e-05,-0.24086,-0.55932,-0.23425,0.29656,0.06725,3.18254,3.52032,-0.025,-0.51792,-3.53615,0.16075,0.33665,4.18145,1.64653,-0.11637,-1.7984,0.14984,-0.16081,-0.29502,0.30165,-0.1306,-0.03278,-0.05056,0.07217,0.00454,0.08701,2.42869,-0.13247,-0.32712,-4.32025,-0.42889,0.02973,0.0256
17.12,1e-05,-0.49957,0.0813,-0.15926,0.28807,0.07143,2.91065,2.44117,-0.10363,-0.42637,-2.27434,0.08953,0.17371,3.49229,1.29474,-0.02874,-1.47279,0.18876,-0.28778,-0.31954,0.3391,-0.16148,-0.0278,-0.00764,0.06464,0.00418,0.09119,2.59305,-0.26442,-0.33098,-3.68051,-0.34787,0.02013,0.00836
17.14,0,-0.74217,0.47835,-0.11123,0.2654,0.0549,2.66813,1.95431,-0.21084,-0.3783,-0.94332,0.01584,0.01766,3.01186,0.99755,0.05453,-1.32075,0.21214,-0.4112,-0.30237,0.37315,-0.17619,-0.02134,0.04025,0.05814,0.00384,0.09422,2.66228,-0.38491,-0.31906,-3.10383,-0.27696,0.01093,-0.0058
17.16,0,-0.94157,0.61146,-0.06676,0.23498,0.03977,2.46662,1.94496,-0.34306,-0.34908,0.4138,-0.0601,-0.11753,2.69835,0.73124,0.14304,-1.2522,0.20962,-0.52866,-0.27695,0.40703,-0.17514,-0.01383,0.0909,0.05253,0.00355,0.09372,2.59445,-0.49536,-0.29177,-2.46998,-0.20922,0.00479,-0.0003
17.18,0,-1.07455,0.38659,-0.0343,0.12532,0.03301,2.29418,2.31451,-0.48491,-0.34729,1.71849,-0.13804,-0.23061,2.52675,0.51184,0.23794,-1.23248,0.18039,-0.64079,-0.23818,0.43677,-0.15878,-0.00592,0.14108,0.04775,0.00335,0.08944,2.44274,-0.59357,-0.2532,-1.91653,-0.15291,0.00072,0.01335
17.2,0,-1.1388,-0.1157,-0.0121,0.04677,0.03188,2.14605,2.95308,-0.61699,-0.36181,2.91779,-0.21643,-0.307,2.48295,0.36857,0.33701,-1.2459,0.12392,-0.73698,-0.20489,0.4634,-0.12824,0.00134,0.18763,0.04376,0.0033,0.08141,2.23395,-0.67082,-0.20773,-1.45001,-0.10915,-0.00159,0.02984
17.22,0,-1.1595,-0.75638,0.00198,0.00691,0.03492,2.02448,3.76884,-0.71592,-0.37258,4.0007,-0.29292,-0.31303,2.55047,0.3277,0.43314,-1.28605,0.04877,-0.79904,-0.19376,0.49081,-0.0857,0.00721,0.22839,0.04063,0.00346,0.07062,1.98582,-0.7133,-0.15968,-1.04471,-0.07803,-0.00274,0.04232
17.24,0,-1.14147,-1.39624,0.00988,-0.011,0.04116,1.94226,4.57739,-0.75281,-0.38265,4.90921,-0.3654,-0.26905,2.70776,0.39973,0.51541,-1.34868,-0.02886,-0.83469,-0.18422,0.51245,-0.03761,0.01134,0.2588,0.03864,0.00388,0.05926,1.73232,-0.72498,-0.11482,-0.70625,-0.05943,-0.00313,0.04928
17.26,-0,-1.0884,-1.93242,0.01353,-0.01728,0.04965,1.91005,5.19517,-0.70991,-0.39616,5.56888,-0.43162,-0.21311,2.93268,0.57419,0.5754,-1.4286,-0.10202,-0.85837,-0.16491,0.5233,0.00901,0.01358,0.27523,0.03791,0.00455,0.04911,1.49304,-0.71718,-0.07648,-0.41966,-0.05173,-0.00305,0.05073
17.28,-0,-1.03102,-2.30365,0.01449,-0.0186,0.05916,1.93152,5.60778,-0.59046,-0.40609,5.98006,-0.4895,-0.14525,3.20464,0.8231,0.60995,-1.52149,-0.16786,-0.87051,-0.13935,0.52759,0.05083,0.0143,0.27864,0.03828,0.00536,0.0414,1.27907,-0.68961,-0.04483,-0.16713,-0.05259,-0.00269,0.04898
17.3,0,-0.97523,-2.50144,0.01383,-0.01739,0.06895,2.01238,5.7525,-0.41559,-0.42116,6.13447,-0.53227,-0.09263,3.50697,1.11358,0.61997,-1.61678,-0.22482,-0.87656,-0.11413,0.52156,0.08372,0.01393,0.26965,0.03961,0.0062,0.03718,1.09515,-0.65287,-0.02392,0.06077,-0.05901,-0.00237,0.04317
17.32,0,-0.9207,-2.55263,0.01224,-0.01396,0.07874,2.15725,5.60075,-0.22166,-0.45933,6.0337,-0.55144,-0.07547,3.82704,1.41627,0.6107,-1.70166,-0.27303,-0.88366,-0.0926,0.50086,0.10522,0.01303,0.24972,0.04177,0.00691,0.03718,0.94159,-0.61758,-0.01412,0.26902,-0.06773,-0.00239,0.03427
17.34,0,-0.89545,-2.48839,0.01029,-0.0104,0.08758,2.35999,5.37091,-0.04755,-0.50934,5.71762,-0.54903,-0.06828,4.15391,1.7006,0.59233,-1.77081,-0.31264,-0.88726,-0.07006,0.47472,0.11761,0.01231,0.2229,0.04453,0.00731,0.04153,0.82143,-0.57815,-0.00904,0.45831,-0.07625,-0.00264,0.02906
17.36,0,-0.91292,-2.34579,0.0083,-0.00779,0.09471,2.60996,5.21806,0.08022,-0.55745,5.23054,-0.52932,-0.05711,4.48293,1.94521,0.57488,-1.82387,-0.34459,-0.88442,-0.04572,0.44882,0.12332,0.01236,0.19074,0.04773,0.0073,0.04938,0.73627,-0.5313,-0.0058,0.62509,-0.08275,-0.00303,0.02908
17.38,0,-0.95828,-2.16277,0.00641,-0.00565,0.10014,2.89572,5.13716,0.15043,-0.61064,4.62875,-0.49347,-0.04577,4.81603,2.14648,0.56645,-1.86259,-0.37021,-0.88295,-0.02223,0.41999,0.1238,0.01358,0.1515,0.0514,0.00687,0.05847,0.68315,-0.47959,-0.00434,0.76181,-0.08585,-0.00369,0.02911
17.4,-0,-1.02362,-1.9637,0.00473,-0.00409,0.10368,3.20125,5.14783,0.16487,-0.65942,3.94715,-0.44919,-0.03586,5.15937,2.30408,0.5722,-1.89868,-0.3842,-0.8569,-0.00068,0.3881,0.11983,0.01646,0.10205,0.05565,0.00606,0.06597,0.65449,-0.42584,-0.00327,0.86854,-0.08497,-0.00424,0.0313
17.42,-0,-1.10102,-1.76342,0.00329,-0.00307,0.10513,3.50744,5.25302,0.13419,-0.68963,3.2387,-0.40466,-0.02761,5.51894,2.41986,0.59449,-1.94766,-0.37767,-0.77336,0.01837,0.35275,0.11247,0.02157,0.0383,0.06074,0.00499,0.06866,0.64402,-0.37204,-0.00134,0.9493,-0.08005,-0.00405,0.0443
17.44,-0,-1.15955,-1.57338,0.00209,-0.00219,0.10487,3.79519,5.37618,0.07283,-0.70905,2.60215,-0.36168,-0.01951,5.89358,2.50442,0.638,-2.01026,-0.35155,-0.66994,0.0343,0.30868,0.1043,0.02952,-0.04425,0.06696,0.00379,0.06234,0.64406,-0.31849,0.00066,0.9866,-0.07102,-0.00336,0.05936
17.46,-1e-05,-1.17457,-1.39878,0.00112,-0.00135,0.10322,4.05011,5.45356,-0.00507,-0.72393,2.08984,-0.32193,-0.01149,6.27395,2.56256,0.70471,-2.08029,-0.31116,-0.58028,0.04614,0.25177,0.09715,0.041,-0.15031,0.07478,0.00258,0.04324,0.64816,-0.26578,0.00173,0.97051,-0.05814,-0.0025,0.06494
17.48,-1e-05,-1.14239,-1.24047,0.0004,-0.00065,0.10025,4.26252,5.45889,-0.08667,-0.73245,1.70489,-0.2878,-0.00456,6.63877,2.58612,0.78765,-2.15208,-0.26145,-0.49801,0.05216,0.17896,0.09164,0.05692,-0.28359,0.08502,0.00139,0.00882,0.65357,-0.21551,0.00139,0.91403,-0.04208,-0.00148,0.06026
17.5,-1e-05,-1.05601,-1.10051,-0.00012,-9e-05,0.09634,4.42682,5.36078,-0.16067,-0.72768,1.44441,-0.25939,0.00098,6.9703,2.56811,0.88465,-2.20035,-0.19514,-0.43283,0.05205,0.08421,0.08758,0.07795,-0.44535,0.09822,0.00028,-0.04261,0.63129,-0.17136,-0.00154,0.79991,-0.02394,-0.00058,0.03963
17.52,-2e-05,-0.91824,-0.9802,-0.00045,0.00028,0.09183,4.54009,5.1386,-0.21903,-0.70163,1.29612,-0.23582,0.00501,7.25133,2.50175,0.99907,-2.19105,-0.10275,-0.38737,0.04609,-0.03667,0.08464,0.10414,-0.63572,0.11431,-0.00074,-0.11129,0.566,-0.13491,-0.00679,0.62873,-0.00495,0.00016,0.00452
17.54,-2e-05,-0.75095,-0.8771,-0.00063,0.00045,0.08657,4.60016,4.77996,-0.25828,-0.66329,1.24073,-0.21633,0.00762,7.43787,2.37517,1.12371,-2.12041,-0.01579,-0.35123,0.03133,-0.18678,0.08302,0.13511,-0.84553,0.13354,-0.00165,-0.19532,0.4833,-0.10432,-0.01398,0.4494,0.01373,0.00091,-0.03651
17.56,-2e-05,-0.57373,-0.78751,-0.0007,0.00049,0.08045,4.61144,4.2891,-0.28037,-0.62051,1.26113,-0.20014,0.00913,7.50215,2.1878,1.24538,-2.00075,0.04282,-0.31738,0.00759,-0.36879,0.08245,0.16935,-1.05852,0.15521,-0.00242,-0.29016,0.39637,-0.07837,-0.02379,0.28872,0.03076,0.00162,-0.07838
17.58,-3e-05,-0.40124,-0.70737,-0.00068,0.00045,0.07369,4.58517,3.70326,-0.29201,-0.56956,1.34259,-0.18673,0.00979,7.45181,1.95446,1.35222,-1.83661,0.08523,-0.27613,-0.02224,-0.58529,0.08189,0.20291,-1.27204,0.17572,-0.00307,-0.39213,0.30573,-0.05667,-0.03682,0.15225,0.04457,0.00201,-0.11901
17.6,-3e-05,-0.24656,-0.63142,-0.00061,0.00037,0.06629,4.5423,3.04283,-0.30339,-0.52015,1.47374,-0.17618,0.00991,7.29454,1.68957,1.45247,-1.65225,0.0929,-0.24662,-0.0531,-0.80224,0.08024,0.2337,-1.40761,0.19427,-0.00355,-0.47938,0.21635,-0.04005,-0.04699,0.04496,0.05356,0.00254,-0.14097
17.62,-3e-05,-0.12339,-0.55455,-0.00052,0.00025,0.05831,4.50873,2.35406,-0.32541,-0.48237,1.64773,-0.16888,0.00977,7.05415,1.41087,1.56639,-1.47532,0.06001,-0.24249,-0.07294,-0.94777,0.07788,0.26202,-1.34618,0.21156,-0.00381,-0.51587,0.1421,-0.02825,-0.04428,-0.02191,0.05639,0.00417,-0.11662
17.64,-3e-05,-0.04163,-0.47265,-0.00041,0.00015,0.05001,4.49916,1.72722,-0.36582,-0.44725,1.86094,-0.16518,0.00954,6.76137,1.1414,1.64942,-1.30837,0.02619,-0.23432,-0.07953,-1.01781,0.07565,0.28206,-1.1624,0.21969,-0.00389,-0.50909,0.10014,-0.01958,-0.03371,-0.04456,0.05172,0.00532,-0.07028
17.66,-2e-05,-0.00084,-0.38254,-0.00031,8e-05,0.04152,4.52747,1.19859,-0.42822,-0.41033,2.116,-0.16535,0.00938,6.44359,0.89361,1.65141,-1.15051,0.0082,-0.20978,-0.07831,-1.02888,0.07345,0.28803,-0.94895,0.21267,-0.00382,-0.47798,0.09577,-0.01359,-0.02082,-0.03335,0.03931,0.00457,-0.03059
17.68,-1e-05,0.00514,-0.28292,-0.00022,4e-05,0.0328,4.61441,0.75463,-0.51186,-0.37696,2.4231,-0.16959,0.00948,6.141,0.6716,1.59002,-1.00271,-0.00134,-0.17849,-0.06905,-0.96168,0.07103,0.28191,-0.69727,0.19334,-0.00363,-0.41975,0.12235,-0.01025,-0.00602,-0.00053,0.02057,0.00212,-0.00281
17.7,-1e-05,-0.01557,-0.17503,-0.00015,2e-05,0.0238,4.77478,0.37234,-0.61408,-0.34411,2.79538,-0.1781,0.00995,5.88676,0.47887,1.39855,-0.88506,-0.00513,-0.14233,-0.0574,-0.85479,0.06666,0.26393,-0.49579,0.16131,-0.00337,-0.35576,0.1673,-0.00887,0.0044,0.04039,-0.00214,-0.00209,-0.00188
17.72,-0,-0.0555,-0.06276,-9e-05,1e-05,0.01464,5.01763,0.01752,-0.73215,-0.3088,3.24487,-0.19106,0.01081,5.71802,0.31874,1.04502,-0.8203,-0.00481,-0.10322,-0.04803,-0.75088,0.05979,0.23633,-0.39868,0.12007,-0.00311,-0.30489,0.21685,-0.00874,0.01638,0.08696,-0.02525,-0.00531,0.00964
17.74,-0,-0.10895,0.04884,-4e-05,0,0.00553,5.3552,-0.3451,-0.85866,-0.27695,3.78347,-0.20824,0.01218,5.69181,0.19303,0.65889,-0.7917,-0.00188,-0.06531,-0.03741,-0.6397,0.05331,0.20581,-0.33257,0.08027,-0.00285,-0.25631,0.25283,-0.00943,0.03087,0.13429,-0.04564,-0.00595,0.05103
17.76,-0,-0.17054,0.15479,-1e-05,0,-0.00334,5.78736,-0.73889,-0.98596,-0.25135,4.41479,-0.22928,0.01415,5.83124,0.10056,0.29888,-0.78508,0.00311,-0.03029,-0.0247,-0.52765,0.04922,0.17604,-0.26558,0.04711,-0.00261,-0.20586,0.26187,-0.01048,0.03888,0.17125,-0.06177,-0.00523,0.09371
17.78,-1e-05,-0.23412,0.24956,0,0,-0.0118,6.28884,-1.17573,-1.11064,-0.22984,5.12152,-0.25373,0.01663,6.10574,0.03774,-0.04004,-0.80427,0.00975,0.00078,-0.01167,-0.43613,0.0474,0.14831,-0.21378,0.02135,-0.00239,-0.1593,0.24467,-0.01127,0.04181,0.19754,-0.07286,-0.00323,0.13579
17.8,-1e-05,-0.29407,0.3255,2e-05,-0,-0.01946,6.84208,-1.64489,-1.22729,-0.20986,5.89966,-0.28015,0.01947,6.48051,-0.00034,-0.35231,-0.83209,0.01868,0.02653,0.00072,-0.3673,0.04739,0.12247,-0.17345,0.00334,-0.00221,-0.11978,0.20498,-0.01158,0.03578,0.20972,-0.07905,-0.00153,0.15131
17.82,-2e-05,-0.34514,0.3739,2e-05,-1e-05,-0.02573,7.42528,-2.11453,-1.32925,-0.18849,6.75082,-0.30642,0.02243,6.91044,-0.01892,-0.62914,-0.84237,0.03191,0.0464,0.01178,-0.31712,0.04819,0.09871,-0.14035,-0.00752,-0.00206,-0.08871,0.15281,-0.01144,0.02067,0.20601,-0.08102,-0.00133,0.12301
17.84,-2e-05,-0.37661,0.39007,2e-05,-1e-05,-0.03039,7.97219,-2.56798,-1.41243,-0.16482,7.62027,-0.33101,0.02535,7.31003,-0.02359,-0.868,-0.83159,0.04966,0.05972,0.02098,-0.28408,0.04821,0.07875,-0.1163,-0.01224,-0.00191,-0.06511,0.10389,-0.01023,0.0077,0.19769,-0.0793,-0.0013,0.0832
17.86,-2e-05,-0.37905,0.37344,2e-05,-2e-05,-0.0335,8.421,-2.9984,-1.4737,-0.13878,8.44565,-0.35233,0.02808,7.60847,-0.01996,-1.07635,-0.79997,0.07065,0.06629,0.02802,-0.26394,0.04618,0.06296,-0.09949,-0.01209,-0.00177,-0.0481,0.06575,-0.00738,0.00027,0.19195,-0.07442,-0.00088,0.04764
17.88,-2e-05,-0.35031,0.32607,2e-05,-2e-05,-0.03509,8.73679,-3.38923,-1.51023,-0.10956,9.19179,-0.36819,0.0304,7.7743,-0.01345,-1.26081,-0.73853,0.09402,0.06742,0.03305,-0.25104,0.04139,0.0503,-0.08685,-0.00852,-0.00161,-0.03702,0.03838,-0.00269,-0.00305,0.18733,-0.06688,-0.00031,0.01398
17.9,-1e-05,-0.29051,0.25312,2e-05,-2e-05,-0.03528,8.89849,-3.71157,-1.51984,-0.07726,9.84504,-0.37478,0.0322,7.78271,-0.0093,-1.39842,-0.6564,0.12001,0.06475,0.03624,-0.24096,0.03339,0.03987,-0.07678,-0.00317,-0.00144,-0.03009,0.01901,0.0041,-0.00371,0.18401,-0.05717,0.00044,-0.01651
17.92,-1e-05,-0.20504,0.16188,2e-05,-2e-05,-0.03425,8.89513,-3.93089,-1.49999,-0.04289,10.40408,-0.36791,0.03348,7.62295,-0.01255,-1.45427,-0.56697,0.14925,0.06003,0.03777,-0.23054,0.02225,0.03068,-0.06808,0.00247,-0.00123,-0.02534,0.00282,0.0128,-0.00514,0.18107,-0.04573,0.00123,-0.04787
17.94,0,-0.10445,0.06048,1e-05,-2e-05,-0.03215,8.69928,-4.0418,-1.45123,-0.00999,10.80026,-0.34727,0.0341,7.29639,-0.02798,-1.4554,-0.46655,0.17699,0.05502,0.03833,-0.21931,0.00854,0.02165,-0.05978,0.00737,-0.001,-0.02145,-0.01514,0.02292,-0.00852,0.17218,-0.0328,0.00196,-0.08226
17.96,1e-05,-0.0007,-0.04456,1e-05,-2e-05,-0.02915,8.30729,-4.0475,-1.37653,0.017,10.97799,-0.31379,0.03394,6.81084,-0.0599,-1.43179,-0.35579,0.19804,0.05078,0.03844,-0.20818,-0.00652,0.01216,-0.05169,0.01103,-0.00073,-0.01747,-0.03851,0.03381,-0.01395,0.1527,-0.01867,0.0027,-0.11716
17.98,2e-05,0.09514,-0.14764,1e-05,-1e-05,-0.02539,7.76023,-3.93903,-1.27802,0.03463,10.96446,-0.26787,0.03317,6.18661,-0.11191,-1.37826,-0.24319,0.21161,0.04761,0.03803,-0.19784,-0.02107,0.00204,-0.04438,0.01365,-0.00043,-0.01294,-0.06982,0.04401,-0.02408,0.1216,-0.00379,0.00322,-0.1555
18,3e-05,0.17139,-0.24395,1e-05,-1e-05,-0.02122,7.0862,-3.72399,-1.16893,0.03857,10.73927,-0.21389,0.03188,5.43355,-0.18676,-1.31652,-0.13926,0.2156,0.04543,0.03717,-0.1908,-0.03238,-0.0084,-0.03989,0.01597,-9e-05,-0.00814,-0.1104,0.05289,-0.03497,0.07826,0.01119,0.00391,-0.18112
18.02,3e-05,0.21201,-0.33086,1e-05,-1e-05,-0.01696,6.32096,-3.41253,-1.06303,0.02764,10.29059,-0.15612,0.03008,4.56697,-0.28631,-1.27044,-0.04864,0.2084,0.04378,0.03591,-0.19002,-0.03732,-0.01845,-0.04051,0.01893,0.00028,-0.00357,-0.16026,0.06065,-0.03842,0.02484,0.02542,0.00558,-0.16469
18.04,3e-05,0.21977,-0.40553,1e-05,-1e-05,-0.01268,5.53007,-3.00798,-0.9571,0.0046,9.70668,-0.09567,0.02792,3.62274,-0.40983,-1.22725,0.0307,0.19174,0.04189,0.03385,-0.19529,-0.0348,-0.02744,-0.0469,0.02345,0.00066,0.00041,-0.21734,0.06455,-0.03825,-0.03362,0.03786,0.00738,-0.12369
18.06,3e-05,0.21075,-0.46559,1e-05,-1e-05,-0.00854,4.75442,-2.52159,-0.84792,-0.02748,9.05253,-0.03488,0.02558,2.62688,-0.55322,-1.17789,0.09963,0.16739,0.0387,0.03078,-0.20559,-0.02551,-0.03498,-0.05897,0.0299,0.00107,0.00349,-0.27651,0.0622,-0.03798,-0.08987,0.04721,0.00833,-0.08178
18.08,2e-05,0.18923,-0.51044,1e-05,-0,-0.00476,4.00754,-1.97665,-0.73831,-0.06496,8.3431,0.02241,0.02316,1.60004,-0.70907,-1.12874,0.15458,0.13663,0.03282,0.02683,-0.22116,-0.01116,-0.04083,-0.07651,0.03784,0.00147,0.00564,-0.32984,0.054,-0.03396,-0.13489,0.05186,0.00855,-0.03671
18.1,1e-05,0.17802,-0.54084,1e-05,-0,-0.00151,3.29569,-1.4217,-0.63457,-0.10124,7.58047,0.07231,0.0207,0.5722,-0.86548,-1.06794,0.21121,0.10122,0.02289,0.02216,-0.23687,0.00522,-0.04469,-0.09604,0.04648,0.00186,0.00701,-0.35906,0.04056,-0.02746,-0.15305,0.05023,0.00748,-0.0076
18.12,-0,0.19848,-0.55797,0,-0,0.00104,2.62731,-0.89798,-0.54122,-0.12736,6.77386,0.11201,0.01822,-0.40207,-1.0085,-0.98285,0.3087,0.06407,0.00787,0.017,-0.24495,0.02092,-0.04631,-0.11153,0.05493,0.00222,0.00783,-0.34267,0.02384,-0.01969,-0.12776,0.041,0.00507,-0.00201
18.14,-1e-05,0.22867,-0.56053,0,-0,0.00283,2.01763,-0.42288,-0.45413,-0.14024,5.96125,0.1383,0.01586,-1.26431,-1.12516,-0.88433,0.43331,0.02783,-0.01248,0.0117,-0.24689,0.03373,-0.04578,-0.12161,0.06183,0.00251,0.00835,-0.2812,0.00661,-0.01048,-0.06359,0.02296,0.00226,-0.00138
18.16,-2e-05,0.24881,-0.54759,0,0,0.0039,1.47191,-0.01472,-0.37129,-0.14084,5.16934,0.14872,0.01371,-1.97792,-1.20277,-0.7787,0.54995,-0.0049,-0.03606,0.00656,-0.24547,0.04214,-0.0433,-0.12691,0.06615,0.00272,0.0087,-0.1852,-0.00977,-0.00184,0.02878,-0.00329,-0.00055,0.00025
18.18,-2e-05,0.25786,-0.52036,0,0,0.00439,0.98818,0.31296,-0.29494,-0.12994,4.4089,0.14385,0.01177,-2.51047,-1.2286,-0.66369,0.64541,-0.03279,-0.05988,0.00187,-0.23861,0.04599,-0.039,-0.12641,0.06775,0.00281,0.00882,-0.07016,-0.02478,0.00266,0.13315,-0.03504,-0.00324,0.00032
18.2,-2e-05,0.25261,-0.48189,0,0,0.0045,0.56875,0.55659,-0.22649,-0.10978,3.6858,0.12542,0.01002,-2.8286,-1.18717,-0.54238,0.71084,-0.05266,-0.07716,-0.00201,-0.2286,0.04567,-0.03324,-0.12171,0.06663,0.00276,0.00854,0.03517,-0.03753,0.00168,0.23694,-0.06724,-0.00549,0.00213
18.22,-0,0.23315,-0.43521,0,0,0.00442,0.21997,0.71874,-0.1677,-0.08367,3.01663,0.09632,0.00848,-2.90361,-1.06339,-0.41451,0.73513,-0.05634,-0.07816,-0.00457,-0.21856,0.04199,-0.02647,-0.11496,0.06308,0.00255,0.00766,0.11586,-0.04587,0.00138,0.35608,-0.09232,-0.00658,0.01822
18.24,2e-05,0.2034,-0.38105,0,1e-05,0.00431,-0.05333,0.80478,-0.12015,-0.05639,2.43417,0.06027,0.00722,-2.73351,-0.85306,-0.28124,0.67572,-0.04848,-0.06678,-0.00551,-0.20692,0.0362,-0.01897,-0.10617,0.0578,0.00216,0.006,0.15953,-0.04805,0.00201,0.46448,-0.10615,-0.00654,0.04311
18.26,6e-05,0.16694,-0.32056,0,1e-05,0.00425,-0.25303,0.8226,-0.08407,-0.03136,1.95048,0.02044,0.00624,-2.3398,-0.56496,-0.14536,0.52088,-0.03715,-0.04973,-0.00487,-0.19287,0.02926,-0.01111,-0.09553,0.05141,0.0016,0.00357,0.15359,-0.04331,0.00046,0.51613,-0.10804,-0.00582,0.06267
18.28,0.0001,0.12663,-0.25628,0,1e-05,0.00422,-0.38653,0.78453,-0.05862,-0.01012,1.55739,-0.02038,0.00549,-1.76416,-0.22439,-0.01362,0.29496,-0.02234,-0.02748,-0.00293,-0.17749,0.02179,-0.00343,-0.08382,0.04429,0.00092,0.00064,0.10193,-0.03147,-4e-05,0.50571,-0.09785,-0.00447,0.07553
18.3,0.00016,0.08432,-0.19187,-0,1e-05,0.00417,-0.46498,0.70387,-0.04212,0.00624,1.24505,-0.05923,0.00494,-1.08978,0.12449,0.10211,0.02174,-0.00994,-0.00688,-0.00033,-0.16181,0.01427,0.00341,-0.0722,0.03683,0.0002,-0.00231,0.01024,-0.01401,-0.00073,0.41386,-0.07866,-0.00299,0.07202
18.32,0.00022,0.04067,-0.131,-1e-05,1e-05,0.00402,-0.50129,0.59447,-0.03261,0.01766,1.00249,-0.09289,0.00454,-0.40187,0.43661,0.20263,-0.23834,0.0002,0.01309,0.00235,-0.14672,0.00707,0.00888,-0.06151,0.02938,-0.00047,-0.00471,-0.10508,0.0073,-0.00153,0.24647,-0.05404,-0.00166,0.04889
18.34,0.00028,-0.00337,-0.07562,-2e-05,2e-05,0.0037,-0.50724,0.46994,-0.02822,0.02462,0.81792,-0.11943,0.00425,0.23467,0.67713,0.28649,-0.43332,0.00976,0.03109,0.00459,-0.13213,0.00042,0.01255,-0.0514,0.02223,-0.00102,-0.00618,-0.22665,0.0311,0.0004,0.04984,-0.02614,-0.00026,0.01547
18.36,0.00033,-0.04475,-0.02729,-4e-05,2e-05,0.00319,-0.49219,0.34105,-0.02719,0.0279,0.67905,-0.13833,0.004,0.76343,0.82696,0.3433,-0.55627,0.0131,0.03663,0.00591,-0.11782,-0.00572,0.01429,-0.04161,0.01545,-0.00143,-0.00675,-0.3494,0.05583,0.00345,-0.14673,0.00226,0.00123,-0.02282
18.38,0.00037,-0.07804,0.01282,-6e-05,3e-05,0.00256,-0.46259,0.2164,-0.02804,0.02864,0.57414,-0.14946,0.00378,1.15321,0.88974,0.37927,-0.60049,0.00842,0.02683,0.00621,-0.10401,-0.01157,0.01434,-0.03226,0.0089,-0.00171,-0.00675,-0.46799,0.0795,0.00263,-0.32378,0.0279,0.00258,-0.06464
18.4,0.00039,-0.09638,0.04398,-9e-05,4e-05,0.00196,-0.42192,0.10375,-0.02967,0.02773,0.49366,-0.15353,0.00356,1.3962,0.87901,0.38818,-0.58954,-0.003,0.00351,0.00572,-0.09081,-0.01751,0.01318,-0.02327,0.0024,-0.00192,-0.00684,-0.5619,0.10125,-0.00078,-0.4515,0.0477,0.00397,-0.09851
18.42,0.00037,-0.09405,0.06549,-0.00011,4e-05,0.00155,-0.37154,0.01026,-0.03133,0.02575,0.43043,-0.15159,0.00332,1.50236,0.81411,0.36061,-0.56533,-0.01408,-0.02211,0.00493,-0.07827,-0.02403,0.01145,-0.0145,-0.00423,-0.00212,-0.0078,-0.59805,0.12085,0.00484,-0.49241,0.05926,0.00613,-0.09778
18.44,0.0003,-0.06789,0.07727,-0.00014,4e-05,0.0015,-0.31185,-0.05875,-0.03245,0.02346,0.37892,-0.14435,0.00307,1.49462,0.72233,0.31755,-0.52425,-0.01932,-0.03902,0.00426,-0.06647,-0.03132,0.00983,-0.00596,-0.01109,-0.00235,-0.01007,-0.57743,0.13449,0.01419,-0.45359,0.06021,0.00833,-0.07141
18.46,0.00015,-0.02067,0.07995,-0.00017,4e-05,0.00189,-0.24369,-0.1007,-0.03261,0.02125,0.33442,-0.13259,0.00279,1.39883,0.62443,0.27414,-0.4637,-0.01948,-0.04531,0.00405,-0.05551,-0.03916,0.00876,0.00219,-0.01803,-0.00263,-0.01371,-0.512,0.13974,0.01825,-0.35975,0.04951,0.00948,-0.04161
18.48,-9e-05,0.03856,0.07446,-0.00018,3e-05,0.0027,-0.16923,-0.1151,-0.0316,0.01901,0.29317,-0.11721,0.00249,1.24201,0.53147,0.23203,-0.39589,-0.01502,-0.04067,0.00459,-0.04542,-0.0472,0.00842,0.00948,-0.02472,-0.00291,-0.01832,-0.4021,0.13853,0.0222,-0.22354,0.02861,0.00959,-0.01005
18.5,-0.00045,0.09621,0.06228,-0.00019,1e-05,0.00385,-0.09199,-0.10316,-0.02932,0.01693,0.25268,-0.09932,0.00217,1.04922,0.45164,0.1942,-0.33007,-0.00839,-0.02817,0.00605,-0.03668,-0.0543,0.00884,0.01523,-0.03042,-0.00313,-0.02284,-0.2813,0.13263,0.01918,-0.07895,0.00031,0.00816,0.00573
18.52,-0.00095,0.13542,0.04506,-0.00017,-2e-05,0.00524,-0.01673,-0.0676,-0.02575,0.01509,0.21101,-0.0799,0.00183,0.84212,0.38862,0.16254,-0.27223,-0.00034,-0.01057,0.00844,-0.02976,-0.05896,0.00995,0.0188,-0.03425,-0.00317,-0.0258,-0.17414,0.12389,0.00839,0.06537,-0.03055,0.00521,0.00304
18.54,-0.00161,0.14956,0.02421,-0.00012,-6e-05,0.00669,0.05162,-0.01271,-0.02089,0.01288,0.1656,-0.05935,0.00146,0.63578,0.3405,0.13794,-0.22,0.01041,0.01158,0.01174,-0.02422,-0.06075,0.01162,0.01935,-0.03575,-0.003,-0.0266,-0.07784,0.11421,0.0009,0.21359,-0.05928,0.00158,-0.00092
18.56,-0.00243,0.14238,0.0011,-3e-05,-0.0001,0.00803,0.10859,0.05521,-0.01469,0.01,0.11228,-0.03769,0.00107,0.43067,0.30167,0.11904,-0.16991,0.02268,0.03616,0.01588,-0.01972,-0.05983,0.01375,0.01642,-0.03491,-0.00265,-0.0253,-0.00217,0.10397,-0.00318,0.34673,-0.08334,-0.00223,-0.00276
18.58,-0.00341,0.11923,-0.02284,0.00011,-0.00015,0.00914,0.14963,0.1273,-0.00705,0.00649,0.04534,-0.01467,0.0006,0.21389,0.26289,0.10121,-0.1197,0.03464,0.06029,0.0206,-0.01663,-0.05659,0.01629,0.01041,-0.03197,-0.00217,-0.02225,0.04333,0.09315,-0.00795,0.45252,-0.10085,-0.00599,-0.00613
18.6,-0.00451,0.09172,-0.04606,0.00031,-0.00021,0.00987,0.1699,0.19246,0.00206,0.00236,-0.04148,0.01018,3e-05,-0.0351,0.21163,0.07978,-0.06298,0.0448,0.08168,0.02556,-0.01454,-0.052,0.01923,0.00215,-0.02769,-0.00167,-0.01866,0.05794,0.08159,-0.01255,0.51958,-0.11076,-0.00881,-0.00141
18.62,-0.00566,0.06933,-0.06693,0.00058,-0.0003,0.01009,0.16498,0.2399,0.01266,-0.00218,-0.15359,0.03736,-0.00068,-0.34074,0.13451,0.04918,0.00552,0.05224,0.09912,0.0303,-0.01297,-0.04728,0.02254,-0.00679,-0.02302,-0.00128,-0.01587,0.04488,0.07032,-0.01074,0.53836,-0.11266,-0.00893,0.0332
18.64,-0.00676,0.05367,-0.08434,0.00092,-0.0004,0.00978,0.13214,0.26209,0.0246,-0.00686,-0.29337,0.06723,-0.00156,-0.72422,0.02034,0.00251,0.08804,0.05502,0.10935,0.03422,-0.01272,-0.0434,0.02617,-0.01488,-0.0186,-0.00109,-0.01449,0.00978,0.06258,-0.00544,0.50364,-0.10673,-0.00703,0.07288
18.66,-0.00762,0.046,-0.09787,0.00134,-0.00052,0.00901,0.07171,0.25777,0.03758,-0.01164,-0.45803,0.0998,-0.00261,-1.1972,-0.13717,-0.0626,0.18817,0.05224,0.11006,0.03669,-0.01457,-0.04104,0.03007,-0.02125,-0.01496,-0.0011,-0.01473,-0.04274,0.06025,-0.00121,0.41379,-0.09384,-0.00464,0.08766
18.68,-0.008,0.04687,-0.10746,0.00183,-0.00065,0.00784,-0.01223,0.23324,0.05094,-0.01646,-0.63842,0.13424,-0.0038,-1.76067,-0.33805,-0.14487,0.3038,0.0459,0.1031,0.03692,-0.01846,-0.04052,0.03411,-0.02528,-0.01242,-0.00129,-0.01639,-0.11078,0.06263,0.00361,0.27519,-0.07536,-0.00206,0.07845
18.7,-0.00757,0.05326,-0.11336,0.00236,-0.00075,0.00644,-0.11215,0.2007,0.06374,-0.02126,-0.81734,0.16943,-0.00504,-2.39735,-0.57473,-0.23432,0.44435,0.03761,0.08965,0.03458,-0.02427,-0.04167,0.03817,-0.02684,-0.01112,-0.00154,-0.01842,-0.19103,0.06994,0.00281,0.09526,-0.05363,-0.0006,0.03087
18.72,-0.00593,0.06021,-0.1155,0.00289,-0.00079,0.00495,-0.21903,0.17566,0.07501,-0.02593,-0.97345,0.20434,-0.00619,-3.07348,-0.83356,-0.30852,0.63778,0.02998,0.07267,0.02952,-0.03178,-0.04414,0.04211,-0.02592,-0.01115,-0.0017,-0.01934,-0.27431,0.08307,-0.0009,-0.10304,-0.03116,0.00018,-0.02619
18.74,-0.00255,0.06451,-0.11257,0.00334,-0.00074,0.00345,-0.32636,0.17273,0.08389,-0.03043,-1.09211,0.23669,-0.0072,-3.76081,-1.10181,-0.36092,0.87683,0.02695,0.05867,0.02065,-0.04031,-0.04808,0.04565,-0.02183,-0.01278,-0.00167,-0.01823,-0.35763,0.09954,-0.00123,-0.29163,-0.01022,0.00148,-0.05443
18.76,0.00311,0.06511,-0.10155,0.00364,-0.00058,0.00195,-0.43236,0.20158,0.09007,-0.03472,-1.16729,0.26457,-0.00808,-4.43437,-1.36833,-0.39514,1.13646,0.03076,0.05282,0.00783,-0.04889,-0.05392,0.04852,-0.01349,-0.01656,-0.00144,-0.0146,-0.44141,0.11651,-0.00161,-0.454,0.00658,0.00268,-0.05988
18.78,0.01166,0.06263,-0.07758,0.00367,-0.00027,0.00037,-0.53934,0.26586,0.09404,-0.03876,-1.19913,0.28774,-0.00882,-5.05689,-1.61959,-0.40917,1.39789,0.04235,0.05927,-0.00788,-0.05644,-0.06205,0.05058,0.00047,-0.02327,-0.00105,-0.00831,-0.52003,0.13346,-0.00266,-0.57674,0.01629,0.00334,-0.04619
18.8,0.02366,0.06085,-0.03383,0.00329,0.00022,-0.00144,-0.65284,0.36375,0.09703,-0.04223,-1.19548,0.30632,-0.00945,-5.5681,-1.8335,-0.40157,1.66515,0.06356,0.08295,-0.02459,-0.05984,-0.0729,0.05166,0.0219,-0.03393,-0.0006,0.00021,-0.56513,0.14943,-0.00352,-0.63287,0.016,0.00288,-0.02725
18.82,0.03951,0.06471,0.03795,0.00236,0.00093,-0.00365,-0.78121,0.48835,0.10085,-0.04464,-1.17043,0.32089,-0.01001,-5.89483,-1.98339,-0.37184,1.93943,0.09713,0.12864,-0.03825,-0.05596,-0.08693,0.05147,0.05241,-0.04966,-0.00025,0.01063,-0.53878,0.16358,-0.00282,-0.59262,0.00318,0.00118,-0.01399
18.84,0.05935,0.07731,0.14666,0.00071,0.0019,-0.00649,-0.93484,0.62798,0.10748,-0.04613,-1.14325,0.33238,-0.01051,-6.00245,-2.05525,-0.3274,2.13793,0.14468,0.20207,-0.04698,-0.04579,-0.10461,0.04977,0.09353,-0.07114,-9e-05,0.02285,-0.45899,0.17662,-0.00101,-0.48036,-0.02409,-0.0011,-0.00268
18.86,0.08281,0.09997,0.3005,-0.00183,0.0031,-0.01025,-1.12525,0.76629,0.1191,-0.0471,-1.13861,0.34206,-0.01098,-5.88158,-2.04161,-0.27187,2.20631,0.20634,0.30906,-0.05115,-0.03125,-0.12616,0.04616,0.14661,-0.09835,-0.00016,0.03676,-0.35403,0.19037,0.00041,-0.32772,-0.06501,-0.00362,0.00717
18.88,0.10882,0.13278,0.50407,-0.00541,0.00454,-0.01515,-1.36319,0.88029,0.13791,-0.04747,-1.18617,0.35182,-0.01141,-5.52941,-1.93874,-0.20373,2.15607,0.27926,0.44687,-0.05026,-0.0146,-0.15155,0.04001,0.21051,-0.13086,-0.00048,0.05273,-0.22639,0.20666,-0.00255,-0.1544,-0.1166,-0.00624,0.01048
18.9,0.13531,0.1724,0.75621,-0.01019,0.00606,-0.02142,-1.65278,0.94633,0.16599,-0.04886,-1.3209,0.3634,-0.01177,-4.99354,-1.76501,-0.12919,1.99236,0.36708,0.62691,-0.04561,-0.00118,-0.17653,0.03103,0.28716,-0.16606,-0.00094,0.07109,-0.12006,0.22674,-0.01029,-0.0055,-0.17029,-0.00839,0.01675
18.92,0.15901,0.21217,1.04728,-0.01629,0.00736,-0.0293,-1.98905,0.94535,0.20432,-0.05486,-1.57944,0.37836,-0.01196,-4.33805,-1.54972,-0.05158,1.74718,0.47776,0.87574,-0.03868,0.00501,-0.19425,0.01902,0.38007,-0.19957,-0.00141,0.0916,-0.06705,0.24762,-0.00911,0.10357,-0.21131,-0.00891,0.06348
18.94,0.17535,0.2503,1.3513,-0.0239,0.00846,-0.03851,-2.36119,0.86057,0.2512,-0.06579,-1.99015,0.39899,-0.01178,-3.61017,-1.3118,0.02732,1.47687,0.59597,1.17072,-0.02907,0.00418,-0.20335,0.00361,0.48168,-0.22915,-0.00179,0.1143,-0.02853,0.26549,-0.00224,0.14223,-0.23526,-0.00801,0.13986
18.96,0.17852,0.29041,1.62432,-0.03331,0.00962,-0.04834,-2.74633,0.69789,0.30139,-0.08217,-2.56987,0.4268,-0.01082,-2.87384,-1.07041,0.09887,1.21917,0.69962,1.47055,-0.01718,0.00156,-0.20378,-0.01409,0.57612,-0.25343,-0.00201,0.13857,0.02788,0.27869,-0.0011,0.05619,-0.24407,-0.00653,0.21118
18.98,0.16175,0.33616,1.80931,-0.04481,0.01107,-0.05831,-3.10268,0.49553,0.345,-0.10926,-3.32487,0.46148,-0.00838,-2.20409,-0.84586,0.1539,0.98371,0.7769,1.75952,-0.00444,0.01117,-0.19307,-0.03175,0.63882,-0.27037,-0.002,0.16089,0.08359,0.28436,0.00035,-0.18067,-0.23609,-0.00443,0.27848
19,0.1182,0.39726,1.84443,-0.05833,0.01255,-0.06541,-3.37251,0.30309,0.37343,-0.14199,-4.22684,0.50389,-0.0032,-1.66942,-0.64911,0.18385,0.77063,0.82064,2.025,0.00728,0.05685,-0.16973,-0.04493,0.6668,-0.27419,-0.00179,0.18206,0.17543,0.28843,-0.00465,-0.55541,-0.21764,-0.00251,0.31927
19.02,0.04149,0.48389,1.68642,-0.07298,0.01313,-0.06192,-3.50293,0.17015,0.38121,-0.17035,-5.21903,0.55435,0.00641,-1.32562,-0.49138,0.17932,0.56117,0.8257,2.26407,0.01595,0.16419,-0.13556,-0.04747,0.65695,-0.25835,-0.0014,0.2059,0.38375,0.30204,-0.01789,-0.94853,-0.19579,-0.00147,0.31542
19.04,-0.07345,0.59931,1.33022,-0.08722,0.01218,-0.05642,-3.47173,0.11078,0.35644,-0.20192,-6.27331,0.6086,0.02252,-1.2072,-0.38498,0.13697,0.31867,0.7773,2.44903,0.01897,0.35289,-0.09453,-0.03812,0.53119,-0.22752,-0.00082,0.22428,0.63019,0.32467,-0.02289,-1.2758,-0.1682,-0.00089,0.28457
19.06,-0.22884,0.72868,0.83025,-0.0975,0.00687,-0.05028,-3.28292,0.07691,0.29146,-0.24612,-7.37449,0.66085,0.04777,-1.31892,-0.31508,0.06691,0.00806,0.67511,2.55385,0.01321,0.62844,-0.05146,-0.01824,0.24234,-0.18727,-5e-05,0.23071,0.78554,0.35386,-0.01134,-1.52913,-0.13311,-0.00047,0.24089
19.08,-0.4243,0.83204,0.31571,-0.09699,-0.00928,-0.04291,-2.95416,-0.025,0.19188,-0.29913,-8.48486,0.70453,0.08352,-1.64162,-0.20509,0.00373,-0.38822,0.53962,2.59571,-0.00364,0.94808,-0.01499,0.0101,-0.20503,-0.13888,0.00087,0.231,0.80811,0.39117,0.01554,-1.66421,-0.09117,-0.00015,0.19295
19.1,-0.65818,0.87546,-0.02728,-0.07594,-0.04662,-0.03492,-2.50853,-0.30653,0.06693,-0.3538,-9.52676,0.73756,0.13234,-2.18685,0.10503,0.02001,-0.80558,0.38828,2.56221,-0.03109,1.30833,0.00213,0.04296,-0.76767,-0.0917,0.0019,0.22413,0.67856,0.44632,0.05799,-1.64102,-0.04065,-0.00011,0.14131
19.12,-0.93058,0.79577,0.03601,-0.02003,-0.12169,-0.02732,-1.9763,-0.89019,-0.07067,-0.39621,-10.40141,0.76159,0.19799,-3.10949,0.83889,0.25489,-1.07678,0.24486,2.45021,-0.065,1.77439,-0.00996,0.08014,-1.22403,-0.05047,0.00296,0.2107,0.40947,0.5326,0.1299,-1.42485,0.01956,-0.00038,0.09565
19.14,-1.24758,0.48293,0.75393,0.08798,-0.24535,-0.02059,-1.41187,-1.89205,-0.20003,-0.3903,-11.04564,0.76729,0.27565,-4.83379,2.19902,0.91383,-1.00071,0.13455,2.32718,-0.09353,2.25185,-0.05123,0.11818,-1.48414,-0.01258,0.00399,0.20523,-0.00607,0.64413,0.22849,-1.00192,0.08911,-0.00088,0.0748
19.16,-1.62181,-0.17463,2.32707,0.26775,-0.29391,-0.01545,-0.90123,-3.4064,-0.29727,-0.29503,-11.39912,0.74796,0.35459,-8.14839,4.21317,2.18498,-0.28086,0.06329,2.23983,-0.09812,2.61245,-0.11193,0.14875,-1.61717,0.01955,0.00494,0.21497,-0.56936,0.77128,0.33284,-0.39451,0.16778,-0.00172,0.07863
19.18,-2.0673,-1.29881,4.878,0.52606,-0.33535,-0.01308,-0.59046,-5.55832,-0.33866,-0.07248,-11.38567,0.71053,0.42278,-14.17802,6.49768,4.14994,1.62745,0.01615,2.20125,-0.05893,2.86659,-0.17577,0.16807,-1.6071,0.04296,0.00572,0.23341,-1.21257,0.91391,0.43355,0.36701,0.25077,-0.00331,0.09219
19.2,-2.59962,-3.03266,8.49609,0.92131,-0.36446,-0.01351,-0.82322,-8.50898,-0.29772,0.3855,-10.82637,0.65341,0.47949,-23.19627,8.31834,6.72095,5.33765,-0.04509,2.20484,0.05784,3.02054,-0.22128,0.16977,-1.49796,0.05618,0.0063,0.2615,-1.8218,1.06064,0.52371,1.34485,0.34233,-0.00498,0.11476
19.22,-3.17597,-5.21275,12.01958,1.58586,-0.38348,-0.01606,-2.03299,-12.7275,-0.16683,1.14121,-9.55022,0.57509,0.53052,-30.39164,8.34394,9.69489,10.31391,-0.14294,2.11329,0.22567,3.0964,-0.2321,0.14949,-1.34905,0.0585,0.00666,0.30423,-2.23907,1.19295,0.59901,2.57384,0.46068,-0.00453,0.1662
19.24,-3.6181,-7.47058,14.53309,1.88177,-0.3805,-0.01667,-4.52542,-18.27511,0.02185,2.1172,-7.69491,0.4887,0.55391,-36.32327,5.66859,13.04749,15.72943,-0.26475,1.91035,0.33492,3.12478,-0.20737,0.11054,-1.17715,0.05071,0.00664,0.34793,-2.40328,1.29681,0.65056,3.89121,0.59983,-0.0018,0.23079
19.26,-3.66952,-9.39971,15.03221,2.14704,-0.35887,-0.0172,-8.50698,-24.90339,0.20775,3.16292,-5.4081,0.39913,0.53167,-40.17527,2.16745,15.98259,21.23482,-0.41926,1.61698,0.33718,3.12346,-0.15298,0.05626,-0.99995,0.03411,0.00608,0.37843,-2.2755,1.36262,0.6722,5.07633,0.7429,0.00222,0.28254
19.28,-2.86068,-10.8753,10.9624,2.27451,-0.34453,-0.0163,-13.60358,-34.45321,0.33447,4.06367,-2.79645,0.30294,0.46786,-39.13008,-2.57533,16.00341,24.80959,-0.56521,1.27361,0.22113,3.13136,-0.07764,-0.01062,-0.82077,0.0104,0.00501,0.39477,-1.76083,1.38619,0.66851,5.87454,0.8874,0.00836,0.33026
19.3,-0.99176,-11.73412,8.55993,2.72542,-0.2754,-0.01591,-20.20755,-39.81596,0.38004,4.81566,-0.15721,0.20282,0.34942,-44.48478,-8.16661,14.40051,34.27884,-0.90024,0.94231,0.0193,3.1149,0.00462,-0.08537,-0.68065,-0.01829,0.00341,0.39059,-1.06341,1.35182,0.64715,6.51465,1.03636,0.01597,0.35789
19.32,3.50143,-7.46942,9.2078,3.93237,-0.07685,-0.02478,-28.91204,-30.68606,0.36375,5.5894,2.42906,0.10621,0.18876,-57.96431,-7.10327,2.32683,57.69134,-1.84813,0.59777,-0.39329,3.03578,0.07962,-0.15864,-0.59988,-0.04864,0.0014,0.36132,-0.41037,1.25192,0.61578,7.35562,1.19707,0.02307,0.34857
19.34,10.40637,1.67903,-29.19293,5.15811,0.14881,-0.04432,-36.38013,-19.76214,0.35181,6.41058,4.91421,0.0204,0.02787,-31.99945,9.61817,-17.99794,62.16356,-2.4576,0.2501,-0.88512,2.96278,0.13617,-0.22433,-0.53218,-0.07794,-0.0009,0.31115,0.24816,1.10681,0.58156,7.85378,1.34753,0.03065,0.3364
19.36,16.16335,2.19676,-62.46925,6.05882,0.32658,-0.062,-39.50852,-12.23426,0.40517,7.13128,7.05597,-0.05026,-0.11752,6.56887,12.36647,-28.7941,42.38342,-2.03302,0.05141,-0.96418,2.94498,0.16736,-0.28152,-0.4564,-0.10514,-0.00338,0.24354,0.8694,0.92674,0.55005,7.64716,1.46511,0.03976,0.34046
19.38,23.92271,-2.778,-35.89389,6.79508,0.48527,-0.08057,-38.31467,-5.0165,0.47677,7.66654,8.73793,-0.10164,-0.24557,23.62196,-8.13692,-15.33558,14.57153,-0.79732,-0.03711,-0.49181,2.97676,0.17215,-0.32772,-0.38268,-0.12921,-0.00596,0.16113,1.29378,0.70949,0.52179,6.99801,1.56335,0.04841,0.34101
19.4,37.99469,-3.52449,-3.50361,7.31447,0.55748,-0.08126,-32.89237,-1.39865,0.50322,7.79367,9.85772,-0.1335,-0.3498,17.27104,-24.22717,10.11892,5.35306,-0.00731,-0.11466,-0.08485,3.05145,0.15221,-0.36036,-0.32047,-0.14892,-0.00849,0.06605,1.31257,0.45836,0.48485,6.07235,1.61901,0.06014,0.3466
19.42,52.84561,-2.54886,0.37802,7.57825,0.47709,-0.04856,-27.50646,-1.5031,0.54387,7.8131,10.31431,-0.15126,-0.40475,17.10221,-25.07818,7.05492,5.16472,0.02728,-0.15693,-0.04482,3.16198,0.11344,-0.37705,-0.27606,-0.16291,-0.01074,-0.03328,0.93104,0.18627,0.42624,5.06834,1.60524,0.08083,0.37312
19.44,68.52488,-1.85975,0.9634,7.6277,0.32023,-0.0032,-23.33242,-1.30423,0.59019,7.55576,10.00767,-0.15549,-0.40684,15.11279,-25.19605,1.64116,4.65352,-0.03148,-0.17314,-0.05951,3.32544,0.0679,-0.37794,-0.24575,-0.17104,-0.01263,-0.12692,0.3782,-0.08534,0.3446,4.12878,1.57496,0.10532,0.37627
19.46,85.59813,-1.20184,3.70392,7.51738,0.14157,0.03921,-18.14766,-0.22673,0.55899,6.5612,8.89639,-0.14431,-0.36823,12.26386,-22.336,0.49601,4.02422,-0.04467,-0.17266,-0.0472,3.54578,0.02684,-0.36431,-0.22626,-0.17355,-0.01411,-0.21197,-0.2295,-0.33393,0.24158,3.32487,1.56508,0.12697,0.32019
19.48,101.11448,-0.60963,4.8069,7.24888,-0.09473,0.04569,-11.11753,0.8305,0.46703,4.96053,7.07754,-0.12067,-0.28898,6.0306,-14.09192,-0.18939,2.76807,-0.03652,-0.14985,-0.02267,3.78466,-0.00147,-0.33612,-0.2171,-0.16992,-0.01508,-0.28607,-0.81482,-0.53961,0.1199,2.73416,1.55897,0.14353,0.2059
19.5,114.90473,-0.23378,4.36798,6.86654,-0.29085,0.01048,-6.35727,1.51079,0.34033,3.31373,4.60359,-0.08923,-0.20192,2.16628,-8.0717,-0.54919,1.75534,-0.02862,-0.12145,-0.00868,4.03801,-0.01056,-0.29355,-0.20989,-0.16015,-0.01535,-0.34552,-1.28912,-0.6845,-0.0139,2.19752,1.57024,0.15265,0.02233
19.52,128.0859,0.01992,3.14882,4.9492,-0.31168,-0.01832,-4.78922,1.63359,0.25205,1.83483,1.70186,-0.05366,-0.11369,0.46733,-4.21983,-1.06045,1.02658,-0.02137,-0.09621,-0.0052,4.31545,0.004,-0.23737,-0.19401,-0.14415,-0.01474,-0.38594,-1.59569,-0.75641,-0.14137,1.6193,1.61598,0.15273,-0.1952
19.54,138.83846,0.19358,2.00325,1.7659,-0.18589,-0.02817,-3.72063,1.47873,0.1862,0.56696,-1.23318,-0.01666,-0.01546,-0.06878,-1.76338,-1.61113,0.48918,-0.01886,-0.07497,-0.00489,4.54836,0.04116,-0.17205,-0.16735,-0.12149,-0.01315,-0.40508,-1.68874,-0.75975,-0.24753,1.13336,1.66014,0.13453,-0.3996
19.56,145.76007,0.28691,1.24274,-0.65562,-0.1113,-0.02655,-2.31865,1.25115,0.12495,-0.47781,-3.99708,0.01968,0.09197,0.00859,-0.3472,-1.86873,0.05812,-0.02355,-0.05956,-0.00499,4.67289,0.09553,-0.10303,-0.1302,-0.09187,-0.01053,-0.40168,-1.54703,-0.70976,-0.33136,0.76416,1.67386,0.09335,-0.5844
19.58,149.25062,0.2945,0.73063,-2.3737,-0.06567,-0.01815,-1.13567,1.00625,0.08161,-1.2917,-6.45564,0.05315,0.20006,0.20625,0.34385,-1.92977,-0.34954,-0.02967,-0.05219,-0.0054,4.68433,0.16205,-0.03625,-0.08076,-0.05541,-0.00683,-0.3738,-1.19222,-0.62292,-0.39498,0.44699,1.66079,0.03152,-0.74291
19.6,149.53979,0.21453,0.4296,-3.51151,-0.04244,-0.00949,-0.20573,0.78541,0.05322,-1.87939,-8.38352,0.08121,0.30352,0.37014,0.56948,-1.82555,-0.71396,-0.0355,-0.05441,-0.00743,4.57812,0.23392,0.01944,-0.02162,-0.01367,-0.0021,-0.31425,-0.72471,-0.51229,-0.42939,0.15526,1.60441,-0.04993,-0.84368
19.62,146.87226,0.04025,0.2799,-4.19353,-0.03366,-0.00399,0.4743,0.60657,0.03466,-2.25706,-9.4903,0.10129,0.40572,0.4451,0.54688,-1.59808,-0.99918,-0.04065,-0.06704,-0.012,4.36384,0.30412,0.06039,0.04616,0.03321,0.00362,-0.21846,-0.22084,-0.38623,-0.41179,-0.10357,1.49148,-0.12079,-0.83922
19.64,141.79036,-0.22863,0.20837,-4.53516,-0.02556,-0.00092,0.93404,0.47533,0.02336,-2.45024,-9.80127,0.11194,0.48475,0.45356,0.41181,-1.32988,-1.18693,-0.04447,-0.09019,-0.01902,4.04782,0.36827,0.0842,0.13615,0.08544,0.01029,-0.09998,0.29502,-0.26318,-0.35561,-0.31846,1.33891,-0.1609,-0.76188
19.66,134.8669,-0.58312,0.17855,-4.62986,-0.01106,9e-05,1.22758,0.39057,0.01623,-2.49382,-9.47094,0.11308,0.51609,0.42059,0.24879,-1.05979,-1.28418,-0.04698,-0.12327,-0.02766,3.64695,0.42444,0.08549,0.26966,0.14091,0.01777,0.02993,0.76221,-0.15731,-0.286,-0.49588,1.16026,-0.17979,-0.65907
19.68,126.65292,-1.01323,0.16862,-4.48619,0.00769,-0.0002,1.41993,0.34176,0.01088,-2.43041,-8.54401,0.10569,0.50296,0.37217,0.10987,-0.80856,-1.30068,-0.04779,-0.16503,-0.03626,3.21104,0.47353,0.05821,0.46978,0.19343,0.02554,0.15519,1.13662,-0.06953,-0.19614,-0.64118,0.96168,-0.17715,-0.52572
19.7,117.84087,-1.50714,0.15797,-4.35303,0.03038,-0.00064,1.55549,0.32681,0.00549,-2.30323,-7.28424,0.09187,0.43879,0.3254,0.01565,-0.57674,-1.2585,-0.04765,-0.21336,-0.04257,2.72309,0.50663,0.02384,0.77755,0.24956,0.03385,0.2686,1.40373,-0.01406,-0.11633,-0.76203,0.74113,-0.1535,-0.40565
19.72,109.10017,-2.04605,0.13397,-4.21349,0.05507,-0.00015,1.6649,0.34533,-0.00206,-2.15098,-5.92408,0.07406,0.32854,0.28502,-0.03178,-0.35443,-1.18337,-0.04763,-0.2652,-0.04442,2.17986,0.51111,0.02713,1.23442,0.33234,0.04392,0.40288,1.56884,0.00607,-0.07935,-0.8689,0.50776,-0.11014,-0.3373
19.74,100.68628,-2.59127,0.09823,-4.0251,0.07708,0.00202,1.8111,0.38684,-0.01446,-1.99827,-4.45507,0.05424,0.20292,0.25518,-0.04064,-0.13104,-1.09222,-0.04707,-0.31568,-0.04109,1.66659,0.49551,0.05473,1.8713,0.43244,0.05477,0.53311,1.64225,0.01055,-0.058,-0.97157,0.28781,-0.05588,-0.28654
19.76,92.69144,-3.106,0.05845,-3.86944,0.0937,0.00614,2.04199,0.44362,-0.03473,-1.85865,-2.9123,0.03379,0.07856,0.23426,-0.02063,0.10826,-1.00043,-0.04493,-0.35789,-0.03238,1.23533,0.46915,0.0795,2.68482,0.53065,0.06486,0.60741,1.63748,0.00954,-0.032,-1.07747,0.09067,-0.00216,-0.23347
19.78,85.21935,-3.57448,0.02278,-3.75569,0.10336,0.01204,2.3644,0.5165,-0.06512,-1.74028,-1.38444,0.01353,-0.04015,0.21394,0.02296,0.37515,-0.92286,-0.04022,-0.3836,-0.01774,0.88877,0.42643,0.11044,3.56934,0.635,0.07445,0.62874,1.5832,0.00512,-0.00633,-1.18773,-0.08586,0.04886,-0.18759
19.8,78.58992,-3.96184,-0.00076,-3.6953,0.10632,0.01935,2.79815,0.6037,-0.10763,-1.64257,0.07508,-0.00614,-0.14815,0.1964,0.09149,0.67748,-0.87062,-0.03068,-0.37848,0.00419,0.58068,0.38072,0.11921,4.63469,0.7403,0.0832,0.56755,1.49532,0,0.00963,-1.29242,-0.24306,0.08895,-0.14862
19.82,73.05297,-4.23797,-0.00896,-3.69333,0.10345,0.02768,3.35627,0.70198,-0.16423,-1.56059,1.44048,-0.02505,-0.23884,0.17676,0.1941,1.02351,-0.85069,-0.01458,-0.32797,0.0333,0.29716,0.35959,0.08463,6.11026,0.83627,0.09052,0.4141,1.38528,-0.00299,0.0112,-1.37656,-0.3816,0.11239,-0.11447
19.84,68.32984,-4.41061,-0.00448,-3.63568,0.09423,0.03617,3.99136,0.81252,-0.23312,-1.49328,2.69521,-0.04331,-0.30944,0.13031,0.33997,1.40698,-0.8628,0.0123,-0.23162,0.06951,0.08287,0.36349,0.03508,7.64247,0.93109,0.09599,0.22136,1.27758,-0.00317,0.0095,-1.43485,-0.50398,0.12124,-0.08574
19.86,64.12768,-4.49964,0.00788,-3.5725,0.07971,0.04399,4.64596,0.93575,-0.31025,-1.44011,3.81321,-0.06126,-0.36186,0.04726,0.5322,1.81028,-0.90285,0.05253,-0.09454,0.11528,-0.07157,0.38218,0.00324,8.79876,1.02926,0.09824,0.01344,1.18893,-0.00196,0.01105,-1.46642,-0.61472,0.11787,-0.06128
19.88,60.35832,-4.52164,0.02296,-3.5088,0.06087,0.05081,5.27936,1.06772,-0.39211,-1.39866,4.76422,-0.07926,-0.39765,-0.06743,0.77145,2.21252,-0.96751,0.09473,0.07155,0.15594,-0.24289,0.41208,0.00629,9.47897,1.12438,0.09498,-0.20757,1.12499,-0.00059,0.01352,-1.46905,-0.71708,0.10489,-0.03991
19.9,57.15942,-4.44027,0.03672,-3.44911,0.03735,0.05611,5.85636,1.20873,-0.47733,-1.365,5.53863,-0.09751,-0.41059,-0.198,1.02795,2.58776,-1.03544,0.15202,0.24489,0.2183,-0.49035,0.45055,0.06573,9.73182,1.21641,0.08393,-0.43262,1.08842,0.00015,0.01301,-1.44582,-0.80793,0.07557,-0.02393
19.92,54.63429,-4.22773,0.04794,-3.39603,0.00935,0.05937,6.3461,1.36008,-0.5657,-1.33379,6.14562,-0.11625,-0.39132,-0.30777,1.24121,2.90782,-1.07714,0.24845,0.40838,0.37193,-0.81758,0.48883,0.24554,9.6609,1.30709,0.06305,-0.64465,1.08078,-0.00065,0.00859,-1.40218,-0.88084,0.03497,-0.01295
19.94,52.40525,-3.94946,0.0564,-3.34075,-0.02239,0.06062,6.69699,1.51098,-0.65092,-1.30238,6.53539,-0.13639,-0.35122,-0.37567,1.40129,3.13787,-1.09457,0.33262,0.53736,0.55153,-1.37498,0.50544,0.5221,9.13374,1.38197,0.02983,-0.83361,1.10788,-0.00305,0.00293,-1.34251,-0.9396,1e-05,-0.00324
19.96,50.14087,-3.65174,0.06381,-3.27862,-0.05852,0.06004,6.87605,1.65033,-0.72641,-1.26755,6.67754,-0.1596,-0.303,-0.40172,1.51973,3.25573,-1.09542,0.36347,0.60911,0.67239,-2.37442,0.48847,0.79671,8.12433,1.42962,-0.01558,-1.001,1.17217,-0.00508,-0.00475,-1.2726,-0.99033,-0.02617,0.00621
19.98,47.76228,-3.33146,0.07495,-3.21317,-0.09992,0.05783,6.88851,1.77408,-0.78994,-1.22246,6.63238,-0.18769,-0.24677,-0.38042,1.58108,3.26679,-1.07715,0.3594,0.62368,0.75278,-3.94832,0.4348,1.02457,6.85261,1.45324,-0.07171,-1.15033,1.2675,-0.00426,-0.0173,-1.1991,-1.03369,-0.04524,0.01445
20,45.28034,-2.9621,0.08585,-3.14692,-0.14608,0.05413,6.75258,1.87039,-0.83582,-1.1599,6.42811,-0.22291,-0.19666,-0.33638,1.59866,3.177,-1.01901,0.31086,0.58629,0.73956,-5.83142,0.34462,1.1655,5.46329,1.43859,-0.13146,-1.23858,1.38753,0.00058,-0.0349,-1.12965,-1.06992,-0.05598,0.0231
20.02,42.69711,-2.52627,0.0841,-3.08113,-0.194,0.04919,6.50276,1.92448,-0.85586,-1.07561,6.09932,-0.26733,-0.16381,-0.29683,1.59153,2.99275,-0.89379,0.22352,0.50887,0.60547,-7.49968,0.21886,1.20403,4.07671,1.37689,-0.17561,-1.20225,1.52471,0.00757,-0.05282,-1.07151,-1.09915,-0.05501,0.03829
20.04,39.85318,-2.06829,0.06808,-3.02013,-0.24111,0.04369,6.16089,1.92831,-0.84668,-0.97609,5.76372,-0.32013,-0.13877,-0.2507,1.54615,2.74145,-0.72534,0.14412,0.41534,0.4479,-9.05139,0.05402,1.12809,2.81593,1.29294,-0.19771,-1.08021,1.66939,0.01553,-0.07072,-1.02892,-1.12331,-0.0459,0.05834
20.06,36.62642,-1.62517,0.04229,-2.96651,-0.28571,0.03825,5.75422,1.87732,-0.81214,-0.87114,5.48546,-0.37798,-0.11656,-0.19649,1.46315,2.45182,-0.54121,0.08893,0.32224,0.3157,-10.62356,-0.14024,0.93702,1.75489,1.20771,-0.20324,-0.92579,1.81236,0.02403,-0.0913,-1.00667,-1.1445,-0.03455,0.07766
20.08,33.0115,-1.2049,0.00684,-2.91497,-0.32364,0.03307,5.32942,1.76961,-0.75788,-0.76634,5.23821,-0.43673,-0.09988,-0.14551,1.36227,2.14206,-0.33761,0.05014,0.23631,0.2011,-11.8777,-0.34475,0.67299,0.90974,1.132,-0.19298,-0.74225,1.94156,0.02978,-0.1123,-1.01142,-1.16263,-0.02108,0.09658
20.1,29.28211,-0.82762,-0.04864,-2.69864,-0.35167,0.0283,4.88828,1.59905,-0.68855,-0.68391,5.00481,-0.48579,-0.08674,-0.09999,1.24307,1.82046,-0.1422,0.02368,0.16199,0.10637,-12.70717,-0.52843,0.34488,0.22812,1.06796,-0.15872,-0.53631,2.06801,0.02708,-0.12677,-1.04663,-1.17335,-0.00995,0.11294
20.12,25.7113,-0.51221,-0.12638,-2.3972,-0.36811,0.02408,4.44319,1.36952,-0.61402,-0.64527,4.75769,-0.51207,-0.07438,-0.06137,1.10997,1.49678,0.01993,0.00519,0.10068,0.02977,-13.07222,-0.64869,-0.00186,-0.27671,1.01639,-0.08851,-0.31128,2.21343,0.01119,-0.12625,-1.11637,-1.17137,-0.00485,0.12416
20.14,22.17547,-0.2659,-0.20429,-2.07675,-0.36117,0.02029,4.0512,1.09946,-0.54213,-0.6407,4.4202,-0.51584,-0.06322,-0.03107,0.98837,1.18753,0.16547,-0.00936,0.05146,-0.0337,-12.80128,-0.69802,-0.27096,-0.59636,0.99963,-0.00231,-0.1105,2.35966,-0.01545,-0.10998,-1.22648,-1.15665,-0.0023,0.1307
20.16,18.57421,-0.08897,-0.26537,-1.73408,-0.33593,0.0167,3.73682,0.80425,-0.47534,-0.65894,3.95202,-0.50152,-0.05309,-0.00765,0.8918,0.89939,0.30635,-0.02229,0.01278,-0.08647,-11.75376,-0.69783,-0.41197,-0.82632,1.02519,0.07727,0.03707,2.48535,-0.04845,-0.07915,-1.38221,-1.12885,-0.00014,0.13263
20.18,14.9767,0.02392,-0.30358,-1.38144,-0.30683,0.01312,3.49195,0.49633,-0.41445,-0.69991,3.37733,-0.47002,-0.04291,0.01084,0.82163,0.63093,0.4416,-0.03536,-0.01718,-0.13075,-9.83762,-0.66791,-0.41772,-1.05734,1.06765,0.15167,0.14693,2.58984,-0.08271,-0.03434,-1.5908,-1.0853,0.00129,0.12983
20.2,11.77898,0.08128,-0.3153,-1.04876,-0.27636,0.00947,3.30921,0.18351,-0.35502,-0.76733,2.72299,-0.43153,-0.03401,0.02591,0.77127,0.37994,0.56188,-0.04937,-0.04039,-0.16555,-7.7483,-0.60851,-0.34442,-1.27063,1.1277,0.20314,0.16541,2.68735,-0.10511,0.01794,-1.82866,-1.02051,0.0013,0.12037
20.22,9.24793,0.09281,-0.2963,-0.75954,-0.24727,0.00582,3.18826,-0.11248,-0.29542,-0.86742,2.04927,-0.39649,-0.02728,0.03876,0.73673,0.14972,0.66031,-0.06438,-0.05882,-0.1873,-5.96477,-0.50616,-0.23148,-1.36283,1.21713,0.21656,0.09608,2.79178,-0.09444,0.06016,-2.05403,-0.9283,1e-05,0.1032
20.24,7.10753,0.07044,-0.24151,-0.51165,-0.20054,0.00232,3.13167,-0.3712,-0.24061,-0.98573,1.44996,-0.3646,-0.02122,0.05046,0.72818,-0.05513,0.75308,-0.0799,-0.07421,-0.19614,-4.02401,-0.38261,-0.08484,-1.38713,1.28586,0.20852,0.03528,2.8705,-0.02323,0.0574,-2.27171,-0.816,-0.00096,0.08078
20.26,5.22736,0.02779,-0.15707,-0.30878,-0.1536,-0.00074,3.13449,-0.59465,-0.19208,-1.10144,0.97923,-0.33613,-0.01532,0.06177,0.75059,-0.23696,0.85267,-0.09501,-0.08804,-0.19477,-1.90258,-0.25652,0.0712,-1.39318,1.2908,0.19027,0.00482,2.89485,0.13953,-0.02659,-2.4886,-0.69069,-0.00092,0.05474
20.28,3.68621,-0.02086,-0.05621,-0.15707,-0.11262,-0.00301,3.18417,-0.78768,-0.14846,-1.20582,0.65644,-0.31421,-0.00998,0.07312,0.79926,-0.40014,0.95594,-0.1098,-0.10165,-0.18938,-0.00339,-0.12239,0.21275,-1.30187,1.24391,0.15977,-0.00813,2.86994,0.41422,-0.22114,-2.6812,-0.55362,5e-05,0.02514
20.3,2.56065,-0.05365,0.05727,-0.05716,-0.07891,-0.00424,3.26138,-0.9488,-0.10965,-1.29066,0.48986,-0.29881,-0.00528,0.08531,0.87228,-0.54855,1.05822,-0.11737,-0.11598,-0.16598,1.41225,0.02346,0.35441,-1.11377,1.12787,0.11439,-0.01004,2.77157,0.79662,-0.51815,-2.78813,-0.42764,0.00197,-0.00783
20.32,1.85547,-0.04961,0.20194,-0.00449,-0.05345,-0.00414,3.34634,-1.07214,-0.07641,-1.34816,0.4757,-0.28872,-0.00117,0.09934,0.96961,-0.68572,1.15191,-0.10793,-0.13177,-0.10139,2.52281,0.16662,0.54357,-0.8461,0.93873,0.056,-0.01513,2.57202,1.24169,-0.83098,-2.72608,-0.32709,0.00469,-0.04241
20.34,1.46549,-0.00405,0.41575,0.00711,-0.03946,-0.00325,3.42132,-1.16391,-0.04969,-1.36833,0.59991,-0.28321,0.00241,0.11552,1.08143,-0.81448,1.23312,-0.08989,-0.15027,-0.02444,3.37562,0.27094,0.74894,-0.49303,0.73181,-0.0098,-0.02309,2.29105,1.66495,-1.08681,-2.50791,-0.23806,0.00786,-0.07705
20.36,1.32023,0.08141,0.73733,-0.01616,-0.03578,-0.00228,3.46693,-1.2302,-0.02975,-1.3476,0.83912,-0.28127,0.00552,0.13481,1.1918,-0.93714,1.2992,-0.07087,-0.17329,0.03733,3.79691,0.32174,0.90761,-0.1017,0.53858,-0.07822,-0.02921,1.96117,1.98499,-1.24632,-2.13461,-0.15459,0.01093,-0.1117
20.38,1.38863,0.19476,1.17798,-0.06619,-0.03834,-0.00134,3.46837,-1.26596,-0.01625,-1.2952,1.15819,-0.28206,0.00818,0.1596,1.28593,-1.05472,1.34303,-0.04763,-0.20269,0.09447,3.9452,0.32463,1.01774,0.26187,0.36197,-0.15009,-0.0384,1.60686,2.13994,-1.25509,-1.55269,-0.07647,0.0127,-0.1485
20.4,1.5934,0.31694,1.7095,-0.13278,-0.04798,-0.00049,3.41299,-1.27377,-0.00845,-1.22028,1.51524,-0.28472,0.0104,0.19286,1.34753,-1.16399,1.36415,-0.02591,-0.24075,0.12324,3.89196,0.28271,1.05031,0.54715,0.20624,-0.20486,-0.04033,1.22007,2.1191,-1.12802,-0.80536,0.00513,0.01379,-0.17553
20.42,1.83711,0.43618,2.25663,-0.20338,-0.0703,0.00081,3.29214,-1.25824,-0.00511,-1.13267,1.86884,-0.28858,0.01219,0.23738,1.36007,-1.25843,1.36573,-0.00465,-0.28968,0.10676,3.66554,0.20938,0.98939,0.72414,0.07387,-0.19417,-0.01889,0.80975,1.96998,-0.90776,0.13407,0.09603,0.01645,-0.16999
20.44,2.08154,0.53817,2.68939,-0.26849,-0.10303,0.00321,3.11374,-1.21873,-0.00467,-1.0464,2.17441,-0.29407,0.01358,0.29368,1.31198,-1.33364,1.34378,0.02117,-0.34869,0.08154,3.40958,0.1267,0.88498,0.78732,-0.03498,-0.13731,0.01152,0.41806,1.7496,-0.62141,1.31656,0.20025,0.0191,-0.14336
20.46,2.3209,0.61382,2.88749,-0.32335,-0.12479,0.00648,2.89479,-1.15975,-0.00561,-0.9706,2.39624,-0.302,0.01463,0.35888,1.20285,-1.38571,1.29754,0.04557,-0.4144,0.06648,3.19892,0.04857,0.77478,0.75041,-0.12293,-0.07468,0.03654,0.03934,1.50877,-0.30283,2.63642,0.32354,0.01984,-0.11193
20.48,2.54806,0.66624,2.7891,-0.36494,-0.13689,0.01011,2.65547,-1.08962,-0.00656,-0.9077,2.51688,-0.31287,0.01539,0.42651,1.04506,-1.40808,1.23572,0.06457,-0.48243,0.05358,3.0656,-0.01857,0.66959,0.64111,-0.19367,-0.00319,0.05947,-0.3785,1.27853,0.00737,3.85426,0.46058,0.01925,-0.07238
20.5,2.68574,0.70351,2.36827,-0.39024,-0.144,0.0135,2.42246,-1.01379,-0.00649,-0.86159,2.52515,-0.32743,0.01591,0.48419,0.86263,-1.3973,1.16599,0.07537,-0.5411,0.04579,2.91799,-0.07066,0.56767,0.49582,-0.2503,0.04939,0.07094,-0.8919,1.18226,0.28188,4.9369,0.61958,0.01602,-0.04092
20.52,2.62228,0.72965,1.64308,-0.3972,-0.14551,0.01608,2.22364,-0.93528,-0.00478,-0.83545,2.41699,-0.34644,0.0162,0.51829,0.68119,-1.35359,1.09796,0.07651,-0.57544,0.04581,2.67347,-0.10336,0.46707,0.34896,-0.29529,0.0612,0.06513,-1.54257,1.29193,0.6183,6.09978,0.82697,0.00886,-0.02436
20.54,2.42539,0.73246,0.69616,-0.38925,-0.14069,0.01726,2.08079,-0.85524,-0.00128,-0.82615,2.19631,-0.36985,0.01622,0.52197,0.51821,-1.27656,1.04574,0.07226,-0.58351,0.04667,2.44314,-0.12033,0.37945,0.22403,-0.3315,0.05729,0.05304,-2.45537,1.45399,1.01592,6.97872,1.06381,-0.00176,-0.00654
20.56,2.19186,0.69439,-0.35498,-0.37078,-0.13024,0.01675,2.00126,-0.7731,0.0038,-0.82941,1.87194,-0.3971,0.0159,0.49468,0.38256,-1.17021,1.01776,0.06589,-0.5679,0.04517,2.29637,-0.13008,0.30767,0.13411,-0.36179,0.05215,0.04031,-3.79589,1.56482,1.35264,7.17829,1.2928,-0.0149,0.01714
20.58,1.90338,0.60086,-1.38717,-0.34359,-0.11665,0.01476,1.97748,-0.68803,0.00996,-0.8423,1.46038,-0.42747,0.01523,0.44101,0.27633,-1.04447,1.0137,0.05741,-0.52857,0.04267,2.20364,-0.13612,0.24442,0.08353,-0.38807,0.04408,0.02662,-5.72604,1.61917,1.60312,6.82389,1.50439,-0.02922,0.046
20.6,1.58489,0.43974,-2.301,-0.31043,-0.10188,0.01158,1.99419,-0.59061,0.01652,-0.85925,0.9833,-0.45743,0.01428,0.36897,0.19415,-0.91312,1.02812,0.04771,-0.47492,0.03729,2.15175,-0.14085,0.18189,0.06999,-0.41076,0.03138,0.01224,-8.06826,1.63351,1.73759,6.0832,1.68639,-0.03936,0.08379
20.62,1.27417,0.20364,-3.01091,-0.2737,-0.08931,0.00765,2.03112,-0.47296,0.02273,-0.87262,0.47127,-0.48239,0.01312,0.28919,0.13009,-0.7898,1.0522,0.03715,-0.41771,0.02866,2.13226,-0.14429,0.11753,0.08749,-0.42955,0.01641,-0.00095,-10.32205,1.64835,1.74423,5.16483,1.82966,-0.03657,0.13545
20.64,0.96628,-0.10431,-3.43267,-0.23479,-0.08223,0.00333,2.06667,-0.34758,0.02817,-0.87689,-0.04261,-0.50192,0.01186,0.21319,0.08215,-0.68214,1.07574,0.02424,-0.3592,0.02017,2.1514,-0.14394,0.05554,0.12907,-0.44522,0.0053,-0.01096,-12.48451,1.62951,1.66376,4.18171,1.91467,-0.01349,0.20312
20.66,0.65281,-0.46634,-3.52802,-0.19456,-0.08188,-0.0013,2.08513,-0.22863,0.03272,-0.86861,-0.53508,-0.5167,0.01058,0.1476,0.04815,-0.59342,1.08957,0.00905,-0.30208,0.01315,2.21805,-0.1389,-0.00367,0.18777,-0.4586,-0.00122,-0.0179,-14.66506,1.5471,1.5312,3.21044,1.92628,0.03072,0.28145
20.68,0.32485,-0.85437,-3.30498,-0.15339,-0.08906,-0.0063,2.07718,-0.12221,0.03631,-0.84539,-0.98732,-0.52601,0.00941,0.09434,0.02533,-0.52504,1.08634,-0.00696,-0.25061,0.00726,2.32559,-0.12915,-0.0624,0.2568,-0.46964,-0.0046,-0.02208,-16.58509,1.42688,1.37463,2.38132,1.87948,0.07402,0.34943
20.7,0.04566,-1.22372,-2.79096,-0.1131,-0.1016,-0.01162,2.03651,-0.03583,0.03914,-0.80731,-1.37769,-0.52814,0.00843,0.05336,0.01217,-0.47707,1.05802,-0.02184,-0.20636,0.00258,2.47152,-0.11281,-0.12203,0.32967,-0.47771,-0.00577,-0.02372,-18.03998,1.26088,1.19292,1.66787,1.75852,0.1733,0.44376
20.72,-0.12669,-1.51953,-2.04394,-0.07468,-0.09067,-0.01686,1.95907,0.02448,0.04157,-0.75556,-1.68346,-0.52114,0.00773,0.02329,0.00638,-0.44832,0.99947,-0.03237,-0.16964,-0.0009,2.65195,-0.09042,-0.18281,0.40104,-0.48198,-0.00558,-0.02294,-18.88876,1.04604,0.9876,1.04687,1.55741,0.43426,0.62895
20.74,-0.25056,-1.71288,-1.15074,-0.03645,-0.06865,-0.02193,1.84425,0.05374,0.04381,-0.69287,-1.89378,-0.50689,0.00735,0.00212,0.00462,-0.4358,0.9127,-0.03759,-0.14037,-0.00324,2.86267,-0.06754,-0.24365,0.46529,-0.48263,-0.00466,-0.02045,-19.03494,0.81159,0.78842,0.59075,1.33642,0.75674,0.82025
20.76,-0.36959,-1.79647,-0.20141,0.0019,-0.0348,-0.02694,1.69378,0.05324,0.04602,-0.62274,-2.00929,-0.48746,0.00726,-0.0122,0.00487,-0.43657,0.80238,-0.03853,-0.11766,-0.00455,3.09779,-0.04779,-0.30116,0.51802,-0.48005,-0.00343,-0.01698,-18.39628,0.57049,0.61214,0.28975,1.13279,1.01925,0.93156
20.78,-0.48751,-1.76542,0.70906,0.03964,0.01219,-0.03175,1.51118,0.03234,0.04829,-0.54815,-2.03544,-0.46242,0.00736,-0.02147,0.0067,-0.44843,0.6748,-0.03553,-0.10016,-0.00501,3.33855,-0.0313,-0.34899,0.55765,-0.47405,-0.00197,-0.01255,-16.83618,0.3192,0.45525,0.0662,0.94607,1.24724,0.98246
20.8,-0.50999,-1.61607,1.47471,0.07639,0.07211,-0.03622,1.30239,-0.01248,0.05104,-0.47436,-1.98672,-0.43433,0.00753,-0.02721,0.01088,-0.47067,0.53654,-0.03013,-0.08686,-0.0048,3.5996,-0.01576,-0.37171,0.58134,-0.46527,-0.00072,-0.00832,-14.78781,0.05163,0.29335,-0.14595,0.78108,1.34557,0.90583
20.82,-0.40275,-1.35143,1.99223,0.11328,0.14355,-0.04026,1.07566,-0.08,0.05466,-0.40625,-1.88184,-0.40543,0.0076,-0.03063,0.01887,-0.50314,0.39755,-0.0237,-0.07677,-0.00413,3.90293,0.00577,-0.35065,0.58732,-0.45433,0.00088,-0.00434,-12.69904,-0.21362,0.12634,-0.33106,0.64016,1.23004,0.67841
20.84,-0.27608,-0.99922,2.18365,0.1495,0.22519,-0.04391,0.83956,-0.14744,0.05881,-0.34471,-1.738,-0.37426,0.00744,-0.03249,0.03173,-0.54309,0.2702,-0.01617,-0.06872,-0.00322,4.20154,0.04605,-0.28768,0.57789,-0.44065,0.0038,0.00111,-10.33943,-0.45535,-0.02715,-0.48791,0.51885,1.01066,0.41061
20.86,-0.17318,-0.59441,2.00497,0.18267,0.31505,-0.04731,0.59977,-0.20021,0.06327,-0.2898,-1.5731,-0.33995,0.00699,-0.03324,0.04952,-0.58746,0.16054,-0.00795,-0.06183,-0.00223,4.44471,0.12287,-0.19525,0.5565,-0.42343,0.00797,0.00873,-7.65834,-0.67209,-0.1711,-0.64475,0.41379,0.7563,0.15207
20.88,-0.0719,-0.16636,1.44513,0.2117,0.35219,-0.05034,0.36062,-0.2365,0.06839,-0.24207,-1.40661,-0.30312,0.00622,-0.0332,0.07043,-0.63445,0.0697,0.00013,-0.05571,-0.00128,4.61366,0.25656,-0.08579,0.52861,-0.40211,0.01407,0.01971,-4.95335,-0.86289,-0.31608,-0.77469,0.32291,0.46441,-0.09667
20.9,0.04282,0.27073,0.52282,0.23749,0.39394,-0.05314,0.12771,-0.26171,0.07498,-0.20212,-1.26081,-0.26675,0.00515,-0.03266,0.0903,-0.68256,-0.00258,0.00742,-0.05029,-0.00043,4.71455,0.46532,0.01635,0.50033,-0.37601,0.02218,0.03496,-2.68745,-0.98955,-0.43831,-0.83945,0.24412,0.12953,-0.32225
20.92,0.12902,0.7016,-0.68874,0.26264,0.43836,-0.05547,-0.09267,-0.28193,0.08415,-0.17035,-1.15737,-0.23351,0.00382,-0.03173,0.10145,-0.72926,-0.057,0.0133,-0.04566,0.00026,4.76874,0.75812,0.08359,0.48137,-0.34443,0.03056,0.05211,-0.99782,-0.99461,-0.48308,-0.80942,0.1769,-0.20046,-0.49227
20.94,0.16959,1.09661,-2.05082,0.28384,0.48177,-0.05707,-0.29581,-0.29845,0.09668,-0.14536,-1.11159,-0.20281,0.00233,-0.03009,0.09263,-0.76762,-0.09537,0.01724,-0.04167,0.00076,4.73085,1.13207,0.09324,0.48892,-0.30739,0.0406,0.07191,0.31441,-0.91318,-0.46893,-0.67883,0.12195,-0.47044,-0.60009
20.96,0.19791,1.44336,-3.40874,0.29688,0.52191,-0.05795,-0.47889,-0.31808,0.11322,-0.12526,-1.13315,-0.17478,0.00072,-0.02735,0.05198,-0.78903,-0.12045,0.01876,-0.038,0.00105,4.56621,1.57077,0.0325,0.54147,-0.26546,0.05403,0.09602,1.24635,-0.79891,-0.43789,-0.45121,0.07858,-0.68794,-0.66571
20.98,0.21974,1.74182,-4.60954,0.30205,0.55606,-0.05797,-0.6398,-0.35166,0.13446,-0.10909,-1.22673,-0.15073,-0.00094,-0.02318,-0.03084,-0.78508,-0.13486,0.01746,-0.03419,0.00113,4.30599,2.0366,-0.09535,0.65725,-0.2198,0.06555,0.11428,1.81573,-0.65332,-0.38048,-0.13569,0.04509,-0.85844,-0.69187
21,0.23343,1.98859,-5.52883,0.29765,0.58527,-0.05763,-0.77538,-0.40602,0.16057,-0.09632,-1.38908,-0.13133,-0.00262,-0.01714,-0.16305,-0.7459,-0.14074,0.01301,-0.02958,0.00098,3.92643,2.48719,-0.26132,0.85455,-0.17408,0.08282,0.14171,2.11669,-0.5135,-0.32784,0.24443,0.01989,-0.96064,-0.68755
21.02,0.22893,2.17529,-6.0744,0.28211,0.56469,-0.05751,-0.88074,-0.48474,0.19115,-0.08646,-1.61263,-0.117,-0.00426,-0.00879,-0.348,-0.66072,-0.13967,0.00534,-0.02341,0.00058,3.41643,2.87792,-0.40669,1.14568,-0.13129,0.12321,0.21471,2.25824,-0.41339,-0.30698,0.66123,0.00157,-0.96309,-0.66549
21.04,0.20966,2.28712,-6.18256,0.25526,0.43214,-0.05746,-0.94983,-0.58969,0.22519,-0.07843,-1.89287,-0.10806,-0.00585,0.00228,-0.58461,-0.51955,-0.13268,-0.0053,-0.01505,-6e-05,2.84343,3.15243,-0.48665,1.53898,-0.0909,0.17028,0.30324,2.32733,-0.33568,-0.28678,1.0853,-0.01118,-0.88252,-0.62762
21.06,0.17848,2.30682,-5.83474,0.21642,0.26092,-0.05742,-0.97555,-0.71966,0.2612,-0.07145,-2.22748,-0.1047,-0.00742,0.01638,-0.86651,-0.31492,-0.11995,-0.01819,-0.00408,-0.00095,2.26727,3.27592,-0.47817,2.02676,-0.05169,0.20526,0.36924,2.36503,-0.26567,-0.24759,1.48942,-0.01961,-0.75728,-0.57753
21.08,0.12347,2.21488,-5.05578,0.16582,0.05743,-0.05742,-0.9501,-0.86922,0.29723,-0.0655,-2.61253,-0.10719,-0.009,0.03364,-1.18024,-0.04499,-0.10083,-0.03226,0.00958,-0.00205,1.70663,3.24284,-0.36796,2.56065,-0.01168,0.236,0.42463,2.41924,-0.20366,-0.19305,1.84898,-0.02482,-0.61982,-0.52415
21.1,0.05036,2.00524,-3.94074,0.10193,-0.1699,-0.05844,-0.86457,-1.02618,0.33079,-0.06074,-3.03882,-0.11575,-0.01058,0.05364,-1.50637,0.28406,-0.0732,-0.04542,0.02555,-0.00334,1.09469,3.12077,-0.18325,3.11461,0.03272,0.25344,0.44564,2.49328,-0.15898,-0.13687,2.15378,-0.02762,-0.39825,-0.45449
21.12,-0.05699,1.67638,-2.61496,0.02719,-0.41906,-0.06161,-0.71399,-1.17517,0.35935,-0.05755,-3.49265,-0.1303,-0.01216,0.07535,-1.82251,0.6628,-0.03562,-0.05436,0.043,-0.00475,0.39077,3.00484,0.05913,3.67164,0.08494,0.24966,0.4138,2.56508,-0.13437,-0.08219,2.40638,-0.02859,0.00161,-0.35153
21.14,-0.21796,1.21577,-1.19939,-0.05272,-0.67891,-0.06634,-0.50358,-1.30394,0.38009,-0.05606,-3.95959,-0.14966,-0.01376,0.09786,-2.10087,1.07577,0.01135,-0.05759,0.06085,-0.00622,-0.44675,2.88877,0.36385,4.11698,0.14827,0.24822,0.37196,2.63022,-0.11578,-0.01795,2.59543,-0.02821,0.42659,-0.24192
21.16,-0.4227,0.63009,0.15384,-0.13505,-0.6918,-0.07174,-0.24981,-1.40148,0.39097,-0.05597,-4.42148,-0.17151,-0.01537,0.12028,-2.31385,1.49927,0.06687,-0.05535,0.07789,-0.00771,-1.58733,2.74719,0.70559,4.32949,0.22534,0.2643,0.34479,2.68712,-0.0974,0.05323,2.71628,-0.02687,0.75951,-0.14559
21.18,-0.64212,-0.04275,1.27252,-0.21884,-0.69708,-0.07739,0.01841,-1.45785,0.3915,-0.05667,-4.85333,-0.19294,-0.01696,0.14137,-2.43903,1.90401,0.12918,-0.04838,0.09258,-0.00913,-3.28101,2.58216,1.03832,4.25164,0.31541,0.29228,0.3249,2.73876,-0.08158,0.12339,2.78489,-0.02489,1.056,-0.05394
21.2,-0.87852,-0.74549,2.01752,-0.29507,-0.70217,-0.08437,0.26128,-1.45529,0.38093,-0.0563,-5.19831,-0.20853,-0.0185,0.15886,-2.46618,2.26266,0.19344,-0.03437,0.10272,-0.01041,-5.5723,2.41956,1.36538,3.96378,0.4181,0.34102,0.31797,2.73943,-0.06758,0.19029,2.8251,-0.02252,1.20268,0.00801
21.22,-1.17967,-1.415,2.33658,-0.34535,-0.71342,-0.09341,0.43701,-1.37741,0.35924,-0.05287,-5.38866,-0.21229,-0.01994,0.16988,-2.39607,2.55637,0.25169,-0.00922,0.10595,-0.01142,-8.1586,2.24855,1.75593,3.60288,0.5334,0.42514,0.32954,2.64841,-0.05416,0.2588,2.86009,-0.01997,1.10745,0.02444
21.24,-1.50076,-1.98645,2.23173,-0.37051,-0.71996,-0.10173,0.5184,-1.24191,0.32976,-0.0465,-5.41901,-0.20414,-0.02113,0.17405,-2.22748,2.75767,0.30127,0.02094,0.10111,-0.01207,-10.95047,1.981,2.10841,3.12847,0.65265,0.53417,0.34824,2.52937,-0.03999,0.3291,2.89561,-0.01737,0.94208,0.02655
21.26,-1.76819,-2.41203,1.78113,-0.38037,-0.7162,-0.10742,0.49909,-1.07199,0.29606,-0.03801,-5.30668,-0.18645,-0.022,0.17245,-1.97542,2.85106,0.34308,0.04839,0.08803,-0.01236,-13.91175,1.5872,2.29082,2.53777,0.76441,0.65184,0.36535,2.4318,-0.02332,0.39738,2.93031,-0.01481,0.80472,0.0306
21.28,-2.00104,-2.6671,1.14633,-0.37175,-0.70572,-0.11072,0.38835,-0.87861,0.26037,-0.02799,-5.06006,-0.16081,-0.02255,0.1653,-1.67602,2.85076,0.37485,0.07321,0.06721,-0.01229,-16.66008,1.09867,2.32832,1.9502,0.85998,0.76648,0.37962,2.34549,-0.00272,0.46587,2.96292,-0.01232,0.67461,0.03234
21.3,-2.14928,-2.76999,0.51306,-0.35132,-0.69228,-0.11219,0.20756,-0.69622,0.22648,-0.01766,-4.73998,-0.13243,-0.02274,0.15504,-1.36691,2.76622,0.39814,0.09199,0.04015,-0.01195,-18.61005,0.55286,2.17067,1.40657,0.93434,0.88779,0.38834,2.2757,0.02452,0.54728,2.98853,-0.00992,0.54736,0.03076
21.32,-2.17126,-2.76449,0.03128,-0.32644,-0.68066,-0.11291,-0.01948,-0.54957,0.19699,-0.00801,-4.41464,-0.10609,-0.02254,0.14427,-1.07859,2.60577,0.41515,0.10163,0.0089,-0.01145,-19.2197,0.00969,1.79411,0.92229,0.98567,1.03903,0.38942,2.23279,0.06495,0.65716,2.99747,-0.00763,0.42375,0.02617
21.34,-2.1167,-2.67007,-0.23277,-0.29346,-0.67231,-0.11328,-0.27394,-0.43033,0.1716,0.00061,-4.09711,-0.08282,-0.02209,0.13275,-0.83149,2.39608,0.42155,0.10538,-0.02441,-0.01078,-18.59041,-0.46639,1.34034,0.52777,1.00322,1.18081,0.37927,2.22171,0.12467,0.78524,2.96878,-0.00543,0.31235,0.0208
21.36,-2.01119,-2.51307,-0.28006,-0.25078,-0.66812,-0.11351,-0.5418,-0.33378,0.14994,0.00802,-3.79351,-0.06356,-0.02145,0.12031,-0.63107,2.15814,0.41374,0.1058,-0.05796,-0.00993,-16.92753,-0.83566,0.92172,0.22235,0.98009,1.2716,0.35553,2.24605,0.20541,0.91546,2.88395,-0.00329,0.21426,0.01571
21.38,-1.86944,-2.32997,-0.17471,-0.19991,-0.67006,-0.11392,-0.8123,-0.26167,0.13174,0.01418,-3.516,-0.04919,-0.02058,0.10739,-0.47041,1.90038,0.39245,0.10367,-0.08994,-0.00897,-14.1853,-1.08509,0.57485,-0.01514,0.92318,1.32538,0.32,2.30391,0.30689,1.04561,2.73396,-0.00116,0.1196,0.0099
21.4,-1.63111,-2.19188,-0.02941,-0.15071,-0.6795,-0.11409,-1.07488,-0.21765,0.11695,0.01917,-3.25184,-0.03932,-0.01945,0.09474,-0.3415,1.62612,0.35791,0.09801,-0.11846,-0.00794,-11.22933,-1.20141,0.30621,-0.19548,0.83486,1.30692,0.26984,2.40467,0.42612,1.17078,2.50631,0.001,0.0207,0.00287
21.42,-1.28377,-2.17487,0.0127,-0.10868,-0.63776,-0.11335,-1.31822,-0.20227,0.10518,0.02307,-2.98087,-0.03301,-0.01805,0.08269,-0.23308,1.33942,0.31126,0.0883,-0.14169,-0.00686,-8.75076,-1.17934,0.12198,-0.29889,0.72104,1.18806,0.20639,2.55212,0.55543,1.28381,2.19584,0.0032,-0.08992,-0.00613
21.44,-0.94953,-2.25013,-0.16107,-0.06809,-0.44474,-0.11111,-1.53115,-0.2,0.09452,0.02585,-2.69684,-0.02945,-0.01637,0.07001,-0.12976,1.04953,0.25772,0.07726,-0.15849,-0.00583,-6.32834,-1.06718,0.0182,-0.32232,0.5994,1.02196,0.13932,2.71391,0.67921,1.37265,1.81159,0.00542,-0.21813,-0.01793
21.46,-0.67538,-2.37726,-0.57801,-0.02957,-0.25988,-0.10684,-1.70268,-0.19802,0.0833,0.0274,-2.39741,-0.02826,-0.01443,0.05588,-0.02321,0.76181,0.20219,0.06673,-0.1685,-0.00487,-3.89977,-0.91581,-0.03556,-0.27059,0.48141,0.84398,0.07402,2.86141,0.78138,1.42562,1.3675,0.00763,-0.36506,-0.03252
21.48,-0.45706,-2.55936,-1.20545,0.0029,-0.09165,-0.10016,-1.82093,-0.19162,0.07066,0.02762,-2.08532,-0.02967,-0.01228,0.04052,0.0885,0.47977,0.14825,0.05683,-0.17191,-0.00399,-1.78104,-0.74579,-0.07173,-0.13734,0.3711,0.65896,0.01258,2.98465,0.85275,1.43855,0.88427,0.00972,-0.53711,-0.05184
21.5,-0.2976,-2.75363,-1.94082,0.02739,0.05051,-0.09101,-1.87427,-0.17782,0.05588,0.02634,-1.78261,-0.03461,-0.01002,0.02471,0.20183,0.21025,0.10114,0.04641,-0.17005,-0.00323,-0.13004,-0.57748,-0.09995,0.06792,0.27156,0.4661,-0.0417,3.05308,0.89441,1.40061,0.38865,0.01154,-0.70109,-0.06874
21.52,-0.20721,-2.90718,-2.64684,0.04422,0.15581,-0.07979,-1.85043,-0.15713,0.03864,0.02329,-1.51618,-0.0445,-0.00775,0.0094,0.30717,-0.03319,0.06386,0.03514,-0.16452,-0.00261,1.05537,-0.4273,-0.10918,0.32291,0.18563,0.27946,-0.08331,3.0466,0.91448,1.30586,-0.08073,0.01291,-0.78176,-0.0654
21.54,-0.19833,-2.98541,-3.20089,0.05309,0.21749,-0.06731,-1.73419,-0.13119,0.01884,0.01797,-1.30326,-0.06066,-0.00554,-0.00468,0.39506,-0.23791,0.0358,0.02495,-0.15561,-0.00203,1.83741,-0.30431,-0.11339,0.59543,0.11588,0.12821,-0.10963,2.97552,0.91815,1.16674,-0.48879,0.01367,-0.78932,-0.04528
21.56,-0.27167,-2.96502,-3.49401,0.05352,0.23532,-0.05431,-1.51496,-0.10407,-0.00328,0.0099,-1.15958,-0.084,-0.00341,-0.0167,0.45841,-0.39874,0.01641,0.01668,-0.14348,-0.00147,2.25192,-0.21003,-0.12686,0.85154,0.06233,0.01907,-0.12173,2.85131,0.91131,0.99627,-0.82122,0.01372,-0.76517,-0.02013
21.58,-0.41585,-2.85842,-3.45026,0.04752,0.21481,-0.04138,-1.19261,-0.08159,-0.0271,-0.00137,-1.10015,-0.11496,-0.00137,-0.02614,0.49278,-0.51491,0.00531,0.00986,-0.12877,-0.0009,2.39764,-0.14079,-0.13699,1.06652,0.02322,-0.05287,-0.12071,2.68763,0.90152,0.80478,-1.0718,0.01302,-0.70846,0.01131
21.6,-0.62501,-2.59483,-3.00542,0.03624,0.16472,-0.02895,-0.77531,-0.06798,-0.05133,-0.01617,-1.13591,-0.15251,0.0006,-0.03271,0.49405,-0.58806,0.00179,0.00418,-0.11182,-0.00031,2.36438,-0.09304,-0.14886,1.22643,-0.0036,-0.09349,-0.11016,2.48221,0.89503,0.60125,-1.24101,0.01164,-0.59845,0.0487
21.62,-0.90768,-2.14725,-2.16249,0.02174,0.09714,-0.01742,-0.27891,-0.06678,-0.07418,-0.03442,-1.27263,-0.19422,0.00252,-0.03625,0.46158,-0.62187,0.0051,-0.00034,-0.09278,0.0003,2.22055,-0.06286,-0.16606,1.3291,-0.02041,-0.11074,-0.09412,2.24825,0.8961,0.40188,-1.33439,0.00967,-0.40865,0.09159
21.64,-1.25095,-1.65896,-1.00566,0.0077,0.02462,-0.00696,0.27932,-0.08046,-0.0947,-0.05606,-1.50436,-0.23797,0.00447,-0.03711,0.40364,-0.62372,0.01484,-0.00363,-0.0717,0.00094,2.03725,-0.04638,-0.17179,1.38263,-0.02943,-0.1107,-0.07446,2.04115,0.90192,0.22857,-1.35678,0.00723,-0.18775,0.13518
21.66,-1.633,-1.21129,0.40965,-0.00421,-0.04629,0.00265,0.88639,-0.10902,-0.11313,-0.08137,-1.81149,-0.28167,0.00655,-0.03583,0.32955,-0.60167,0.0304,-0.00591,-0.04839,0.00158,1.85713,-0.04042,-0.16211,1.39854,-0.03269,-0.09861,-0.05313,1.89219,0.90853,0.09064,-1.31613,0.00446,0.01638,0.17371
21.68,-2.04698,-0.7999,2.04846,-0.01361,-0.11423,0.01189,1.53042,-0.14999,-0.13036,-0.11026,-2.16213,-0.32254,0.00888,-0.03294,0.24778,-0.56249,0.05083,-0.00744,-0.02264,0.00222,1.70303,-0.04172,-0.14443,1.38834,-0.03196,-0.07943,-0.03236,1.79726,0.9149,-0.01218,-1.22359,0.00154,0.2148,0.2077
21.7,-2.49784,-0.42791,3.86186,-0.02029,-0.18028,0.02129,2.19544,-0.19899,-0.14771,-0.14126,-2.49763,-0.35485,0.01162,-0.02887,0.16975,-0.51191,0.07454,-0.00817,0.00561,0.00281,1.57461,-0.04711,-0.12375,1.36463,-0.02866,-0.05745,-0.01396,1.75107,0.91371,-0.0836,-1.09511,-0.00134,0.36452,0.23036
21.72,-2.99656,-0.10386,5.79405,-0.02411,-0.24648,0.0313,2.86316,-0.25017,-0.16688,-0.17125,-2.74427,-0.3718,0.01504,-0.02411,0.10857,-0.45498,0.09929,-0.00784,0.03623,0.00328,1.46476,-0.05378,-0.10297,1.33847,-0.02394,-0.03599,0.00084,1.74329,0.89732,-0.13006,-0.94586,-0.00395,0.42832,0.2363
21.74,-3.51538,0.16637,7.80848,-0.02553,-0.3166,0.04253,3.52472,-0.29778,-0.19064,-0.19858,-2.85744,-0.37345,0.01926,-0.01928,0.07754,-0.39673,0.12317,-0.00665,0.06898,0.00361,1.38491,-0.05888,-0.08289,1.31631,-0.01864,-0.01715,0.01139,1.75557,0.86783,-0.15865,-0.78354,-0.00611,0.44789,0.23122
21.76,-4.02076,0.38961,9.89963,-0.02545,-0.3951,0.05574,4.18044,-0.33603,-0.22227,-0.2223,-2.80898,-0.36145,0.02433,-0.01485,0.08959,-0.34029,0.14437,-0.00494,0.1034,0.0038,1.33982,-0.06054,-0.06367,1.30152,-0.01335,-0.00215,0.01753,1.77358,0.82823,-0.17578,-0.61412,-0.00773,0.45172,0.21935
21.78,-4.51153,0.57698,12.06182,-0.02445,-0.48421,0.07141,4.82875,-0.35724,-0.26466,-0.23895,-2.57214,-0.33472,0.03038,-0.01107,0.15721,-0.28673,0.16049,-0.00288,0.13851,0.00386,1.32014,-0.05846,-0.04574,1.29504,-0.00847,0.0087,0.01981,1.78903,0.77961,-0.18632,-0.44433,-0.0088,0.43915,0.20153
21.8,-4.96064,0.72769,14.2286,-0.02267,-0.58216,0.09029,5.46563,-0.35075,-0.31987,-0.24502,-2.14312,-0.29477,0.03741,-0.00823,0.29236,-0.23621,0.17078,0.00021,0.17263,0.00376,1.32042,-0.0538,-0.02995,1.29568,-0.00425,0.01588,0.01929,1.79248,0.72454,-0.19324,-0.28174,-0.00934,0.39311,0.17423
21.82,-5.33568,0.83065,16.27705,-0.02027,-0.68261,0.11337,6.07953,-0.30056,-0.38864,-0.24002,-1.52641,-0.24313,0.04521,-0.00667,0.50656,-0.18862,0.17579,0.00543,0.20304,0.00351,1.3363,-0.04826,-0.0164,1.3007,-0.00081,0.02036,0.01729,1.77735,0.6668,-0.19824,-0.1313,-0.00942,0.31086,0.13772
21.84,-5.62437,0.89254,18.12514,-0.01871,-0.67549,0.12898,6.64533,-0.18413,-0.46893,-0.22002,-0.73054,-0.18023,0.05354,-0.00694,0.81457,-0.14397,0.17326,0.01235,0.22565,0.00313,1.35999,-0.04291,-0.0043,1.30601,0.00179,0.02336,0.01525,1.74506,0.61184,-0.20278,0.0055,-0.00913,0.22613,0.10083
21.86,-5.83697,0.92206,19.6843,-0.01846,-0.64282,0.12816,7.12528,0.03075,-0.55508,-0.18404,0.22231,-0.10796,0.0619,-0.00986,1.23483,-0.10193,0.16085,0.02046,0.23493,0.00263,1.38565,-0.03852,0.00666,1.30849,0.0036,0.02606,0.01432,1.69798,0.5634,-0.2082,0.12725,-0.00854,0.1543,0.06777
21.88,-5.97289,0.91776,20.79343,-0.02118,-0.60518,0.12732,7.46619,0.38406,-0.63967,-0.14646,1.2848,-0.03083,0.06925,-0.01671,1.78347,-0.06211,0.13929,0.0304,0.22396,0.00205,1.41064,-0.03567,0.01648,1.30699,0.0047,0.0295,0.01532,1.63792,0.52269,-0.21556,0.23301,-0.00774,0.0922,0.03847
21.9,-5.99756,0.8589,21.17199,-0.02341,-0.56032,0.12726,7.61161,0.91519,-0.69754,-0.09243,2.40353,0.04358,0.07463,-0.0292,2.45761,-0.02412,0.11388,0.04311,0.18413,0.00139,1.42919,-0.03455,0.02539,1.3013,0.00521,0.03455,0.01879,1.56557,0.49007,-0.22575,0.323,-0.00685,0.03907,0.01333
21.92,-5.89016,0.72192,20.49819,-0.01879,-0.5055,0.12832,7.50922,1.64437,-0.69206,-0.00721,3.56777,0.10989,0.07768,-0.04945,3.22324,0.01421,0.09229,0.05916,0.10617,0.00066,1.43647,-0.0351,0.03377,1.2915,0.00525,0.04184,0.02503,1.48294,0.46563,-0.23939,0.39826,-0.00594,-0.00272,-0.00644
21.94,-5.71772,0.53094,18.73973,-0.01057,-0.44433,0.12917,7.11782,2.54761,-0.63092,0.04647,4.73836,0.16435,0.07671,-0.07987,4.03683,0.06002,0.08026,0.07921,-0.01819,-7e-05,1.43438,-0.03711,0.04162,1.27699,0.00493,0.05167,0.03401,1.39708,0.4501,-0.25683,0.45848,-0.0051,-0.03116,-0.02002
21.96,-5.54161,0.32434,16.0559,-0.00263,-0.38209,0.12909,6.44469,3.54668,-0.53822,0.03551,5.87667,0.20808,0.0702,-0.1226,4.83572,0.1274,0.07959,0.10283,-0.19459,-0.00072,1.42349,-0.04056,0.04865,1.25632,0.00438,0.06388,0.04542,1.31228,0.44381,-0.27789,0.50315,-0.00436,-0.04818,-0.02796
21.98,-5.39612,0.12892,12.60272,0.00775,-0.32018,0.12812,5.54345,4.47757,-0.41828,-0.01793,7.04111,0.25448,0.05878,-0.17833,5.5067,0.23719,0.08626,0.12664,-0.42381,-0.00119,1.40074,-0.0458,0.05484,1.22733,0.00367,0.07765,0.05843,1.22811,0.44622,-0.30148,0.53304,-0.00374,-0.05571,-0.03097
22,-5.2985,-0.02006,8.62577,0.01901,-0.26176,0.12702,4.49333,5.06659,-0.31414,-0.06331,8.2731,0.31923,0.04205,-0.24696,5.88163,0.41001,0.10073,0.15376,-0.69824,-0.00133,1.36247,-0.05334,0.06024,1.18764,0.0029,0.09186,0.07204,1.14294,0.45695,-0.32534,0.54884,-0.00324,-0.05605,-0.03011
22.02,-5.28347,-0.08002,4.40542,0.02923,-0.21018,0.12631,3.38267,4.93729,-0.25352,0.11241,9.56712,0.41288,0.02242,-0.32598,5.78274,0.64638,0.10485,0.18886,-1.00363,-0.00089,1.30599,-0.06374,0.06488,1.13478,0.00214,0.10525,0.08526,1.05485,0.47572,-0.34678,0.55108,-0.00284,-0.05149,-0.02654
22.04,-5.43086,-0.00925,0.22638,0.0389,-0.16701,0.12587,2.27316,3.69282,-0.20394,0.61289,11.00182,0.55331,0.00493,-0.40797,5.10295,0.93042,0.04532,0.2199,-1.3112,0.00038,1.23023,-0.07731,0.06838,1.06609,0.00143,0.11613,0.09656,0.96271,0.50201,-0.36427,0.53974,-0.0025,-0.04331,-0.02106
22.06,-5.78429,0.21116,-3.60283,0.04774,-0.13294,0.12555,1.19892,1.03385,-0.14712,1.37444,12.59621,0.7528,-0.00748,-0.4845,3.82161,1.23099,-0.12044,0.23777,-1.58926,0.0028,1.13541,-0.09394,0.07042,0.98025,0.00079,0.1231,0.10463,0.86453,0.53539,-0.37738,0.51536,-0.0022,-0.03279,-0.01445
22.08,-6.3207,0.5572,-6.78029,0.05604,-0.10631,0.1247,0.18852,-3.14729,-0.08229,2.34032,14.1332,0.97771,-0.0123,-0.54697,2.02369,1.46391,-0.4275,0.24761,-1.85378,0.00701,1.02388,-0.11302,0.07112,0.87827,0.00025,0.12562,0.10883,0.75743,0.57549,-0.38639,0.47992,-0.00191,-0.02122,-0.00754
22.1,-7.14693,0.96872,-9.48772,0.05592,-0.0893,0.12595,-0.72598,-8.47623,0.01503,3.41049,15.67027,1.22909,-0.00793,-0.59113,-0.20912,1.63595,-0.87072,0.24317,-1.96239,0.01339,0.89591,-0.13316,0.0704,0.76342,-0.00021,0.1233,0.10861,0.63899,0.62129,-0.39227,0.4359,-0.00157,-0.01002,-0.00114
22.12,-8.46566,1.34782,-12.19662,0.04323,-0.0714,0.13285,-1.47884,-13.01061,0.15896,4.48338,17.43521,1.56317,0.00533,-0.61265,-2.71304,1.85936,-1.38759,0.21951,-1.68625,0.02289,0.75548,-0.15238,0.06826,0.64056,-0.00058,0.116,0.10358,0.50784,0.67158,-0.39665,0.38623,-0.00116,-0.00016,0.00408
22.14,-10.0362,1.52016,-14.46772,0.02946,-0.05327,0.14294,-2.00494,-13.71499,0.2944,5.28493,18.88991,1.86918,0.02471,-0.59588,-4.91005,2.04199,-1.96994,0.18496,-1.25089,0.03725,0.61358,-0.16913,0.06526,0.51463,-0.00089,0.1039,0.09364,0.36339,0.72602,-0.40199,0.33412,-0.00066,0.00775,0.00768
22.16,-11.48202,1.38742,-15.94197,0.01935,-0.03579,0.15371,-2.29803,-9.81344,0.3757,5.60685,19.50818,2.00812,0.04529,-0.53936,-6.2823,2.04816,-2.56796,0.14428,-0.88593,0.05599,0.47782,-0.18227,0.06198,0.38997,-0.00111,0.08726,0.07888,0.2051,0.78467,-0.41096,0.28201,-7e-05,0.0131,0.00931
22.18,-12.74621,0.98818,-16.85866,0.01119,-0.02073,0.16883,-2.34487,1.43249,0.38603,5.5114,19.45614,2.00981,0.06211,-0.44723,-6.59522,1.94416,-3.06902,0.09724,-0.55019,0.07673,0.35246,-0.19075,0.05887,0.27106,-0.00125,0.06647,0.05977,0.03338,0.84738,-0.42601,0.23186,0.00059,0.0157,0.009
22.2,-13.39379,0.45701,-16.97148,0.00549,-0.00949,0.18377,-2.25798,14.85893,0.33738,5.05961,18.48808,1.85,0.07332,-0.34427,-5.93326,1.63501,-3.35965,0.05505,-0.37116,0.09624,0.24194,-0.19487,0.05661,0.16317,-0.00129,0.04204,0.03691,-0.14907,0.91386,-0.44942,0.18591,0.00129,0.0155,0.00693
22.22,-13.21027,-0.0607,-16.29478,0.00183,-0.00236,0.18682,-2.24345,16.92306,0.27809,4.40972,16.49187,1.54047,0.08128,-0.26519,-4.93388,1.0888,-3.41032,0.02831,-0.38844,0.1126,0.15176,-0.19536,0.05583,0.07182,-0.00119,0.01487,0.01149,-0.33684,0.98312,-0.48305,0.14626,0.00197,0.01258,0.00342
22.24,-12.62675,-0.52173,-15.24035,-0.00081,0.00079,0.18401,-2.25971,14.64517,0.21369,3.77513,14.17524,1.22018,0.0853,-0.20111,-3.79261,0.55588,-3.26245,0.01151,-0.40799,0.12282,0.08685,-0.19127,0.057,0.00105,-0.00095,-0.01399,-0.0151,-0.52536,1.05375,-0.5278,0.11429,0.00259,0.00719,-0.00116
22.26,-11.88851,-0.91564,-13.97629,-0.0025,0.00067,0.18248,-2.23662,13.99995,0.14566,3.23969,11.9716,0.95574,0.08431,-0.14458,-2.63486,0.12044,-2.97159,0.00124,-0.36172,0.12503,0.04794,-0.18179,0.06019,-0.0478,-0.00057,-0.04373,-0.0419,-0.71229,1.12319,-0.58308,0.09066,0.00313,-0.00078,-0.00675
22.28,-11.00154,-1.25333,-12.52382,-0.00334,-0.00161,0.18,-2.20953,12.79348,0.08706,2.79948,9.90429,0.73739,0.07989,-0.09856,-1.6543,-0.23358,-2.5955,-0.00369,-0.28402,0.12072,0.03242,-0.16698,0.06492,-0.07573,-7e-05,-0.07352,-0.06806,-0.89493,1.18619,-0.64628,0.07547,0.00356,-0.01183,-0.01352
22.3,-9.99593,-1.55579,-10.97475,-0.00352,-0.00451,0.17635,-2.17696,11.08506,0.04194,2.43013,8.03258,0.56108,0.07293,-0.06198,-0.90799,-0.50843,-2.19024,-0.00514,-0.19295,0.11086,0.03598,-0.14653,0.07073,-0.08536,0.0005,-0.10194,-0.09223,-1.06652,1.2399,-0.71167,0.06846,0.0039,-0.02653,-0.02179
22.32,-8.91651,-1.84207,-9.44312,-0.00328,-0.00666,0.17187,-2.12361,9.2188,0.01072,2.10281,6.3956,0.42078,0.06425,-0.03347,-0.39417,-0.71259,-1.79834,-0.00463,-0.10252,0.09694,0.05353,-0.12044,0.07714,-0.08011,0.00108,-0.1271,-0.11269,-1.21757,1.28149,-0.77181,0.06919,0.00416,-0.04544,-0.03194
22.34,-7.85616,-2.11016,-8.02837,-0.00281,-0.00791,0.14927,-2.03099,7.33651,-0.0069,1.80937,5.00531,0.30847,0.05521,-0.01196,-0.08171,-0.84925,-1.44309,-0.00279,-0.02271,0.08239,0.08036,-0.08986,0.08322,-0.06328,0.00163,-0.14805,-0.12874,-1.34484,1.30031,-0.82179,0.07706,0.00434,-0.06904,-0.04435
22.36,-6.86762,-2.347,-6.78527,-0.00226,-0.00839,0.09302,-1.87545,5.70389,-0.01406,1.54337,3.8668,0.21863,0.04676,0.00346,0.08226,-0.92385,-1.13364,-4e-05,0.03903,0.06924,0.11276,-0.05649,0.08833,-0.03756,0.0021,-0.16457,-0.14044,-1.44827,1.28831,-0.85849,0.09144,0.00444,-0.09769,-0.05931
22.38,-5.93968,-2.54874,-5.7316,-0.00172,-0.00806,0.05751,-1.64968,4.33073,-0.01502,1.29361,2.97614,0.14695,0.03957,0.01362,0.1493,-0.94007,-0.87079,0.0031,0.07958,0.05796,0.14823,-0.02275,0.09255,-0.00509,0.00248,-0.17634,-0.14767,-1.52555,1.24539,-0.87929,0.11161,0.00447,-0.13198,-0.07715
22.4,-5.0574,-2.71806,-4.87779,-0.00124,-0.00707,0.03585,-1.3518,3.18959,-0.01364,1.05891,2.33323,0.09099,0.03433,0.01944,0.16066,-0.90816,-0.64985,0.00626,0.10025,0.04869,0.18497,0.00799,0.09647,0.0324,0.00275,-0.1833,-0.15068,-1.57387,1.17173,-0.88284,0.13679,0.00439,-0.16856,-0.0969
22.42,-4.20636,-2.85955,-4.22029,-0.00084,-0.00567,0.02347,-0.98445,2.26105,-0.01366,0.83928,1.95094,0.05057,0.03159,0.02183,0.14501,-0.83917,-0.46384,0.00918,0.10456,0.04134,0.22171,0.03297,0.10094,0.0734,0.0029,-0.18547,-0.1499,-1.59068,1.06992,-0.86872,0.16619,0.00419,-0.20064,-0.11654
22.44,-3.37762,-2.96234,-3.72831,-0.00052,-0.00415,0.01728,-0.5521,1.51888,-0.01814,0.62954,1.84921,0.02669,0.03172,0.02172,0.12008,-0.73715,-0.30513,0.01173,0.0975,0.03581,0.25767,0.05016,0.10627,0.11661,0.00293,-0.18308,-0.14566,-1.57842,0.94571,-0.83835,0.19868,0.00383,-0.22583,-0.1356
22.46,-2.55898,-3.01971,-3.36763,-0.0003,-0.00271,0.01517,-0.061,0.9018,-0.02889,0.42443,2.03258,0.0206,0.03498,0.01994,0.0951,-0.60828,-0.16672,0.01394,0.08377,0.03181,0.29218,0.05835,0.11269,0.16067,0.00286,-0.17651,-0.13836,-1.54186,0.80499,-0.79434,0.23297,0.00329,-0.24485,-0.15435
22.48,-1.73804,-3.04144,-3.11298,-0.00014,-0.00146,0.01554,0.47656,0.33762,-0.04655,0.21996,2.48704,0.03416,0.04153,0.01717,0.07358,-0.46235,-0.04372,0.01595,0.06712,0.0288,0.32429,0.05762,0.12063,0.20384,0.00268,-0.16611,-0.12839,-1.48475,0.65472,-0.74001,0.26761,0.00252,-0.26153,-0.17292
22.5,-0.91293,-3.03783,-2.92909,-4e-05,-0.00043,0.01718,1.04175,-0.22426,-0.07036,0.01343,3.1911,0.06991,0.05154,0.01398,0.05601,-0.31294,0.06589,0.01791,0.05049,0.02629,0.35308,0.04856,0.13038,0.24384,0.00242,-0.15259,-0.1164,-1.41682,0.50246,-0.6815,0.30079,0.00149,-0.25144,-0.18604
22.52,-0.09375,-3.02029,-2.78121,2e-05,0.00033,0.01912,1.61321,-0.79424,-0.09804,-0.19565,4.11166,0.12945,0.06511,0.0108,0.04177,-0.16964,0.16217,0.01996,0.036,0.02386,0.37769,0.03214,0.14207,0.27832,0.00209,-0.13672,-0.10301,-1.3481,0.35818,-0.62528,0.33069,0.0002,-0.17534,-0.18569
22.54,0.70954,-3.00144,-2.65243,5e-05,0.00085,0.02069,2.16683,-1.36698,-0.1271,-0.40549,5.19848,0.21279,0.08191,0.00788,0.03013,-0.03541,0.24483,0.02236,0.02497,0.02103,0.39708,0.00963,0.15548,0.30556,0.00172,-0.11906,-0.08861,-1.27957,0.23282,-0.57476,0.3558,-0.00136,-0.05871,-0.17539
22.56,1.49818,-2.98989,-2.52724,5e-05,0.00115,0.02144,2.67717,-1.93751,-0.15509,-0.6112,6.37871,0.31681,0.1011,0.00535,0.02052,0.08627,0.3142,0.02527,0.01793,0.01752,0.41113,-0.01773,0.17019,0.32516,0.00131,-0.10026,-0.07363,-1.21037,0.13264,-0.53205,0.37573,-0.00314,0.06341,-0.16077
22.58,2.2773,-2.99027,-2.38746,4e-05,0.00128,0.02122,3.11727,-2.48497,-0.17932,-0.80362,7.5323,0.42938,0.12087,0.00329,0.01259,0.19323,0.37113,0.02843,0.01472,0.01334,0.42109,-0.04848,0.18558,0.33816,0.00088,-0.08124,-0.05874,-1.14069,0.0602,-0.49861,0.39158,-0.00505,0.19169,-0.14116
22.6,3.04474,-3.0072,-2.22879,3e-05,0.00128,0.02008,3.4639,-2.93132,-0.19409,-0.96505,8.57444,0.53972,0.1401,0.0017,0.00618,0.28584,0.41646,0.03183,0.01477,0.00859,0.42875,-0.08021,0.20064,0.34658,0.00046,-0.06344,-0.04499,-1.06787,0.01662,-0.47415,0.40527,-0.00694,0.32097,-0.11713
22.62,3.79178,-3.04322,-2.0546,2e-05,0.00117,0.01822,3.6989,-3.16418,-0.1929,-1.07239,9.45663,0.64126,0.15794,0.00055,0.00126,0.36609,0.45088,0.03553,0.01732,0.00363,0.43618,-0.10941,0.21404,0.35299,6e-05,-0.04827,-0.03338,-0.98791,0.00198,-0.4575,0.41925,-0.00863,0.44732,-0.08925
22.64,4.51974,-3.09459,-1.86299,1e-05,0.00101,0.01591,3.79819,-3.18738,-0.17908,-1.11281,9.99537,0.70773,0.1703,-0.00023,-0.0022,0.43549,0.47528,0.03871,0.02152,-0.00106,0.4456,-0.13389,0.22442,0.35997,-0.00029,-0.03649,-0.0244,-0.8973,0.0157,-0.44742,0.43629,-0.00996,0.55612,-0.06039
22.66,5.2364,-3.15795,-1.65562,0,0.00082,0.01339,3.75747,-3.04583,-0.15838,-1.08534,10.05656,0.71708,0.17412,-0.00071,-0.00435,0.49509,0.49063,0.04059,0.02662,-0.00522,0.45872,-0.15272,0.23065,0.36962,-0.00058,-0.02863,-0.0184,-0.79279,0.05668,-0.44233,0.45879,-0.01083,0.63468,-0.03334
22.68,5.94343,-3.23163,-1.44155,-0,0.00063,0.01085,3.60266,-2.746,-0.13204,-0.9948,9.70477,0.67615,0.17053,-0.00096,-0.00541,0.54653,0.49787,0.04105,0.03207,-0.00866,0.47646,-0.16497,0.232,0.38339,-0.00079,-0.0249,-0.01549,-0.67218,0.12318,-0.44046,0.48855,-0.01118,0.68996,-0.00761
22.7,6.62065,-3.31061,-1.23239,-0,0.00046,0.0085,3.36714,-2.37362,-0.10679,-0.85985,8.95917,0.5866,0.15973,-0.00104,-0.00561,0.59179,0.49771,0.03997,0.03741,-0.01123,0.49936,-0.17115,0.22812,0.40205,-0.00093,-0.02508,-0.0155,-0.53665,0.21255,-0.43986,0.52635,-0.01099,0.69427,0.01074
22.72,7.23514,-3.39041,-1.04097,-0,0.00031,0.00647,3.0907,-2.01055,-0.08781,-0.70562,7.89495,0.45992,0.14292,-0.00101,-0.00521,0.63233,0.4907,0.03738,0.04228,-0.01281,0.52746,-0.1724,0.21904,0.42578,-0.00097,-0.02874,-0.01807,-0.38798,0.32156,-0.43873,0.57223,-0.01027,0.62963,0.0178
22.74,7.78369,-3.46678,-0.8764,-0,0.00018,0.00485,2.81319,-1.65613,-0.07189,-0.54954,6.75716,0.33053,0.12472,-0.00091,-0.00447,0.66675,0.47758,0.03347,0.04642,-0.01341,0.56006,-0.16903,0.20491,0.45438,-0.00091,-0.03537,-0.0228,-0.22686,0.44676,-0.43611,0.6261,-0.00906,0.53531,0.01965
22.76,8.27105,-3.53543,-0.74284,-0,9e-05,0.00364,2.55832,-1.32159,-0.05758,-0.40489,5.69964,0.21684,0.10796,-0.00077,-0.0036,0.69297,0.45916,0.02858,0.0497,-0.01319,0.59617,-0.16142,0.18616,0.48727,-0.00075,-0.04448,-0.02931,-0.05564,0.5844,-0.43169,0.68723,-0.00739,0.43496,0.01973
22.78,8.68452,-3.59439,-0.64083,-0,2e-05,0.00278,2.33426,-1.03633,-0.04598,-0.28069,4.75645,0.12207,0.09307,-0.00062,-0.00273,0.70954,0.43639,0.02328,0.0522,-0.01233,0.63432,-0.15021,0.16378,0.52319,-0.0005,-0.0555,-0.03717,0.12038,0.7294,-0.42553,0.75343,-0.00537,0.32722,0.01751
22.8,8.9977,-3.6318,-0.56542,0,-3e-05,0.00215,2.14182,-0.81302,-0.03714,-0.1799,3.95106,0.04796,0.08035,-0.00048,-0.00196,0.71521,0.41017,0.01806,0.05402,-0.01116,0.67285,-0.13636,0.13885,0.56017,-0.00018,-0.0677,-0.04585,0.29357,0.87477,-0.41892,0.82098,-0.00309,0.20794,0.01168
22.82,9.18004,-3.63491,-0.51013,0,-5e-05,0.00162,1.97619,-0.65676,-0.03087,-0.1021,3.28498,-0.00641,0.06974,-0.00035,-0.0013,0.7085,0.38146,0.01354,0.0553,-0.01001,0.7098,-0.12071,0.11292,0.59587,0.00019,-0.08023,-0.0547,0.45719,1.01236,-0.41341,0.88527,-0.00071,0.08445,0.00362
22.84,9.23264,-3.60819,-0.47148,0,-6e-05,0.00107,1.82948,-0.56658,-0.02692,-0.04499,2.73931,-0.04329,0.06081,-0.00023,-0.00079,0.68537,0.35154,0.01058,0.05626,-0.00909,0.74227,-0.10337,0.08796,0.62817,0.00059,-0.09239,-0.06322,0.60346,1.13487,-0.40938,0.94248,0.00166,-0.02751,-0.0035
22.86,9.16867,-3.55524,-0.4456,1e-05,-6e-05,0.00043,1.6936,-0.5356,-0.02488,-0.00481,2.29346,-0.06523,0.05318,-0.00014,-0.00043,0.6428,0.32144,0.00961,0.05706,-0.00855,0.76803,-0.08469,0.06529,0.65563,0.00099,-0.10359,-0.07096,0.72536,1.23689,-0.40676,0.99006,0.00393,-0.1254,-0.00929
22.88,8.99218,-3.47179,-0.42718,1e-05,-6e-05,-0.00034,1.56144,-0.55282,-0.02424,0.02262,1.92774,-0.07482,0.04655,-7e-05,-0.00018,0.58091,0.29189,0.0108,0.05765,-0.0085,0.78618,-0.06553,0.04572,0.67741,0.00139,-0.11315,-0.07739,0.82013,1.314,-0.40535,1.02629,0.00604,-0.21097,-0.01413
22.9,8.72439,-3.35296,-0.41235,1e-05,-5e-05,-0.00121,1.42923,-0.60134,-0.02437,0.04116,1.62418,-0.07461,0.04062,-2e-05,-3e-05,0.4987,0.264,0.01426,0.05792,-0.00902,0.79577,-0.04714,0.03001,0.69301,0.00176,-0.12007,-0.08174,0.8861,1.3632,-0.40418,1.04988,0.00793,-0.28028,-0.01707
22.92,8.38968,-3.1966,-0.39801,1e-05,-4e-05,-0.00213,1.29498,-0.66171,-0.02461,0.05405,1.36912,-0.06698,0.0352,2e-05,7e-05,0.39747,0.2389,0.02006,0.05769,-0.01008,0.79605,-0.03072,0.01884,0.70205,0.00208,-0.12332,-0.08321,0.92246,1.38275,-0.40198,1.05992,0.00953,-0.3246,-0.01609
22.94,7.9986,-3.00896,-0.38138,0,-3e-05,-0.00307,1.1555,-0.71918,-0.02438,0.06378,1.15193,-0.05397,0.03023,4e-05,0.00012,0.28231,0.21716,0.02811,0.05674,-0.01161,0.78711,-0.01705,0.01261,0.70414,0.00233,-0.12271,-0.08171,0.92906,1.37106,-0.39784,1.05661,0.0108,-0.34672,-0.0122
22.96,7.56004,-2.79781,-0.36022,0,-2e-05,-0.00399,1.00903,-0.76347,-0.02328,0.07198,0.9597,-0.03741,0.02556,5e-05,0.00013,0.15748,0.19889,0.03809,0.0549,-0.01344,0.76909,-0.00669,0.01129,0.69887,0.00251,-0.11857,-0.07751,0.90689,1.32959,-0.39121,1.0407,0.01171,-0.35438,-0.00747
22.98,7.08472,-2.57081,-0.33254,0,-1e-05,-0.00486,0.85677,-0.78714,-0.02116,0.07928,0.77812,-0.01912,0.02096,5e-05,0.00013,0.02707,0.18387,0.04899,0.05205,-0.01534,0.74225,2e-05,0.0144,0.68584,0.00262,-0.11135,-0.07101,0.85931,1.26415,-0.38204,1.01327,0.01223,-0.34883,-0.00207
23,6.59488,-2.33874,-0.29786,0,-1e-05,-0.00567,0.70234,-0.78787,-0.01813,0.08558,0.59497,-0.00092,0.01622,5e-05,0.00012,-0.10274,0.172,0.06009,0.04818,-0.01689,0.7067,0.00301,0.02104,0.66483,0.00266,-0.10242,-0.06336,0.7901,1.18218,-0.37087,0.97632,0.01235,-0.32856,0.00356
23.02,6.11141,-2.11504,-0.25587,0,-0,-0.00637,0.55112,-0.76652,-0.01446,0.09023,0.40146,0.01556,0.01121,4e-05,0.0001,-0.22191,0.163,0.07099,0.04336,-0.01756,0.66289,0.00242,0.03004,0.63573,0.00263,-0.0933,-0.05579,0.70403,1.09217,-0.35853,0.93219,0.01205,-0.29105,0.00914
23.04,5.63217,-1.91316,-0.20563,-0,0,-0.00694,0.40804,-0.72501,-0.01029,0.09232,0.19315,0.0291,0.00588,3e-05,8e-05,-0.32326,0.15591,0.0791,0.03758,-0.01722,0.61191,-0.00129,0.04022,0.59833,0.00256,-0.08485,-0.04894,0.60678,1.00266,-0.34582,0.88265,0.01136,-0.24509,0.01371
23.06,5.15274,-1.73899,-0.14782,-0,0,-0.00734,0.2764,-0.66727,-0.00574,0.09109,-0.0285,0.03897,0.0003,2e-05,6e-05,-0.40485,0.14961,0.08212,0.03095,-0.01592,0.5545,-0.0073,0.05049,0.55288,0.00244,-0.07771,-0.0433,0.50276,0.91911,-0.33328,0.82892,0.01031,-0.19814,0.01659
23.08,4.67662,-1.59001,-0.0856,-0,0,-0.00753,0.15867,-0.59956,-0.0009,0.08612,-0.25424,0.04501,-0.0053,0,4e-05,-0.46521,0.14313,0.08001,0.0237,-0.01363,0.49119,-0.01439,0.05987,0.5006,0.0023,-0.07246,-0.0393,0.39545,0.84393,-0.32129,0.77202,0.009,-0.14897,0.0184
23.1,4.20829,-1.45894,-0.02486,-0,0,-0.00747,0.05746,-0.53113,0.00418,0.07724,-0.46609,0.04751,-0.01048,-1e-05,3e-05,-0.50414,0.13549,0.07243,0.01614,-0.01068,0.42267,-0.02091,0.06739,0.4435,0.00216,-0.06937,-0.03709,0.28809,0.77834,-0.31022,0.71327,0.00754,-0.10993,0.01754
23.12,3.75152,-1.337,0.03012,-0,0,-0.00714,-0.02446,-0.47157,0.00943,0.06452,-0.64119,0.04698,-0.01469,-2e-05,1e-05,-0.52222,0.12577,0.0599,0.00871,-0.00734,0.35017,-0.02513,0.07224,0.38415,0.00204,-0.06846,-0.03662,0.1844,0.7225,-0.30032,0.65409,0.00608,-0.0877,0.01367
23.14,3.30664,-1.21735,0.0766,-0,0,-0.0065,-0.08524,-0.42691,0.01473,0.04819,-0.76228,0.04415,-0.01758,-3e-05,1e-05,-0.52135,0.11316,0.04462,0.00186,-0.00372,0.27524,-0.02585,0.07393,0.32503,0.00195,-0.06945,-0.03764,0.08786,0.67547,-0.29144,0.59534,0.00475,-0.07036,0.00985
23.16,2.87165,-1.09603,0.11173,-0,0,-0.00556,-0.12478,-0.4005,0.0199,0.0289,-0.82203,0.03972,-0.01904,-4e-05,-0,-0.50419,0.09732,0.02838,-0.00415,-2e-05,0.19872,-0.02273,0.07239,0.26786,0.00189,-0.07179,-0.03972,-1e-05,0.63569,-0.28317,0.53766,0.00362,-0.05389,0.00726
23.18,2.44596,-0.97308,0.13512,-0,-0,-0.00437,-0.14436,-0.39338,0.02461,0.00788,-0.82159,0.03448,-0.01913,-4e-05,-0,-0.47308,0.07866,0.01243,-0.0092,0.00341,0.12126,-0.01638,0.06808,0.21382,0.00186,-0.07466,-0.04226,-0.07882,0.60129,-0.27498,0.48214,0.00271,-0.04135,0.00537
23.2,2.038,-0.852,0.14795,0,-0,-0.00306,-0.14622,-0.40298,0.02831,-0.01303,-0.77104,0.02919,-0.01813,-4e-05,-1e-05,-0.43191,0.05813,-0.00205,-0.01317,0.00627,0.04392,-0.00829,0.06175,0.16419,0.00185,-0.07684,-0.04439,-0.14806,0.57064,-0.26613,0.43005,0.00201,-0.0319,0.00421
23.22,1.65587,-0.73929,0.15214,0,-1e-05,-0.00176,-0.13324,-0.42481,0.03035,-0.03191,-0.68513,0.02459,-0.01641,-4e-05,-1e-05,-0.3845,0.03706,-0.01344,-0.01598,0.0084,-0.03153,-0.00032,0.0544,0.12016,0.00185,-0.07696,-0.04514,-0.20717,0.54225,-0.25585,0.38293,0.00151,-0.02449,0.00367
23.24,1.298,-0.64231,0.14967,0,-1e-05,-0.00058,-0.10865,-0.45504,0.03044,-0.04717,-0.57761,0.02116,-0.01425,-2e-05,-0,-0.3329,0.01663,-0.02091,-0.01767,0.00948,-0.10368,0.00598,0.04711,0.08241,0.00183,-0.07416,-0.04394,-0.25616,0.51438,-0.24357,0.3422,0.00117,-0.01918,0.00337
23.26,0.9624,-0.56416,0.14218,0,-1e-05,0.0004,-0.07588,-0.49026,0.0286,-0.05791,-0.46057,0.01903,-0.0119,1e-05,0,-0.27875,-0.00248,-0.02489,-0.01835,0.00926,-0.17232,0.00968,0.04058,0.05091,0.00177,-0.06789,-0.0405,-0.29579,0.48547,-0.22894,0.30821,0.00095,-0.01544,0.00311
23.28,0.64935,-0.50319,0.13123,0,-1e-05,0.00115,-0.03866,-0.52699,0.02511,-0.06414,-0.34468,0.01793,-0.00958,5e-05,1e-05,-0.22382,-0.01991,-0.02579,-0.0182,0.0079,-0.23755,0.01059,0.03503,0.02515,0.00168,-0.05789,-0.03472,-0.32702,0.45451,-0.21191,0.28032,0.00084,-0.01259,0.00288
23.3,0.35994,-0.45542,0.11818,0,-1e-05,0.00168,-0.00121,-0.56193,0.02052,-0.06642,-0.23979,0.01728,-0.00748,0.00011,1e-05,-0.17005,-0.03552,-0.02459,-0.01746,0.00561,-0.29904,0.00919,0.03046,0.00442,0.00154,-0.04447,-0.02697,-0.35067,0.42088,-0.19293,0.25756,0.00082,-0.01056,0.00265
23.32,0.09609,-0.41551,0.10415,0,-1e-05,0.00202,0.03188,-0.59151,0.01557,-0.0655,-0.15632,0.01615,-0.0058,0.00018,2e-05,-0.11892,-0.04919,-0.02233,-0.01637,0.00282,-0.35606,0.00635,0.02671,-0.01199,0.00136,-0.02818,-0.01775,-0.36746,0.38463,-0.17277,0.23878,0.00087,-0.00952,0.00247
23.34,-0.14014,-0.378,0.08984,0,-0,0.00221,0.05607,-0.61146,0.01099,-0.06188,-0.10639,0.01339,-0.00474,0.00028,3e-05,-0.07071,-0.06089,-0.01924,-0.01511,0.0001,-0.4082,0.003,0.02355,-0.02471,0.00114,-0.00953,-0.00741,-0.37853,0.34649,-0.15233,0.2226,0.00099,-0.00959,0.00248
23.36,-0.34547,-0.33806,0.07588,-0,1e-05,0.00233,0.06707,-0.61658,0.00738,-0.05534,-0.10471,0.00757,-0.00455,0.00039,5e-05,-0.02521,-0.07056,-0.01558,-0.01376,-0.00226,-0.45515,-4e-05,0.02079,-0.03422,0.00088,0.01073,0.00361,-0.38525,0.30784,-0.13265,0.20769,0.00117,-0.01105,0.00282
23.38,-0.51424,-0.29183,0.06301,-0,1e-05,0.00242,0.06067,-0.60041,0.00528,-0.04478,-0.16904,-0.00289,-0.00553,0.00051,6e-05,0.01808,-0.07799,-0.01181,-0.01236,-0.0041,-0.49606,-0.00213,0.0183,-0.04069,0.00061,0.03152,0.01479,-0.38892,0.27098,-0.11509,0.19298,0.00139,-0.01428,0.00361
23.4,-0.6378,-0.2366,0.05198,-0,3e-05,0.00256,0.03258,-0.55518,0.00516,-0.0284,-0.31999,-0.01969,-0.00801,0.00064,8e-05,0.05986,-0.08279,-0.00817,-0.01088,-0.00538,-0.52872,-0.00274,0.01601,-0.04403,0.00035,0.05153,0.02556,-0.39116,0.239,-0.10137,0.17764,0.00166,-0.01967,0.00498
23.42,-0.70533,-0.17103,0.04351,-0,4e-05,0.00281,-0.02159,-0.47245,0.0075,-0.00368,-0.58012,-0.04454,-0.01233,0.00076,9e-05,0.10096,-0.08438,-0.00486,-0.00926,-0.00612,-0.55053,-0.00154,0.01387,-0.04413,0.00013,0.06968,0.03546,-0.39338,0.21527,-0.09305,0.16109,0.00194,-0.02763,0.00701
23.44,-0.70453,-0.09513,0.0381,-1e-05,7e-05,0.00319,-0.10627,-0.34451,0.01278,0.03239,-0.97178,-0.07903,-0.01881,0.00086,0.00011,0.14227,-0.0822,-0.00204,-0.00743,-0.00633,-0.56114,0.00158,0.0118,-0.04129,-3e-05,0.0847,0.04396,-0.39578,0.20249,-0.09084,0.1428,0.00222,-0.03819,0.00982
23.46,-0.62512,-0.01009,0.03577,-1e-05,9e-05,0.00371,-0.22548,-0.16485,0.02146,0.08306,-1.51417,-0.12442,-0.02765,0.00091,0.00011,0.18463,-0.07574,0.00017,-0.00538,-0.00604,-0.56167,0.00641,0.00953,-0.0366,-0.00014,0.09568,0.05067,-0.39777,0.2012,-0.09415,0.12229,0.00251,-0.05105,0.01346
23.48,-0.46089,0.08102,0.03607,-1e-05,0.00012,0.00432,-0.38199,0.07043,0.03393,0.15148,-2.21978,-0.18125,-0.03894,0.00087,0.0001,0.22859,-0.0646,0.00165,-0.00312,-0.00527,-0.55359,0.01231,0.00666,-0.03205,-0.00019,0.10267,0.05553,-0.39824,0.20937,-0.10102,0.09926,0.00281,-0.06636,0.0177
23.5,-0.20826,0.17288,0.03813,-1e-05,0.00015,0.00496,-0.57628,0.36101,0.05051,0.2401,-3.08692,-0.24869,-0.05246,0.00071,6e-05,0.27452,-0.04858,0.00229,-0.00074,-0.00405,-0.54017,0.01824,0.00268,-0.03047,-0.00022,0.10596,0.05855,-0.39477,0.22358,-0.10828,0.0736,0.00311,-0.08103,0.02289
23.52,0.13327,0.25942,0.04093,-2e-05,0.00018,0.00553,-0.80542,0.70143,0.07119,0.34971,-4.09768,-0.32463,-0.06769,0.00037,-2e-05,0.32251,-0.02761,0.00198,0.00165,-0.00243,-0.52528,0.02289,-0.00293,-0.03514,-0.00024,0.10605,0.05983,-0.38472,0.23962,-0.11218,0.04527,0.00342,-0.08949,0.02995
23.54,0.56301,0.33579,0.04345,-2e-05,0.00019,0.00596,-1.06121,1.07944,0.09562,0.47826,-5.21503,-0.40503,-0.08394,-0.00021,-0.00016,0.37181,-0.00177,0.00065,0.00396,-0.00045,-0.51161,0.02508,-0.01052,-0.04919,-0.00029,0.10384,0.05958,-0.3672,0.25264,-0.10962,0.01389,0.00372,-0.09114,0.03826
23.56,1.07985,0.39994,0.04512,-2e-05,0.0002,0.00615,-1.32826,1.47252,0.12266,0.61917,-6.37878,-0.48437,-0.1003,-0.00108,-0.00038,0.42128,0.02871,-0.00169,0.00612,0.00178,-0.50138,0.02397,-0.02018,-0.07508,-0.00038,0.10008,0.05806,-0.3427,0.25875,-0.09867,-0.02159,0.00401,-0.08804,0.04659
23.58,1.6784,0.45293,0.04607,-2e-05,0.00018,0.00608,-1.582,1.83648,0.14905,0.75897,-7.5092,-0.5581,-0.11587,-0.0023,-0.0007,0.46961,0.06317,-0.00493,0.00813,0.00414,-0.49664,0.01907,-0.03161,-0.11432,-0.00053,0.09536,0.05565,-0.31288,0.25573,-0.07879,-0.06268,0.00424,-0.08374,0.0539
23.6,2.34031,0.49751,0.04669,-1e-05,0.00013,0.00572,-1.78481,2.14586,0.17409,0.8797,-8.42409,-0.60965,-0.1277,-0.0039,-0.00112,0.51551,0.10033,-0.00881,0.00998,0.00643,-0.49878,0.01028,-0.04407,-0.16737,-0.00072,0.0901,0.05269,-0.28186,0.24198,-0.05086,-0.11099,0.00436,-0.06627,0.0612
23.62,3.03521,0.53699,0.04796,-0,3e-05,0.00505,-1.89412,2.39538,0.19877,0.96186,-8.89651,-0.61764,-0.13192,-0.00592,-0.00164,0.55734,0.13844,-0.01299,0.01178,0.00841,-0.50879,-0.00216,-0.05649,-0.23388,-0.00096,0.08458,0.04947,-0.25466,0.21684,-0.01678,-0.1681,0.00433,-0.01714,0.07034
23.64,3.74112,0.57449,0.05194,1e-05,-0.00014,0.00406,-1.8847,2.50926,0.21543,0.98519,-8.90636,-0.59077,-0.12938,-0.00832,-0.00223,0.59141,0.17581,-0.01702,0.01373,0.00983,-0.52733,-0.01783,-0.06798,-0.31359,-0.00123,0.07901,0.04631,-0.23549,0.18103,0.02106,-0.23573,0.0041,0.04017,0.0774
23.66,4.44247,0.6113,0.06072,4e-05,-0.00037,0.00276,-1.7535,2.42848,0.21789,0.94256,-8.51157,-0.54087,-0.12192,-0.01101,-0.00285,0.61372,0.21105,-0.02039,0.0162,0.0104,-0.5547,-0.03603,-0.07795,-0.40638,-0.00153,0.07323,0.04321,-0.22837,0.13625,0.05996,-0.31554,0.00365,0.08338,0.07912
23.68,5.11708,0.64572,0.07609,7e-05,-0.00068,0.00114,-1.51716,2.18173,0.20859,0.84342,-7.7404,-0.46667,-0.1095,-0.0138,-0.00343,0.62122,0.24274,-0.02253,0.01973,0.0099,-0.59081,-0.05572,-0.0859,-0.51155,-0.00185,0.06668,0.03975,-0.23734,0.08548,0.09664,-0.40841,0.00299,0.11993,0.07709
23.7,5.72539,0.67352,0.09893,0.00012,-0.00107,-0.00078,-1.21999,1.7796,0.18719,0.70523,-6.78262,-0.38381,-0.09536,-0.01641,-0.00382,0.61041,0.26913,-0.02252,0.02501,0.00815,-0.63442,-0.07535,-0.09126,-0.627,-0.00217,0.05868,0.03539,-0.26627,0.03322,0.12731,-0.51362,0.00217,0.1291,0.06899
23.72,6.22118,0.68957,0.12818,0.00018,-0.00152,-0.00296,-0.91486,1.2763,0.15592,0.55225,-5.83504,-0.30434,-0.08264,-0.01845,-0.00387,0.57748,0.28819,-0.01937,0.03292,0.0051,-0.68369,-0.09304,-0.09353,-0.74961,-0.00249,0.04851,0.02955,-0.31862,-0.01524,0.14831,-0.62922,0.00124,0.10186,0.05481
23.74,6.59152,0.69123,0.16148,0.00025,-0.002,-0.00537,-0.64185,0.79122,0.12371,0.40837,-4.94383,-0.22373,-0.07077,-0.01934,-0.00346,0.51754,0.29808,-0.01304,0.0446,0.0007,-0.73779,-0.10745,-0.09281,-0.87691,-0.0028,0.03552,0.02165,-0.39593,-0.05554,0.15661,-0.75375,0.00026,0.0711,0.04078
23.76,6.84195,0.67946,0.19453,0.00033,-0.00248,-0.00797,-0.42964,0.394,0.09549,0.28791,-4.15485,-0.14385,-0.0598,-0.01831,-0.00257,0.42594,0.29706,-0.00371,0.06146,-0.00477,-0.79619,-0.11789,-0.08953,-1.00686,-0.00309,0.01953,0.01156,-0.49753,-0.08545,0.15095,-0.88591,-0.00074,0.05052,0.02981
23.78,6.97547,0.65835,0.21917,0.00041,-0.0029,-0.01066,-0.2937,0.11675,0.07185,0.19644,-3.5269,-0.07074,-0.05086,-0.01448,-0.00121,0.29933,0.28325,0.00813,0.08508,-0.01077,-0.85763,-0.12406,-0.08414,-1.13665,-0.00335,0.00102,-0.00028,-0.62098,-0.10462,0.13237,-1.02308,-0.00173,0.03562,0.0217
23.8,6.99286,0.63673,0.22968,0.00048,-0.00319,-0.01328,-0.23645,-0.01456,0.05336,0.13505,-3.06141,-0.00622,-0.044,-0.00683,0.00044,0.13411,0.25526,0.02147,0.11747,-0.01632,-0.91995,-0.126,-0.07741,-1.26093,-0.00358,-0.01894,-0.01292,-0.75743,-0.11445,0.1034,-1.16006,-0.00268,0.02654,0.01664
23.82,6.89776,0.62464,0.22502,0.00053,-0.00327,-0.01562,-0.25229,0.01554,0.03981,0.10172,-2.73824,0.04949,-0.03899,0.00576,0.002,-0.06989,0.21202,0.03618,0.16091,-0.0199,-0.98055,-0.12401,-0.07018,-1.37315,-0.00377,-0.03861,-0.02491,-0.89379,-0.11743,0.06755,-1.29052,-0.00355,0.02279,0.01449
23.84,6.72197,0.62784,0.20202,0.00053,-0.00307,-0.01754,-0.3322,0.21236,0.0304,0.09278,-2.54244,0.09737,-0.03573,0.02446,0.00284,-0.31074,0.1525,0.05065,0.21724,-0.02124,-1.03715,-0.11871,-0.06297,-1.47018,-0.00391,-0.05663,-0.03513,-1.02446,-0.116,0.02825,-1.41118,-0.00428,0.02261,0.01478
23.86,6.49969,0.64899,0.16151,0.00047,-0.00252,-0.01896,-0.46631,0.56972,0.02446,0.10411,-2.45689,0.13897,-0.03399,0.05031,0.00217,-0.58749,0.07678,0.0624,0.28745,-0.02086,-1.08775,-0.11078,-0.05593,-1.5511,-0.00401,-0.07231,-0.04318,-1.14819,-0.1126,-0.01244,-1.52143,-0.00479,0.02502,0.017
23.88,6.24887,0.6882,0.11203,0.00032,-0.00156,-0.01984,-0.64422,1.06391,0.0214,0.13142,-2.4666,0.17539,-0.03349,0.08407,-0.00094,-0.89877,-0.0135,0.07073,0.37045,-0.01895,-1.13039,-0.1008,-0.0488,-1.61483,-0.00407,-0.08527,-0.0489,-1.26219,-0.10976,-0.05363,-1.62119,-0.00497,0.02904,0.02044
23.9,6.00345,0.74128,0.06093,7e-05,-0.00018,-0.0202,-0.85287,1.66456,0.02078,0.17078,-2.566,0.20766,-0.03402,0.12603,-0.00716,-1.22684,-0.11535,0.07571,0.46711,-0.01642,-1.16026,-0.08947,-0.04095,-1.66128,-0.00409,-0.0953,-0.05257,-1.36498,-0.10999,-0.09501,-1.70993,-0.00467,0.03419,0.02445
23.92,5.79894,0.80155,0.01448,-0.00033,0.00161,-0.02009,-1.07731,2.35069,0.02221,0.21914,-2.75514,0.23657,-0.03546,0.17573,-0.0166,-1.53733,-0.22565,0.07816,0.58025,-0.01416,-1.17196,-0.07741,-0.03172,-1.69112,-0.00407,-0.10245,-0.05473,-1.45603,-0.11583,-0.13646,-1.78736,-0.00372,0.04028,0.02846
23.94,5.64431,0.86283,-0.01971,-0.00088,0.00374,-0.01959,-1.30647,3.07482,0.02523,0.2742,-3.03223,0.2616,-0.0377,0.23141,-0.0285,-1.82201,-0.34087,0.07939,0.70407,-0.01249,-1.16624,-0.06504,-0.02085,-1.70602,-0.00401,-0.10737,-0.05596,-1.5362,-0.12998,-0.17764,-1.85664,-0.00189,0.04523,0.03142
23.96,5.54855,0.91941,-0.03657,-0.00161,0.00601,-0.0188,-1.53243,3.77587,0.02938,0.33468,-3.39337,0.2821,-0.04068,0.2895,-0.04084,-2.0854,-0.4565,0.08149,0.83172,-0.01185,-1.14557,-0.05246,-0.00845,-1.70936,-0.00389,-0.11117,-0.05695,-1.60742,-0.15535,-0.21761,-1.92255,0.00101,0.04669,0.03227
23.98,5.53103,0.96538,-0.03413,-0.00255,0.00817,-0.01785,-1.74644,4.41285,0.03426,0.40021,-3.83174,0.29812,-0.04437,0.34368,-0.05055,-2.31999,-0.56707,0.08814,0.96356,-0.01288,-1.11108,-0.03959,0.0049,-1.7059,-0.00366,-0.1152,-0.05844,-1.67097,-0.19491,-0.2544,-1.98924,0.00521,0.04355,0.03037
24,5.59841,0.99722,-0.01082,-0.0037,0.00994,-0.01685,-1.93928,4.9446,0.03953,0.47042,-4.32518,0.30976,-0.04854,0.3878,-0.0514,-2.49103,-0.66579,0.10376,1.10131,-0.01635,-1.06825,-0.02612,0.01805,-1.70166,-0.00326,-0.12121,-0.06118,-1.72239,-0.2518,-0.28474,-2.06097,0.01085,0.03413,0.02499
24.02,5.7555,1.01146,0.03222,-0.00508,0.01116,-0.01602,-2.1018,5.32796,0.04485,0.54443,-4.84264,0.31714,-0.05296,0.41641,-0.03817,-2.55548,-0.74442,0.13402,1.24768,-0.02327,-1.0238,-0.01199,0.02955,-1.70359,-0.00265,-0.13118,-0.06593,-1.75531,-0.3289,-0.30458,-2.14234,0.01802,0.01756,0.01563
24.04,6.02049,0.99996,0.09042,-0.00668,0.01169,-0.01575,-2.22798,5.49583,0.04953,0.62107,-5.36538,0.31998,-0.05769,0.41944,-0.01535,-2.53427,-0.7923,0.18764,1.40361,-0.03469,-0.98085,0.00241,0.03789,-1.7187,-0.00175,-0.14684,-0.07339,-1.77264,-0.42701,-0.31019,-2.23818,0.02664,-0.00598,0.00206
24.06,6.41368,0.95353,0.16085,-0.00843,0.01158,-0.01658,-2.31599,5.37557,0.05271,0.69915,-5.87756,0.31842,-0.06289,0.38933,0.00772,-2.45241,-0.80114,0.27541,1.56895,-0.05175,-0.9427,0.0162,0.04168,-1.75384,-0.00053,-0.16978,-0.08417,-1.77895,-0.54445,-0.29857,-2.35348,0.0364,-0.03584,-0.0157
24.08,6.95037,0.86408,0.24962,-0.01018,0.01134,-0.01915,-2.36676,4.9147,0.05338,0.77678,-6.35497,0.31362,-0.06849,0.32586,0.01946,-2.29927,-0.7672,0.40813,1.7447,-0.07574,-0.91394,0.02778,0.03972,-1.81558,0.00103,-0.20137,-0.09874,-1.7747,-0.67705,-0.26757,-2.4926,0.0467,-0.07215,-0.03756
24.1,7.62452,0.72684,0.38478,-0.01171,0.01165,-0.02419,-2.38749,4.04605,0.05013,0.85085,-6.75624,0.30663,-0.07424,0.23052,0.00833,-2.09419,-0.69079,0.60027,1.93536,-0.10707,-0.89936,0.03454,0.03078,-1.90856,0.00292,-0.2418,-0.11708,-1.75975,-0.8168,-0.21604,-2.65431,0.05651,-0.10881,-0.06192
24.12,8.42537,0.53734,0.6367,-0.01259,0.01305,-0.03242,-2.38767,2.72403,0.04108,0.91715,-7.03297,0.29848,-0.07977,0.10986,-0.0248,-1.86325,-0.58055,0.8628,2.14275,-0.14837,-0.90385,0.0333,0.014,-2.03644,0.00506,-0.29045,-0.13884,-1.73437,-0.95355,-0.14364,-2.83548,0.06427,-0.12977,-0.08464
24.14,9.3582,0.28844,1.14274,-0.012,0.01485,-0.04436,-2.37503,0.93512,0.02395,0.96882,-7.16245,0.29061,-0.08461,-0.0254,-0.05464,-1.59891,-0.45536,1.1967,2.35957,-0.19607,-0.9296,0.02132,-0.01067,-2.20288,0.00728,-0.34629,-0.16339,-1.70545,-1.07893,-0.05125,-3.03987,0.06777,-0.1322,-0.10415
24.16,10.42342,-0.02334,2.1311,-0.00875,0.01352,-0.06002,-2.35706,-1.31977,-0.00359,0.99773,-7.12879,0.28387,-0.08815,-0.16562,-0.01772,-1.2999,-0.34522,1.58149,2.56934,-0.24462,-0.9784,-0.00317,-0.04243,-2.40986,0.00933,-0.4077,-0.18977,-1.68229,-1.18771,0.0588,-3.27314,0.0641,-0.12332,-0.12104
24.18,11.60353,-0.39744,3.93138,-0.0012,0.00047,-0.07857,-2.34029,-4.05235,-0.04328,0.99676,-6.9093,0.27825,-0.08963,-0.30054,0.19828,-0.98739,-0.29446,1.94533,2.73866,-0.31203,-1.0537,-0.04065,-0.07929,-2.65629,0.0108,-0.47334,-0.21696,-1.67013,-1.27734,0.18169,-3.53811,0.04959,-0.10895,-0.13527
24.2,12.76254,-0.839,6.94094,0.01277,-0.03953,-0.0872,-2.34725,-7.15577,-0.09484,0.95224,-6.48592,0.27359,-0.08823,-0.41639,0.74771,-0.67606,-0.35929,2.27624,2.87622,-0.32905,-1.15241,-0.08984,-0.11712,-2.93041,0.01112,-0.53196,-0.24013,-1.68218,-1.34504,0.31024,-3.82831,0.01983,-0.07011,-0.14166
24.22,13.72013,-1.36982,11.53149,0.03586,-0.12685,-0.08569,-2.39934,-10.3254,-0.15494,0.85214,-5.84829,0.26961,-0.08326,-0.49659,1.77566,-0.38178,-0.59143,2.58766,3.00382,-0.17768,-1.26891,-0.14814,-0.15004,-3.21502,0.00957,-0.56721,-0.25251,-1.7353,-1.38754,0.43659,-4.1336,-0.03014,0.02282,-0.13245
24.24,14.38451,-2.01638,17.97256,0.07116,-0.2584,-0.08287,-2.49989,-13.4,-0.21813,0.70084,-5.02414,0.26645,-0.07467,-0.53616,3.35698,-0.15114,-1.00928,2.67708,3.02879,0.04072,-1.40444,-0.21176,-0.17451,-3.50464,0.00525,-0.58165,-0.25466,-1.82883,-1.40667,0.55272,-4.45267,-0.10563,0.13022,-0.11355
24.26,14.65709,-2.80527,26.26347,0.12255,-0.31197,-0.07933,-2.64511,-16.47291,-0.27633,0.50314,-4.06208,0.26436,-0.06298,-0.53807,5.41108,-0.00862,-1.57058,2.40317,2.8944,0.21176,-1.56133,-0.27613,-0.18938,-3.79687,-0.0029,-0.58163,-0.24864,-1.96173,-1.40479,0.65237,-4.78408,-0.21184,0.2128,-0.09242
24.28,14.49157,-3.74144,35.84013,0.18992,-0.35616,-0.07522,-2.81577,-20.16435,-0.31835,0.25937,-3.02931,0.26265,-0.04914,-0.5023,7.5274,0.05365,-2.16605,1.85412,2.63897,0.348,-1.74037,-0.33681,-0.19445,-4.08254,-0.01603,-0.5649,-0.23329,-2.14509,-1.38114,0.73194,-5.12029,-0.35342,0.27912,-0.06763
24.3,13.38712,-4.8887,45.731,0.28402,-0.38133,-0.06964,-3.1157,-22.40398,-0.33326,-0.02527,-2.05885,0.26072,-0.03521,-0.43676,9.2305,-0.00179,-2.594,1.04793,2.23942,0.36323,-1.91632,-0.38505,-0.18847,-4.34626,-0.03535,-0.53177,-0.21038,-2.35586,-1.34219,0.78872,-5.41522,-0.53176,0.29809,-0.04593
24.32,10.6622,-6.22686,54.35086,0.42821,-0.3791,-0.06223,-3.69038,-19.84651,-0.31489,-0.3355,-1.26633,0.25685,-0.02321,-0.34298,10.07757,-0.20954,-2.54984,0.18351,1.71178,0.23948,-2.05229,-0.41002,-0.17115,-4.56979,-0.06206,-0.48281,-0.1818,-2.5556,-1.29482,0.82042,-5.60508,-0.74455,0.25384,-0.03345
24.34,6.57458,-7.43417,59.31864,0.62304,-0.35033,-0.0551,-4.43416,-15.71195,-0.26115,-0.6428,-0.70615,0.24614,-0.01438,-0.20658,9.05184,-0.5196,-1.82323,-0.39773,1.1693,0.05674,-2.15696,-0.41085,-0.14748,-4.74907,-0.09741,-0.42346,-0.14808,-2.74918,-1.2383,0.8266,-5.68841,-0.98785,0.18798,-0.0246
24.36,1.76119,-8.22313,58.3918,0.85598,-0.29799,-0.04922,-5.22229,-12.75014,-0.17908,-0.9096,-0.41165,0.22474,-0.00939,-0.02256,5.56768,-0.88919,-0.3965,-0.59733,0.66654,-0.17655,-2.24688,-0.39156,-0.12227,-4.88774,-0.14256,-0.35911,-0.11015,-2.93645,-1.17459,0.8081,-5.67696,-1.25636,0.12214,-0.01581
24.38,-3.25196,-8.48106,49.86719,1.11096,-0.22447,-0.04444,-6.0507,-10.32304,-0.08532,-1.09528,-0.37036,0.19288,-0.00785,0.20215,-0.09412,-1.32426,1.61346,-0.445,0.20553,-0.47143,-2.31605,-0.35504,-0.09758,-4.98477,-0.19835,-0.29064,-0.06936,-3.08834,-1.11034,0.76562,-5.55278,-1.54723,0.05654,-0.00794
24.4,-8.4802,-7.94681,34.19838,1.43036,-0.13665,-0.04066,-6.88142,-8.91046,0.00846,-1.16767,-0.51308,0.15425,-0.00824,0.44951,-7.18986,-1.84974,3.95637,0.02297,-0.20311,-0.77258,-2.34916,-0.30124,-0.07468,-5.04515,-0.26435,-0.23108,-0.02954,-3.1644,-1.05788,0.70231,-5.29305,-1.81327,-0.00715,-0.0023
24.42,-13.51379,-6.28315,13.41064,1.87876,-0.05533,-0.03486,-7.67711,-8.63684,0.08984,-1.11813,-0.73838,0.11775,-0.00859,0.68491,-14.44653,-2.48961,6.21376,0.74005,-0.55307,-0.94151,-2.33225,-0.23001,-0.05409,-5.07388,-0.33893,-0.18895,0.00926,-3.11876,-1.03095,0.62125,-4.8751,-1.97997,-0.05452,0.00015
24.44,-16.1069,-4.14083,-9.85434,2.33853,0.00208,-0.02401,-8.40391,-8.81579,0.14236,-0.96774,-0.95717,0.09492,-0.00736,0.85982,-20.1341,-3.14425,7.66218,1.3685,-0.83749,-0.94563,-2.28264,-0.15406,-0.03635,-5.07034,-0.42113,-0.1554,0.04924,-2.95554,-1.03444,0.5221,-4.32914,-2.06149,-0.07791,0.00148
24.46,-15.65762,-2.34921,-30.5714,2.70381,0.03262,-0.00788,-9.05353,-8.92504,0.15737,-0.76009,-1.11499,0.09385,-0.00401,0.94506,-23.08176,-3.70274,7.86342,1.6596,-1.05051,-0.82782,-2.22077,-0.08511,-0.02112,-5.03641,-0.51024,-0.12693,0.08925,-2.67818,-1.07393,0.40715,-3.70029,-2.09009,-0.08539,0.00321
24.48,-12.88522,-1.05014,-44.71138,2.95855,0.01978,0.01673,-9.68187,-8.51966,0.13327,-0.54512,-1.18597,0.11706,0.00104,0.92091,-23.23814,-4.12157,7.0177,1.66128,-1.19612,-0.58587,-2.14978,-0.02426,-0.0073,-4.97454,-0.60469,-0.10624,0.12869,-2.27028,-1.16082,0.28298,-3.0088,-2.05727,-0.07957,0.00451
24.5,-9.19362,-0.47004,-50.41102,3.05819,-0.01339,0.04399,-10.06483,-7.91535,0.07126,-0.35998,-1.17818,0.16313,0.00679,0.83802,-21.1858,-4.34924,5.47245,1.40413,-1.27211,-0.3426,-2.06913,0.02253,0.00569,-4.88663,-0.69759,-0.09147,0.16787,-1.81265,-1.2924,0.15717,-2.34016,-1.95597,-0.06841,0.00612
24.52,-6.36778,-0.37594,-48.58398,2.94208,-0.03887,0.06498,-10.02687,-7.29759,-0.02,-0.22108,-1.11874,0.22887,0.01246,0.77899,-17.83069,-4.41914,3.70818,0.97901,-1.28726,-0.20871,-1.98009,0.05208,0.01794,-4.77298,-0.77898,-0.08007,0.20725,-1.35367,-1.45649,0.0406,-1.76807,-1.77977,-0.05968,0.00895
24.54,-4.34589,-0.34342,-42.20619,2.8244,-0.07178,0.08027,-9.77687,-6.24199,-0.1281,-0.12543,-1.03335,0.30877,0.01792,0.71352,-14.03594,-4.35208,2.21395,0.5834,-1.26699,-0.127,-1.89288,0.07288,0.02855,-4.63165,-0.84742,-0.0716,0.24603,-0.8474,-1.65477,-0.05676,-1.27535,-1.55856,-0.05084,0.01169
24.56,-2.80188,-0.28294,-33.81576,2.70287,-0.13125,0.09515,-9.40567,-4.77405,-0.2399,-0.05876,-0.94687,0.39518,0.02361,0.614,-10.36583,-4.14951,1.15797,0.30423,-1.22852,-0.06074,-1.81343,0.09158,0.03664,-4.46157,-0.90391,-0.06527,0.28201,-0.30247,-1.89136,-0.13102,-0.85224,-1.31721,-0.04076,0.0133
24.58,-1.79281,-0.22443,-25.28809,2.58989,-0.20284,0.10728,-8.85289,-3.27801,-0.34177,-0.00404,-0.88337,0.47865,0.02995,0.50289,-7.11879,-3.8403,0.47973,0.12423,-1.17368,-0.02085,-1.74022,0.10947,0.04235,-4.26204,-0.94573,-0.05998,0.3121,0.24288,-2.16258,-0.18276,-0.51226,-1.05431,-0.03119,0.01364
24.6,-1.22214,-0.19176,-17.84367,2.4806,-0.27637,0.11536,-8.1998,-1.97715,-0.42266,0.05485,-0.86354,0.54985,0.03727,0.38737,-4.43813,-3.45634,0.08326,0.02268,-1.11401,-0.00196,-1.66146,0.12704,0.04511,-4.03691,-0.96771,-0.05616,0.3379,0.7656,-2.4387,-0.2138,-0.27451,-0.81548,-0.02359,0.01224
24.62,-0.95534,-0.20793,-12.01646,2.36834,-0.3434,0.06622,-7.53968,-0.9575,-0.47651,0.13004,-0.90388,0.60125,0.0455,0.27489,-2.3699,-3.03572,-0.12732,-0.02382,-1.06235,0.00392,-1.56023,0.14435,0.04543,-3.78982,-0.96419,-0.05462,0.36252,1.2449,-2.67964,-0.22665,-0.13301,-0.62279,-0.01871,0.0088
24.64,-0.91673,-0.28617,-7.79653,2.30058,-0.21689,0.02295,-6.86694,-0.20539,-0.50125,0.23065,-1.01286,0.62176,0.05295,0.17671,-0.8977,-2.6182,-0.22059,-0.03343,-1.01431,0.00419,-1.44191,0.16211,0.04629,-3.52111,-0.93822,-0.05502,0.37641,1.66309,-2.90362,-0.22703,-0.05141,-0.44292,-0.0158,0.00185
24.66,-0.96805,-0.42403,-4.91155,2.1894,-0.0925,-0.00614,-6.1911,0.30466,-0.49889,0.36227,-1.18885,0.60533,0.05771,0.09653,0.06376,-2.22882,-0.24402,-0.02156,-0.96621,0.0029,-1.31248,0.18189,0.04977,-3.23104,-0.89399,-0.057,0.37168,2.00603,-3.14444,-0.2213,-0.00913,-0.26802,-0.01468,-0.0092
24.68,-1.07527,-0.60447,-3.00769,2.01376,0.00668,-0.02516,-5.54617,0.60161,-0.47504,0.52002,-1.41962,0.55809,0.05916,0.03447,0.63162,-1.87934,-0.23465,-0.00166,-0.92238,0.00106,-1.16496,0.20587,0.0562,-2.91989,-0.83152,-0.0606,0.35094,2.26163,-3.40807,-0.21483,0.00486,-0.11027,-0.01577,-0.02618
24.7,-1.23931,-0.79497,-1.75913,1.84758,0.06981,-0.0368,-4.9311,0.74233,-0.44008,0.69012,-1.67772,0.4858,0.05642,-0.0108,0.91498,-1.57555,-0.21319,0.01873,-0.88091,-0.00057,-1.01046,0.23078,0.06539,-2.61292,-0.75808,-0.06494,0.30956,2.42326,-3.65727,-0.21439,0.00441,0.02428,-0.0184,-0.04404
24.72,-1.46114,-0.95649,-0.91698,1.69813,0.09705,-0.04292,-4.33623,0.80992,-0.40397,0.85214,-1.92702,0.39759,0.04959,-0.04262,1.00529,-1.31743,-0.18972,0.0361,-0.83802,-0.00166,-0.85996,0.25182,0.07676,-2.33336,-0.68049,-0.06878,0.24752,2.48766,-3.82964,-0.22755,0.00273,0.13487,-0.02119,-0.0437
24.74,-1.70033,-1.05938,-0.31603,1.56008,0.09569,-0.04523,-3.76615,0.83309,-0.36703,0.98348,-2.14266,0.30941,0.04083,-0.06414,0.98069,-1.10121,-0.16707,0.04925,-0.79464,-0.00214,-0.70769,0.2741,0.08939,-2.06726,-0.5976,-0.07182,0.17711,2.44665,-3.94491,-0.26013,0.00173,0.22086,-0.02392,-0.0268
24.76,-1.92287,-1.0881,0.13248,1.42727,0.07531,-0.04529,-3.21893,0.81329,-0.32868,1.07006,-2.31033,0.23044,0.03175,-0.07738,0.90197,-0.92076,-0.14556,0.05821,-0.75075,-0.00209,-0.5526,0.30229,0.10241,-1.80328,-0.50932,-0.07391,0.10554,2.30506,-4.02881,-0.31494,-0.00293,0.2799,-0.02671,-0.00634
24.78,-2.11871,-1.04113,0.467,1.29775,0.04469,-0.04386,-2.68927,0.78265,-0.29179,1.10816,-2.41957,0.16294,0.02299,-0.08442,0.80471,-0.76836,-0.12576,0.06439,-0.70461,-0.00162,-0.39941,0.3347,0.1149,-1.54488,-0.41832,-0.0746,0.03528,2.08792,-4.0488,-0.39097,-0.02014,0.31453,-0.02904,0.01928
24.8,-2.28409,-0.92475,0.6991,1.1754,0.01041,-0.04158,-2.19473,0.73347,-0.25713,1.10066,-2.46923,0.10781,0.01509,-0.08691,0.71463,-0.64158,-0.10843,0.06937,-0.65824,-0.00087,-0.26532,0.36598,0.12544,-1.31317,-0.32952,-0.07359,-0.03027,1.81606,-4.0201,-0.47465,-0.05575,0.32771,-0.03005,0.04505
24.82,-2.41915,-0.75325,0.83521,1.06489,-0.02283,-0.03905,-1.75225,0.6521,-0.225,1.05589,-2.46267,0.06469,0.00841,-0.08618,0.64624,-0.53856,-0.09414,0.07446,-0.61416,6e-05,-0.16487,0.39019,0.13262,-1.1226,-0.24618,-0.07067,-0.08502,1.51446,-3.96638,-0.54254,-0.09433,0.3229,-0.02872,0.06521
24.84,-2.50728,-0.55056,0.89306,0.96101,-0.05227,-0.03658,-1.35755,0.56974,-0.1962,0.98631,-2.40203,0.03243,0.00308,-0.0836,0.598,-0.4521,-0.08199,0.08113,-0.57091,0.00109,-0.08458,0.40759,0.13552,-0.95604,-0.16721,-0.06593,-0.12542,1.22133,-3.86049,-0.58467,-0.13744,0.30647,-0.02567,0.08015
24.86,-2.53616,-0.3353,0.89462,0.85882,-0.07699,-0.03435,-1.0063,0.50257,-0.17092,0.90212,-2.28988,0.00948,-0.00095,-0.08012,0.56707,-0.37741,-0.07095,0.09007,-0.52725,0.00215,-0.01395,0.41831,0.13326,-0.80278,-0.09237,-0.05957,-0.15233,0.95841,-3.68435,-0.59774,-0.20008,0.28326,-0.02173,0.08954
24.88,-2.5121,-0.12029,0.86096,0.7584,-0.09672,-0.03245,-0.6966,0.44426,-0.14926,0.80955,-2.12954,-0.00588,-0.00384,-0.07628,0.55339,-0.3136,-0.06046,0.10049,-0.48353,0.00316,0.04331,0.41886,0.12498,-0.6646,-0.02249,-0.0517,-0.1663,0.72929,-3.44229,-0.57584,-0.27689,0.2558,-0.01664,0.09381
24.9,-2.42671,0.08116,0.81362,0.6622,-0.11165,-0.03075,-0.42354,0.39566,-0.13199,0.71276,-1.92612,-0.01526,-0.00582,-0.07271,0.55287,-0.26042,-0.05015,0.11247,-0.44148,0.00405,0.09181,0.40382,0.1096,-0.541,0.04193,-0.0429,-0.16937,0.53603,-3.16015,-0.52821,-0.35613,0.22598,-0.01202,0.08701
24.92,-2.27567,0.25894,0.76855,0.57234,-0.12215,-0.02902,-0.18055,0.35686,-0.11995,0.61447,-1.68423,-0.02008,-0.0071,-0.06983,0.56042,-0.21825,-0.03953,0.12627,-0.40258,0.00474,0.13654,0.36948,0.08679,-0.4283,0.1009,-0.03373,-0.16416,0.37656,-2.86568,-0.46827,-0.41911,0.19502,-0.00875,0.06755
24.94,-2.07613,0.40619,0.73692,0.48673,-0.12839,-0.02719,0.0403,0.32197,-0.11336,0.51676,-1.4056,-0.02158,-0.00786,-0.06741,0.57328,-0.18696,-0.0279,0.13837,-0.36577,0.00517,0.17388,0.31677,0.05736,-0.31874,0.15422,-0.02429,-0.15251,0.24366,-2.55798,-0.40115,-0.45983,0.1635,-0.0055,0.04414
24.96,-1.83621,0.51891,0.72429,0.40399,-0.13075,-0.02521,0.24647,0.28714,-0.11219,0.42034,-1.09161,-0.02077,-0.00826,-0.06519,0.58808,-0.16566,-0.01497,0.14557,-0.33011,0.00535,0.20167,0.24623,0.02267,-0.20504,0.2011,-0.0149,-0.13649,0.131,-2.24033,-0.33219,-0.47253,0.13189,-0.00197,0.02069
24.98,-1.55194,0.59567,0.72965,0.32471,-0.12969,-0.02302,0.4437,0.25062,-0.11617,0.32501,-0.74605,-0.01842,-0.00841,-0.06312,0.60044,-0.15294,-0.00107,0.14768,-0.29583,0.00526,0.22081,0.15769,-0.01508,-0.08196,0.24071,-0.00613,-0.11842,0.03306,-1.93084,-0.26668,-0.43841,0.10087,0.00134,-0.00314
25,-1.21526,0.63805,0.75223,0.24931,-0.12612,-0.02067,0.63592,0.20947,-0.1247,0.23071,-0.3771,-0.01512,-0.00833,-0.06122,0.60704,-0.14669,0.013,0.14427,-0.26359,0.00498,0.23091,0.05245,-0.05204,0.05478,0.27199,0.00132,-0.10123,-0.05559,-1.66083,-0.20985,-0.3771,0.07106,0.00427,-0.02618
25.02,-0.82449,0.64844,0.78893,0.17856,-0.12093,-0.01824,0.82574,0.16199,-0.13695,0.13823,0.00707,-0.01127,-0.008,-0.05947,0.60541,-0.1445,0.02722,0.1355,-0.23392,0.00463,0.23162,-0.06139,-0.08201,0.21154,0.29337,0.00677,-0.08783,-0.13653,-1.454,-0.16347,-0.30158,0.04371,0.00713,-0.04308
25.04,-0.38488,0.62623,0.83088,0.11303,-0.11421,-0.01576,1.01306,0.10808,-0.15183,0.04877,0.4011,-0.00717,-0.00741,-0.05758,0.59396,-0.14423,0.04106,0.1229,-0.20618,0.00417,0.22221,-0.17125,-0.10076,0.39515,0.30185,0.00939,-0.08035,-0.21156,-1.30185,-0.12477,-0.19121,0.0206,0.00985,-0.05231
25.06,0.1015,0.57164,0.86962,0.0528,-0.10617,-0.01324,1.19626,0.04813,-0.16821,-0.037,0.80055,-0.00303,-0.00657,-0.05527,0.5726,-0.14406,0.05305,0.10797,-0.17957,0.00359,0.2026,-0.26544,-0.10709,0.61039,0.29404,0.00821,-0.08114,-0.28473,-1.19233,-0.09292,-0.04941,0.00332,0.012,-0.05666
25.08,0.63132,0.48774,0.89902,-0.00198,-0.0974,-0.01071,1.3728,-0.01681,-0.18498,-0.11815,1.20053,0.00094,-0.00545,-0.05244,0.54261,-0.14249,0.06216,0.09233,-0.15361,0.00296,0.17364,-0.32992,-0.10068,0.86053,0.26704,0.00226,-0.0929,-0.35901,-1.11836,-0.06924,0.09946,-0.00633,0.01358,-0.05632
25.1,1.18215,0.3835,0.91717,-0.05072,-0.08886,-0.00834,1.54017,-0.08368,-0.2004,-0.19252,1.59581,0.00452,-0.00405,-0.04899,0.50706,-0.13852,0.06859,0.07703,-0.12782,0.00237,0.13258,-0.34401,-0.08339,1.1538,0.21762,-0.00942,-0.11833,-0.42995,-1.06504,-0.05534,0.23948,-0.00611,0.01459,-0.05234
25.12,1.70376,0.26796,0.92413,-0.09195,-0.08137,-0.00629,1.69554,-0.14428,-0.21242,-0.25702,1.98237,0.00734,-0.00239,-0.0449,0.46926,-0.13153,0.07348,0.06322,-0.10173,0.00188,0.07923,-0.28475,-0.0589,1.50366,0.14305,-0.02783,-0.16037,-0.48627,-1.01554,-0.05182,0.38398,0.00613,0.01502,-0.04579
25.14,2.16564,0.14525,0.91605,-0.12479,-0.07516,-0.00432,1.83074,-0.19434,-0.2199,-0.3094,2.35447,0.00887,-0.00053,-0.04023,0.43054,-0.12134,0.07561,0.05274,-0.07489,0.00151,0.01603,-0.14548,-0.03255,1.90841,0.04128,-0.05354,-0.22038,-0.53035,-0.95618,-0.05689,0.51979,0.03126,0.01481,-0.03783
25.16,2.55629,0.02446,0.891,-0.14931,-0.07024,-0.00227,1.93884,-0.23467,-0.22209,-0.34868,2.70901,0.00832,0.00145,-0.03511,0.39197,-0.10821,0.07397,0.04623,-0.04707,0.00125,-0.05918,0.07005,-0.01049,2.35784,-0.08775,-0.08624,-0.29829,-0.56944,-0.87999,-0.06729,0.61773,0.0687,0.01398,-0.0295
25.18,2.85364,-0.08098,0.85138,-0.16572,-0.06654,-0.00012,2.01834,-0.26433,-0.21822,-0.37426,3.04842,0.00461,0.00345,-0.02979,0.3553,-0.09285,0.07013,0.04315,-0.01852,0.00111,-0.15836,0.36114,0.00153,2.84409,-0.24191,-0.12607,-0.39556,-0.60065,-0.78782,-0.07947,0.68242,0.11537,0.01274,-0.02074
25.2,3.03496,-0.15876,0.80081,-0.1743,-0.06387,0.00213,2.06848,-0.28393,-0.20814,-0.38592,3.37676,-0.00363,0.00528,-0.02452,0.32274,-0.07675,0.06441,0.0429,0.00986,0.00105,-0.28577,0.72279,-0.00087,3.37629,-0.41248,-0.16715,-0.49972,-0.62229,-0.68186,-0.08846,0.71082,0.16752,0.01097,-0.01405
25.22,3.08188,-0.20156,0.74375,-0.17536,-0.06202,0.00445,2.08869,-0.29481,-0.19196,-0.38371,3.69792,-0.01795,0.00676,-0.01962,0.29593,-0.06131,0.057,0.04473,0.0373,0.00102,-0.4279,1.14273,-0.01936,3.96737,-0.58149,-0.19734,-0.5876,-0.6322,-0.56655,-0.08944,0.70165,0.2228,0.00866,-0.01015
25.24,3.00155,-0.20664,0.68315,-0.16963,-0.06027,0.00685,2.07688,-0.2989,-0.16959,-0.36809,4.01173,-0.04003,0.00769,-0.01542,0.27439,-0.04688,0.04978,0.04746,0.06329,0.001,-0.60618,1.61065,-0.05339,4.58178,-0.73567,-0.21564,-0.65322,-0.6294,-0.45148,-0.08267,0.67097,0.27567,0.00632,-0.00618
25.26,2.80868,-0.17536,0.62116,-0.15782,-0.05786,0.00932,2.03104,-0.29922,-0.141,-0.33979,4.31679,-0.0715,0.00791,-0.01199,0.25664,-0.03333,0.04368,0.04997,0.0876,0.00096,-0.87277,2.11272,-0.09959,5.17059,-0.86604,-0.22622,-0.69954,-0.61465,-0.34361,-0.07078,0.63027,0.32059,0.00419,-0.00156
25.28,2.51241,-0.11517,0.56032,-0.14033,-0.05434,0.01179,1.95074,-0.29871,-0.10636,-0.29978,4.61156,-0.11368,0.00729,-0.00909,0.24039,-0.02008,0.03808,0.05129,0.1108,0.00087,-1.29069,2.62199,-0.15049,5.69239,-0.96315,-0.22914,-0.7362,-0.58567,-0.24568,-0.05533,0.58701,0.35674,0.00219,0.0032
25.3,2.15518,-0.03529,0.50276,-0.11813,-0.04966,0.01403,1.83412,-0.30341,-0.06619,-0.24967,4.89397,-0.1672,0.00574,-0.00643,0.22068,-0.00588,0.03308,0.05063,0.13374,0.00074,-1.75265,3.14619,-0.2022,6.13328,-0.99022,-0.21677,-0.70006,-0.54473,-0.16341,-0.03963,0.54232,0.38359,0.00029,0.00805
25.32,1.77638,0.05419,0.44986,-0.09206,-0.04416,0.01575,1.68096,-0.31994,-0.02121,-0.19143,5.15873,-0.2318,0.00325,-0.00368,0.19239,0.01056,0.02898,0.0474,0.15731,0.00056,-2.04374,3.7103,-0.25265,6.47546,-0.90509,-0.17969,-0.50698,-0.49249,-0.09993,-0.02656,0.49773,0.40127,-0.00149,0.01279
25.34,1.37845,0.14303,0.40168,-0.06229,-0.03779,0.01689,1.49546,-0.3493,0.02763,-0.12764,5.39084,-0.30537,-0.0001,-0.00052,0.1533,0.03022,0.02491,0.04102,0.18246,0.00034,-2.27495,4.25887,-0.28096,6.59349,-0.74567,-0.13328,-0.26554,-0.4227,-0.05267,-0.01595,0.46496,0.41184,-0.00317,0.01761
25.36,0.96905,0.22311,0.35793,-0.0293,-0.03071,0.01739,1.28642,-0.39041,0.07864,-0.06168,5.57357,-0.38378,-0.004,0.00318,0.10278,0.05374,0.0205,0.03151,0.20979,0.00011,-2.55775,4.72185,-0.26072,6.41546,-0.55087,-0.09092,-0.07385,-0.33033,-0.01997,-0.00744,0.45123,0.41723,-0.00477,0.02277
25.38,0.56524,0.28896,0.31863,0.00582,-0.02377,0.01723,1.06927,-0.44248,0.12887,0.00172,5.69187,-0.4619,-0.00799,0.00737,0.04229,0.08081,0.01651,0.01969,0.23902,-0.00013,-2.77305,5.07529,-0.17547,5.97637,-0.33245,-0.05066,0.07443,-0.21392,-0.00217,-0.00131,0.4556,0.41908,-0.00632,0.0279
25.4,0.18137,0.3388,0.28464,0.04159,-0.01734,0.01649,0.86324,-0.49511,0.17379,0.05653,5.73184,-0.52737,-0.01137,0.01173,-0.02346,0.11064,0.0122,0.00654,0.26991,-0.00032,-2.89123,5.27507,-0.01267,5.23454,-0.14074,-0.02402,0.09474,-0.07661,-0.00059,0.00142,0.47776,0.41872,-0.00769,0.03382
25.42,-0.17678,0.37366,0.25661,0.07652,-0.01167,0.01534,0.69163,-0.53254,0.20795,0.09844,5.68082,-0.56437,-0.01341,0.01573,-0.08737,0.14238,0.0073,-0.00632,0.30201,-0.00042,-2.88919,5.28531,0.2144,4.21775,0.0168,-0.01003,0.00869,0.08185,-0.01156,0.00098,0.51738,0.41714,-0.00853,0.04209
25.44,-0.50983,0.39444,0.23287,0.1095,-0.00728,0.01403,0.57712,-0.54993,0.22623,0.1238,5.51758,-0.57249,-0.01372,0.01907,-0.14253,0.17423,0.00345,-0.0174,0.33336,-0.00039,-2.71525,5.10322,0.4732,3.07308,0.15313,0.00405,-0.07102,0.26223,-0.03098,-0.00098,0.57315,0.41557,-0.00889,0.05146
25.46,-0.81745,0.39932,0.21016,0.13997,-0.00424,0.01276,0.53008,-0.54454,0.22564,0.13099,5.23069,-0.55648,-0.01232,0.02171,-0.18428,0.20453,0.00123,-0.02632,0.362,-0.0003,-2.37314,4.74456,0.73494,1.87617,0.24607,0.01942,-0.13322,0.45877,-0.05909,-0.00389,0.64381,0.41458,-0.00898,0.06035
25.48,-1.1022,0.38199,0.18508,0.16802,-0.00229,0.01168,0.54768,-0.50991,0.20621,0.12303,4.83094,-0.51712,-0.0095,0.02356,-0.21016,0.23244,0.00014,-0.03296,0.38691,-0.00016,-1.90036,4.24067,0.97157,0.65334,0.28742,0.02581,-0.21492,0.66283,-0.09521,-0.00777,0.72729,0.41351,-0.00879,0.06908
25.5,-1.3722,0.33081,0.15636,0.19427,-0.00111,0.01091,0.61912,-0.44601,0.17001,0.10491,4.32421,-0.46612,-0.00599,0.02479,-0.21903,0.25671,-9e-05,-0.03735,0.40732,-1e-05,-1.40814,3.60782,1.13559,-0.54573,0.27119,0.03957,-0.19863,0.87091,-0.13047,-0.01019,0.82203,0.41156,-0.00813,0.0774
25.52,-1.63873,0.23366,0.12528,0.21954,-0.00042,0.01051,0.72935,-0.35487,0.12151,0.08305,3.72669,-0.41581,-0.00253,0.02561,-0.21143,0.27598,0.00021,-0.03956,0.42267,9e-05,-0.98258,2.87979,1.17196,-1.62687,0.20156,0.11388,0.18548,1.08501,-0.14945,-0.00522,0.92626,0.40756,-0.00672,0.08493
25.54,-1.90358,0.08561,0.09236,0.24406,-0.00011,0.0105,0.86312,-0.23888,0.06647,0.06391,3.07706,-0.36781,0.0003,0.02612,-0.19037,0.28971,0.00068,-0.03982,0.43168,0.00015,-0.61293,2.13608,1.09208,-2.51386,0.10628,0.21535,0.75239,1.2925,-0.14995,0.00927,1.03383,0.39942,-0.0048,0.09202
25.56,-2.16416,-0.10734,0.06026,0.26762,-0.00038,0.01082,1.01006,-0.10392,0.00896,0.0508,2.39741,-0.32453,0.00204,0.02643,-0.15901,0.29773,0.00105,-0.03835,0.43368,0.00017,-0.30143,1.43916,0.93671,-3.17932,0.00816,0.29,1.23099,1.47574,-0.13521,0.03251,1.13744,0.38519,-0.00271,0.09882
25.58,-2.41896,-0.32388,0.03463,0.28974,-0.00179,0.01125,1.16628,0.03897,-0.04827,0.04363,1.69257,-0.29032,0.00243,0.0267,-0.11998,0.30009,0.00103,-0.03525,0.42961,0.00014,-0.06653,0.81451,0.73447,-3.59145,-0.07554,0.35425,1.68929,1.62469,-0.10296,0.06513,1.23043,0.36355,-0.00048,0.10525
25.6,-2.67517,-0.53132,0.01626,0.30967,-0.00535,0.01154,1.32961,0.1756,-0.10295,0.03989,0.97022,-0.26571,0.00145,0.02707,-0.07657,0.29707,0.00065,-0.03064,0.42005,9e-05,0.09284,0.2616,0.51351,-3.77043,-0.12601,0.36596,1.88162,1.75457,-0.03532,0.11653,1.30276,0.33275,0.00189,0.11157
25.62,-2.94019,-0.69898,0.00379,0.32639,-0.01223,0.01144,1.49807,0.30023,-0.15372,0.03566,0.24579,-0.24958,-0.00072,0.02765,-0.03207,0.28926,0.00018,-0.02461,0.4059,5e-05,0.19821,-0.207,0.30544,-3.75615,-0.12541,0.29864,1.61468,1.89574,0.08932,0.20056,1.34354,0.29161,0.0045,0.11813
25.64,-3.19096,-0.79882,-0.00118,0.33813,-0.02312,0.01076,1.67219,0.40266,-0.19827,0.02727,-0.45573,-0.24105,-0.00373,0.0285,0.01098,0.27766,-0.0005,-0.01725,0.38935,0,0.25974,-0.58919,0.15203,-3.53437,-0.07257,0.22525,1.22901,2.03215,0.25728,0.31023,1.34024,0.23993,0.00707,0.12464
25.66,-3.4029,-0.81376,0.00029,0.3437,-0.03838,0.00944,1.84912,0.47076,-0.23331,0.01256,-1.09554,-0.23888,-0.00708,0.0296,0.05107,0.26316,-0.00142,-0.00876,0.37205,-3e-05,0.27149,-0.91718,0.0701,-3.10614,0.02474,0.17908,0.90051,2.14311,0.45126,0.43277,1.28452,0.17783,0.00936,0.13092
25.68,-3.56879,-0.74612,0.00394,0.34315,-0.05814,0.00755,2.01706,0.50679,-0.25562,-0.00862,-1.61713,-0.24179,-0.01013,0.03087,0.08757,0.24649,-0.00224,0.00041,0.3548,-5e-05,0.23898,-1.22331,0.042,-2.5144,0.15248,0.14657,0.59387,2.23958,0.67202,0.5657,1.17638,0.1061,0.01149,0.13746
25.7,-3.68227,-0.61032,0.00572,0.33753,-0.08195,0.00521,2.16303,0.51267,-0.26083,-0.03434,-1.93243,-0.249,-0.01198,0.03217,0.12041,0.22862,-0.00278,0.00946,0.33846,-2e-05,0.16947,-1.47052,0.01186,-1.83751,0.29752,0.13019,0.31752,2.33039,0.92458,0.7094,1.00771,0.02625,0.01296,0.14405
25.72,-3.73842,-0.42799,0.00236,0.32843,-0.10887,0.00255,2.27386,0.49178,-0.24491,-0.0609,-1.94565,-0.25998,-0.0117,0.03324,0.14954,0.2107,-0.00297,0.01763,0.32412,4e-05,0.0823,-1.56196,-0.01679,-1.15554,0.47179,0.13168,0.08155,2.42193,1.21258,0.86406,0.78194,-0.05788,0.01334,0.15032
25.74,-3.7261,-0.21742,-0.00851,0.31684,-0.13804,-0.00023,2.33288,0.45681,-0.20704,-0.0844,-1.63168,-0.27359,-0.00898,0.0337,0.17415,0.194,-0.00283,0.02391,0.31326,0.00013,0.0055,-1.53317,-0.01194,-0.52215,0.66111,0.13977,-0.10906,2.50086,1.52005,1.01441,0.52342,-0.14213,0.01321,0.15715
25.76,-3.63826,0.0034,-0.02882,0.30355,-0.16851,-0.00294,2.33355,0.41741,-0.14981,-0.10151,-1.02333,-0.28848,-0.00391,0.03301,0.19238,0.1799,-0.00263,0.02734,0.3078,0.00024,-0.04035,-1.45832,-0.00126,0.01684,0.83095,0.14759,-0.25695,2.55128,1.82909,1.14667,0.24962,-0.22422,0.01293,0.16505
25.78,-3.48023,0.21172,-0.05994,0.28962,-0.19885,-0.00544,2.28565,0.37741,-0.07952,-0.10891,-0.20271,-0.30333,0.00294,0.0305,0.2017,0.17008,-0.00285,0.02751,0.31017,0.00037,-0.04552,-1.33579,0.00769,0.43593,0.97764,0.15529,-0.36798,2.57565,2.13186,1.26285,-0.02881,-0.30186,0.01249,0.17332
25.8,-3.2537,0.39567,-0.103,0.27557,-0.22832,-0.00759,2.20808,0.34029,-0.00671,-0.10416,0.68472,-0.31527,0.0105,0.02543,0.19867,0.16633,-0.00422,0.02433,0.32334,0.00051,-0.00612,-1.18554,0.01441,0.73339,1.0864,0.16007,-0.44295,2.55478,2.4283,1.35293,-0.297,-0.37052,0.0117,0.18204
25.82,-2.96542,0.54557,-0.15906,0.2615,-0.25633,-0.00927,2.12657,0.30812,0.05724,-0.08518,1.50506,-0.32109,0.01778,0.0168,0.1802,0.17061,-0.0077,0.01804,0.35087,0.00066,0.07856,-1.02998,0.02416,0.91949,1.14117,0.1598,-0.47976,2.47544,2.72263,1.40602,-0.52766,-0.42423,0.01045,0.19134
25.84,-2.63009,0.64213,-0.22762,0.24678,-0.28091,-0.01029,2.06847,0.28106,0.10264,-0.04948,2.1265,-0.32046,0.02346,0.00313,0.146,0.18559,-0.0141,0.00914,0.39699,0.0008,0.18979,-0.87868,0.04235,1.01695,1.15162,0.15651,-0.48541,2.36561,2.99522,1.4345,-0.70748,-0.46175,0.00913,0.19943
25.86,-2.25784,0.67464,-0.30583,0.2297,-0.30009,-0.01054,2.05665,0.25877,0.1232,0.00398,2.43662,-0.31394,0.02628,-0.01734,0.09796,0.21404,-0.02384,-0.00179,0.46601,0.00088,0.3038,-0.73878,0.06454,1.05034,1.12672,0.15206,-0.46833,2.24116,3.22659,1.44643,-0.84231,-0.48413,0.00797,0.20473
25.88,-1.85696,0.64848,-0.38833,0.20768,-0.31261,-0.00997,2.10953,0.24053,0.11737,0.07409,2.40252,-0.30177,0.02591,-0.04668,0.03906,0.25826,-0.03698,-0.01411,0.56162,0.00087,0.41012,-0.60761,0.10154,1.03996,1.07102,0.14785,-0.43092,2.0928,3.4198,1.43447,-0.93364,-0.49095,0.0069,0.2068
25.9,-1.42823,0.58365,-0.46589,0.177,-0.31757,-0.00874,2.24022,0.22461,0.08738,0.15737,2.02728,-0.28602,0.02232,-0.0869,-0.02687,0.32191,-0.05212,-0.02696,0.68711,0.00069,0.50075,-0.49002,0.1465,1.00241,0.98458,0.14456,-0.37746,1.91686,3.55582,1.38727,-0.98016,-0.48359,0.00584,0.20422
25.92,-0.97799,0.50543,-0.52655,0.13428,-0.31443,-0.0071,2.45753,0.2093,0.03807,0.24751,1.36039,-0.26924,0.01604,-0.13895,-0.0973,0.41039,-0.06622,-0.03917,0.84313,0.00024,0.57228,-0.39259,0.18762,0.94992,0.87046,0.14272,-0.31123,1.70859,3.61477,1.29484,-0.97901,-0.46392,0.00475,0.19567
25.94,-0.52328,0.43357,-0.56054,0.0783,-0.30265,-0.00525,2.77124,0.19345,-0.02487,0.33783,0.49637,-0.25276,0.00817,-0.20321,-0.17071,0.52842,-0.07725,-0.05009,1.02769,-0.00055,0.62964,-0.30591,0.23004,0.89179,0.74424,0.14535,-0.23601,1.45155,3.61975,1.15224,-0.93776,-0.43351,0.00362,0.1809
25.96,-0.06864,0.38176,-0.56207,0.00897,-0.28263,-0.00343,3.18834,0.17585,-0.09598,0.4221,-0.47034,-0.23778,-0.00023,-0.27871,-0.24545,0.68152,-0.08301,-0.05955,1.23258,-0.0018,0.6772,-0.22306,0.27519,0.83382,0.6171,0.15384,-0.15546,1.13705,3.5878,0.95967,-0.86759,-0.39437,0.00242,0.15953
25.98,0.38919,0.35352,-0.53002,-0.07226,-0.25644,-0.00186,3.70646,0.15528,-0.16934,0.49374,-1.44021,-0.22567,-0.00819,-0.36131,-0.32034,0.87725,-0.07953,-0.06693,1.43485,-0.00362,0.7153,-0.14817,0.32038,0.77868,0.4932,0.16542,-0.07339,0.76996,3.51157,0.72415,-0.77177,-0.34868,0.00109,0.13107
26,0.85028,0.34202,-0.47232,-0.16246,-0.22662,-0.00069,4.32114,0.12936,-0.23833,0.54253,-2.28705,-0.21713,-0.01464,-0.4411,-0.38846,1.12284,-0.0632,-0.07193,1.62322,-0.00599,0.75037,-0.08029,0.3427,0.72642,0.3748,0.18028,0.00205,0.35899,3.40426,0.45312,-0.65379,-0.30129,-0.00041,0.09445
26.02,1.31299,0.33379,-0.3993,-0.25976,-0.1963,-2e-05,5.02712,0.09617,-0.29606,0.55666,-2.86694,-0.21255,-0.01842,-0.50404,-0.43712,1.42305,-0.02818,-0.07399,1.79238,-0.00846,0.78749,-0.01624,0.32897,0.67637,0.26641,0.19995,0.07215,-0.0638,3.28153,0.16974,-0.51658,-0.25652,-0.0021,0.05017
26.04,1.78052,0.31243,-0.31761,-0.36262,-0.16889,0.00012,5.81797,0.05543,-0.33604,0.53206,-3.10509,-0.21194,-0.01922,-0.54285,-0.4552,1.78286,0.03475,-0.07055,1.89183,-0.0105,0.81599,0.03782,0.30631,0.62967,0.17531,0.21849,0.13813,-0.45888,3.12938,-0.09445,-0.36807,-0.21485,-0.00394,0.0003
26.06,2.26318,0.26647,-0.23469,-0.47039,-0.14608,-0.00018,6.6997,0.00569,-0.35402,0.46747,-2.99083,-0.21463,-0.01736,-0.55576,-0.42394,2.20411,0.13574,-0.05769,1.88562,-0.01143,0.82815,0.07831,0.29095,0.58724,0.10352,0.23088,0.19377,-0.80399,2.94153,-0.32651,-0.21733,-0.17681,-0.00586,-0.05344
26.08,2.77396,0.19277,-0.15798,-0.58475,-0.12769,-0.00079,7.69079,-0.05533,-0.34921,0.35991,-2.53995,-0.21946,-0.01327,-0.54233,-0.3129,2.67456,0.28471,-0.03019,1.79389,-0.00918,0.82702,0.10904,0.28045,0.54929,0.04915,0.23871,0.2393,-1.08116,2.73098,-0.52232,-0.06698,-0.14354,-0.00794,-0.10967
26.1,3.30519,0.09506,-0.0935,-0.7063,-0.11318,-0.00149,8.81744,-0.12895,-0.32468,0.20906,-1.83456,-0.2237,-0.0078,-0.51215,-0.08827,3.20318,0.4909,0.02001,1.61669,-0.00127,0.80831,0.12149,0.27423,0.51743,0.0099,0.24083,0.2738,-1.27404,2.50135,-0.68013,0.07141,-0.1153,-0.00958,-0.16268
26.12,3.83133,-0.02129,-0.04362,-0.83399,-0.10131,-0.00206,10.09561,-0.2149,-0.28598,0.0173,-0.96857,-0.22429,-0.0017,-0.47585,0.28255,3.81021,0.75465,0.10006,1.36827,0.01187,0.77057,0.11213,0.2721,0.49344,-0.01698,0.23646,0.29596,-1.36933,2.26109,-0.80066,0.18716,-0.092,-0.00957,-0.20109
26.14,4.37187,-0.15154,-0.00678,-0.96896,-0.08998,-0.00223,11.52711,-0.31113,-0.23867,-0.21055,-0.01338,-0.22094,0.00464,-0.44032,0.8176,4.45614,1.06307,0.21578,1.11536,0.03652,0.72505,0.09624,0.27541,0.47814,-0.03426,0.23082,0.31164,-1.36117,2.0332,-0.88988,0.28499,-0.0734,-0.0083,-0.22378
26.16,4.95833,-0.28881,0.01925,-1.11179,-0.07753,-0.00173,13.08821,-0.41352,-0.18751,-0.46745,0.95023,-0.2144,0.01078,-0.40817,1.50251,5.09864,1.37584,0.36887,0.89366,0.07863,0.6791,0.0823,0.28518,0.47189,-0.04432,0.22741,0.32557,-1.24971,1.83241,-0.95685,0.36779,-0.05924,-0.00664,-0.23518
26.18,5.57701,-0.42618,0.03725,-1.25846,-0.06295,-0.00042,14.6964,-0.51681,-0.13601,-0.74473,1.8366,-0.20532,0.01639,-0.37451,2.28472,5.73462,1.58848,0.53309,0.70259,0.12001,0.63387,0.06972,0.30047,0.4744,-0.04907,0.22582,0.33817,-1.0385,1.66325,-1.00854,0.43285,-0.04945,-0.00448,-0.23449
26.2,6.24473,-0.55786,0.05014,-1.40739,-0.04567,0.00178,16.32079,-0.59858,-0.08604,-1.01995,2.56778,-0.19606,0.02109,-0.34612,3.03972,6.34408,1.74673,0.70619,0.54053,0.19657,0.59012,0.0576,0.31858,0.48516,-0.04977,0.22685,0.35161,-0.73973,1.52487,-1.04975,0.47527,-0.0443,-0.00221,-0.2245
26.22,6.96588,-0.6892,0.06077,-1.55656,-0.02577,0.00478,17.91847,-0.62753,-0.03841,-1.25295,3.08377,-0.18935,0.02448,-0.32021,3.54795,6.84437,2.03472,0.9139,0.40033,0.36385,0.54854,0.04579,0.33679,0.50342,-0.04714,0.23115,0.36777,-0.36746,1.41786,-1.08458,0.49178,-0.04409,-0.00028,-0.20873
26.24,7.6326,-0.84041,0.07119,-1.69557,-0.00412,0.00808,19.25238,-0.60848,0.00626,-1.42153,3.31985,-0.18636,0.02629,-0.26702,3.62914,7.14856,2.34289,1.07031,0.27323,0.51929,0.51131,0.03594,0.35631,0.52797,-0.04158,0.23702,0.38419,0.0665,1.35155,-1.12044,0.4866,-0.04879,0.00141,-0.18853
26.26,8.13668,-1.03048,0.08315,-1.8152,0.0174,0.0109,20.13011,-0.55146,0.0476,-1.51741,3.24004,-0.18711,0.02628,-0.17034,3.2031,7.24267,2.55063,1.08906,0.15421,0.57014,0.48001,0.0287,0.37831,0.5579,-0.03322,0.24332,0.39858,0.54814,1.33592,-1.16549,0.46337,-0.05789,0.00294,-0.16572
26.28,8.40063,-1.28129,0.10132,-1.90692,0.03586,0.01079,20.48778,-0.45425,0.08489,-1.52516,2.87212,-0.19048,0.02442,-0.0312,2.25371,7.12219,2.7246,0.98923,0.03921,0.53239,0.4546,0.02339,0.40139,0.59282,-0.02199,0.25043,0.41029,1.05841,1.37998,-1.2254,0.42264,-0.07038,0.00438,-0.14169
26.3,8.31908,-1.61552,0.13677,-1.89664,0.04713,0.00717,20.26794,-0.34126,0.1166,-1.42425,2.26168,-0.19302,0.02061,0.14302,0.91966,6.77357,3.00011,0.75908,-0.07307,0.36672,0.4349,0.01893,0.42355,0.6326,-0.00773,0.25829,0.41836,1.57671,1.48993,-1.30459,0.3629,-0.08449,0.00534,-0.12132
26.32,7.79375,-2.06199,0.20969,-1.8924,0.04678,0.00416,19.4301,-0.2306,0.13979,-1.20465,1.48889,-0.19025,0.01503,0.33879,-0.5558,6.15349,3.47428,0.42367,-0.18149,0.12062,0.42062,0.01448,0.44274,0.6772,0.00974,0.26681,0.4218,2.08586,1.67005,-1.40614,0.28536,-0.098,0.0055,-0.10869
26.34,6.84472,-2.57463,0.34614,-1.88803,0.03096,0.00055,18.00502,-0.11891,0.15067,-0.90223,0.66149,-0.17998,0.00821,0.53704,-1.71352,5.47242,3.76514,0.06732,-0.28285,-0.07445,0.4123,0.01039,0.45814,0.72622,0.03049,0.27682,0.41871,2.55995,1.93353,-1.53116,0.19626,-0.10935,0.00551,-0.10133
26.36,5.63257,-3.07278,0.57334,-1.88136,-0.00377,-0.00441,16.14077,-0.01476,0.14657,-0.56289,-0.14417,-0.16177,0.00051,0.73168,-2.12172,4.96059,3.53211,-0.25482,-0.37379,-0.18913,0.41043,0.00691,0.46923,0.77914,0.05437,0.28874,0.40753,2.97257,2.29034,-1.67975,0.09934,-0.11756,0.00581,-0.09767
26.38,4.28088,-3.52295,0.91494,-1.87677,-0.06059,-0.00986,14.00922,0.06986,0.12508,-0.22754,-0.87384,-0.136,-0.00761,0.93714,-1.66859,4.5986,2.76784,-0.52012,-0.44966,-0.23818,0.41468,0.00378,0.47486,0.83527,0.08073,0.30199,0.38828,3.30599,2.73331,-1.85051,-0.0042,-0.12186,0.00624,-0.09904
26.4,3.0831,-3.80301,1.38016,-1.87284,-0.1425,-0.01689,11.82508,0.1307,0.09176,0.05155,-1.47663,-0.10542,-0.0154,1.19873,-0.53646,4.61931,1.33965,-0.6393,-0.50659,-0.23226,0.4246,0.00056,0.47291,0.8942,0.10857,0.31656,0.35962,3.54607,3.24305,-2.0262,-0.11208,-0.12204,0.00692,-0.10408
26.42,2.22868,-3.84026,1.96891,-1.82363,-0.25257,-0.02389,9.82065,0.17394,0.0578,0.24682,-1.90561,-0.0732,-0.02176,1.50411,0.78272,5.06647,-0.29287,-0.44837,-0.5404,-0.15368,0.43977,-0.00327,0.46163,0.95569,0.1368,0.3325,0.3212,3.68699,3.788,-2.18153,-0.21927,-0.11817,0.00797,-0.11062
26.44,1.52541,-3.72217,2.66265,-1.73232,-0.39262,-0.02653,8.07096,0.20505,0.02629,0.33581,-2.13069,-0.04134,-0.02581,1.75116,1.88905,5.45395,-1.4551,-0.07178,-0.54382,-0.04148,0.46024,-0.00709,0.44102,1.01836,0.16405,0.34815,0.27555,3.71163,4.34588,-2.31157,-0.32379,-0.11046,0.00929,-0.11847
26.46,0.88138,-3.5046,3.4209,-1.6351,-0.56246,-0.02393,6.57604,0.22429,0.00011,0.29507,-2.13854,-0.01175,-0.02705,1.90093,2.49507,5.50434,-2.04604,0.28535,-0.51528,0.04997,0.48657,-0.00993,0.41166,1.08176,0.18914,0.36212,0.22474,3.6114,4.89609,-2.42025,-0.42753,-0.09938,0.01074,-0.12748
26.48,0.31162,-3.19047,4.16209,-1.53814,-0.61279,-0.01658,5.33587,0.23286,-0.01587,0.11983,-1.92423,0.01357,-0.02516,1.90646,2.42468,5.31631,-2.08181,0.60499,-0.45733,0.1336,0.51923,-0.01139,0.3746,1.14742,0.21147,0.37422,0.17021,3.40672,5.38957,-2.50417,-0.53044,-0.08569,0.01211,-0.13735
26.5,-0.14368,-2.77816,4.74811,-1.4392,-0.62499,-0.00609,4.36464,0.2325,-0.01939,-0.17541,-1.49784,0.03294,-0.02009,1.73738,1.6219,4.71938,-1.70815,0.79002,-0.38303,0.16388,0.55861,-0.01055,0.32912,1.21682,0.23058,0.38389,0.11329,3.10227,5.8495,-2.53128,-0.63243,-0.07069,0.01383,-0.1434
26.52,-0.44343,-2.28898,4.99494,-1.34043,-0.62932,0.00609,3.66749,0.21805,-0.01303,-0.56213,-0.87632,0.0456,-0.01222,1.44905,0.16475,3.67892,-1.18771,0.77253,-0.30816,0.11942,0.60453,-0.00674,0.27622,1.29097,0.24611,0.39066,0.05706,2.71626,6.34073,-2.45558,-0.73131,-0.05576,0.01659,-0.13906
26.54,-0.61353,-1.79643,4.76744,-1.23804,-0.62395,0.01845,3.17309,0.1637,-0.00471,-0.98835,-0.07939,0.05088,-0.00242,1.15119,-1.74809,2.64396,-0.7397,0.6644,-0.23773,0.07067,0.65703,-0.00092,0.22135,1.37044,0.25753,0.3945,0.00561,2.30867,6.78174,-2.30005,-0.82032,-0.04195,0.01962,-0.12776
26.56,-0.67874,-1.35727,3.99983,-1.12912,-0.60792,0.02917,2.80812,0.0459,-5e-05,-1.3851,0.86394,0.04856,0.00834,0.89869,-3.81088,1.79742,-0.51321,0.54382,-0.17487,0.04428,0.71527,0.00532,0.16793,1.45437,0.26444,0.39542,-0.03905,1.9266,7.08084,-2.09402,-0.89473,-0.03018,0.02209,-0.11394
26.58,-0.6481,-0.99281,2.66235,-1.01656,-0.5804,0.03667,2.53644,-0.14833,-0.00081,-1.69316,1.90671,0.03981,0.01906,0.69997,-5.73198,1.09331,-0.5508,0.41446,-0.12312,0.02691,0.77564,0.0104,0.1171,1.53959,0.26684,0.3935,-0.0758,1.59743,7.24007,-1.81699,-0.95232,-0.02131,0.02409,-0.09622
26.6,-0.5339,-0.70848,0.84907,-0.89948,-0.54829,0.04048,2.3323,-0.41993,-0.00684,-1.85044,2.99353,0.02617,0.02906,0.57334,-7.27151,0.51799,-0.79281,0.28955,-0.08286,0.01439,0.8373,0.0123,0.07032,1.62148,0.26474,0.38834,-0.10323,1.34747,7.26281,-1.52049,-0.984,-0.01603,0.02529,-0.07771
26.62,-0.37364,-0.50049,-1.24628,-0.77937,-0.52102,0.04116,2.17016,-0.74956,-0.01684,-1.83236,4.07777,0.00953,0.03853,0.51434,-8.31378,0.06382,-1.08292,0.18322,-0.0527,0.00409,0.89995,0.01022,0.0298,1.69406,0.25822,0.37964,-0.11984,1.19744,7.15968,-1.25927,-0.98296,-0.01482,0.02546,-0.06158
26.64,-0.2091,-0.36572,-3.32002,-0.66329,-0.49634,0.03828,2.01301,-1.11777,-0.02849,-1.66318,5.08976,-0.00808,0.04722,0.4707,-8.78481,-0.27461,-1.32944,0.10098,-0.03067,-0.00475,0.95492,0.00499,-0.00228,1.74962,0.24747,0.36806,-0.12556,1.16012,6.90837,-1.00525,-0.95768,-0.01775,0.02464,-0.04646
26.66,-0.06302,-0.28933,-5.02437,-0.55353,-0.4726,0.03192,1.83061,-1.50645,-0.03913,-1.37324,5.95443,-0.02533,0.0546,0.4087,-8.67359,-0.50651,-1.48315,0.04431,-0.01497,-0.01201,0.99445,-0.00231,-0.02516,1.78192,0.23283,0.35416,-0.12144,1.22965,6.49964,-0.73969,-0.91758,-0.02435,0.02289,-0.03176
26.68,0.04969,-0.25076,-6.1014,-0.44756,-0.45558,0.02368,1.61087,-1.89444,-0.04713,-0.99229,6.61903,-0.04136,0.06048,0.33186,-8.07677,-0.64243,-1.48223,0.0109,-0.00417,-0.01732,1.01697,-0.01028,-0.03889,1.78753,0.21496,0.3381,-0.10872,1.37774,5.97611,-0.46701,-0.86535,-0.03361,0.02035,-0.01809
26.7,0.11487,-0.24224,-6.40939,-0.35221,-0.44713,0.0143,1.36495,-2.23435,-0.05196,-0.5508,7.04588,-0.05548,0.06512,0.25849,-7.07914,-0.69851,-1.31511,-0.00684,0.0029,-0.01999,1.01935,-0.01709,-0.04394,1.76377,0.19455,0.31962,-0.09001,1.57925,5.34157,-0.2771,-0.81031,-0.04391,0.01678,-0.00848
26.72,0.1207,-0.25999,-6.00296,-0.27149,-0.44836,0.00475,1.10181,-2.4735,-0.05384,-0.1022,7.21191,-0.067,0.06885,0.19875,-5.81489,-0.69412,-1.02418,-0.01464,0.00725,-0.01979,0.99942,-0.02084,-0.04106,1.70945,0.1725,0.29873,-0.068,1.81624,4.62721,-0.20558,-0.76033,-0.05333,0.01237,-0.00419
26.74,0.06909,-0.29981,-5.03594,-0.19745,-0.46059,-0.00398,0.81132,-2.60966,-0.05256,0.30135,7.06714,-0.07576,0.0701,0.14021,-4.43626,-0.64196,-0.66506,-0.01358,0.00959,-0.01754,0.95712,-0.02042,-0.03121,1.62514,0.15016,0.27647,-0.04446,2.05132,3.92907,-0.14795,-0.7115,-0.0604,0.00803,-0.00198
26.76,-0.03208,-0.36216,-3.68539,-0.1266,-0.48235,-0.01213,0.49379,-2.64491,-0.04812,0.63592,6.59697,-0.08178,0.06781,0.07749,-3.03442,-0.55349,-0.29188,-0.00726,0.01049,-0.01423,0.8931,-0.01567,-0.0154,1.51295,0.12843,0.25359,-0.02108,2.25058,3.30381,-0.0771,-0.66057,-0.06424,0.0042,-0.00039
26.78,-0.17196,-0.44842,-2.15499,-0.06039,-0.49964,-0.02016,0.16177,-2.56718,-0.04123,0.89124,5.86868,-0.08472,0.06286,0.01362,-1.67025,-0.44181,0.05122,0.00021,0.01041,-0.01051,0.80996,-0.00729,0.00524,1.3775,0.10789,0.2304,0.00047,2.4018,2.76562,-0.01638,-0.60677,-0.06446,0.00092,0.00026
26.8,-0.33385,-0.55234,-0.65229,-6e-05,-0.27727,-0.02809,-0.17112,-2.38407,-0.03298,1.05909,4.93838,-0.08462,0.05464,-0.05192,-0.39781,-0.32126,0.33482,0.00672,0.00969,-0.0069,0.70781,0.00313,0.02939,1.22462,0.08909,0.207,0.01873,2.49875,2.3188,0.02998,-0.55266,-0.06125,-0.00174,3e-05
26.82,-0.49616,-0.66539,0.65048,0.05531,-0.02966,-0.03555,-0.49679,-2.10974,-0.02439,1.13441,3.90292,-0.0814,0.04355,-0.12513,0.71992,-0.20242,0.55071,0.01171,0.0086,-0.00376,0.58964,0.01378,0.05563,1.06209,0.07261,0.18381,0.03264,2.53992,1.96519,0.05962,-0.50107,-0.05517,-0.00371,-0.00049
26.84,-0.63931,-0.78473,1.62964,0.10647,0.23073,-0.04252,-0.80794,-1.76254,-0.01598,1.13081,2.92053,-0.07441,0.03269,-0.21021,1.63365,-0.09002,0.70001,0.01507,0.00726,-0.0013,0.46479,0.02319,0.08266,0.89917,0.0589,0.16194,0.04157,2.51895,1.71025,0.07392,-0.45008,-0.04683,-0.00496,-0.00083
26.86,-0.75064,-0.90692,2.2065,0.15226,0.49224,-0.04922,-1.09359,-1.3689,-0.00826,1.06915,2.08039,-0.06321,0.02354,-0.30492,2.32845,0.01109,0.78809,0.01675,0.00574,0.00051,0.33911,0.03056,0.10935,0.74195,0.04805,0.14209,0.04547,2.43625,1.54474,0.076,-0.39927,-0.03696,-0.00548,-0.00104
26.88,-0.8196,-1.02713,2.35179,0.19169,0.66867,-0.0556,-1.34574,-0.95915,-0.0017,0.96531,1.40539,-0.04798,0.01604,-0.40675,2.80312,0.09642,0.82872,0.01726,0.00407,0.00176,0.21515,0.03588,0.13448,0.59376,0.03975,0.1244,0.04526,2.30843,1.4436,0.071,-0.35049,-0.02648,-0.00526,-0.00117
26.9,-0.83129,-1.14364,2.08139,0.2269,0.68756,-0.06065,-1.55907,-0.56883,0.00343,0.83232,0.90136,-0.02977,0.01024,-0.51474,3.04949,0.16306,0.84194,0.01716,0.00222,0.00261,0.09584,0.03929,0.15669,0.45786,0.03359,0.10901,0.04234,2.15145,1.38141,0.06035,-0.30697,-0.01654,-0.00422,-0.00086
26.92,-0.77137,-1.26305,1.45113,0.26217,0.70257,-0.06311,-1.72905,-0.22751,0.007,0.68297,0.55596,-0.00961,0.00603,-0.62749,3.05647,0.2093,0.84787,0.01687,0.00014,0.00322,-0.01401,0.04096,0.17463,0.33744,0.02909,0.09615,0.03841,1.98548,1.33361,0.04635,-0.27167,-0.00819,-0.00231,-3e-05
26.94,-0.65624,-1.38301,0.56432,0.29535,0.71478,-0.06348,-1.84165,0.04658,0.00902,0.53619,0.34547,0.01185,0.00312,-0.7288,2.86327,0.23324,0.8492,0.01656,-0.00219,0.0037,-0.10982,0.04159,0.18715,0.23494,0.02577,0.08618,0.03527,1.83836,1.27624,0.03638,-0.24405,-0.00222,0.00029,-6e-05
26.96,-0.51325,-1.49202,-0.44189,0.32462,0.7253,-0.0625,-1.88845,0.24663,0.00967,0.40397,0.2426,0.03369,0.00127,-0.80086,2.53346,0.23411,0.84245,0.01616,-0.00472,0.0041,-0.18958,0.04164,0.19364,0.15165,0.02327,0.07917,0.03403,1.72739,1.19459,0.03306,-0.22365,0.00105,0.00341,-0.00161
26.98,-0.35043,-1.5905,-1.44969,0.35518,0.73297,-0.0596,-1.87893,0.37462,0.00922,0.2885,0.21811,0.05535,0.00019,-0.83886,2.10994,0.21391,0.82865,0.01551,-0.00734,0.00445,-0.25193,0.04097,0.19429,0.08842,0.02132,0.07487,0.03506,1.65702,1.08583,0.03396,-0.21126,0.0017,0.00667,-0.00573
27,-0.21793,-1.66663,-2.34441,0.38908,0.73744,-0.05502,-1.81944,0.44158,0.00799,0.194,0.2419,0.0766,-0.0004,-0.83445,1.66274,0.17575,0.79954,0.01432,-0.00977,0.00474,-0.29481,0.03957,0.18943,0.04636,0.0198,0.07298,0.03823,1.62756,0.95394,0.03924,-0.20601,0.00025,0.00999,-0.00998
27.02,-0.17526,-1.7097,-3.04517,0.42727,0.73924,-0.04906,-1.72135,0.46538,0.00633,0.12068,0.2838,0.09737,-0.0008,-0.78613,1.25558,0.12471,0.74703,0.01233,-0.0116,0.00487,-0.31598,0.03748,0.17962,0.02658,0.01871,0.07317,0.04306,1.63485,0.80919,0.05169,-0.20667,-0.00258,0.01394,-0.00519
27.04,-0.19823,-1.73953,-3.5657,0.47773,0.73867,-0.041,-1.61425,0.45473,0.0046,0.0628,0.31389,0.11795,-0.00135,-0.70775,0.89767,0.06759,0.67274,0.00941,-0.01232,0.00475,-0.31625,0.03419,0.16596,0.02928,0.01805,0.07503,0.04884,1.6708,0.66503,0.06833,-0.21309,-0.00611,0.01792,0.00689
27.06,-0.25525,-1.77406,-3.94017,0.54753,0.73623,-0.03039,-1.52225,0.41489,0.00309,0.01719,0.30257,0.13872,-0.00237,-0.61226,0.59079,0.01081,0.57869,0.00562,-0.01132,0.00424,-0.29822,0.02949,0.14925,0.05303,0.01781,0.07812,0.05484,1.72618,0.53053,0.08478,-0.22465,-0.00989,0.02093,0.01943
27.08,-0.3488,-1.81795,-4.18121,0.63751,0.73284,-0.0172,-1.45738,0.3556,0.00199,-0.01731,0.22056,0.15974,-0.00421,-0.5093,0.34284,-0.03925,0.46593,0.00115,-0.00784,0.00318,-0.26482,0.02373,0.12989,0.09446,0.01797,0.08192,0.0604,1.79024,0.41055,0.10133,-0.23984,-0.01369,0.02313,0.03387
27.1,-0.45862,-1.87849,-4.29757,0.75267,0.72852,-0.00162,-1.42957,0.28115,0.00142,-0.0413,0.03927,0.18139,-0.0072,-0.40658,0.15862,-0.07551,0.33523,-0.00371,-0.00105,0.00138,-0.22158,0.01703,0.10812,0.14848,0.01847,0.08593,0.06492,1.85226,0.30842,0.11619,-0.25638,-0.01745,0.02414,0.0452
27.12,-0.5598,-1.96086,-4.2921,0.89831,0.72243,0.01616,-1.44535,0.19461,0.00142,-0.05469,-0.26763,0.20408,-0.0116,-0.31361,0.02516,-0.0904,0.1925,-0.00815,0.00996,-0.00132,-0.17408,0.00985,0.0843,0.20932,0.01925,0.08966,0.06785,1.90163,0.22608,0.12687,-0.2718,-0.02127,0.02359,0.04793
27.14,-0.639,-2.06525,-4.17594,1.06884,0.71578,0.03583,-1.50991,0.10031,0.00198,-0.05666,-0.72138,0.22729,-0.01759,-0.24094,-0.08399,-0.07659,0.0478,-0.01166,0.02613,-0.00507,-0.12543,0.0031,0.05894,0.27194,0.02024,0.09264,0.06874,1.92554,0.16386,0.13426,-0.28491,-0.02532,0.02239,0.04752
27.16,-0.68428,-2.18851,-3.96131,1.25582,0.7098,0.05681,-1.62491,0.00011,0.00307,-0.04674,-1.33398,0.25034,-0.02518,-0.19367,-0.18511,-0.02712,-0.09269,-0.0143,0.04842,-0.00997,-0.07816,-0.00291,0.03236,0.33284,0.02137,0.09464,0.06747,1.91383,0.12004,0.1387,-0.29517,-0.02978,0.02114,0.04761
27.18,-0.68994,-2.32142,-3.65624,1.45141,0.704,0.07843,-1.78425,-0.10545,0.00466,-0.02598,-2.10517,0.2727,-0.03427,-0.17277,-0.28998,0.06475,-0.22471,-0.01605,0.07759,-0.01602,-0.03444,-0.00821,0.00489,0.39007,0.0226,0.09574,0.0644,1.86138,0.09126,0.13857,-0.30196,-0.03481,0.01968,0.04663
27.2,-0.64672,-2.44356,-3.27209,1.6502,0.69989,0.07672,-1.99149,-0.21271,0.00689,0.00324,-3.01101,0.29486,-0.04415,-0.17709,-0.41996,0.20478,-0.34097,-0.01673,0.11404,-0.02295,0.0043,-0.0128,-0.02288,0.44244,0.02385,0.09615,0.06012,1.76338,0.07334,0.1348,-0.30383,-0.04054,0.01813,0.04559
27.22,-0.55904,-2.53376,-2.82737,1.84152,0.69752,0.07143,-2.25469,-0.31046,0.01018,0.03635,-4.00487,0.3174,-0.05364,-0.20407,-0.6044,0.39521,-0.43177,-0.01615,0.15747,-0.0303,0.03701,-0.01664,-0.04994,0.4892,0.02504,0.09615,0.0554,1.61818,0.06197,0.12871,-0.29929,-0.04697,0.01655,0.04561
27.24,-0.45424,-2.58177,-2.35358,1.97932,0.69549,0.06717,-2.55856,-0.39464,0.01479,0.06848,-5.04643,0.33814,-0.06224,-0.25026,-0.83826,0.63336,-0.49465,-0.01472,0.20672,-0.0373,0.06288,-0.0197,-0.07549,0.5299,0.02611,0.09612,0.05113,1.43006,0.05348,0.11717,-0.28968,-0.05404,0.01462,0.04454
27.26,-0.35349,-2.58407,-1.88044,1.94538,0.69399,0.06329,-2.88379,-0.46762,0.02083,0.09634,-6.09889,0.35482,-0.06984,-0.31038,-1.09782,0.90858,-0.53263,-0.01297,0.25921,-0.0432,0.08127,-0.02196,-0.09905,0.56394,0.02698,0.0963,0.04792,1.20688,0.04556,0.0991,-0.27669,-0.06157,0.01223,0.04144
27.28,-0.2649,-2.5428,-1.4321,1.90578,0.69239,0.06022,-3.21851,-0.52689,0.02843,0.1174,-7.11273,0.36674,-0.07617,-0.37741,-1.36941,1.19202,-0.54902,-0.01094,0.30979,-0.04865,0.09155,-0.02331,-0.12006,0.59016,0.02759,0.09666,0.04603,0.96161,0.03743,0.07726,-0.26065,-0.06915,0.00963,0.03746
27.3,-0.19888,-2.45552,-1.03008,1.85632,0.69081,0.05839,-3.55066,-0.56517,0.03778,0.12969,-7.98548,0.37357,-0.07995,-0.43212,-1.63197,1.46217,-0.54252,-0.00913,0.35319,-0.04952,0.09306,-0.02347,-0.13764,0.60701,0.02787,0.0971,0.04558,0.71216,0.02977,0.05237,-0.24402,-0.07612,0.00694,0.03186
27.32,-0.16373,-2.3236,-0.6923,1.78483,0.68953,0.05841,-3.86392,-0.57247,0.04895,0.132,-8.58998,0.3752,-0.07962,-0.4456,-1.85863,1.70931,-0.51104,-0.00794,0.38463,-0.0391,0.08525,-0.02211,-0.15076,0.61283,0.02775,0.09748,0.04656,0.48037,0.02396,0.02785,-0.22936,-0.08169,0.00451,0.02494
27.34,-0.16444,-2.16242,-0.43074,1.69293,0.68752,0.05929,-4.11948,-0.55333,0.06098,0.12545,-8.9034,0.37017,-0.07641,-0.4183,-2.01033,1.88043,-0.46649,-0.00702,0.39667,-0.02371,0.0678,-0.01963,-0.15911,0.60602,0.0272,0.09759,0.04892,0.28589,0.02107,0.00903,-0.21604,-0.08532,0.00281,0.01953
27.36,-0.2009,-1.97718,-0.24038,1.58707,0.68364,0.06003,-4.28694,-0.5146,0.07267,0.11235,-8.9401,0.35767,-0.07175,-0.36518,-2.05747,1.93059,-0.41846,-0.00613,0.38539,-0.01057,0.04119,-0.01656,-0.16287,0.58637,0.02622,0.09735,0.05259,0.13776,0.02145,-0.00301,-0.20345,-0.0868,0.00191,0.01646
27.38,-0.26999,-1.7607,-0.10377,1.459,0.67744,0.06103,-4.36317,-0.45479,0.08327,0.09444,-8.68731,0.33897,-0.06551,-0.28713,-1.99605,1.87383,-0.36654,-0.00526,0.35425,0.00187,0.00692,-0.01301,-0.16229,0.55558,0.02488,0.09689,0.05756,0.03527,0.02458,-0.00926,-0.19209,-0.08607,0.0016,0.01463
27.4,-0.3698,-1.50245,-0.00115,1.3218,0.6665,0.06068,-4.3409,-0.3895,0.0915,0.07518,-8.19197,0.31392,-0.05879,-0.21344,-1.83093,1.70885,-0.31835,-0.00447,0.30721,0.00848,-0.0325,-0.00998,-0.15815,0.51662,0.02327,0.09639,0.06382,-0.02864,0.02909,-0.0115,-0.18116,-0.08337,0.0016,0.01356
27.42,-0.49866,-1.19458,0.08679,1.19907,0.64824,0.05681,-4.22619,-0.3324,0.09621,0.05729,-7.51251,0.28317,-0.05246,-0.17071,-1.58659,1.45055,-0.27913,-0.00386,0.25046,0.00648,-0.07367,-0.00823,-0.15134,0.47318,0.02154,0.0961,0.07131,-0.06466,0.03325,-0.01199,-0.16961,-0.07911,0.00155,0.01276
27.44,-0.65414,-0.83879,0.17479,0.99762,0.62448,0.05093,-4.05107,-0.27734,0.09727,0.04064,-6.67385,0.25032,-0.04586,-0.14173,-1.30167,1.16651,-0.24323,-0.00334,0.19365,0.00306,-0.11367,-0.00699,-0.14235,0.42867,0.01979,0.09626,0.07995,-0.08328,0.03578,-0.01218,-0.15767,-0.07361,0.00109,0.01046
27.46,-0.82944,-0.44097,0.27005,0.794,0.59545,0.04471,-3.84132,-0.22193,0.09488,0.02515,-5.71114,0.21781,-0.03872,-0.11619,-1.00505,0.89811,-0.20839,-0.00292,0.14243,0.0014,-0.15075,-0.00575,-0.13159,0.3851,0.01809,0.09698,0.08955,-0.09245,0.03625,-0.01312,-0.14545,-0.0672,-0,0.00556
27.48,-1.01684,-0.0132,0.37312,0.61182,0.55991,0.03769,-3.61218,-0.16999,0.08928,0.01117,-4.67725,0.18649,-0.03132,-0.09851,-0.7143,0.65586,-0.1768,-0.0027,0.09857,0.00042,-0.18359,-0.00461,-0.11954,0.34313,0.01645,0.09809,0.09977,-0.09686,0.03518,-0.01556,-0.13249,-0.06022,-0.00177,-0.00203
27.5,-1.2193,0.42222,0.47463,0.46024,0.52211,0.0293,-3.37511,-0.12837,0.08135,-0.00116,-3.65837,0.1569,-0.02427,-0.08778,-0.4426,0.44867,-0.14923,-0.00262,0.06286,-7e-05,-0.21098,-0.00378,-0.10694,0.30281,0.01487,0.09931,0.11021,-0.09811,0.0339,-0.01944,-0.11954,-0.05307,-0.0041,-0.01187
27.52,-1.44581,0.82877,0.5579,0.34327,0.45872,0.01818,-3.14066,-0.09831,0.07213,-0.01278,-2.72861,0.12984,-0.018,-0.08206,-0.19894,0.28064,-0.12621,-0.00255,0.03514,-0.00023,-0.23183,-0.00334,-0.09437,0.26373,0.01332,0.10033,0.12046,-0.09558,0.03398,-0.02402,-0.10738,-0.04617,-0.00659,-0.02155
27.54,-1.67535,1.18194,0.61237,0.25069,0.34255,0.01044,-2.9226,-0.07186,0.0623,-0.02472,-1.91518,0.1066,-0.01252,-0.07958,0.01259,0.15151,-0.10806,-0.00247,0.01465,-0.0002,-0.24619,-0.00297,-0.08178,0.22514,0.01177,0.10071,0.12988,-0.08764,0.0362,-0.02887,-0.09547,-0.03978,-0.00902,-0.02962
27.56,-1.88075,1.47742,0.63292,0.17476,0.24351,0.0051,-2.72653,-0.04525,0.05243,-0.03708,-1.24301,0.08761,-0.00798,-0.07805,0.19242,0.05804,-0.09465,-0.00238,0.00037,-0.0001,-0.25475,-0.00246,-0.06896,0.18651,0.01019,0.10015,0.13804,-0.07257,0.04,-0.03367,-0.08345,-0.03409,-0.01135,-0.03644
27.58,-2.05831,1.71496,0.61587,0.11326,0.16321,0.00153,-2.54783,-0.01808,0.04314,-0.05013,-0.7339,0.07247,-0.00457,-0.07638,0.34314,-0.0051,-0.08571,-0.00222,-0.00885,-2e-05,-0.25802,-0.00182,-0.05575,0.14796,0.00857,0.09857,0.14484,-0.04886,0.04319,-0.03791,-0.07148,-0.02929,-0.01352,-0.04165
27.6,-2.19092,1.89251,0.56267,0.06585,0.10187,-0.00055,-2.37925,0.01118,0.03516,-0.0643,-0.39403,0.06076,-0.00232,-0.07353,0.46613,-0.04394,-0.0807,-0.002,-0.01411,1e-05,-0.257,-0.00113,-0.04192,0.11029,0.00692,0.09596,0.15032,-0.01523,0.04199,-0.04108,-0.0602,-0.02555,-0.01555,-0.04548
27.62,-2.26318,2.00791,0.48031,0.0314,0.05778,-0.00133,-2.21323,0.04529,0.02924,-0.08008,-0.22181,0.05202,-0.00117,-0.06822,0.56094,-0.06461,-0.07913,-0.00172,-0.01644,0,-0.25265,-0.00037,-0.02715,0.0749,0.00528,0.09242,0.15474,0.02992,0.0312,-0.04262,-0.05003,-0.02304,-0.01749,-0.04852
27.64,-2.27984,2.07968,0.38327,0.00585,0.02751,-0.00151,-2.04415,0.08732,0.02588,-0.09751,-0.21017,0.04571,-0.00099,-0.05996,0.62938,-0.07268,-0.08109,-0.00137,-0.01669,-1e-05,-0.24527,0.00048,-0.01098,0.04329,0.00366,0.08818,0.1584,0.0891,0.00463,-0.04212,-0.04052,-0.02184,-0.01941,-0.0508
27.66,-2.24396,2.1323,0.28708,-0.01414,0.00811,-0.00149,-1.86945,0.14009,0.02547,-0.11658,-0.34715,0.04128,-0.00162,-0.04825,0.6742,-0.07289,-0.087,-0.00098,-0.01558,-1e-05,-0.23495,0.00129,0.00692,0.01659,0.00206,0.08352,0.16192,0.16568,-0.04461,-0.0392,-0.03137,-0.02196,-0.02137,-0.05251
27.68,-2.15406,2.17789,0.20169,-0.03012,-0.003,-0.00125,-1.691,0.20757,0.02819,-0.13786,-0.61606,0.03814,-0.00287,-0.03258,0.69711,-0.06929,-0.09739,-0.00055,-0.01365,-1e-05,-0.2217,0.00193,0.02665,-0.00424,0.00046,0.07877,0.16641,0.26358,-0.1237,-0.03325,-0.02263,-0.02333,-0.02342,-0.05395
27.7,-1.99826,2.23657,0.13807,-0.03945,-0.00839,-0.001,-1.51422,0.29293,0.03383,-0.16265,-0.99429,0.03571,-0.00454,-0.01467,0.70069,-0.06493,-0.11358,-0.00017,-0.01131,-0,-0.20558,0.00227,0.04806,-0.01821,-0.00115,0.07431,0.17293,0.38696,-0.23937,-0.02374,-0.01443,-0.02583,-0.02546,-0.05433
27.72,-1.77111,2.32969,0.10031,-0.041,-0.01031,-0.00083,-1.3474,0.39714,0.04189,-0.19257,-1.45518,0.03352,-0.00646,0.0059,0.6878,-0.06175,-0.13735,0.0001,-0.00883,0,-0.18654,0.00226,0.07092,-0.02449,-0.0028,0.07051,0.18242,0.54023,-0.39706,-0.01003,-0.00676,-0.02927,-0.02729,-0.05261
27.74,-1.48868,2.46058,0.07941,-0.04008,-0.01033,-0.00059,-1.19964,0.52099,0.0521,-0.22735,-1.9772,0.03123,-0.0085,0.03085,0.6619,-0.06023,-0.16912,0.00024,-0.00637,-0,-0.16435,0.00199,0.09494,-0.02291,-0.00449,0.06771,0.196,0.72772,-0.60023,0.00875,0.00051,-0.03356,-0.02886,-0.04902
27.76,-1.16118,2.62833,0.0675,-0.03995,-0.00933,-0.0003,-1.0749,0.66248,0.06443,-0.26554,-2.54514,0.02866,-0.0106,0.05872,0.62723,-0.05903,-0.20838,0.00018,-0.004,-1e-05,-0.13907,0.00162,0.11982,-0.01422,-0.00626,0.06592,0.21407,0.95294,-0.84925,0.0335,0.00742,-0.03866,-0.03008,-0.04412
27.78,-0.79094,2.83425,0.06123,-0.04035,-0.00754,-4e-05,-0.97152,0.81201,0.07885,-0.30566,-3.14351,0.02579,-0.01272,0.08736,0.58814,-0.05498,-0.25486,-7e-05,-0.00173,-3e-05,-0.11127,0.00137,0.14532,-0.00027,-0.00811,0.06482,0.23565,1.21675,-1.13988,0.06521,0.01389,-0.0446,-0.03098,-0.03897
27.8,-0.38254,3.06028,0.05877,-0.04047,-0.00469,0.00014,-0.8854,0.96475,0.09543,-0.34502,-3.74701,0.02275,-0.01477,0.11683,0.551,-0.04333,-0.30626,-0.00045,0.00049,-2e-05,-0.08246,0.00141,0.17144,0.01612,-0.01002,0.0639,0.25981,1.52003,-1.45907,0.10429,0.01999,-0.05139,-0.03071,-0.0301
27.82,0.04838,3.28016,0.0591,-0.03946,-0.0002,0.00021,-0.81077,1.12201,0.11413,-0.38076,-4.3239,0.01982,-0.01659,0.14938,0.52187,-0.0194,-0.35889,-0.00085,0.0027,1e-05,-0.05421,0.00175,0.19834,0.03159,-0.01196,0.06253,0.28537,1.86249,-1.78689,0.14909,0.02598,-0.05901,-0.02817,-0.01273
27.84,0.48303,3.48063,0.06051,-0.0379,0.00645,0.00018,-0.74128,1.27057,0.13481,-0.41074,-4.85755,0.01727,-0.01816,0.18181,0.50165,0.01903,-0.41132,-0.0012,0.00491,2e-05,-0.02756,0.00209,0.22535,0.04293,-0.0139,0.06005,0.30943,2.23363,-2.10688,0.19909,0.03179,-0.06733,-0.02433,0.0065
27.86,0.91229,3.65311,0.06219,-0.03636,0.01522,8e-05,-0.67096,1.39505,0.15704,-0.43368,-5.3383,0.01531,-0.0195,0.2103,0.48912,0.0709,-0.46321,-0.00154,0.00708,-4e-05,-0.00355,0.00192,0.2516,0.04751,-0.01579,0.05595,0.32916,2.61562,-2.40406,0.25343,0.0373,-0.07604,-0.02015,0.02177
27.88,1.32919,3.79096,0.06424,-0.0344,0.02557,-5e-05,-0.59455,1.49417,0.17979,-0.44961,-5.74977,0.01408,-0.02056,0.23595,0.4826,0.13099,-0.51305,-0.00187,0.00908,-0.00022,0.01679,0.00053,0.27635,0.04334,-0.0176,0.05004,0.34277,2.98385,-2.65963,0.30249,0.04275,-0.08465,-0.01541,0.03502
27.9,1.71293,3.85199,0.0657,-0.03097,0.03577,-0.00021,-0.50823,1.57475,0.20157,-0.45832,-6.06088,0.01365,-0.02119,0.25983,0.47519,0.1909,-0.55796,-0.00225,0.01068,-0.0005,0.03249,-0.0022,0.29966,0.02898,-0.01925,0.0423,0.34863,3.31654,-2.83499,0.3557,0.04847,-0.09223,-0.01141,0.04008
27.92,2.03194,3.78521,0.06488,-0.02526,0.04291,-0.00045,-0.40966,1.6493,0.22068,-0.45998,-6.23609,0.01414,-0.02122,0.28302,0.45886,0.2416,-0.59387,-0.00272,0.01155,-0.00079,0.04273,-0.00541,0.32192,0.00334,-0.02067,0.03287,0.34545,3.59177,-2.88315,0.43592,0.05464,-0.09768,-0.00894,0.03398
27.94,2.2858,3.61537,0.06057,-0.01832,0.0458,-0.00078,-0.29808,1.70971,0.23537,-0.45599,-6.27298,0.01573,-0.0207,0.30678,0.43211,0.27344,-0.61843,-0.00322,0.01129,-0.00104,0.04673,-0.00867,0.34124,-0.03441,-0.02182,0.02201,0.33151,3.76108,-2.7995,0.51682,0.06128,-0.10044,-0.00678,0.02552
27.96,2.48862,3.37781,0.05197,-0.01149,0.04464,-0.0012,-0.17438,1.74341,0.24439,-0.44698,-6.17999,0.01871,-0.01973,0.33138,0.39473,0.27934,-0.63053,-0.00371,0.0094,-0.00123,0.0439,-0.01152,0.35604,-0.08494,-0.02273,0.00992,0.30611,3.79041,-2.59549,0.56973,0.06853,-0.10037,-0.00454,0.01879
27.98,2.64065,3.07468,0.03858,-0.00543,0.03922,-0.00166,-0.04189,1.75727,0.24686,-0.43287,-5.95842,0.02352,-0.01829,0.35587,0.3466,0.25715,-0.62831,-0.00417,0.00537,-0.00128,0.034,-0.01263,0.36677,-0.14835,-0.02347,-0.00318,0.27073,3.68502,-2.27742,0.60074,0.07665,-0.09754,-0.00255,0.01294
28,2.7372,2.71166,0.01988,0.00019,0.03024,-0.0021,0.09301,1.73405,0.24222,-0.41414,-5.63337,0.03061,-0.01658,0.38167,0.29411,0.20674,-0.61057,-0.0045,-0.00136,-0.0011,0.01697,-0.01066,0.37325,-0.2238,-0.02416,-0.01696,0.22655,3.44556,-1.888,0.59889,0.08615,-0.09256,-0.00092,0.00798
28.02,2.76982,2.29918,-0.00366,0.00552,0.01889,-0.00245,0.2231,1.65541,0.23004,-0.39169,-5.23445,0.0403,-0.01482,0.41001,0.24441,0.13027,-0.57748,-0.00461,-0.0113,-0.00061,-0.00701,-0.00445,0.3752,-0.30962,-0.02494,-0.03094,0.17626,3.08532,-1.4722,0.55828,0.09779,-0.08629,0.00032,0.00409
28.04,2.74763,1.86853,-0.02901,0.00895,0.00668,-0.00263,0.34288,1.54016,0.20973,-0.36583,-4.77599,0.05264,-0.01296,0.4365,0.20035,0.03167,-0.53143,-0.00457,-0.0249,0.00029,-0.0376,0.00667,0.37312,-0.40398,-0.02593,-0.04477,0.12465,2.64495,-1.04775,0.49875,0.11206,-0.07935,0.00118,0.00144
28.06,2.68477,1.44824,-0.05278,0.0096,-0.00474,-0.00254,0.44983,1.40368,0.1808,-0.33699,-4.27519,0.06708,-0.01099,0.45804,0.1645,-0.08652,-0.47499,-0.00447,-0.04245,0.0017,-0.07416,0.02258,0.36708,-0.50476,-0.0272,-0.05827,0.07492,2.15352,-0.63579,0.43272,0.12922,-0.07229,0.00165,-0.00016
28.08,2.58475,1.04623,-0.07277,0.00778,-0.01413,-0.00215,0.54441,1.25023,0.14323,-0.30625,-3.75684,0.08219,-0.00899,0.47516,0.13862,-0.22216,-0.41028,-0.00426,-0.06399,0.00368,-0.11554,0.04254,0.35674,-0.60867,-0.02879,-0.0713,0.02896,1.62791,-0.26258,0.36334,0.14936,-0.06574,0.00182,-0.00106
28.1,2.4627,0.68226,-0.0871,0.00414,-0.01984,-0.00142,0.62943,1.07351,0.09766,-0.2747,-3.26079,0.09608,-0.00715,0.48899,0.12143,-0.37204,-0.34374,-0.00404,-0.0891,0.00623,-0.15923,0.06565,0.34134,-0.71034,-0.03068,-0.08357,-0.01126,1.08538,0.04829,0.29219,0.17301,-0.06029,0.00176,-0.0016
28.12,2.3353,0.36991,-0.09504,-0.00074,-0.02105,-0.00035,0.70883,0.8789,0.04511,-0.24375,-2.82384,0.10672,-0.0056,0.50024,0.10977,-0.53159,-0.28156,-0.00393,-0.11679,0.00915,-0.2015,0.09055,0.32037,-0.80343,-0.03281,-0.09474,-0.04365,0.54948,0.28022,0.22328,0.20067,-0.05651,0.00157,-0.00219
28.14,2.20594,0.10051,-0.09677,-0.00624,-0.01834,0.001,0.78473,0.69916,-0.01336,-0.21517,-2.45699,0.11154,-0.00426,0.50918,0.09975,-0.69108,-0.22474,-0.00379,-0.14514,0.01232,-0.24026,0.1143,0.2942,-0.88392,-0.03513,-0.10471,-0.06705,0.04564,0.42178,0.16539,0.2305,-0.05466,0.00141,-0.00305
28.16,2.07811,-0.13654,-0.09304,-0.01144,-0.01239,0.00259,0.85762,0.5513,-0.07604,-0.19001,-2.16485,0.10881,-0.00312,0.5139,0.08727,-0.83512,-0.17462,-0.00352,-0.17119,0.01541,-0.27478,0.13405,0.26366,-0.95022,-0.03761,-0.11361,-0.08174,-0.41158,0.46779,0.12264,0.26042,-0.05479,0.00135,-0.0043
28.18,1.95845,-0.34993,-0.08527,-0.0158,-0.00382,0.00435,0.92686,0.4351,-0.14024,-0.16869,-1.95052,0.09851,-0.00221,0.50889,0.06839,-0.94559,-0.13353,-0.00328,-0.19104,0.01677,-0.30433,0.1484,0.23012,-1.00198,-0.04021,-0.12154,-0.08874,-0.81206,0.4253,0.09482,0.28965,-0.05679,0.0014,-0.00608
28.2,1.85384,-0.52164,-0.0742,-0.01892,0.00636,0.00612,0.98952,0.3507,-0.2019,-0.15221,-1.806,0.08132,-0.00151,0.49748,0.03988,-0.98547,-0.10321,-0.0027,-0.19804,0.01804,-0.32902,0.15648,0.19522,-1.04025,-0.04289,-0.12859,-0.08995,-1.1439,0.31034,0.08201,0.31612,-0.06025,0.00156,-0.00812
28.22,1.77085,-0.63394,-0.06095,-0.02056,0.01621,0.00768,1.04157,0.29673,-0.25601,-0.14139,-1.71847,0.05883,-0.00099,0.48288,-0.00083,-0.915,-0.08434,-0.00138,-0.1851,0.02208,-0.34935,0.15857,0.16144,-1.06662,-0.04557,-0.13487,-0.08756,-1.39528,0.14349,0.0835,0.33765,-0.06459,0.00182,-0.00973
28.24,1.70937,-0.71182,-0.04764,-0.02122,0.02427,0.00887,1.07945,0.27029,-0.29832,-0.13572,-1.67525,0.03324,-0.00066,0.44896,-0.05541,-0.74074,-0.07571,-0.00025,-0.15146,0.02307,-0.36576,0.15573,0.13194,-1.08268,-0.04825,-0.14054,-0.08313,-1.56184,-0.05614,0.09749,0.35386,-0.06931,0.00213,-0.01085
28.26,1.66776,-0.77381,-0.03556,-0.02151,0.03002,0.00964,1.10164,0.26765,-0.32617,-0.13459,-1.66326,0.00646,-0.00048,0.39004,-0.1236,-0.48288,-0.07572,0.00015,-0.09944,0.01751,-0.37866,0.14915,0.10819,-1.08968,-0.0509,-0.14576,-0.07773,-1.64815,-0.2738,0.12184,0.36488,-0.07398,0.00242,-0.01169
28.28,1.64701,-0.8174,-0.02524,-0.02183,0.033,0.00991,1.10924,0.28414,-0.3384,-0.13773,-1.6699,-0.01983,-0.00046,0.31825,-0.20325,-0.16908,-0.08299,-0,-0.03409,0.00753,-0.38816,0.14,0.0898,-1.08831,-0.05352,-0.15062,-0.07203,-1.66429,-0.49911,0.15377,0.37092,-0.07812,0.00269,-0.01208
28.3,1.64159,-0.83444,-0.01683,-0.0226,0.03273,0.00964,1.10461,0.31477,-0.3351,-0.14421,-1.68379,-0.0437,-0.0006,0.24046,-0.28817,0.14556,-0.09435,-0.00062,0.03386,-0.00621,-0.39347,0.12801,0.07557,-1.07863,-0.05609,-0.15509,-0.06611,-1.62851,-0.72292,0.19074,0.37165,-0.08123,0.00292,-0.01198
28.32,1.64483,-0.82214,-0.01059,-0.02412,0.02892,0.00879,1.09087,0.35461,-0.31757,-0.15279,-1.6948,-0.06312,-0.0009,0.17406,-0.36839,0.42533,-0.1055,-0.00026,0.09493,-0.01462,-0.39346,0.11294,0.06388,-1.06017,-0.05856,-0.15903,-0.05972,-1.56114,-0.93594,0.23088,0.36696,-0.08284,0.00311,-0.01136
28.34,1.65795,-0.79743,-0.00681,-0.02675,0.02228,0.00749,1.07125,0.3994,-0.28803,-0.16274,-1.69461,-0.07699,-0.00136,0.14224,-0.43858,0.63012,-0.11536,0.00098,0.13903,-0.01389,-0.38775,0.0964,0.05321,-1.03208,-0.06083,-0.16228,-0.05273,-1.4753,-1.13419,0.27074,0.35858,-0.0827,0.00325,-0.01033
28.36,1.6815,-0.77294,-0.0053,-0.03067,0.01357,0.00586,1.04809,0.44557,-0.24913,-0.17327,-1.67659,-0.08533,-0.00193,0.15191,-0.49669,0.71367,-0.12409,0.00173,0.15698,-0.00965,-0.37607,0.07945,0.04257,-0.99347,-0.06278,-0.16456,-0.04512,-1.37872,-1.3164,0.30705,0.34763,-0.08078,0.00334,-0.00907
28.38,1.71213,-0.74997,-0.00581,-0.03551,0.0033,0.00402,1.02296,0.48994,-0.20411,-0.18327,-1.6356,-0.08872,-0.00257,0.19504,-0.53864,0.66895,-0.12992,0.00184,0.14743,-0.00344,-0.35799,0.06226,0.0316,-0.94356,-0.0642,-0.16549,-0.03707,-1.27503,-1.47863,0.33886,0.33364,-0.07717,0.00336,-0.00762
28.4,1.74463,-0.72401,-0.00819,-0.04116,-0.00773,0.00212,0.99576,0.52922,-0.15659,-0.19154,-1.56866,-0.08859,-0.00317,0.26013,-0.56454,0.49786,-0.13307,0.00094,0.11271,0.00014,-0.33362,0.04523,0.02061,-0.88226,-0.06481,-0.16448,-0.02914,-1.16244,-1.61542,0.36554,0.31583,-0.07223,0.00333,-0.00622
28.42,1.77359,-0.69165,-0.01236,-0.0474,-0.01915,0.00033,0.96565,0.56016,-0.11054,-0.1969,-1.47411,-0.08667,-0.00353,0.33733,-0.57644,0.23005,-0.13423,-0.00032,0.05995,-0.00027,-0.30335,0.02902,0.01037,-0.80988,-0.06431,-0.16086,-0.02201,-1.03648,-1.72016,0.38645,0.29359,-0.06643,0.00323,-0.00512
28.44,1.7956,-0.65985,-0.01836,-0.05272,-0.0305,-0.00123,0.93319,0.58019,-0.06961,-0.19824,-1.351,-0.08425,-0.00364,0.41122,-0.57226,-0.07521,-0.13188,-0.00073,-4e-05,-7e-05,-0.26782,0.01441,0.00171,-0.72699,-0.0625,-0.15443,-0.01628,-0.89351,-1.78724,0.40117,0.26664,-0.06007,0.00305,-0.00416
28.46,1.80869,-0.63275,-0.02629,-0.05555,-0.04112,-0.00247,0.89821,0.587,-0.03589,-0.19483,-1.19991,-0.08219,-0.00357,0.46742,-0.55241,-0.37358,-0.12507,-0.00015,-0.05858,0.00186,-0.22805,0.00189,-0.00488,-0.63498,-0.05934,-0.14526,-0.01239,-0.73258,-1.81257,0.40892,0.23521,-0.05335,0.00281,-0.00321
28.48,1.81209,-0.60793,-0.03596,-0.0551,-0.05056,-0.00336,0.85902,0.5781,-0.0103,-0.18638,-1.02401,-0.08092,-0.00329,0.49624,-0.52194,-0.62823,-0.11371,0.00094,-0.10834,0.00445,-0.18557,-0.00826,-0.00916,-0.5367,-0.05494,-0.1336,-0.01069,-0.55718,-1.79229,0.40834,0.2003,-0.04648,0.00251,-0.00235
28.5,1.79069,-0.58086,-0.04635,-0.05059,-0.05818,-0.00387,0.81508,0.55088,0.00685,-0.17278,-0.83085,-0.08018,-0.00291,0.50067,-0.48754,-0.79455,-0.10001,0.00273,-0.14139,0.00777,-0.14347,-0.01574,-0.01109,-0.43738,-0.0496,-0.1204,-0.01136,-0.37657,-1.72306,0.39961,0.16265,-0.03961,0.00213,-0.00162
28.52,1.72695,-0.54771,-0.05582,-0.04173,-0.06327,-0.00402,0.76583,0.50327,0.01575,-0.1544,-0.62952,-0.07941,-0.00253,0.48809,-0.45673,-0.82708,-0.08615,0.00617,-0.15009,0.01322,-0.10461,-0.02014,-0.01074,-0.34285,-0.04374,-0.10675,-0.01451,-0.20232,-1.60258,0.38325,0.12397,-0.0329,0.00169,-0.00105
28.54,1.63189,-0.51051,-0.06352,-0.0288,-0.06524,-0.00381,0.70964,0.43402,0.01701,-0.13222,-0.42754,-0.07829,-0.00212,0.44298,-0.43478,-0.72748,-0.07091,0.00908,-0.13286,0.01621,-0.07021,-0.02181,-0.0083,-0.25736,-0.03769,-0.09324,-0.0201,-0.04419,-1.43271,0.35624,0.08732,-0.02645,0.00119,-0.00059
28.56,1.51873,-0.47093,-0.06903,-0.01223,-0.06377,-0.00329,0.64564,0.34335,0.01161,-0.10731,-0.23239,-0.07663,-0.00166,0.35853,-0.42477,-0.51897,-0.05425,0.0095,-0.09228,0.01279,-0.04133,-0.02162,-0.00412,-0.18362,-0.03172,-0.08034,-0.02795,0.09053,-1.21957,0.3174,0.05436,-0.02037,0.00066,-0.00022
28.58,1.38771,-0.42842,-0.07164,0.00723,-0.05915,-0.00255,0.57441,0.23379,0.00097,-0.08085,-0.05274,-0.0743,-0.00119,0.24658,-0.42836,-0.22898,-0.0379,0.00848,-0.03355,0.00384,-0.01888,-0.0202,0.00136,-0.12317,-0.02608,-0.06855,-0.03769,0.19703,-0.9743,0.26976,0.02561,-0.01478,0.0001,6e-05
28.6,1.24144,-0.38488,-0.07136,0.02836,-0.05153,-0.00167,0.4991,0.10909,-0.01315,-0.05426,0.10114,-0.07147,-0.00077,0.11562,-0.44177,0.08805,-0.02265,0.00528,0.03292,-0.00972,-0.0033,-0.01824,0.00751,-0.07663,-0.02097,-0.05829,-0.04865,0.27181,-0.71712,0.21428,0.00164,-0.00991,-0.00045,0.00024
28.62,1.08239,-0.34329,-0.06861,0.04926,-0.04164,-0.00077,0.42376,-0.02361,-0.02899,-0.02923,0.21887,-0.06846,-0.00042,-0.01535,-0.45876,0.40644,-0.00955,0.0013,0.09862,-0.01805,0.00522,-0.01625,0.01364,-0.04401,-0.0166,-0.04992,-0.05998,0.31233,-0.4688,0.15457,-0.01718,-0.006,-0.00095,0.00051
28.64,0.91805,-0.30608,-0.06395,0.06832,-0.03119,5e-05,0.35124,-0.15669,-0.0451,-0.00719,0.29176,-0.06554,-0.00014,-0.1273,-0.47784,0.70252,0.0004,-0.00036,0.15458,-0.01697,0.0068,-0.0144,0.01907,-0.0247,-0.01311,-0.04359,-0.07098,0.31819,-0.24311,0.09784,-0.03082,-0.00321,-0.00138,0.00088
28.66,0.75491,-0.27464,-0.05805,0.08454,-0.02126,0.00072,0.28536,-0.28623,-0.06038,0.01125,0.31442,-0.06299,5e-05,-0.21584,-0.49775,0.93676,0.00711,-2e-05,0.19167,-0.01196,0.00192,-0.01272,0.02313,-0.01742,-0.01057,-0.03934,-0.08107,0.29119,-0.0493,0.04756,-0.03959,-0.00159,-0.00172,0.00124
28.68,0.59238,-0.24901,-0.05142,0.09699,-0.01227,0.00123,0.23172,-0.40939,-0.07429,0.02612,0.2857,-0.06119,0.00015,-0.28071,-0.51354,1.10944,0.01087,0.0015,0.2082,-0.0037,-0.00845,-0.01117,0.0252,-0.02035,-0.00899,-0.03714,-0.08972,0.23525,0.10804,0.00447,-0.04412,-0.0011,-0.00197,0.00156
28.7,0.44013,-0.22814,-0.04462,0.10464,-0.00451,0.0016,0.19711,-0.52176,-0.08667,0.03768,0.20745,-0.06058,0.00016,-0.32899,-0.52373,1.21945,0.01215,0.00324,0.20496,0.00253,-0.02288,-0.00974,0.02469,-0.03126,-0.00836,-0.03686,-0.0963,0.15638,0.22865,-0.03077,-0.04531,-0.00156,-0.00213,0.00181
28.72,0.30661,-0.21036,-0.038,0.10661,0.00185,0.00187,0.18854,-0.6179,-0.09767,0.0462,0.08394,-0.0616,9e-05,-0.37324,-0.52861,1.26949,0.01151,0.00417,0.1858,0.00247,-0.03961,-0.00835,0.02105,-0.04788,-0.00862,-0.03833,-0.10025,0.06189,0.31518,-0.05776,-0.04415,-0.00276,-0.0022,0.00195
28.74,0.18355,-0.19383,-0.03148,0.10316,0.00682,0.00208,0.21119,-0.69685,-0.10746,0.05229,-0.07927,-0.06443,-3e-05,-0.41734,-0.52521,1.30562,0.00942,0.00465,0.15907,0.00078,-0.05715,-0.00685,0.01395,-0.06828,-0.0097,-0.04132,-0.10142,-0.04134,0.37176,-0.07677,-0.0415,-0.00442,-0.0022,0.00195
28.76,0.06405,-0.17692,-0.02485,0.09502,0.01056,0.00225,0.26677,-0.76051,-0.11635,0.05663,-0.27602,-0.06908,-0.0002,-0.46297,-0.51359,1.36123,0.00622,0.00516,0.13074,-0,-0.07458,-0.00514,0.00341,-0.09106,-0.01148,-0.04558,-0.10004,-0.14798,0.40364,-0.08879,-0.03812,-0.00625,-0.00212,0.00182
28.78,-0.05234,-0.15848,-0.01793,0.08297,0.01332,0.0024,0.35271,-0.80973,-0.12485,0.05944,-0.49817,-0.07535,-0.0004,-0.5132,-0.49888,1.43688,0.00206,0.00569,0.1036,-0.00055,-0.09133,-0.0032,-0.01007,-0.11528,-0.01377,-0.05076,-0.09657,-0.25363,0.41745,-0.09506,-0.03465,-0.00791,-0.00195,0.00158
28.8,-0.15836,-0.13756,-0.01066,0.06858,0.01533,0.00252,0.46144,-0.8458,-0.13328,0.06148,-0.73373,-0.08265,-0.00061,-0.5647,-0.48804,1.52352,-0.00306,0.00629,0.07943,-0.00082,-0.10702,-0.00109,-0.02549,-0.1402,-0.01632,-0.05636,-0.09194,-0.35386,0.4202,-0.09737,-0.0316,-0.009,-0.00172,0.00123
28.82,-0.24779,-0.11398,-0.00334,0.05353,0.01682,0.00263,0.58164,-0.87032,-0.14167,0.0636,-0.96654,-0.09023,-0.00081,-0.6084,-0.48931,1.5972,-0.00938,0.00697,0.05901,-0.00085,-0.12144,0.00115,-0.04153,-0.16527,-0.01886,-0.06183,-0.08723,-0.44452,0.41837,-0.09762,-0.02933,-0.00918,-0.00141,0.00078
28.84,-0.32889,-0.08863,0.00324,0.03896,0.01803,0.00271,0.70151,-0.88608,-0.14974,0.06531,-1.17805,-0.09792,-0.00098,-0.63042,-0.5108,1.6155,-0.01721,0.00769,0.04222,-0.00072,-0.13462,0.00341,-0.05701,-0.19001,-0.02115,-0.06674,-0.08313,-0.52281,0.41661,-0.09683,-0.02812,-0.00827,-0.00104,0.00038
28.86,-0.40742,-0.06266,0.00784,0.0258,0.01921,0.00277,0.80968,-0.89622,-0.15647,0.06606,-1.34693,-0.10595,-0.00109,-0.60904,-0.55826,1.52065,-0.02686,0.00834,0.02841,-0.00049,-0.14671,0.00555,-0.07114,-0.21394,-0.02298,-0.07074,-0.08005,-0.58757,0.41689,-0.09553,-0.02806,-0.00629,-0.00061,6e-05
28.88,-0.48088,-0.03747,0.00908,0.0147,0.02054,0.00286,0.89423,-0.90286,-0.15988,0.06579,-1.44756,-0.11469,-0.00115,-0.51548,-0.63291,1.23796,-0.03868,0.00851,0.0165,-0.00024,-0.15774,0.00737,-0.0833,-0.23639,-0.02421,-0.07352,-0.07821,-0.63853,0.4182,-0.09391,-0.02902,-0.00355,-0.00013,-0.00019
28.9,-0.54229,-0.01489,0.00605,0.00608,0.02216,0.00298,0.94251,-0.90871,-0.15708,0.06479,-1.4459,-0.125,-0.0011,-0.31216,-0.73259,0.68124,-0.05176,0.00786,0.0051,5e-05,-0.1674,0.00866,-0.093,-0.25626,-0.02472,-0.07477,-0.07746,-0.67564,0.41716,-0.09141,-0.03072,-0.00057,0.00035,-0.00041
28.92,-0.58395,0.00321,-0.00095,0.00019,0.02413,0.00318,0.94342,-0.91626,-0.14518,0.06338,-1.30975,-0.13788,-0.00094,0.02887,-0.85331,-0.23113,-0.06378,0.0061,-0.00731,0.00042,-0.17521,0.00921,-0.09979,-0.27232,-0.02443,-0.07426,-0.07747,-0.69879,0.40893,-0.08706,-0.03278,0.00201,0.00081,-0.00062
28.94,-0.6066,0.01566,-0.0103,-0.00288,0.02651,0.00349,0.89182,-0.9249,-0.12311,0.06077,-1.03202,-0.15315,-0.00065,0.50611,-0.98615,-1.55597,-0.07372,0.00292,-0.0223,0.00092,-0.18127,0.00884,-0.10353,-0.28375,-0.02332,-0.07195,-0.07782,-0.70832,0.38854,-0.08021,-0.03492,0.00365,0.00123,-0.00084
28.96,-0.61042,0.02239,-0.01971,-0.00322,0.02927,0.00391,0.78975,-0.9327,-0.09161,0.05646,-0.62622,-0.16988,-0.00027,1.08539,-1.11626,-3.30836,-0.08072,-0.00106,-0.04128,0.00163,-0.18591,0.00748,-0.10424,-0.29027,-0.02149,-0.06795,-0.07808,-0.70442,0.35268,-0.07035,-0.037,0.00404,0.00157,-0.00108
28.98,-0.58898,0.02411,-0.0265,-0.00112,0.03232,0.00443,0.64637,-0.93776,-0.05322,0.05099,-0.12826,-0.18683,0.00019,1.66466,-1.23177,-5.43321,-0.08272,-0.00408,-0.06546,0.00257,-0.1893,0.00528,-0.10206,-0.29215,-0.0191,-0.06257,-0.07774,-0.68665,0.30053,-0.05721,-0.03892,0.00308,0.00184,-0.00135
29,-0.53453,0.02192,-0.02769,0.00294,0.03529,0.00501,0.47824,-0.93283,-0.01282,0.04424,0.3987,-0.20036,0.00067,2.04442,-1.33331,-7.70096,-0.07785,-0.00299,-0.09559,0.00382,-0.19183,0.0025,-0.09729,-0.29017,-0.01647,-0.05639,-0.07627,-0.65462,0.23338,-0.04108,-0.04069,0.00094,0.00204,-0.00162
29.02,-0.45096,0.01718,-0.02122,0.00837,0.03771,0.00558,0.30455,-0.90933,0.02446,0.03646,0.89506,-0.2059,0.00113,1.91226,-1.35763,-10.01508,-0.06476,0.00601,-0.13222,0.00563,-0.19391,-0.00045,-0.09028,-0.28526,-0.01391,-0.05006,-0.07315,-0.60786,0.15416,-0.02243,-0.04233,-0.0021,0.00216,-0.00178
29.04,-0.33148,0.01105,-0.00362,0.01456,0.03948,0.0061,0.14112,-0.8673,0.05441,0.02895,1.30575,-0.20299,0.00153,0.94843,-1.36447,-11.76286,-0.04345,0.0275,-0.17499,0.00803,-0.19569,-0.00316,-0.08147,-0.27813,-0.01169,-0.04398,-0.06805,-0.54596,0.06633,-0.00168,-0.04398,-0.00569,0.00222,-0.00185
29.06,-0.23088,0.00918,0.01759,0.02093,0.04067,0.00653,-0.00199,-0.80834,0.07428,0.02233,1.58893,-0.19248,0.0018,-0.03763,-2.12704,-13.29334,-0.02278,0.05894,-0.22241,0.01149,-0.19722,-0.00543,-0.07133,-0.26912,-0.00995,-0.03835,-0.06078,-0.46933,-0.02697,0.02054,-0.04579,-0.0095,0.00222,-0.00187
29.08,-0.20779,0.00741,0.03017,0.02697,0.04117,0.00685,-0.12012,-0.73238,0.08365,0.01656,1.73962,-0.17461,0.00195,-0.69672,-2.49725,-17.07047,0.00428,0.09006,-0.27899,0.01503,-0.19842,-0.00715,-0.06037,-0.25825,-0.0087,-0.03323,-0.05139,-0.37978,-0.1224,0.04336,-0.04789,-0.01324,0.00215,-0.00182
29.1,-0.10397,0.00639,0.0663,0.03208,0.04091,0.00703,-0.21246,-0.64751,0.08377,0.0116,1.76809,-0.15281,0.00198,-0.42528,-5.04284,-15.72932,0.06078,0.19216,-0.32562,0.00883,-0.19891,-0.00833,-0.0493,-0.24526,-0.00787,-0.0285,-0.04027,-0.28124,-0.21554,0.06565,-0.05039,-0.01656,0.00202,-0.00167
29.12,0.2764,0.00367,0.1849,0.03572,0.03986,0.00707,-0.28048,-0.56215,0.07694,0.00732,1.69705,-0.13077,0.0019,0.94884,-15.33647,-3.33362,0.20628,0.56516,-0.3115,-0.03533,-0.19819,-0.00901,-0.03887,-0.22974,-0.00733,-0.02396,-0.02793,-0.17814,-0.30106,0.08637,-0.0534,-0.01916,0.00182,-0.0014
29.14,0.44426,-0.02329,0.26323,0.03755,0.03815,0.00697,-0.32635,-0.47718,0.06592,0.00355,1.56434,-0.10953,0.00176,6.26881,-24.447,1.00457,0.33774,0.97656,-0.25725,-0.08351,-0.19601,-0.00928,-0.02957,-0.21118,-0.0069,-0.01937,-0.01484,-0.07379,-0.3752,0.10445,-0.05706,-0.02086,0.00154,-0.00106
29.16,0.12881,-0.08153,0.18961,0.03747,0.03594,0.00674,-0.35207,-0.39379,0.05264,0.00011,1.39776,-0.09008,0.0016,16.21401,-24.45381,-2.82596,0.36458,1.09854,-0.2224,-0.08845,-0.19224,-0.00928,-0.02173,-0.18918,-0.00642,-0.01452,-0.00147,0.0295,-0.43603,0.11916,-0.06149,-0.02169,0.00118,-0.00074
29.18,-0.48938,-0.13802,-0.02072,0.03554,0.03325,0.00641,-0.35898,-0.31468,0.03807,-0.00308,1.21027,-0.07343,0.00143,27.48364,-16.85221,-8.34217,0.31076,0.95976,-0.21658,-0.05476,-0.18675,-0.00908,-0.01552,-0.16364,-0.00575,-0.00924,0.0116,0.12999,-0.48213,0.13043,-0.06681,-0.0218,0.00077,-0.00043
29.2,-0.84428,-0.14475,-0.17468,0.03197,0.03048,0.00601,-0.34753,-0.24156,0.02255,-0.00607,1.00925,-0.05948,0.00127,30.53644,-10.0752,-9.61894,0.20708,0.68967,-0.21616,-0.01285,-0.17963,-0.00878,-0.011,-0.13493,-0.00476,-0.00353,0.0237,0.22593,-0.51247,0.13831,-0.07307,-0.02151,0.00032,-0.00023
29.22,-0.82096,-0.144,-0.19999,0.0271,0.02796,0.00561,-0.31748,-0.17515,0.00589,-0.00885,0.79676,-0.04761,0.00113,28.02027,-8.27504,-8.4138,0.13289,0.45796,-0.18543,0.00579,-0.17112,-0.00852,-0.00815,-0.10374,-0.00335,0.00258,0.03418,0.31555,-0.52634,0.14291,-0.08031,-0.02121,-0.00013,-0.00015
29.24,-0.7306,-0.1413,-0.18896,0.02122,0.02548,0.00521,-0.26836,-0.11472,-0.01248,-0.01138,0.57099,-0.03711,0.001,23.14981,-6.87232,-6.6411,0.08932,0.2946,-0.14704,0.01047,-0.16154,-0.00827,-0.00691,-0.07084,-0.00148,0.00896,0.04243,0.397,-0.52395,0.14462,-0.08837,-0.02112,-0.00054,-7e-05
29.26,-0.63068,-0.11887,-0.15605,0.01458,0.02289,0.00485,-0.1999,-0.05931,-0.03329,-0.01361,0.32954,-0.02724,0.00089,13.9362,-4.61684,-4.39156,0.05279,0.18565,-0.10942,0.01082,-0.1513,-0.00805,-0.00715,-0.03724,0.0008,0.01542,0.0481,0.46847,-0.50631,0.14377,-0.09702,-0.02132,-0.00089,2e-05
29.28,-0.54822,-0.10435,-0.1209,0.00738,0.02031,0.00452,-0.11259,-0.00818,-0.05726,-0.01545,0.07138,-0.01738,0.00081,8.03677,-2.98046,-2.67689,0.03227,0.1167,-0.07567,0.00804,-0.14095,-0.00787,-0.0087,-0.00435,0.00336,0.02165,0.05113,0.52786,-0.47494,0.14049,-0.10596,-0.02169,-0.00116,0.00012
29.3,-0.48126,-0.09931,-0.0876,-0.00016,0.01794,0.00428,-0.00824,0.03923,-0.08484,-0.01681,-0.20125,-0.00723,0.00074,4.34468,-1.81981,-1.43936,0.02333,0.07281,-0.04777,0.00468,-0.13138,-0.00769,-0.01137,0.02582,0.00595,0.02722,0.05161,0.57226,-0.43236,0.13505,-0.11441,-0.02193,-0.00133,0.00021
29.32,-0.42536,-0.10031,-0.05833,-0.00779,0.01599,0.00413,0.10959,0.08296,-0.1159,-0.0176,-0.48132,0.00328,0.00068,2.0056,-1.00198,-0.58853,0.02025,0.04349,-0.0262,0.00207,-0.12354,-0.00744,-0.01492,0.05095,0.00829,0.03164,0.0498,0.59853,-0.38159,0.12775,-0.12136,-0.02162,-0.00141,0.00028
29.34,-0.37747,-0.1065,-0.03504,-0.01527,0.01442,0.00407,0.2357,0.12234,-0.14959,-0.01769,-0.75775,0.01397,0.00064,0.48771,-0.47491,-0.05581,0.02129,0.02277,-0.01058,0.00041,-0.11791,-0.00716,-0.01915,0.06899,0.01009,0.03442,0.04604,0.60439,-0.32552,0.11873,-0.12649,-0.02049,-0.00138,0.00034
29.36,-0.33634,-0.11516,-0.01824,-0.02234,0.01316,0.0041,0.36291,0.15578,-0.18406,-0.01702,-1.01484,0.02435,0.00061,-0.50803,-0.15652,0.2438,0.0238,0.00775,-3e-05,-0.0004,-0.11478,-0.00687,-0.02383,0.07849,0.01113,0.03521,0.0408,0.58946,-0.26713,0.10838,-0.12968,-0.01841,-0.00127,0.0004
29.38,-0.30184,-0.12486,-0.00757,-0.02865,0.01225,0.00419,0.48098,0.18035,-0.21608,-0.0156,-1.23029,0.03356,0.00058,-1.14533,0.01672,0.38347,0.02628,-0.00281,0.00647,-0.00067,-0.11435,-0.00652,-0.02871,0.07862,0.01125,0.03385,0.0347,0.55579,-0.20988,0.09758,-0.1307,-0.01546,-0.00109,0.00045
29.4,-0.27401,-0.13478,-0.00194,-0.03375,0.01162,0.0043,0.57621,0.19266,-0.24065,-0.01374,-1.37031,0.04046,0.00054,-1.52,0.09611,0.42355,0.02799,-0.00952,0.00994,-0.00065,-0.11654,-0.00606,-0.03347,0.06906,0.01035,0.0303,0.02846,0.50682,-0.15826,0.08737,-0.1294,-0.01192,-0.00089,0.0005
29.42,-0.2531,-0.14437,0.00019,-0.03719,0.01115,0.00441,0.63431,0.18924,-0.25208,-0.01175,-1.39801,0.04386,0.00047,-1.69822,0.11999,0.40854,0.02858,-0.01277,0.01125,-0.00052,-0.12105,-0.00545,-0.03776,0.04988,0.00838,0.02463,0.02282,0.44681,-0.11675,0.07889,-0.12565,-0.00822,-0.00069,0.00057
29.44,-0.24025,-0.15368,0.00039,-0.03853,0.01079,0.00447,0.64558,0.16589,-0.24698,-0.00956,-1.29671,0.04249,0.00037,-1.72952,0.11439,0.36735,0.0281,-0.0131,0.01113,-0.00037,-0.12765,-0.00463,-0.04131,0.02144,0.00535,0.01697,0.01835,0.37999,-0.08854,0.07324,-0.11958,-0.00476,-0.00053,0.00065
29.46,-0.23627,-0.16311,-0.0001,-0.03755,0.01044,0.00446,0.60751,0.12059,-0.22429,-0.00715,-1.06746,0.03562,0.00026,-1.6545,0.09541,0.31673,0.02665,-0.01118,0.01013,-0.00026,-0.136,-0.00361,-0.04399,-0.01554,0.00132,0.00753,0.01527,0.30857,-0.07552,0.07086,-0.11141,-0.00188,-0.00041,0.0007
29.48,-0.24108,-0.1732,-0.00059,-0.03431,0.01003,0.00437,0.52507,0.05472,-0.18455,-0.00461,-0.72626,0.02343,0.00014,-1.50677,0.07199,0.2653,0.02431,-0.00778,0.00865,-0.00017,-0.14565,-0.00244,-0.04572,-0.05974,-0.00351,-0.00337,0.01338,0.23283,-0.07814,0.07141,-0.10123,0.0001,-0.00035,0.00073
29.5,-0.2554,-0.18529,-0.00088,-0.029,0.00953,0.00423,0.41058,-0.02842,-0.13139,-0.00184,-0.31296,0.00659,3e-05,-1.31224,0.04881,0.21704,0.02117,-0.0037,0.00701,-0.00012,-0.15562,-0.00128,-0.0465,-0.10902,-0.00885,-0.01525,0.01219,0.15235,-0.0954,0.07409,-0.08952,0.00094,-0.00034,0.00074
29.52,-0.28024,-0.20081,-0.00106,-0.02195,0.00891,0.00403,0.28011,-0.1226,-0.06931,0.00116,0.12743,-0.01356,-2e-05,-1.08923,0.02818,0.17285,0.01726,0.00026,0.00538,-9e-05,-0.16476,-0.00027,-0.04637,-0.16085,-0.01434,-0.02749,0.01106,0.06623,-0.12525,0.07777,-0.07675,0.0004,-0.00035,0.00072
29.54,-0.31598,-0.21987,-0.00123,-0.01343,0.00811,0.0038,0.14913,-0.22161,-0.00199,0.00436,0.55358,-0.03563,-2e-05,-0.84898,0.01129,0.1314,0.01251,0.00348,0.0039,-8e-05,-0.17283,0.00049,-0.04533,-0.2132,-0.01966,-0.03962,0.00933,-0.02654,-0.16537,0.08125,-0.06306,-0.00164,-0.00037,0.00066
29.56,-0.36294,-0.24192,-0.00147,-0.00351,0.00705,0.00353,0.03095,-0.32122,0.06639,0.00772,0.92477,-0.05861,3e-05,-0.5984,-0.00087,0.0915,0.0068,0.00547,0.00264,-7e-05,-0.17995,0.00092,-0.04335,-0.2649,-0.02466,-0.05139,0.0065,-0.12651,-0.21319,0.08354,-0.04865,-0.00516,-0.0004,0.00058
29.58,-0.42098,-0.26596,-0.00177,0.00786,0.00574,0.00322,-0.06288,-0.41709,0.13109,0.01107,1.20569,-0.08161,0.00011,-0.3422,-0.00743,0.05265,-3e-05,0.00597,0.00163,-6e-05,-0.18604,0.001,-0.04041,-0.31525,-0.02923,-0.06264,0.00225,-0.23295,-0.26552,0.08399,-0.03386,-0.00999,-0.00042,0.00046
29.6,-0.49146,-0.29031,-0.00212,0.02078,0.00419,0.00287,-0.12198,-0.50222,0.18709,0.01408,1.36653,-0.10343,0.00018,-0.08445,-0.00781,0.0147,-0.00811,0.00486,0.00086,-4e-05,-0.19106,0.00078,-0.03648,-0.36356,-0.03333,-0.07321,-0.00355,-0.3433,-0.31841,0.08205,-0.01926,-0.01579,-0.00043,0.00032
29.62,-0.57568,-0.31268,-0.00259,0.03535,0.00243,0.00249,-0.13803,-0.56769,0.22967,0.01631,1.38495,-0.12259,0.0002,0.17089,-0.00193,-0.02192,-0.0174,0.0022,0.00033,-2e-05,-0.19507,0.00034,-0.03152,-0.40922,-0.03694,-0.08291,-0.01085,-0.45385,-0.36775,0.07741,-0.00528,-0.02209,-0.00043,0.00017
29.64,-0.66962,-0.33004,-0.00337,0.05143,0.00047,0.00206,-0.10677,-0.6103,0.25446,0.01745,1.24456,-0.13847,0.00012,0.41995,0.00945,-0.05636,-0.02784,-0.00186,1e-05,2e-05,-0.19848,-0.00023,-0.02552,-0.45212,-0.04008,-0.09173,-0.01948,-0.56144,-0.41046,0.07006,0.00794,-0.02848,-0.00043,2e-05
29.66,-0.76701,-0.3399,-0.00482,0.06851,-0.00162,0.0016,-0.03004,-0.6294,0.2593,0.01736,0.94793,-0.15091,-9e-05,0.65806,0.02479,-0.08758,-0.03932,-0.00711,-0.00014,7e-05,-0.20185,-0.00089,-0.01852,-0.49257,-0.04285,-0.09981,-0.02921,-0.66404,-0.44508,0.06015,0.02022,-0.03466,-0.00042,-9e-05
29.68,-0.86108,-0.34108,-0.00731,0.08566,-0.00371,0.00112,0.08288,-0.62223,0.24567,0.0159,0.52477,-0.15937,-0.00042,0.87795,0.04172,-0.11403,-0.0516,-0.01323,-0.00014,0.00013,-0.20558,-0.00163,-0.01066,-0.53087,-0.04533,-0.10724,-0.03962,-0.75999,-0.47137,0.04801,0.03137,-0.04035,-0.00041,-0.00018
29.7,-0.94758,-0.33312,-0.01086,0.10122,-0.0056,0.00066,0.21521,-0.5903,0.21704,0.01309,0.02331,-0.16371,-0.00086,1.06818,0.05681,-0.1338,-0.06361,-0.01977,-2e-05,0.00019,-0.21004,-0.00246,-0.00219,-0.56685,-0.0476,-0.11401,-0.05003,-0.84704,-0.49029,0.03414,0.04132,-0.0453,-0.0004,-0.00024
29.72,-1.02225,-0.31649,-0.01506,0.11319,-0.00706,0.00025,0.34454,-0.5348,0.17852,0.00891,-0.48671,-0.16377,-0.00132,1.21398,0.06604,-0.14495,-0.07366,-0.02615,0.00017,0.00026,-0.21557,-0.00336,0.00649,-0.60022,-0.04974,-0.12011,-0.05965,-0.92266,-0.50336,0.0193,0.05001,-0.04923,-0.00039,-0.00026
29.74,-1.07015,-0.29238,-0.01942,0.12004,-0.00776,-5e-05,0.44714,-0.45067,0.13588,0.00292,-0.9392,-0.15852,-0.00175,1.30055,0.06656,-0.14579,-0.08097,-0.03192,0.00041,0.00031,-0.22249,-0.00436,0.01492,-0.63137,-0.0519,-0.12572,-0.06786,-0.98576,-0.51196,0.00429,0.05716,-0.05199,-0.00037,-0.00024
29.76,-1.07843,-0.26285,-0.02284,0.12098,-0.00738,-0.00021,0.50084,-0.33157,0.09323,-0.00556,-1.29118,-0.14678,-0.00211,1.31483,0.05704,-0.13588,-0.08504,-0.03675,0.00068,0.00034,-0.23116,-0.00549,0.02255,-0.66114,-0.05423,-0.13117,-0.07432,-1.03661,-0.51727,-0.01031,0.06243,-0.05352,-0.00034,-0.00021
29.78,-1.04474,-0.23118,-0.02347,0.1158,-0.0057,-0.00016,0.48618,-0.17137,0.05287,-0.01761,-1.51045,-0.12744,-0.00235,1.24611,0.03748,-0.1164,-0.08476,-0.0402,0.00092,0.00033,-0.24193,-0.0067,0.02869,-0.6904,-0.05695,-0.13674,-0.07881,-1.07618,-0.52043,-0.024,0.06563,-0.05383,-0.00031,-0.00016
29.8,-0.96931,-0.20073,-0.01923,0.10513,-0.00255,0.00013,0.3876,0.03675,0.01623,-0.03478,-1.5756,-0.09941,-0.00244,1.08878,0.00994,-0.08985,-0.07911,-0.04169,0.00112,0.00028,-0.25448,-0.00787,0.03247,-0.71996,-0.06025,-0.14271,-0.0812,-1.10626,-0.52187,-0.03613,0.06652,-0.05299,-0.00026,-0.00013
29.82,-0.85728,-0.17504,-0.00798,0.0903,0.00208,0.00069,0.19381,0.30068,-0.01584,-0.05893,-1.47282,-0.06134,-0.00232,0.84135,-0.02174,-0.05996,-0.06732,-0.04057,0.00122,0.00019,-0.26829,-0.00879,0.0329,-0.7507,-0.06434,-0.14936,-0.08151,-1.12927,-0.52198,-0.04588,0.06488,-0.05107,-0.00018,-0.00011
29.84,-0.71903,-0.15744,0.01229,0.07329,0.00802,0.00152,-0.10171,0.62726,-0.04277,-0.09266,-1.19433,-0.01168,-0.00195,0.50736,-0.05221,-0.03189,-0.05038,-0.0363,0.00118,0.0001,-0.28363,-0.00935,0.02897,-0.78403,-0.0694,-0.15697,-0.0798,-1.14792,-0.52238,-0.05234,0.06045,-0.04813,-7e-05,-0.00013
29.86,-0.56828,-0.14939,0.04319,0.05675,0.01491,0.00256,-0.4986,1.0181,-0.0641,-0.13948,-0.73973,0.05088,-0.00131,0.09871,-0.0753,-0.01075,-0.03011,-0.02841,0.00097,2e-05,-0.30083,-0.00943,0.01987,-0.82172,-0.07557,-0.16577,-0.07625,-1.16568,-0.52553,-0.05454,0.05314,-0.04415,9e-05,-0.0002
29.88,-0.42102,-0.15047,0.08532,0.04413,0.02239,0.00372,-0.98739,1.4635,-0.07936,-0.20365,-0.11817,0.12664,-0.00041,-0.36311,-0.08354,-0.00054,-0.00883,-0.01642,0.00054,-1e-05,-0.31991,-0.0089,0.00502,-0.86551,-0.0829,-0.17591,-0.07113,-1.18687,-0.53435,-0.05124,0.04328,-0.03911,0.00033,-0.00033
29.9,-0.29241,-0.15895,0.13759,0.03975,0.02925,0.00483,-1.55446,1.95669,-0.08805,-0.28046,0.64865,0.21542,0.00073,-0.85417,-0.07758,-0.00301,0.01015,-0.0002,-0.00014,0,-0.33881,-0.00765,-0.01587,-0.91692,-0.09126,-0.18705,-0.06486,-1.21556,-0.55252,-0.04103,0.03114,-0.03301,0.00066,-0.00057
29.92,-0.19277,-0.17259,0.19639,0.0483,0.03338,0.00567,-2.19389,2.49593,-0.08984,-0.35592,1.5382,0.31687,0.00207,-1.36513,-0.06978,-0.01466,0.02727,0.02052,-0.00111,0.0001,-0.35489,-0.00573,-0.04266,-0.97732,-0.10046,-0.19871,-0.05794,-1.25593,-0.58339,-0.02266,0.0175,-0.02579,0.0011,-0.00097
29.94,-0.12609,-0.19001,0.25617,0.07387,0.03404,0.00613,-2.91336,3.04535,-0.08495,-0.41913,2.52191,0.42824,0.0036,-1.89425,-0.06913,-0.02915,0.04427,0.046,-0.0024,0.0003,-0.36797,-0.00336,-0.07515,-1.04775,-0.11045,-0.211,-0.05088,-1.31331,-0.62796,0.00446,0.00351,-0.01719,0.00167,-0.00156
29.96,-0.08846,-0.2106,0.31085,0.11927,0.03148,0.00614,-3.73784,3.55042,-0.07334,-0.46095,3.55783,0.54348,0.00523,-2.44327,-0.08245,-0.0406,0.06187,0.07602,-0.00405,0.00058,-0.37832,-0.00082,-0.11336,-1.12891,-0.12128,-0.22427,-0.04424,-1.39245,-0.68418,0.04004,-0.01021,-0.00681,0.00237,-0.00229
29.98,-0.07222,-0.23396,0.35506,0.1858,0.02593,0.00568,-4.70176,3.96024,-0.05349,-0.47828,4.58762,0.65067,0.00679,-3.0118,-0.11207,-0.04572,0.07849,0.11016,-0.00606,0.00098,-0.38584,0.00153,-0.15714,-1.22062,-0.13303,-0.23867,-0.03866,-1.49643,-0.74682,0.08235,-0.02339,0.00581,0.00318,-0.00334
30,-0.08055,-0.2612,0.3807,0.27118,0.01593,0.00474,-5.94218,4.27581,-0.02213,-0.39716,5.56386,0.74849,0.00846,-3.68975,-0.22391,-0.0361,0.10731,0.14781,-0.00847,0.00155,-0.3839,0.00325,-0.20478,-1.32065,-0.14562,-0.25408,-0.03497,-1.62576,-0.80589,0.12888,-0.03551,0.0212,0.0041,-0.00408
30.02,-0.12265,-0.29345,0.38117,0.36877,-0.00045,0.00338,-7.6556,4.55802,0.03021,-0.13791,6.45214,0.84159,0.01052,-4.61354,-0.50562,-0.01141,0.16088,0.18801,-0.01131,0.00238,-0.36391,0.00378,-0.25332,-1.42602,-0.15898,-0.27026,-0.03404,-1.77999,-0.84968,0.17767,-0.04568,0.03991,0.00516,-0.00317
30.04,-0.20645,-0.32873,0.367,0.47158,-0.01872,0.0019,-9.79469,4.73495,0.11886,0.20272,7.1529,0.90137,0.0126,-5.70387,-0.89125,0.00617,0.199,0.22944,-0.01449,0.00365,-0.33101,0.00273,-0.3019,-1.53545,-0.17316,-0.28752,-0.03664,-1.96044,-0.87211,0.22547,-0.05373,0.06257,0.0063,-0.00118
30.06,-0.34211,-0.36375,0.35333,0.57244,-0.03346,0.00067,-12.20617,4.6965,0.25607,0.49488,7.56671,0.90482,0.01443,-6.84692,-1.29278,-0.00022,0.16813,0.26942,-0.01784,0.0054,-0.29242,-4e-05,-0.35082,-1.64911,-0.18831,-0.30624,-0.04343,-2.16972,-0.87154,0.26902,-0.06002,0.08971,0.00744,0.00084
30.08,-0.5293,-0.39234,0.34995,0.66304,-0.04308,2e-05,-14.71768,4.45877,0.44341,0.66879,7.65662,0.86277,0.01608,-7.98022,-1.67962,-0.03647,0.03068,0.3029,-0.02113,0.0074,-0.2483,-0.0044,-0.39979,-1.76766,-0.20448,-0.32657,-0.05489,-2.41013,-0.84837,0.3067,-0.06468,0.12158,0.00853,0.00306
30.1,-0.76623,-0.41361,0.36318,0.72237,-0.04318,0.00033,-17.12254,3.86346,0.67831,0.69086,7.38012,0.77637,0.0184,-9.09783,-2.0441,-0.10532,-0.24757,0.32811,-0.02408,0.0098,-0.19916,-0.01026,-0.44361,-1.88965,-0.22133,-0.34731,-0.07116,-2.67598,-0.8097,0.33892,-0.06674,0.15852,0.00958,0.00484
30.12,-1.0453,-0.42496,0.38983,0.72351,-0.03257,0.00173,-19.13465,2.80279,0.95315,0.51772,6.71122,0.65657,0.02287,-10.17813,-2.38041,-0.21365,-0.69183,0.34335,-0.02643,0.0126,-0.14635,-0.01728,-0.47482,-2.01283,-0.23839,-0.36683,-0.09217,-2.95798,-0.76463,0.36721,-0.06482,0.20114,0.01056,0.00555
30.14,-1.29824,-0.41437,0.42907,0.67452,-0.0153,0.00423,-20.34277,1.40594,1.22067,0.05161,5.63978,0.53837,0.0301,-11.00689,-2.60498,-0.35028,-1.30309,0.33591,-0.02747,0.01427,-0.09241,-0.02404,-0.49603,-2.13769,-0.25572,-0.38554,-0.11785,-3.25752,-0.71804,0.39043,-0.06004,0.24926,0.01142,0.00562
30.16,-1.44538,-0.37809,0.46632,0.59445,0.00475,0.00787,-20.34276,-0.24397,1.45176,-0.7002,4.17756,0.43889,0.04015,-11.44398,-2.67368,-0.49161,-2.04456,0.29924,-0.02632,0.01389,-0.04051,-0.02881,-0.5126,-2.26474,-0.27364,-0.40427,-0.14807,-3.57798,-0.67461,0.40781,-0.05414,0.30246,0.01205,0.0053
30.18,-1.50598,-0.32041,0.53987,0.48726,0.02514,0.01258,-19.70743,-2.13784,1.60917,-1.72258,2.38158,0.36519,0.05711,-11.40302,-2.60887,-0.62209,-2.88709,0.24008,-0.02221,0.01177,0.00622,-0.0303,-0.52534,-2.39218,-0.29234,-0.42294,-0.18246,-3.91593,-0.63987,0.42135,-0.04765,0.36036,0.01245,0.00455
30.2,-1.49381,-0.2532,0.61847,0.37843,0.03916,0.01744,-18.62546,-4.04111,1.70951,-2.90104,0.31638,0.31975,0.08367,-11.07524,-2.44528,-0.7378,-3.70743,0.16334,-0.01434,0.00864,0.05325,-0.02781,-0.53128,-2.51251,-0.31171,-0.44008,-0.21942,-4.25181,-0.62144,0.43433,-0.03979,0.42403,0.01259,0.00316
30.22,-1.46769,-0.18838,0.68301,0.28821,0.03046,0.02063,-17.9478,-5.22165,1.79346,-4.00375,-1.84648,0.3043,0.12287,-10.80796,-2.25114,-0.85951,-4.33679,0.082,-0.00177,0.00586,0.10808,-0.02065,-0.5273,-2.61642,-0.33158,-0.45388,-0.25653,-4.55915,-0.62691,0.45026,-0.02931,0.49538,0.0124,0.00126
30.24,-1.40558,-0.12675,0.73825,0.20814,-0.00031,0.02197,-17.36849,-5.63614,1.83664,-5.00824,-3.93949,0.31724,0.17868,-10.404,-2.05105,-0.97082,-4.78312,0.01363,0.01661,0.00494,0.16244,-0.00807,-0.51719,-2.70287,-0.35225,-0.46513,-0.29324,-4.8368,-0.65852,0.47059,-0.01687,0.57265,0.01188,-0.00067
30.26,-1.28068,-0.07064,0.78714,0.13499,-0.0382,0.02197,-16.3623,-5.65331,1.82095,-5.88482,-5.91535,0.35386,0.25121,-9.66707,-1.84334,-1.0378,-5.07139,-0.03669,0.04193,0.00694,0.20907,0.01033,-0.50577,-2.77392,-0.3742,-0.47499,-0.32989,-5.09118,-0.7184,0.49613,-0.00334,0.65326,0.01099,-0.00252
30.28,-1.10997,-0.02287,0.82108,0.06761,-0.07565,0.02004,-14.9953,-5.2391,1.72966,-6.57244,-7.73653,0.40555,0.33361,-8.69423,-1.64052,-1.0588,-5.16778,-0.07011,0.07535,0.01249,0.2508,0.03418,-0.49544,-2.82969,-0.39773,-0.48338,-0.36622,-5.31819,-0.81162,0.52818,0.01135,0.73628,0.00966,-0.00438
30.3,-0.92384,0.01678,0.85111,0.00812,-0.11146,0.01524,-13.50155,-4.61151,1.60607,-6.93309,-9.34531,0.4601,0.42533,-7.56387,-1.44246,-1.02625,-5.05347,-0.09056,0.11723,0.0217,0.28829,0.06383,-0.47548,-2.86852,-0.42198,-0.4884,-0.40107,-5.50378,-0.9427,0.56849,0.03119,0.82317,0.0079,-0.00611
30.32,-0.75294,0.05087,0.8941,-0.05161,-0.14471,0.01058,-12.13311,-4.00164,1.51191,-6.8798,-10.66956,0.50461,0.52877,-6.37377,-1.25005,-0.94858,-4.74668,-0.10361,0.1662,0.0339,0.32284,0.10206,-0.43358,-2.88955,-0.44589,-0.48776,-0.43289,-5.63123,-1.11705,0.61819,0.06146,0.91588,0.00574,-0.00746
30.34,-0.58232,0.08154,0.93113,-0.11864,-0.17498,0.00607,-10.64824,-3.37477,1.39113,-6.52414,-11.6857,0.52619,0.61445,-5.16919,-1.06486,-0.8495,-4.30225,-0.11281,0.22104,0.04845,0.35511,0.14956,-0.37947,-2.89806,-0.47053,-0.48293,-0.46199,-5.70617,-1.33955,0.67446,0.10087,1.0095,0.00316,-0.00839
30.36,-0.39957,0.10913,0.94251,-0.18786,-0.20173,0.00131,-8.94179,-2.71951,1.20822,-5.95238,-12.38776,0.51769,0.65548,-3.98378,-0.88251,-0.74345,-3.76423,-0.12027,0.27955,0.06455,0.38502,0.20467,-0.32421,-2.90036,-0.49779,-0.47567,-0.48915,-5.7384,-1.61483,0.73281,0.1468,1.09743,0.00041,-0.00917
30.38,-0.21186,0.13453,0.92837,-0.25765,-0.22151,-0.00372,-7.22003,-2.0595,0.99232,-5.1984,-12.73622,0.48133,0.65715,-2.88383,-0.70179,-0.63942,-3.16528,-0.12729,0.33574,0.07966,0.41437,0.26505,-0.27084,-2.8999,-0.529,-0.46567,-0.51422,-5.72678,-1.94836,0.78812,0.19873,1.17545,-0.00206,-0.01054
30.4,-0.02317,0.15548,0.88956,-0.32722,-0.20767,-0.00862,-5.57243,-1.53251,0.78985,-4.33554,-12.57444,0.42085,0.6075,-1.9195,-0.52,-0.54047,-2.54434,-0.13212,0.38113,0.09291,0.43899,0.33942,-0.20454,-2.89867,-0.56501,-0.45276,-0.53464,-5.65576,-2.33193,0.83341,0.26303,1.24262,-0.00348,-0.01037
30.42,0.16705,0.16688,0.82386,-0.38908,-0.17608,-0.012,-4.08678,-1.18355,0.63342,-3.46861,-11.73079,0.34424,0.50787,-1.1253,-0.33893,-0.44837,-1.94754,-0.13172,0.40668,0.10476,0.45411,0.44492,-0.10917,-2.899,-0.60671,-0.43678,-0.54706,-5.50752,-2.74566,0.85951,0.34676,1.29917,-0.00282,-0.00531
30.44,0.35693,0.17016,0.72947,-0.43951,-0.1404,-0.01437,-2.84646,-0.88051,0.50983,-2.68786,-10.32657,0.26613,0.39701,-0.50586,-0.16587,-0.36614,-1.41341,-0.126,0.40429,0.10982,0.46211,0.57606,-0.00421,-2.90238,-0.65586,-0.41823,-0.55286,-5.2965,-3.17577,0.85253,0.43853,1.33323,0.00078,0.00122
30.46,0.53614,0.16938,0.61132,-0.47449,-0.10849,-0.01646,-1.85318,-0.58801,0.41044,-2.03844,-8.49415,0.19552,0.29636,-0.04624,-0.00366,-0.29334,-0.96027,-0.11541,0.36969,0.10383,0.46437,0.72018,0.09054,-2.90959,-0.71437,-0.3977,-0.5541,-5.03942,-3.60775,0.80069,0.52569,1.33426,0.00816,0.00568
30.48,0.69216,0.16612,0.47905,-0.49112,-0.08063,-0.01808,-1.08527,-0.34195,0.33776,-1.53807,-6.28399,0.13495,0.20824,0.27502,0.14288,-0.22872,-0.5933,-0.09948,0.30451,0.08815,0.45808,0.8758,0.17341,-2.92232,-0.78375,-0.37512,-0.55023,-4.73566,-4.01777,0.69768,0.60498,1.30329,0.02019,0.008
30.5,0.80657,0.16083,0.34629,-0.48449,-0.05695,-0.01916,-0.52656,-0.15452,0.29075,-1.18489,-3.97665,0.08581,0.13378,0.48478,0.2697,-0.17737,-0.31055,-0.07906,0.21307,0.06179,0.43855,1.05863,0.25411,-2.93112,-0.85934,-0.3509,-0.54249,-4.38487,-4.34891,0.53504,0.6706,1.23171,0.03768,0.00582
30.52,0.85653,0.15289,0.22337,-0.45088,-0.03746,-0.01969,-0.14311,-0.02409,0.26655,-0.96481,-1.731,0.04792,0.07436,0.61374,0.38503,-0.14267,-0.1061,-0.05509,0.10457,0.02785,0.40144,1.29073,0.34188,-2.92441,-0.93383,-0.3253,-0.53237,-3.99019,-4.53253,0.31431,0.71646,1.11505,0.06057,-0.00111
30.54,0.8279,0.14491,0.11629,-0.39212,-0.0223,-0.01988,0.10807,0.05488,0.25377,-0.8554,0.46656,0.02004,0.03083,0.68349,0.48459,-0.11911,0.02927,-0.02827,-0.00842,-0.00607,0.34162,1.55327,0.42027,-2.91031,-1.00862,-0.29851,-0.51894,-3.57249,-4.56472,0.05109,0.73448,0.96541,0.08933,-0.01168
30.56,0.71445,0.13859,0.03323,-0.31041,-0.01093,-0.01987,0.25591,0.0843,0.24258,-0.82836,2.50559,0.00073,0.00115,0.70899,0.55734,-0.10265,0.10788,0.00019,-0.11665,-0.03666,0.25492,1.81876,0.47394,-2.90074,-1.08647,-0.27065,-0.50109,-3.15402,-4.46148,-0.23672,0.71875,0.7937,0.12382,-0.02533
30.58,0.51628,0.13364,-0.02082,-0.20778,-0.00279,-0.01962,0.32458,0.06887,0.23251,-0.85333,4.26169,-0.01161,-0.01763,0.70712,0.60695,-0.09267,0.14311,0.02835,-0.21251,-0.0627,0.13638,2.07974,0.50138,-2.90036,-1.16579,-0.24153,-0.47826,-2.74177,-4.22159,-0.53073,0.66873,0.60869,0.1539,-0.04942
30.6,0.24953,0.13768,-0.04782,-0.08776,0.00196,-0.01921,0.33395,0.01449,0.22171,-0.89764,5.66407,-0.01854,-0.02801,0.68796,0.63349,-0.08659,0.14813,0.05381,-0.28725,-0.08114,-0.02304,2.33827,0.5114,-2.91187,-1.23544,-0.21347,-0.44895,-2.3668,-3.88371,-0.79882,0.57509,0.41387,0.19651,-0.06081
30.62,-0.07621,0.16521,-0.05394,0.04286,0.00232,-0.01879,0.2982,-0.07119,0.20894,-0.93048,6.68976,-0.02153,-0.03222,0.65716,0.63561,-0.08172,0.1346,0.07466,-0.33169,-0.08718,-0.21309,2.5964,0.51559,-2.93706,-1.28171,-0.18839,-0.4111,-2.06201,-3.49497,-0.9941,0.43684,0.22398,0.29089,0.0017
30.64,-0.46069,0.23368,-0.04684,0.17714,-0.00297,-0.01844,0.22644,-0.17973,0.1951,-0.93412,7.25917,-0.02175,-0.03221,0.62073,0.61999,-0.07745,0.11145,0.0882,-0.34308,-0.08307,-0.42127,2.81797,0.50322,-2.97842,-1.30626,-0.1646,-0.36439,-1.81162,-3.07697,-1.10822,0.26933,0.06297,0.40312,0.11414
30.66,-0.89541,0.36238,-0.0334,0.3118,-0.0151,-0.01825,0.12576,-0.30422,0.18313,-0.90109,7.31014,-0.02015,-0.0296,0.58285,0.59187,-0.07368,0.08476,0.09235,-0.32313,-0.07319,-0.64901,2.97486,0.46958,-3.03451,-1.31295,-0.14089,-0.30839,-1.59355,-2.65332,-1.15925,0.08009,-0.06295,0.48871,0.2259
30.68,-1.36889,0.56536,-0.01905,0.44412,-0.03431,-0.01824,0.00199,-0.44116,0.17953,-0.82896,6.91662,-0.01753,-0.02549,0.5466,0.55291,-0.07026,0.05815,0.08762,-0.2744,-0.05773,-0.89037,3.07397,0.42658,-3.09675,-1.30014,-0.11749,-0.24228,-1.40313,-2.2509,-1.15212,-0.12973,-0.15631,0.55678,0.3472
30.7,-1.87886,0.83643,-0.00928,0.56975,-0.05956,-0.01855,-0.14023,-0.57152,0.17461,-0.72653,6.10853,-0.01444,-0.02085,0.51178,0.50987,-0.06786,0.0333,0.07513,-0.20516,-0.04089,-1.11535,3.08765,0.37351,-3.13501,-1.25003,-0.09632,-0.1695,-1.25268,-1.89353,-1.0835,-0.3549,-0.22241,0.57823,0.44727
30.72,-2.43155,1.14557,-0.00474,0.6831,-0.08874,-0.01925,-0.28748,-0.66065,0.15629,-0.60463,4.96516,-0.01128,-0.01633,0.47909,0.46997,-0.06752,0.0108,0.05717,-0.12416,-0.02456,-1.2754,2.99005,0.31097,-3.11145,-1.14293,-0.07842,-0.09129,-1.15375,-1.59625,-0.94577,-0.58241,-0.26934,0.52987,0.49221
30.74,-2.9988,1.45406,-0.00221,0.78047,-0.11778,-0.02014,-0.4316,-0.71278,0.13732,-0.46647,3.69982,-0.00834,-0.01215,0.45527,0.42991,-0.06952,-0.00895,0.03745,-0.03792,-0.00656,-1.36135,2.79266,0.23981,-3.00975,-1.00162,-0.06189,-0.00582,-1.08265,-1.35601,-0.75953,-0.80626,-0.30304,0.45187,0.51222
30.76,-3.53913,1.72382,-0.00069,0.85969,-0.1427,-0.02111,-0.57421,-0.74381,0.12536,-0.31455,2.43657,-0.00579,-0.00847,0.44691,0.38888,-0.07444,-0.02503,0.0187,0.04528,0.01197,-1.37687,2.50884,0.15673,-2.81098,-0.84521,-0.04556,0.08551,-1.01974,-1.16222,-0.55043,-1.02853,-0.32845,0.36885,0.52909
30.78,-4.02588,1.92214,-0.00083,0.91793,-0.16167,-0.02216,-0.71225,-0.74696,0.11344,-0.15138,1.20748,-0.00368,-0.00542,0.45911,0.35378,-0.08382,-0.03571,0.00281,0.11582,0.02789,-1.30157,2.14382,0.05218,-2.48924,-0.67041,-0.02959,0.17663,-0.96614,-1.00453,-0.32319,-1.24716,-0.35012,0.28054,0.54014
30.8,-4.45089,2.02317,-0.00446,0.94963,-0.1736,-0.02316,-0.84049,-0.73347,0.10091,0.02209,0.03648,-0.00204,-0.00303,0.49632,0.32327,-0.09718,-0.03851,-0.00857,0.16445,0.03927,-1.1688,1.64004,-0.08867,-2.03304,-0.5012,-0.01476,0.26696,-0.93185,-0.86785,-0.08904,-1.44661,-0.37019,0.18786,0.54311
30.82,-4.81294,2.0117,-0.01453,0.94857,-0.1785,-0.02397,-0.95214,-0.71754,0.08841,0.20426,-1.06411,-0.00082,-0.00125,0.56156,0.29853,-0.11279,-0.03077,-0.01419,0.18381,0.04608,-1.03239,1.00611,-0.22422,-1.44586,-0.347,-0.00072,0.36722,-0.92318,-0.73629,0.14198,-1.60252,-0.38941,0.09611,0.53627
30.84,-5.06303,1.89318,-0.03432,0.91729,-0.17887,-0.02466,-1.04318,-0.69322,0.07362,0.39184,-2.08466,2e-05,-2e-05,0.66014,0.29341,-0.13277,-0.01052,-0.01371,0.1681,0.04444,-0.88395,0.36121,-0.32163,-0.77219,-0.19118,0.01347,0.46714,-0.92751,-0.6032,0.35335,-1.71774,-0.40886,0.01397,0.52809
30.86,-5.15815,1.67848,-0.06665,0.86067,-0.17671,-0.02523,-1.10922,-0.6577,0.0565,0.57878,-3.0091,0.00056,0.00076,0.79318,0.31553,-0.15902,0.0226,-0.00789,0.11763,0.0321,-0.70584,-0.21629,-0.39811,-0.06052,-0.02896,0.02735,0.54679,-0.93165,-0.46681,0.53035,-1.80486,-0.42905,-0.05648,0.52491
30.88,-5.09427,1.37636,-0.1131,0.78016,-0.17208,-0.02553,-1.14134,-0.61532,0.039,0.75389,-3.81248,0.00086,0.00118,0.94883,0.36089,-0.18883,0.06682,0.00162,0.04151,0.01212,-0.50033,-0.69326,-0.47296,0.60064,0.13083,0.04006,0.60049,-0.92893,-0.32533,0.67426,-1.86382,-0.44957,-0.11615,0.5231
30.9,-4.88162,1.01155,-0.17199,0.689,-0.16617,-0.02562,-1.12608,-0.56509,0.02332,0.90187,-4.41815,0.00098,0.00134,1.12146,0.42947,-0.22264,0.11825,0.01225,-0.04549,-0.01192,-0.32278,-0.99971,-0.49372,1.16284,0.29085,0.05242,0.62597,-0.93186,-0.1892,0.74922,-1.89568,-0.46834,-0.16428,0.52283
30.92,-4.53632,0.60717,-0.23852,0.59944,-0.16031,-0.02556,-1.0503,-0.50486,0.01207,1.00648,-4.72416,0.00098,0.00133,1.3101,0.52224,-0.26218,0.17148,0.02151,-0.1226,-0.03023,-0.20045,-1.03719,-0.35731,1.81622,0.49774,0.06791,0.62591,-0.95374,-0.07076,0.73519,-1.89976,-0.48266,-0.19867,0.52469
30.94,-4.04242,0.17354,-0.30699,0.50675,-0.15337,-0.02518,-0.91857,-0.43919,0.00752,1.05387,-4.73435,0.0009,0.00122,1.48839,0.62539,-0.30069,0.22087,0.02697,-0.17381,-0.03751,-0.09499,-0.93884,-0.16178,2.52747,0.74674,0.08651,0.58674,-0.97616,0.03114,0.68478,-1.88335,-0.49203,-0.22071,0.52184
30.96,-3.39038,-0.27054,-0.37027,0.40839,-0.14489,-0.02434,-0.74189,-0.37182,0.01043,1.0397,-4.4976,0.00078,0.00105,1.62876,0.72404,-0.33106,0.26135,0.02675,-0.19266,-0.03665,-0.0102,-0.91773,-0.05498,3.08116,0.99008,0.10631,0.49959,-0.98826,0.11969,0.63235,-1.85623,-0.49643,-0.23358,0.50977
30.98,-2.59871,-0.69856,-0.42067,0.30827,-0.13627,-0.02312,-0.53313,-0.30433,0.01971,0.97171,-4.05293,0.00066,0.00089,1.72179,0.81275,-0.3511,0.28809,0.0203,-0.17711,-0.02909,0.01644,-1.06164,-0.04373,3.45126,1.2272,0.12888,0.3762,-0.99795,0.1974,0.57788,-1.81966,-0.49495,-0.23824,0.48989
31,-1.67811,-1.08705,-0.44788,0.21101,-0.12898,-0.02164,-0.3244,-0.24821,0.03366,0.86398,-3.52428,0.00053,0.00076,1.76922,0.88122,-0.35798,0.29672,0.00783,-0.13155,-0.01933,-0.0438,-1.43931,-0.14775,3.67678,1.43598,0.15264,0.21223,-0.99513,0.26174,0.5243,-1.76914,-0.48754,-0.23535,0.45707
31.02,-0.67212,-1.4225,-0.44315,0.11991,-0.12416,-0.01999,-0.13875,-0.21215,0.05234,0.73455,-3.03837,0.00043,0.00068,1.77871,0.91955,-0.34974,0.28396,-0.00944,-0.06305,-0.01003,-0.13861,-2.0515,-0.3729,3.83141,1.58711,0.17446,0.03693,-0.96657,0.30937,0.47451,-1.69697,-0.47436,-0.22537,0.40896
31.04,0.3532,-1.691,-0.40556,0.03608,-0.12271,-0.01825,0.0169,-0.19247,0.07352,0.602,-2.64079,0.00035,0.00068,1.73992,0.92786,-0.3257,0.2483,-0.02958,0.0215,0.00029,-0.21182,-2.81541,-0.67482,3.8187,1.68774,0.1955,-0.10318,-0.91654,0.35188,0.43196,-1.60748,-0.4553,-0.21013,0.35501
31.06,1.35896,-1.88325,-0.33498,-0.03847,-0.12506,-0.01646,0.13297,-0.18732,0.09295,0.4786,-2.36682,0.00028,0.00078,1.64583,0.90739,-0.28584,0.19076,-0.05086,0.11394,0.01151,-0.27032,-3.63741,-0.98711,3.55574,1.7436,0.21617,-0.20065,-0.84709,0.40226,0.39979,-1.50645,-0.43042,-0.19142,0.30126
31.08,2.31553,-2.00305,-0.23091,-0.10182,-0.1309,-0.01462,0.20673,-0.19801,0.10952,0.37032,-2.24641,0.00024,0.00097,1.50698,0.85808,-0.23154,0.11482,-0.07159,0.2048,0.02232,-0.32519,-4.42363,-1.25592,3.13297,1.75425,0.23388,-0.25506,-0.7548,0.46451,0.37945,-1.39095,-0.40005,-0.16968,0.24862
31.1,3.17097,-2.05678,-0.09746,-0.15234,-0.14018,-0.01278,0.24319,-0.22098,0.1211,0.28,-2.2626,0.00022,0.00125,1.32574,0.78177,-0.16489,0.02554,-0.08905,0.28486,0.03301,-0.29876,-5.04811,-1.40026,2.55495,1.71054,0.24712,-0.27275,-0.64419,0.52632,0.37,-1.27102,-0.36558,-0.14758,0.19791
31.12,3.85278,-2.0439,0.05514,-0.18806,-0.15246,-0.01095,0.25107,-0.25046,0.12549,0.20827,-2.37446,0.0002,0.00162,1.10635,0.68275,-0.08916,-0.0712,-0.09984,0.34707,0.04602,-0.07014,-5.42153,-1.35685,1.86439,1.60744,0.25447,-0.26441,-0.52317,0.57169,0.37122,-1.15484,-0.32849,-0.1273,0.15122
31.14,4.33591,-1.96447,0.21168,-0.20835,-0.16595,-0.00898,0.23979,-0.2829,0.1235,0.15435,-2.54632,0.00018,0.00205,0.85792,0.56763,-0.00846,-0.17031,-0.1042,0.38369,0.05836,0.22683,-5.54709,-1.17044,1.19582,1.45987,0.2523,-0.23659,-0.39743,0.60782,0.38859,-1.03471,-0.28915,-0.10798,0.11232
31.16,4.62415,-1.82855,0.35426,-0.21341,-0.17925,-0.00675,0.21716,-0.31539,0.1167,0.11707,-2.74005,0.00015,0.00249,0.58591,0.44123,0.07388,-0.26824,-0.10396,0.39046,0.06597,0.4388,-5.43853,-0.89748,0.616,1.281,0.23762,-0.19806,-0.27244,0.6425,0.42543,-0.90638,-0.24818,-0.08928,0.08302
31.18,4.70456,-1.64562,0.46145,-0.20327,-0.19166,-0.00416,0.19002,-0.34559,0.10747,0.09532,-2.91178,9e-05,0.00288,0.29387,0.30669,0.15378,-0.36162,-0.09964,0.37115,0.07009,0.62514,-5.0925,-0.57593,0.12992,1.07797,0.20905,-0.15914,-0.15524,0.66862,0.47838,-0.77126,-0.20696,-0.07198,0.06339
31.2,4.57438,-1.43958,0.523,-0.17858,-0.20199,-0.00109,0.16298,-0.36386,0.09378,0.0885,-3.0135,-2e-05,0.00313,-0.01685,0.16919,0.22954,-0.44648,-0.09457,0.33138,0.0695,0.72489,-4.58802,-0.26981,-0.26944,0.84484,0.16558,-0.13465,-0.05637,0.67137,0.54727,-0.63799,-0.16801,-0.05707,0.05337
31.22,4.23513,-1.23517,0.54731,-0.14023,-0.20965,0.00253,0.1393,-0.35778,0.07265,0.09626,-2.99894,-0.00018,0.00312,-0.32855,0.03117,0.3051,-0.51873,-0.09244,0.27914,0.06428,0.69186,-4.02748,-0.02598,-0.55917,0.59003,0.10813,-0.13778,0.02341,0.64172,0.63303,-0.51321,-0.13376,-0.0452,0.05263
31.24,3.69955,-1.02945,0.53396,-0.08893,-0.21463,0.00671,0.12137,-0.33317,0.05005,0.11814,-2.84655,-0.00042,0.00269,-0.62692,-0.10846,0.37639,-0.57594,-0.09364,0.22521,0.06014,0.65995,-3.43038,0.14124,-0.74971,0.34599,0.0376,-0.1727,0.08994,0.5833,0.72731,-0.39243,-0.10562,-0.03609,0.06043
31.26,2.98782,-0.81472,0.48396,-0.02679,-0.21686,0.01142,0.11071,-0.29735,0.03076,0.15299,-2.54992,-0.00074,0.00163,-0.91438,-0.24859,0.43719,-0.6168,-0.09863,0.17659,0.06077,0.73376,-2.80903,0.22418,-0.90014,0.12756,-0.04277,-0.2394,0.14407,0.4958,0.81922,-0.27423,-0.08502,-0.02959,0.07539
31.28,2.12641,-0.5869,0.41436,0.04231,-0.2165,0.01637,0.10889,-0.2487,0.01388,0.19858,-2.11099,-0.00116,-0.00027,-1.19163,-0.38778,0.48911,-0.63969,-0.10862,0.13621,0.0668,0.95231,-2.19477,0.22097,-1.0471,-0.06246,-0.12945,-0.3395,0.18514,0.37458,0.89929,-0.16189,-0.07364,-0.02578,0.09522
31.3,1.18395,-0.34075,0.33615,0.1126,-0.21316,0.02126,0.11647,-0.19795,0.00262,0.25147,-1.56136,-0.00168,-0.00327,-1.43798,-0.51862,0.52305,-0.649,-0.1237,0.10572,0.07982,1.10824,-1.68828,0.16676,-1.19262,-0.21804,-0.21017,-0.44787,0.22937,0.21827,0.96127,-0.059,-0.07298,-0.02445,0.11718
31.32,0.21728,-0.06531,0.25465,0.17639,-0.20605,0.02573,0.13368,-0.15242,-0.00129,0.30775,-0.93407,-0.00227,-0.00757,-1.61717,-0.62736,0.52744,-0.64962,-0.14349,0.0853,0.101,1.04105,-1.3532,0.12234,-1.31715,-0.32936,-0.25671,-0.51241,0.30993,0.03878,0.99986,0.03307,-0.08437,-0.02534,0.13831
31.34,-0.73807,0.24905,0.17257,0.22853,-0.19545,0.02904,0.16311,-0.10497,-0.00171,0.36417,-0.24581,-0.00293,-0.01336,-1.73096,-0.70849,0.50603,-0.63609,-0.16588,0.07388,0.13007,0.91977,-1.10471,0.07907,-1.4379,-0.39528,-0.26918,-0.53293,0.42493,-0.13974,0.99558,0.11532,-0.1085,-0.02824,0.15445
31.36,-1.62848,0.59303,0.09112,0.2673,-0.1818,0.03062,0.20742,-0.05322,-0.00082,0.41908,0.48352,-0.00358,-0.02074,-1.78747,-0.76112,0.46142,-0.60397,-0.18796,0.0697,0.1649,0.80632,-0.88284,0.01411,-1.56907,-0.42276,-0.26271,-0.52914,0.55934,-0.29373,0.93378,0.1898,-0.14516,-0.03297,0.16099
31.38,-2.40045,0.94326,0.01296,0.29144,-0.16491,0.03057,0.26639,0.0017,0.00035,0.47264,1.23109,-0.00416,-0.02965,-1.77033,-0.78289,0.39009,-0.55423,-0.20904,0.07031,0.19786,0.62479,-0.69168,-0.05344,-1.68819,-0.4171,-0.23596,-0.49331,0.71826,-0.39937,0.8172,0.26332,-0.19336,-0.03939,0.15371
31.4,-3.0292,1.25537,-0.0603,0.30498,-0.1443,0.02891,0.33985,0.06113,-0.00025,0.52598,1.97634,-0.00453,-0.03978,-1.68588,-0.77394,0.2912,-0.48594,-0.22042,0.07269,0.231,0.32754,-0.52651,-0.11523,-1.75592,-0.39061,-0.2042,-0.44658,0.91778,-0.42581,0.64301,0.34235,-0.24982,-0.0471,0.12735
31.42,-3.52275,1.47699,-0.12348,0.31451,-0.12002,0.02586,0.42835,0.1264,-0.00514,0.5806,2.70342,-0.00456,-0.05048,-1.54252,-0.73758,0.1681,-0.39923,-0.21044,0.07373,0.2714,-0.04444,-0.38202,-0.16385,-1.73706,-0.35607,-0.18336,-0.41414,1.17886,-0.34425,0.42135,0.42991,-0.30944,-0.05555,0.07641
31.44,-3.84884,1.58322,-0.17076,0.31912,-0.0931,0.02236,0.53209,0.20005,-0.01696,0.63821,3.38813,-0.00404,-0.06072,-1.32791,-0.68138,0.02575,-0.29764,-0.1868,0.07095,0.29513,-0.41006,-0.24186,-0.19278,-1.64449,-0.3172,-0.16542,-0.38502,1.48404,-0.15149,0.18186,0.53396,-0.36842,-0.06466,-0.00417
31.46,-3.97433,1.56632,-0.20027,0.31696,-0.06411,0.01908,0.65599,0.28508,-0.0371,0.69964,4.00144,-0.00273,-0.06909,-1.03301,-0.6135,-0.13294,-0.18525,-0.15673,0.06312,0.28249,-0.75284,-0.09604,-0.20105,-1.4932,-0.27715,-0.14564,-0.35257,1.80325,0.13793,-0.04906,0.65957,-0.42354,-0.07455,-0.11999
31.48,-3.91767,1.42847,-0.21152,0.30993,-0.03335,0.01625,0.81374,0.38183,-0.06557,0.76367,4.5172,-0.00036,-0.07374,-0.65305,-0.54098,-0.30567,-0.06766,-0.11757,0.05051,0.24047,-1.05998,0.04052,-0.18777,-1.27979,-0.24029,-0.12837,-0.32415,2.12493,0.49948,-0.2533,0.79687,-0.47088,-0.08516,-0.27646
31.5,-3.69979,1.19415,-0.20551,0.29687,-0.00134,0.01395,1.02415,0.49578,-0.10537,0.82706,4.91787,0.00333,-0.07176,-0.18229,-0.46885,-0.48742,0.0465,-0.07615,0.03464,0.16453,-1.30284,0.1611,-0.16162,-1.02642,-0.20794,-0.11337,-0.29919,2.44348,0.9467,-0.39457,0.94059,-0.50211,-0.09591,-0.47581
31.52,-3.3441,0.90463,-0.18355,0.27597,0.03089,0.01218,1.31066,0.63538,-0.16054,0.88483,5.19193,0.00847,-0.06063,0.39208,-0.40297,-0.67109,0.14709,-0.03434,0.01781,0.06904,-1.44628,0.25446,-0.13125,-0.75527,-0.18037,-0.09969,-0.2757,2.77047,1.48809,-0.38822,1.08875,-0.50739,-0.10604,-0.71941
31.54,-2.87474,0.59975,-0.14871,0.2484,0.06221,0.01101,1.71098,0.79813,-0.2292,0.93126,5.30056,0.01483,-0.04082,1.08876,-0.35172,-0.85313,0.22464,0.01162,0.00237,-0.0141,-1.49475,0.28943,-0.0991,-0.47463,-0.1582,-0.08834,-0.25572,3.08607,2.04927,-0.20185,1.21645,-0.48815,-0.11557,-0.99851
31.56,-2.31818,0.3188,-0.10437,0.21562,0.09153,0.0104,2.26553,0.97369,-0.30522,0.96138,5.22114,0.02172,-0.01474,1.92664,-0.32025,-1.03255,0.27212,0.05668,-0.00989,-0.07547,-1.47528,0.25216,-0.07004,-0.19971,-0.14175,-0.07931,-0.23967,3.3696,2.55275,0.12512,1.28778,-0.44805,-0.1247,-1.2987
31.58,-1.70585,0.10558,-0.05368,0.17883,0.11759,0.01015,2.99688,1.14302,-0.37894,0.97142,4.97907,0.02788,0.01336,2.91685,-0.30988,-1.20707,0.28502,0.09354,-0.01764,-0.11454,-1.39471,0.15134,-0.04888,0.04791,-0.13136,-0.07197,-0.22662,3.63156,2.94343,0.50824,1.26503,-0.38705,-0.13337,-1.63995
31.6,-1.06078,-0.00832,-0.00158,0.13936,0.13724,0.00998,3.95197,1.33978,-0.47232,0.95559,4.5898,0.0315,0.0371,4.09288,-0.31844,-1.3747,0.26014,0.11732,-0.01992,-0.12948,-1.24248,0.00534,-0.03686,0.24859,-0.12802,-0.06586,-0.2148,3.82999,3.29097,1.08339,1.17424,-0.31383,-0.13999,-1.87434
31.62,-0.4025,-0.01545,0.05027,0.09901,0.14551,0.00955,5.18894,1.63311,-0.62107,0.907,4.08526,0.03043,0.05018,5.5112,-0.34248,-1.53355,0.19509,0.1265,-0.01637,-0.11819,-1.00774,-0.15539,-0.03314,0.39766,-0.13284,-0.06054,-0.20233,3.94816,3.66148,2.1061,1.08363,-0.23528,-0.1422,-1.74456
31.64,0.26332,0.06968,0.10023,0.06041,0.14174,0.00879,6.69641,1.98115,-0.80104,0.82061,3.54024,0.02237,0.04618,7.1642,-0.38236,-1.68131,0.08774,0.1178,-0.00781,-0.09098,-0.74244,-0.30494,-0.03579,0.48641,-0.14609,-0.05564,-0.18893,3.92186,3.92048,3.22283,0.95971,-0.15009,-0.14004,-1.39995
31.66,0.94944,0.21565,0.14335,0.02529,0.1282,0.00781,8.42749,2.3183,-0.97962,0.68902,3.01292,0.00516,0.02087,9.00335,-0.43999,-1.815,-0.06479,0.09231,0.00361,-0.05915,-0.48919,-0.43323,-0.04271,0.50688,-0.16723,-0.05086,-0.17462,3.62459,4.00034,4.03203,0.77715,-0.05993,-0.13402,-1.02702
31.68,1.67965,0.38109,0.17586,-0.00544,0.10048,0.00671,10.3201,2.64946,-1.15598,0.5009,2.54044,-0.0231,-0.02638,10.97071,-0.51618,-1.92916,-0.26653,0.05911,0.01417,-0.02742,-0.24048,-0.53949,-0.0522,0.46975,-0.19513,-0.04608,-0.15926,2.97772,3.9487,4.53825,0.59379,0.03089,-0.12328,-0.5805
31.7,2.45803,0.53,0.19344,-0.03074,0.0654,0.00552,12.42291,2.99799,-1.35282,0.24273,2.15548,-0.06381,-0.09296,13.11724,-0.60745,-2.02516,-0.51917,0.02467,0.01869,-0.00603,-0.06438,-0.62341,-0.06239,0.38874,-0.22652,-0.04067,-0.13933,1.88189,3.79576,4.67763,0.43032,0.11872,-0.10735,-0.19394
31.72,3.26103,0.64028,0.18828,-0.05198,0.03148,0.00425,14.81544,3.39075,-1.59442,-0.09317,1.88699,-0.11729,-0.17127,15.53116,-0.70728,-2.10498,-0.8162,0.00054,0.01133,0.00512,-0.00219,-0.68551,-0.07152,0.28105,-0.25697,-0.0339,-0.11066,0.4193,3.57689,4.45398,0.29825,0.20199,-0.08638,0.00681
31.74,4.11161,0.69216,0.15491,-0.07084,0.00128,0.00318,17.31625,3.7761,-1.85235,-0.50465,1.76027,-0.18319,-0.25259,18.02681,-0.8181,-2.15572,-1.15389,-0.0057,-0.01287,0.00274,0.01903,-0.73544,-0.07986,0.16587,-0.28434,-0.02649,-0.07653,-1.19694,3.31126,3.99633,0.20509,0.27812,-0.06254,0.13153
31.76,5.0455,0.67811,0.09205,-0.08833,-0.02295,0.00254,19.68631,4.09305,-2.09112,-0.98597,1.77458,-0.26041,-0.32987,20.36531,-0.94599,-2.16451,-1.53365,0.00221,-0.05698,-0.02229,0.03769,-0.78339,-0.08864,0.05591,-0.30756,-0.01913,-0.04084,-2.85045,3.00424,3.41278,0.13561,0.344,-0.0383,0.24676
31.78,6.03284,0.61018,-0.00179,-0.10552,-0.04124,0.00231,21.7263,4.33601,-2.29122,-1.52274,1.89659,-0.3463,-0.40061,22.39202,-1.09161,-2.12254,-1.94728,0.01859,-0.12168,-0.07419,0.04562,-0.83504,-0.09878,-0.04101,-0.32506,-0.01169,-0.00429,-4.44656,2.66831,2.81508,0.06926,0.39971,-0.0146,0.33028
31.8,7.08146,0.4992,-0.12525,-0.12419,-0.05351,0.00247,23.66322,4.42706,-2.47493,-2.07902,2.08745,-0.43426,-0.4413,24.22779,-1.23921,-2.03125,-2.36492,0.03908,-0.20467,-0.14042,0.03715,-0.88541,-0.11107,-0.11955,-0.33568,-0.00533,0.03168,-5.84983,2.34532,2.2454,-0.01676,0.4459,0.00416,0.36272
31.82,8.19137,0.36683,-0.27884,-0.14626,-0.06042,0.00298,25.78743,4.29551,-2.66074,-2.5899,2.31075,-0.51529,-0.41419,26.00974,-1.36083,-1.88506,-2.72557,0.06735,-0.30093,-0.17108,0.01652,-0.92711,-0.12621,-0.17685,-0.33855,-0.00097,0.06611,-6.92182,2.07384,1.73702,-0.11862,0.48338,0.0147,0.34065
31.84,9.18089,0.24224,-0.45606,-0.16705,-0.0627,0.00386,27.4656,3.93818,-2.74878,-3.01412,2.52101,-0.58548,-0.34673,27.25161,-1.45451,-1.66472,-2.99472,0.09834,-0.40452,-0.15887,-0.00066,-0.96794,-0.1447,-0.21277,-0.33392,0.00201,0.09335,-7.64571,1.83465,1.34735,-0.22967,0.51316,0.02024,0.29581
31.86,9.8654,0.14024,-0.6353,-0.18154,-0.06047,0.00512,28.18661,3.38076,-2.67982,-3.33019,2.69846,-0.64248,-0.27543,27.58338,-1.52085,-1.37336,-3.15927,0.12046,-0.50906,-0.13007,-0.00983,-1.01243,-0.16635,-0.22994,-0.32259,0.00401,0.10894,-8.05613,1.60794,1.08577,-0.36043,0.53529,0.02325,0.24855
31.88,10.14153,0.06834,-0.79342,-0.18902,-0.05484,0.00665,28.0124,2.67492,-2.48465,-3.48317,2.87273,-0.6826,-0.19539,27.06096,-1.53802,-1.0257,-3.17334,0.13181,-0.60723,-0.08153,-0.01461,-1.05144,-0.19024,-0.23293,-0.30517,0.00496,0.11305,-8.1422,1.38908,0.92513,-0.51365,0.54891,0.02385,0.19909
31.9,9.91338,0.03028,-0.91945,-0.17857,-0.04425,0.00852,26.97018,1.74953,-2.14411,-3.47595,3.07865,-0.69932,-0.13738,25.74822,-1.49719,-0.67637,-3.04332,0.12894,-0.68616,-0.03633,-0.01624,-1.05729,-0.20896,-0.23003,-0.28384,0.00392,0.09534,-7.90183,1.12713,0.75219,-0.68255,0.55376,0.02184,0.14582
31.92,9.14809,0.02185,-1.00394,-0.14401,-0.02564,0.01082,25.14259,0.71552,-1.69344,-3.32962,3.34838,-0.68562,-0.11897,23.7533,-1.39575,-0.38427,-2.7942,0.11091,-0.73039,-0.01779,-0.01486,-0.98938,-0.2112,-0.23093,-0.26085,0.00135,0.05563,-7.33041,0.77477,0.5162,-0.84917,0.54948,0.01769,0.09274
31.94,7.87629,0.0286,-1.0271,-0.09485,-0.00111,0.01317,22.65041,-0.15825,-1.24369,-2.99541,3.73253,-0.64569,-0.10565,21.21635,-1.23104,-0.1512,-2.40519,0.08448,-0.73864,-0.00963,-0.00926,-0.82842,-0.19581,-0.24199,-0.23631,-0.00098,0.0082,-6.49764,0.33575,0.29186,-1.00836,0.53227,0.01325,0.04911
31.96,6.20568,0.02616,-0.98157,-0.03694,0.02672,0.01514,19.70711,-0.8389,-0.8561,-2.4633,4.24171,-0.58652,-0.08274,18.34567,-1.00785,0.01927,-1.88533,0.05438,-0.71594,-0.00102,0.00387,-0.56159,-0.16513,-0.26851,-0.21015,-0.0026,-0.04165,-5.4968,-0.17362,0.09968,-1.16373,0.49928,0.00944,0.01674
31.98,4.26541,-0.01437,-0.87241,0.02757,0.0537,0.01646,16.56596,-1.35297,-0.54269,-1.77628,4.80441,-0.51196,-0.05701,15.37743,-0.7323,0.11619,-1.27382,0.02285,-0.66358,0.00641,0.02835,-0.16726,-0.11755,-0.31523,-0.18271,-0.00381,-0.09552,-4.35782,-0.7505,-0.08103,-1.31175,0.4509,0.00616,-0.00643
32,2.38447,-0.10741,-0.71535,0.08984,0.07657,0.01673,13.49752,-1.71681,-0.31483,-1.06269,5.35758,-0.43683,-0.0323,12.53569,-0.46152,0.13126,-0.69758,-0.00787,-0.59501,0.00809,0.06719,0.36866,-0.05217,-0.38236,-0.15383,-0.00307,-0.14149,-3.31167,-1.31249,-0.24533,-1.43131,0.38584,0.00342,-0.02181
32.02,0.91944,-0.2352,-0.53511,0.12863,0.09294,0.01562,10.80503,-1.94208,-0.17217,-0.46432,5.84236,-0.37533,-0.01045,10.0518,-0.24515,0.08813,-0.28345,-0.03486,-0.52471,0.00283,0.12315,1.04067,0.02835,-0.46713,-0.12352,0.00341,-0.14576,-2.5501,-1.61867,-0.34537,-1.50374,0.30438,0.00123,-0.03087
32.04,-0.10109,-0.3724,-0.34338,0.12972,0.10509,0.0131,8.57532,-2.046,-0.09157,0.01091,6.09751,-0.3268,0.00809,8.00289,-0.05824,0.03693,-0.00859,-0.05614,-0.45275,-0.00194,0.19675,1.78812,0.1111,-0.56604,-0.09282,0.01485,-0.10974,-1.92193,-1.66214,-0.38324,-1.55934,0.21007,-0.00046,-0.0352
32.06,-0.74939,-0.48684,-0.16026,0.09273,0.11398,0.00926,6.74069,-2.05301,-0.04752,0.37578,5.98728,-0.28974,0.02149,6.33241,0.11397,0.00242,0.16468,-0.0717,-0.37895,-0.00349,0.28512,2.53271,0.18351,-0.67254,-0.06364,0.02818,-0.05594,-1.33077,-1.58828,-0.39421,-1.62566,0.10498,-0.00175,-0.03657
32.08,-1.06581,-0.53695,-0.01835,0.02203,0.11723,0.00443,5.22432,-1.96416,-0.02304,0.61388,5.48428,-0.26546,0.02882,4.96049,0.25454,-0.00771,0.24118,-0.08144,-0.30701,-0.00371,0.38315,3.21936,0.2384,-0.77768,-0.03897,0.04291,0.01478,-0.8158,-1.38772,-0.37428,-1.70564,-0.01005,-0.00273,-0.03652
32.1,-1.0039,-0.51309,0.0545,-0.10301,0.11581,-0.00079,4.00916,-1.81793,-0.00847,0.67954,4.55135,-0.25221,0.03005,3.84514,0.3495,0.00584,0.18727,-0.08607,-0.24257,-0.00342,0.48555,3.75668,0.25915,-0.86017,-0.02329,0.05954,0.1066,-0.37635,-1.13388,-0.33945,-1.80459,-0.13277,-0.00351,-0.037
32.12,-0.65791,-0.4271,0.03705,-0.30828,0.10932,-0.00553,3.02507,-1.64076,0.00468,0.57483,3.20554,-0.24685,0.02589,2.93509,0.39665,0.0359,0.01188,-0.0864,-0.18849,-0.00285,0.58682,4.07953,0.23625,-0.89293,-0.02148,0.07883,0.22488,-0.01167,-0.90922,-0.30637,-1.92607,-0.25734,-0.00422,-0.03991
32.14,-0.32484,-0.30186,-0.06648,-0.52137,0.09187,-0.00899,2.10159,-1.40631,0.02019,0.41596,1.54283,-0.24521,0.0183,2.16036,0.40796,0.07372,-0.16727,-0.08213,-0.14225,-0.00196,0.67751,4.20212,0.17683,-0.87522,-0.03821,0.09738,0.35216,0.29101,-0.69488,-0.26636,-2.06434,-0.3794,-0.00488,-0.04557
32.16,-0.1154,-0.17763,-0.22794,-0.70857,0.06096,-0.01071,1.18596,-1.10921,0.03609,0.27595,-0.3457,-0.24333,0.00914,1.52563,0.39759,0.11202,-0.29222,-0.07286,-0.10372,-0.00087,0.75107,4.14604,0.08656,-0.81719,-0.07743,0.11145,0.46756,0.54524,-0.4825,-0.2175,-2.21072,-0.49766,-0.00545,-0.05348
32.18,-0.00017,-0.09417,-0.40998,-0.89217,0.0183,-0.01054,0.30771,-0.77012,0.05074,0.16124,-2.36391,-0.23889,-0.00017,1.06673,0.3757,0.14477,-0.37884,-0.05837,-0.07484,0.00026,0.80862,3.93035,-0.03005,-0.72646,-0.14207,0.12022,0.56747,0.72966,-0.27769,-0.16571,-2.35774,-0.61002,-0.00622,-0.06333
32.2,0.05061,-0.07803,-0.58409,-1.05313,-0.03263,-0.00896,-0.4944,-0.4191,0.0637,0.07866,-4.34375,-0.23096,-0.0085,0.80302,0.35874,0.17053,-0.43318,-0.03836,-0.05649,0.00139,0.86019,3.54468,-0.16084,-0.63255,-0.23298,0.12151,0.64173,0.85159,-0.11759,-0.12027,-2.45477,-0.70673,-0.0064,-0.07126
32.22,0.06895,-0.13999,-0.73087,-1.16899,-0.09164,-0.00658,-1.16973,-0.07824,0.07545,0.02854,-6.01743,-0.21924,-0.01464,0.73576,0.36171,0.19176,-0.46448,-0.01249,-0.04907,0.00251,0.91779,3.01463,-0.28387,-0.56452,-0.34901,0.11451,0.68599,0.92807,-0.02447,-0.08631,-2.43554,-0.77354,-0.00463,-0.07159
32.24,0.08029,-0.27696,-0.82628,-1.27027,-0.15755,-0.00353,-1.67759,0.23853,0.08573,0.00555,-7.25362,-0.20292,-0.01844,0.8464,0.39273,0.20467,-0.49077,0.01942,-0.05226,0.00365,0.98251,2.43184,-0.38551,-0.52845,-0.4858,0.09901,0.69463,0.92291,0.03846,-0.05975,-2.30775,-0.81209,-0.00209,-0.06574
32.26,0.09978,-0.47303,-0.86016,-1.37918,-0.22555,-0.00015,-2.00352,0.51186,0.09442,0,-8.03574,-0.18191,-0.02058,1.09703,0.45349,0.20593,-0.5209,0.05729,-0.06489,0.0049,1.04751,1.8439,-0.46198,-0.52487,-0.6359,0.0759,0.66819,0.80942,0.0934,-0.03834,-2.09566,-0.8281,-6e-05,-0.05665
32.28,0.13125,-0.70218,-0.83947,-1.44833,-0.29161,0.00313,-2.15839,0.72884,0.10245,0.00235,-8.30946,-0.15741,-0.02136,1.43395,0.53693,0.19824,-0.55251,0.10004,-0.08503,0.00622,1.09976,1.256,-0.51052,-0.5523,-0.79631,0.0478,0.6248,0.59977,0.136,-0.02241,-1.79855,-0.81964,0.00192,-0.04471
32.3,0.16848,-0.93114,-0.77793,-1.4379,-0.35573,0.00608,-2.17393,0.88396,0.10997,0.00605,-8.06594,-0.13168,-0.02111,1.79641,0.63148,0.18014,-0.57921,0.14696,-0.10962,0.00764,1.15678,0.66919,-0.52907,-0.60461,-0.92524,0.01527,0.54495,0.35907,0.14504,-0.01124,-1.41621,-0.78887,0.00283,-0.03477
32.32,0.19996,-1.12578,-0.69104,-1.39097,-0.3879,0.00863,-2.09399,0.97713,0.11665,0.0073,-7.31781,-0.10713,-0.01998,2.1261,0.72464,0.15161,-0.5926,0.19876,-0.13489,0.0092,1.25126,0.0946,-0.51985,-0.67839,-0.95663,-0.01375,0.42993,0.1769,0.11774,-0.00353,-0.94725,-0.73843,0.00203,-0.03064
32.34,0.2142,-1.25778,-0.58974,-1.33896,-0.40163,0.01063,-1.96495,1.01008,0.12274,0.00532,-6.12557,-0.08534,-0.01779,2.37419,0.7988,0.1194,-0.58481,0.25247,-0.15837,0.01079,1.35284,-0.45395,-0.4931,-0.76113,-0.91694,-0.03186,0.34049,0.04173,0.07807,0.0014,-0.4729,-0.67099,0.00099,-0.03143
32.36,0.20362,-1.30897,-0.48327,-1.30461,-0.4104,0.01191,-1.82599,0.98762,0.12844,0.0004,-4.57573,-0.06747,-0.0143,2.51195,0.84095,0.08746,-0.55315,0.30399,-0.17872,0.01229,1.42602,-0.97977,-0.45789,-0.84075,-0.8441,-0.04033,0.29716,-0.04757,0.03371,0.00404,-0.07249,-0.59015,0.00041,-0.03725
32.38,0.16617,-1.27245,-0.38046,-1.28981,-0.41595,0.01254,-1.70513,0.92082,0.1335,-0.00694,-2.77011,-0.05427,-0.00945,2.53208,0.84946,0.05689,-0.49936,0.35241,-0.19474,0.01366,1.47316,-1.48807,-0.4195,-0.9289,-0.72904,-0.04008,0.27918,-0.04331,-0.01628,0.00425,0.24506,-0.49871,-0.00017,-0.0493
32.4,0.10972,-1.15228,-0.28817,-1.29477,-0.41982,0.01262,-1.62271,0.82004,0.13783,-0.01608,-0.90369,-0.04586,-0.00354,2.44111,0.82566,0.02908,-0.43096,0.39705,-0.20583,0.01492,1.51043,-1.97125,-0.37116,-0.98217,-0.60878,-0.03509,0.28558,-0.02879,-0.06258,0.00532,0.3526,-0.40764,-0.00047,-0.06424
32.42,0.04199,-0.96068,-0.20931,-1.3194,-0.42351,0.01227,-1.59093,0.69606,0.14147,-0.02679,0.91038,-0.04198,0.00313,2.25449,0.77376,0.00588,-0.35725,0.4373,-0.2117,0.01603,1.56012,-2.40717,-0.30642,-0.92064,-0.51178,-0.02921,0.32147,-0.03177,-0.07409,0.01473,0.2339,-0.32482,-9e-05,-0.07483
32.44,-0.03415,-0.71665,-0.14211,-1.37036,-0.42586,0.01157,-1.61391,0.56219,0.14437,-0.03895,2.60491,-0.04218,0.01017,1.99202,0.70227,-0.01116,-0.2836,0.47204,-0.21243,0.01696,1.58424,-2.78572,-0.23958,-0.78895,-0.41413,-0.02174,0.35891,0.01221,-0.02642,0.03166,0.067,-0.24664,0.00058,-0.07894
32.46,-0.1113,-0.44776,-0.08379,-1.45191,-0.42577,0.0105,-1.69085,0.4286,0.14667,-0.05236,4.0545,-0.04578,0.01691,1.67189,0.61928,-0.02186,-0.21335,0.49961,-0.20832,0.01761,1.55405,-3.10342,-0.18055,-0.65196,-0.30764,-0.01303,0.37442,0.05787,0.09166,0.05133,-0.07825,-0.17194,0.00116,-0.07645
32.48,-0.17921,-0.18808,-0.03329,-1.55897,-0.42498,0.00899,-1.81667,0.30231,0.14849,-0.06629,5.18748,-0.05188,0.02274,1.31074,0.53072,-0.02678,-0.14824,0.51878,-0.19941,0.01784,1.49671,-3.34043,-0.12861,-0.49444,-0.2029,-0.00447,0.3727,0.01733,0.30638,0.07537,-0.1906,-0.10254,0.00153,-0.06535
32.5,-0.24399,0.02578,0.00645,-1.68679,-0.41922,0.00684,-1.98534,0.18948,0.15024,-0.08096,5.96287,-0.05954,0.02723,0.92893,0.44336,-0.02707,-0.09677,0.52899,-0.18647,0.01783,1.35178,-3.47616,-0.09028,-0.35935,-0.10825,0.00335,0.34551,-0.13452,0.64015,0.10509,-0.21036,-0.03847,0.00145,-0.04453
32.52,-0.34135,0.17033,0.02947,-1.82946,-0.40287,0.00393,-2.19055,0.09546,0.15222,-0.09593,6.36555,-0.06785,0.03012,0.54345,0.36267,-0.02427,-0.06638,0.53001,-0.17014,0.01786,1.09282,-3.49409,-0.0682,-0.28662,-0.02616,0.00993,0.29252,-0.34905,1.10895,0.14562,-0.0265,0.02119,0.00051,-0.01481
32.54,-0.48434,0.23384,0.02995,-1.97663,-0.35382,0.00038,-2.41982,0.02348,0.15391,-0.10658,6.3906,-0.07604,0.03108,0.16198,0.28784,-0.01983,-0.0487,0.51905,-0.15009,0.01749,0.81947,-3.37931,-0.05512,-0.23778,0.04472,0.01508,0.24015,-0.67494,1.72855,0.20673,0.35301,0.07779,-0.00198,0.01854
32.56,-0.66039,0.21262,0.00247,-2.11846,-0.30186,-0.0035,-2.66022,-0.02709,0.15453,-0.10795,6.05912,-0.08369,0.03006,-0.2114,0.21768,-0.01503,-0.03606,0.49474,-0.12623,0.01637,0.57119,-3.13047,-0.04457,-0.18728,0.10223,0.01892,0.20197,-1.19394,2.49407,0.29629,0.84758,0.13235,-0.00645,0.05135
32.58,-0.86302,0.12045,-0.0541,-2.24911,-0.25225,-0.00726,-2.90167,-0.05961,0.15327,-0.09752,5.45792,-0.09068,0.02746,-0.57418,0.15315,-0.01088,-0.02813,0.45962,-0.09913,0.01471,0.33329,-2.76456,-0.03296,-0.13477,0.14564,0.02153,0.17618,-1.90239,3.37035,0.42076,1.43345,0.18574,-0.01362,0.07399
32.6,-1.12201,-0.01949,-0.13316,-2.35717,-0.20437,-0.0102,-3.12853,-0.07904,0.14974,-0.07544,4.65784,-0.09717,0.02375,-0.92426,0.09321,-0.00803,-0.02611,0.41279,-0.07029,0.01254,0.10649,-2.28235,-0.01563,-0.09514,0.17536,0.0231,0.16279,-2.62295,4.32595,0.59248,2.05864,0.2381,-0.02191,0.09546
32.62,-1.45021,-0.17005,-0.21992,-2.43256,-0.15958,-0.01154,-3.31952,-0.09159,0.14343,-0.04459,3.7633,-0.10342,0.01959,-1.26049,0.03974,-0.00688,-0.03178,0.3548,-0.0412,0.01002,-0.09741,-1.70406,0.01104,-0.06893,0.19219,0.02385,0.16026,-3.05245,5.29015,0.82025,2.64742,0.28742,-0.0263,0.15579
32.64,-1.74215,-0.28546,-0.2969,-2.47546,-0.11954,-0.01124,-3.4548,-0.10414,0.1324,-0.01051,2.94135,-0.1096,0.0158,-1.58296,-0.00269,-0.00764,-0.04118,0.29257,-0.01277,0.00755,-0.2614,-1.11939,0.04598,-0.03714,0.19825,0.02388,0.16288,-3.21781,6.12605,1.07497,3.10964,0.33089,-0.02619,0.24286
32.66,-1.91541,-0.33251,-0.35203,-2.48625,-0.08479,-0.00978,-3.51914,-0.12402,0.11508,0.01919,2.29153,-0.11582,0.0129,-1.89545,-0.03213,-0.01034,-0.04999,0.23017,0.01391,0.00535,-0.37912,-0.60129,0.08467,-0.00221,0.19558,0.02328,0.16664,-3.19119,6.73544,1.30673,3.37888,0.36325,-0.02346,0.32053
32.68,-1.96868,-0.29507,-0.37752,-2.46424,-0.05604,-0.00752,-3.50216,-0.15919,0.09109,0.03718,1.84462,-0.12215,0.01109,-2.20742,-0.04703,-0.01499,-0.05831,0.16812,0.03778,0.00351,-0.44799,-0.18076,0.12143,0.0266,0.18617,0.02223,0.17053,-2.83965,7.07395,1.47155,3.431,0.3728,-0.01838,0.38266
32.7,-1.87174,-0.18349,-0.37531,-2.40869,-0.0322,-0.00477,-3.39897,-0.21807,0.06047,0.0375,1.61578,-0.12831,0.01044,-2.52868,-0.04819,-0.02157,-0.06414,0.10635,0.05801,0.00196,-0.47436,0.10344,0.14995,0.0457,0.17144,0.02083,0.17337,-2.28912,7.16655,1.50655,3.25215,0.35708,-0.00906,0.41786
32.72,-1.62482,-0.02307,-0.35245,-2.32091,-0.01265,-0.00172,-3.21139,-0.30918,0.02405,0.01659,1.6013,-0.13387,0.01092,-2.86904,-0.03698,-0.03009,-0.0652,0.04601,0.07402,0.0007,-0.47137,0.24423,0.16521,0.05437,0.15278,0.01917,0.17441,-1.6823,7.07651,1.3698,2.87373,0.31493,0.00601,0.4164
32.74,-1.29754,0.15532,-0.31341,-2.21,0.00242,0.00136,-2.94915,-0.43783,-0.01709,-0.0258,1.78278,-0.13871,0.01248,-3.2405,-0.01439,-0.04083,-0.06127,-0.01099,0.08543,-0.00021,-0.44779,0.27811,0.1621,0.05501,0.13221,0.01738,0.17442,-1.01451,6.83116,1.07418,2.37055,0.21988,0.01631,0.34237
32.76,-0.947,0.3171,-0.26336,-2.08342,0.01385,0.00418,-2.62438,-0.60501,-0.06192,-0.0872,2.13642,-0.1428,0.01504,-3.65289,0.01575,-0.05433,-0.05121,-0.06443,0.09225,-0.0009,-0.41201,0.24144,0.13929,0.05046,0.11116,0.01555,0.17382,-0.37111,6.45045,0.65867,1.81035,0.05998,0.01458,0.17778
32.78,-0.60024,0.433,-0.20657,-1.94548,0.0256,0.00637,-2.25111,-0.81228,-0.10945,-0.16242,2.63057,-0.14598,0.01845,-4.10973,0.04551,-0.07148,-0.0333,-0.11466,0.09502,-0.0016,-0.37113,0.16034,0.10091,0.04304,0.09047,0.01371,0.17226,0.07814,5.92698,0.17825,1.23725,-0.15629,0.00025,-0.07139
32.8,-0.27257,0.49147,-0.15293,-1.80391,0.03342,0.00885,-1.85439,-1.03399,-0.15759,-0.24405,3.22987,-0.14812,0.02261,-4.60214,0.0691,-0.09138,-0.00675,-0.16026,0.09449,-0.00236,-0.33899,0.05258,0.05014,0.03854,0.07073,0.01189,0.16962,0.08949,5.4346,-0.30806,0.72162,-0.39769,-0.02558,-0.37461
32.82,0.0233,0.49523,-0.10582,-1.66824,0.0158,0.01282,-1.4601,-1.22093,-0.20295,-0.32414,3.89564,-0.14913,0.02739,-5.11413,0.09046,-0.11164,0.03062,-0.19796,0.09164,-0.00306,-0.32649,-0.05066,-0.00319,0.04264,0.05267,0.01013,0.16588,-0.26449,5.17369,-0.71915,0.30554,-0.56542,-0.03674,-0.55448
32.84,0.28341,0.43846,-0.05848,-1.54851,-0.01275,0.01725,-1.08556,-1.37433,-0.24465,-0.3945,4.5748,-0.14897,0.03243,-5.63595,0.09901,-0.13251,0.08183,-0.22808,0.08761,-0.00389,-0.32352,-0.12258,-0.04734,0.05278,0.03723,0.00848,0.16062,-0.7757,4.91912,-1.00428,-0.03763,-0.63484,-0.02579,-0.57072
32.86,0.51647,0.3305,-0.01315,-1.45068,-0.0266,0.02041,-0.74824,-1.51392,-0.28342,-0.44851,5.20646,-0.14767,0.03722,-6.15921,0.07525,-0.15508,0.14875,-0.25278,0.08364,-0.00515,-0.31911,-0.15947,-0.0793,0.06548,0.02488,0.00698,0.15392,-1.4164,4.47811,-1.16226,-0.31643,-0.63779,-0.00825,-0.51371
32.88,0.73214,0.20438,0.02308,-1.37846,-0.02685,0.0211,-0.46696,-1.63535,-0.31897,-0.48186,5.72202,-0.14526,0.0412,-6.66775,0.01199,-0.17936,0.23037,-0.27237,0.08109,-0.00675,-0.30954,-0.16039,-0.09847,0.08027,0.01575,0.00568,0.1467,-2.09011,3.88795,-1.20334,-0.54652,-0.56958,0.01593,-0.37845
32.9,0.91375,0.09581,0.0446,-1.33723,-0.01968,0.0208,-0.26038,-1.72122,-0.35027,-0.48903,6.07056,-0.14172,0.04385,-7.13391,-0.09022,-0.19765,0.33095,-0.28569,0.0813,-0.00872,-0.29463,-0.11066,-0.10429,0.09757,0.00999,0.00467,0.13985,-2.57103,3.0902,-1.15003,-0.74346,-0.47223,0.0327,-0.25057
32.92,1.02194,0.02993,0.048,-1.3317,-0.01252,0.02247,-0.14487,-1.74846,-0.37547,-0.46572,6.21673,-0.13701,0.04481,-7.52282,-0.22099,-0.19947,0.45708,-0.29094,0.08542,-0.01103,-0.27336,0.01619,-0.0964,0.11712,0.0077,0.00403,0.13441,-2.60853,2.1079,-1.04273,-0.88978,-0.38002,0.03061,-0.20705
32.94,1.06057,0.00808,0.03434,-1.36092,1e-05,0.02333,-0.13067,-1.73038,-0.394,-0.41743,6.07729,-0.13113,0.04352,-7.81361,-0.36811,-0.19022,0.59011,-0.28988,0.0944,-0.01333,-0.24073,0.21704,-0.07862,0.13522,0.0089,0.00385,0.13195,-2.28822,1.09668,-0.93289,-0.98951,-0.27702,0.0233,-0.18453
32.96,1.04911,0.00553,0.00963,-1.42269,0.0208,0.02106,-0.21996,-1.67214,-0.40468,-0.35434,5.61563,-0.12399,0.03986,-7.99632,-0.51183,-0.17484,0.7073,-0.2842,0.10846,-0.01525,-0.1974,0.47704,-0.05622,0.14914,0.01345,0.00415,0.13321,-1.79588,0.14926,-0.85032,-1.07227,-0.16305,0.01855,-0.14842
32.98,0.97805,-0.0157,-0.01797,-1.51521,0.04224,0.01814,-0.40702,-1.55286,-0.40339,-0.28453,4.90172,-0.11528,0.03453,-8.05834,-0.62268,-0.14993,0.79949,-0.27301,0.12664,-0.01658,-0.14876,0.79866,-0.03177,0.15841,0.021,0.00493,0.13766,-1.12406,-0.70608,-0.80025,-1.13698,-0.0524,0.01435,-0.11525
33,0.86432,-0.08587,-0.04024,-1.63367,0.06521,0.01402,-0.67942,-1.38583,-0.38643,-0.21802,3.99409,-0.10495,0.02801,-7.99986,-0.68124,-0.11864,0.85125,-0.25867,0.14757,-0.01717,-0.10157,1.17408,-0.00937,0.16294,0.03104,0.00614,0.14454,-0.48497,-1.42963,-0.75284,-1.14419,0.0466,0.01094,-0.08693
33.02,0.73386,-0.20875,-0.05335,-1.77145,0.09137,0.00837,-1.0207,-1.18186,-0.34965,-0.16213,3.00284,-0.09295,0.021,-7.82842,-0.67815,-0.08295,0.85308,-0.24368,0.1696,-0.01703,-0.062,1.58174,0.00789,0.16332,0.0431,0.00774,0.15277,-0.07453,-1.93182,-0.66994,-1.04772,0.12998,0.0084,-0.06333
33.04,0.58839,-0.36945,-0.06037,-1.91926,0.11389,0.00376,-1.41497,-0.93105,-0.28895,-0.11946,2.10386,-0.07892,0.01469,-7.54077,-0.61035,-0.04198,0.80888,-0.22657,0.19015,-0.01626,-0.03298,1.98481,0.02095,0.15859,0.05666,0.00963,0.16044,0.22894,-2.21189,-0.56894,-0.89836,0.19432,0.00628,-0.04466
33.06,0.42517,-0.5453,-0.06673,-2.06641,0.12875,0.00143,-1.8459,-0.64278,-0.20408,-0.08894,1.37657,-0.06267,0.00956,-7.13371,-0.48539,0.00151,0.72324,-0.2066,0.20663,-0.01499,-0.0149,2.3439,0.03105,0.14774,0.07128,0.01174,0.16575,0.51564,-2.33999,-0.46993,-0.74913,0.23566,0.00455,-0.02978
33.08,0.25053,-0.70798,-0.07716,-2.20219,0.1069,0.00118,-2.29058,-0.3422,-0.10011,-0.06676,0.81322,-0.04438,0.00544,-6.61179,-0.32058,0.04136,0.60152,-0.18471,0.21687,-0.01337,-0.00472,2.63299,0.03895,0.13127,0.08668,0.01399,0.16737,0.77625,-2.32306,-0.36416,-0.5875,0.25459,0.00316,-0.01861
33.1,0.09119,-0.83559,-0.09416,-2.30597,0.06722,0.00066,-2.71573,-0.05735,0.01128,-0.05552,0.37866,-0.02466,0.00214,-6.0007,-0.14198,0.0737,0.44991,-0.16066,0.21927,-0.01147,0.00412,2.81502,0.04542,0.10795,0.1025,0.01628,0.16399,0.92061,-2.22875,-0.27658,-0.45982,0.25207,0.00207,-0.01112
33.12,-0.06026,-0.91511,-0.11712,-2.35501,0.03017,-6e-05,-3.07982,0.19212,0.11899,-0.05637,0.01278,-0.0043,-0.00066,-5.32828,0.03001,0.10332,0.28,-0.13394,0.21258,-0.00935,0.01914,2.866,0.05123,0.07797,0.11794,0.01843,0.15458,0.89699,-2.13309,-0.22232,-0.40718,0.23042,0.00132,-0.00687
33.14,-0.2139,-0.94258,-0.14341,-2.34013,-0.00869,0.00075,-3.34351,0.39241,0.21169,-0.06246,-0.34214,0.01593,-0.0033,-4.59228,0.18301,0.12723,0.10638,-0.10487,0.19464,-0.00712,0.04569,2.8015,0.05729,0.04445,0.13188,0.02026,0.1383,0.83717,-2.00775,-0.17703,-0.38006,0.19543,0.00094,-0.00527
33.16,-0.34052,-0.92114,-0.16921,-2.2573,-0.04729,0.00233,-3.47803,0.53166,0.27807,-0.0719,-0.71521,0.03504,-0.00588,-3.78969,0.30593,0.13852,-0.06251,-0.07344,0.16476,-0.00487,0.08511,2.64019,0.06403,0.00953,0.1424,0.02145,0.11499,0.81365,-1.83149,-0.1313,-0.34644,0.15238,0.00092,-0.006
33.18,-0.42462,-0.85759,-0.18989,-2.10235,-0.0824,0.00388,-3.46587,0.60944,0.31484,-0.08819,-1.10706,0.05189,-0.00841,-2.92961,0.3949,0.14092,-0.22176,-0.03974,0.12482,-0.00261,0.13364,2.39755,0.07131,-0.02524,0.14614,0.02161,0.08561,0.7963,-1.61984,-0.09061,-0.31733,0.10571,0.00125,-0.0088
33.2,-0.4508,-0.76888,-0.20201,-1.88128,-0.11329,0.00528,-3.30573,0.63107,0.3229,-0.11006,-1.48262,0.06525,-0.01069,-2.02702,0.45324,0.1343,-0.36663,-0.005,0.07752,-0.00042,0.18494,2.08733,0.07745,-0.0573,0.14061,0.02031,0.05151,0.79842,-1.39418,-0.05447,-0.28641,0.05957,0.00193,-0.0132
33.22,-0.41198,-0.67138,-0.20333,-1.6065,-0.14082,0.0068,-3.01054,0.60524,0.30766,-0.13355,-1.7835,0.07403,-0.01232,-1.10117,0.48766,0.11804,-0.49359,0.03028,0.02722,0.00166,0.23362,1.73314,0.08018,-0.08293,0.12352,0.01721,0.0152,0.83306,-1.17192,-0.02218,-0.2443,0.01885,0.00291,-0.01847
33.24,-0.32603,-0.57014,-0.19169,-1.28861,-0.16256,0.00809,-2.60049,0.54406,0.27938,-0.15833,-1.97836,0.07743,-0.01326,-0.16938,0.50299,0.09785,-0.60156,0.0659,-0.02139,0.00361,0.27493,1.37578,0.0795,-0.10103,0.08991,0.01188,-0.02053,0.87311,-0.94973,0.00606,-0.19732,-0.01213,0.00415,-0.02399
33.26,-0.2088,-0.46819,-0.16694,-0.94002,-0.17602,0.00871,-2.10486,0.45882,0.24649,-0.18419,-2.06459,0.07559,-0.0136,0.74952,0.50419,0.07666,-0.69267,0.10121,-0.06551,0.00547,0.30738,1.04033,0.07571,-0.11319,0.03839,0.00434,-0.05423,0.90241,-0.72601,0.03055,-0.14895,-0.03199,0.00558,-0.02931
33.28,-0.07089,-0.3682,-0.13132,-0.57761,-0.18288,0.00915,-1.56488,0.35983,0.21414,-0.20894,-2.05392,0.07007,-0.01339,1.63107,0.49855,0.05449,-0.77067,0.13665,-0.1035,0.00729,0.33462,0.73405,0.06824,-0.12042,-0.02768,-0.00489,-0.08514,0.92221,-0.50714,0.05055,-0.09688,-0.04102,0.00696,-0.0346
33.3,0.07605,-0.2712,-0.08869,-0.22306,-0.18465,0.00908,-1.03316,0.25541,0.18621,-0.2298,-1.99023,0.06303,-0.0129,2.443,0.49226,0.03082,-0.83734,0.17301,-0.13384,0.00918,0.36084,0.46044,0.05731,-0.12509,-0.10118,-0.01481,-0.11251,0.92707,-0.30106,0.06579,-0.0523,-0.0408,0.00836,-0.03696
33.32,0.21747,-0.1765,-0.04346,0.10205,-0.18311,0.00812,-0.56316,0.15348,0.16493,-0.24409,-1.92758,0.05702,-0.01245,3.15068,0.48953,0.00648,-0.89295,0.21096,-0.15514,0.0112,0.38992,0.22162,0.04363,-0.12997,-0.16654,-0.02364,-0.1357,0.91363,-0.1089,0.07724,-0.02462,-0.0336,0.01006,-0.03163
33.34,0.34306,-0.08182,0.00039,0.3817,-0.18104,0.00716,-0.19448,0.06097,0.15084,-0.25304,-1.89686,0.05461,-0.01224,3.72701,0.49248,-0.01675,-0.93951,0.25107,-0.16719,0.01339,0.42755,0.01781,0.02797,-0.13568,-0.21515,-0.03035,-0.15488,0.88323,0.07341,0.08308,-0.00641,-0.02146,0.01153,-0.02218
33.36,0.45076,0.01107,0.03794,0.6065,-0.17977,0.00666,0.05349,-0.01976,0.14332,-0.25872,-1.91345,0.05706,-0.0124,4.15833,0.50014,-0.03856,-0.97764,0.29274,-0.17051,0.01573,0.47759,-0.15441,0.01149,-0.14253,-0.24719,-0.03481,-0.17088,0.83697,0.24509,0.08177,0.00749,-0.00628,0.01226,-0.01303
33.38,0.53915,0.09687,0.06422,0.77373,-0.17879,0.00617,0.18114,-0.08937,0.14087,-0.26077,-1.97994,0.06411,-0.01297,4.4412,0.50885,-0.05847,-1.00535,0.33319,-0.1653,0.01807,0.53943,-0.29939,-0.00449,-0.15127,-0.26074,-0.03683,-0.18443,0.77874,0.40454,0.07461,0.01654,0.01006,0.01243,-0.00328
33.4,0.60673,0.1682,0.07534,0.88525,-0.17825,0.00606,0.20354,-0.14959,0.14138,-0.26088,-2.07164,0.07461,-0.01382,4.58242,0.51576,-0.07646,-1.0127,0.37079,-0.15237,0.02024,0.61481,-0.41822,-0.01847,-0.16103,-0.25923,-0.03679,-0.19652,0.70364,0.55025,0.06371,0.01647,0.02583,0.01181,0.00277
33.42,0.65218,0.2158,0.06992,0.94536,-0.17819,0.00691,0.14318,-0.20244,0.14265,-0.26098,-2.15174,0.08681,-0.01471,4.5928,0.5182,-0.09298,-0.9853,0.40442,-0.13263,0.02209,0.70547,-0.50854,-0.028,-0.17025,-0.24764,-0.03531,-0.20815,0.613,0.6806,0.05126,0.00866,0.03963,0.01036,0.0025
33.44,0.67713,0.23705,0.05175,0.9587,-0.17641,0.00783,0.02271,-0.24924,0.14297,-0.25985,-2.20095,0.09845,-0.01546,4.47727,0.5104,-0.10697,-0.9268,0.42683,-0.10685,0.0233,0.8038,-0.57262,-0.03242,-0.1787,-0.22687,-0.03259,-0.21943,0.52686,0.79283,0.03854,0.00237,0.05039,0.00878,0.00097
33.46,0.68577,0.23535,0.02776,0.93101,-0.17145,0.00815,-0.13922,-0.29016,0.1413,-0.25607,-2.21286,0.10728,-0.01595,4.24696,0.48964,-0.11731,-0.84822,0.43193,-0.07619,0.02358,0.90051,-0.61541,-0.03291,-0.18603,-0.19848,-0.0289,-0.22992,0.45748,0.88471,0.02629,9e-05,0.05757,0.00744,0.00045
33.48,0.68159,0.2142,0.00439,0.86935,-0.16377,0.0082,-0.32762,-0.32396,0.13705,-0.2491,-2.18872,0.11129,-0.0161,3.92257,0.45792,-0.12375,-0.75143,0.42045,-0.0425,0.02288,0.98885,-0.63906,-0.03019,-0.1912,-0.16521,-0.0246,-0.23893,0.4069,0.95704,0.015,0.00038,0.0614,0.0063,-8e-05
33.5,0.66008,0.18119,-0.01337,0.78184,-0.15377,0.00769,-0.52981,-0.34613,0.12985,-0.23746,-2.14929,0.10862,-0.01597,3.5262,0.41833,-0.12571,-0.64589,0.39183,-0.00854,0.02133,1.06523,-0.64706,-0.02542,-0.19185,-0.13091,-0.02015,-0.24375,0.37866,1.01036,0.00463,0.00234,0.0625,0.0054,-0.00026
33.52,0.61486,0.14495,-0.02352,0.67649,-0.14214,0.00649,-0.73531,-0.35065,0.11943,-0.21934,-2.12287,0.09769,-0.01566,3.08085,0.3749,-0.12264,-0.53959,0.34735,0.02295,0.0191,1.1281,-0.64286,-0.01973,-0.18518,-0.09853,-0.01592,-0.24112,0.37498,1.04496,-0.00521,0.00531,0.06173,0.0047,0.00019
33.54,0.55619,0.1091,-0.02706,0.55909,-0.12963,0.00524,-0.93577,-0.33604,0.10618,-0.19392,-2.12683,0.07726,-0.01527,2.6056,0.32974,-0.11437,-0.43614,0.29346,0.04967,0.01631,1.16609,-0.62763,-0.01403,-0.17268,-0.0685,-0.01206,-0.23135,0.39573,1.06194,-0.015,0.00793,0.0602,0.00408,0.00064
33.56,0.49419,0.07631,-0.02604,0.43432,-0.117,0.00425,-1.1248,-0.30251,0.09064,-0.16112,-2.17187,0.04722,-0.01486,2.11557,0.2845,-0.10111,-0.33888,0.2358,0.0698,0.01316,1.17183,-0.6025,-0.00902,-0.15649,-0.04147,-0.00868,-0.21578,0.43885,1.06159,-0.02507,0.0088,0.05876,0.00346,0.00087
33.58,0.4285,0.04941,-0.02238,0.30716,-0.10538,0.00348,-1.29688,-0.25022,0.07354,-0.12172,-2.2636,0.00893,-0.01451,1.62773,0.2418,-0.08364,-0.24446,0.17885,0.08265,0.00997,1.15163,-0.56847,-0.00498,-0.13652,-0.01833,-0.00588,-0.19526,0.49892,1.04335,-0.03556,0.00764,0.05788,0.00282,0.001
33.6,0.36743,0.03022,-0.01743,0.18308,-0.09444,0.00288,-1.44434,-0.18399,0.0568,-0.07841,-2.39443,-0.035,-0.01422,1.16162,0.20062,-0.06248,-0.17489,0.12583,0.08817,0.00696,1.10584,-0.52679,-0.00236,-0.11737,0.00069,-0.00367,-0.17399,0.57058,1.00551,-0.04604,0.00421,0.05787,0.00212,0.00092
33.62,0.31882,0.01882,-0.01203,0.06797,-0.0839,0.0024,-1.5584,-0.10862,0.04238,-0.03412,-2.54894,-0.08064,-0.01399,0.74155,0.1609,-0.0389,-0.14282,0.08099,0.08687,0.0044,1.03743,-0.47827,-0.00103,-0.10319,0.0157,-0.00205,-0.15631,0.64896,0.94635,-0.05547,-0.00059,0.05885,0.00139,0.00066
33.64,0.27794,0.01236,-0.00692,-0.03328,-0.07558,0.00215,-1.6337,-0.02632,0.03131,0.00909,-2.71307,-0.12463,-0.0138,0.38956,0.12626,-0.0152,-0.11705,0.0491,0.0798,0.00262,0.96342,-0.42232,-0.00037,-0.09126,0.02698,-0.00095,-0.1428,0.72511,0.86517,-0.06352,-0.00527,0.06075,0.00065,0.00038
33.66,0.24133,0.00838,-0.00255,-0.1176,-0.07036,0.00218,-1.66757,0.05947,0.02445,0.04926,-2.87122,-0.16496,-0.01364,0.11557,0.09805,0.00739,-0.0859,0.03094,0.06819,0.00167,0.89494,-0.35867,-9e-05,-0.08001,0.03492,-0.0003,-0.13354,0.79229,0.76214,-0.07013,-0.00937,0.0634,-4e-05,0.00017
33.68,0.20951,0.0055,0.00095,-0.18334,-0.06747,0.00241,-1.65903,0.14469,0.02222,0.08493,-3.00419,-0.19993,-0.01342,-0.08092,0.07582,0.02811,-0.0558,0.02459,0.05341,0.00146,0.83361,-0.28841,-2e-05,-0.07057,0.03998,-4e-05,-0.12875,0.85079,0.63898,-0.07483,-0.01262,0.06651,-0.00063,6e-05
33.7,0.18482,0.00219,0.00323,-0.22949,-0.06669,0.00287,-1.60982,0.22588,0.02431,0.11537,-3.08639,-0.22768,-0.01307,-0.20706,0.05994,0.04627,-0.02781,0.02745,0.03699,0.00184,0.78114,-0.21406,-2e-05,-0.06283,0.0426,-8e-05,-0.12633,0.9012,0.49861,-0.07726,-0.01506,0.06975,-0.00105,0.00011
33.72,0.16947,-0.00213,0.00396,-0.25559,-0.06788,0.00362,-1.52412,0.30076,0.03,0.14054,-3.09183,-0.2464,-0.01253,-0.2741,0.05105,0.06154,-0.00319,0.03652,0.02051,0.00263,0.73822,-0.13814,-2e-05,-0.05646,0.04321,-0.00033,-0.12333,0.94465,0.34637,-0.07719,-0.01695,0.07275,-0.0012,0.00034
33.74,0.15991,-0.0075,0.00295,-0.26232,-0.07014,0.00457,-1.40841,0.36671,0.03855,0.16008,-3.01187,-0.25588,-0.01172,-0.29413,0.04991,0.07337,0.01687,0.04887,0.00529,0.00365,0.70412,-0.06193,-1e-05,-0.05144,0.04213,-0.00073,-0.11843,0.98573,0.18882,-0.07454,-0.01839,0.07513,-0.00099,0.0007
33.76,0.15331,-0.01418,0,-0.25153,-0.07291,0.00562,-1.27133,0.42181,0.04948,0.17398,-2.84866,-0.25683,-0.01062,-0.27794,0.05723,0.08148,0.0324,0.06224,-0.00797,0.00476,0.67776,0.01359,1e-05,-0.04746,0.03972,-0.00117,-0.11084,1.02733,0.03041,-0.06958,-0.01949,0.07663,-0.00038,0.00116
33.78,0.15085,-0.02222,-0.00487,-0.2262,-0.0763,0.00683,-1.12432,0.46706,0.06274,0.18347,-2.61028,-0.24993,-0.00927,-0.23424,0.07343,0.0864,0.04353,0.0755,-0.01902,0.00588,0.65741,0.08732,2e-05,-0.04411,0.0364,-0.00158,-0.0999,1.06812,-0.1254,-0.06279,-0.0203,0.07729,0.00067,0.00151
33.8,0.15014,-0.0314,-0.01097,-0.19046,-0.08016,0.00818,-0.98229,0.50299,0.07849,0.18948,-2.32579,-0.23707,-0.00779,-0.16948,0.09858,0.08859,0.05056,0.08813,-0.02792,0.00698,0.64094,0.15839,5e-05,-0.0412,0.03258,-0.00186,-0.08647,1.10872,-0.27395,-0.05483,-0.02106,0.07721,0.00217,0.00202
33.82,0.14801,-0.04131,-0.0166,-0.14873,-0.08444,0.00967,-0.86074,0.5295,0.0971,0.19277,-2.0279,-0.22034,-0.00631,-0.08766,0.1323,0.08857,0.05369,0.10015,-0.0349,0.00809,0.62623,0.22681,0.00026,-0.0385,0.02871,-0.00191,-0.07174,1.14938,-0.40929,-0.04647,-0.02201,0.0766,0.00412,0.00365
33.84,0.14653,-0.052,-0.01929,-0.10452,-0.08995,0.01142,-0.77104,0.54769,0.11943,0.19487,-1.73255,-0.20084,-0.00493,0.00996,0.17367,0.08753,0.0526,0.11212,-0.04022,0.00922,0.61168,0.29177,0.00065,-0.03562,0.0252,-0.00168,-0.05614,1.18348,-0.5284,-0.03856,-0.02286,0.07576,0.00644,0.00605
33.86,0.1475,-0.06348,-0.01609,-0.05996,-0.09742,0.01352,-0.71816,0.55691,0.14662,0.19636,-1.44998,-0.17926,-0.00372,0.12472,0.2211,0.08637,0.04694,0.12467,-0.04413,0.01042,0.59584,0.3524,0.00112,-0.03221,0.02239,-0.00115,-0.04012,1.2058,-0.63176,-0.03162,-0.02335,0.07502,0.00901,0.00841
33.88,0.15001,-0.07522,-0.00403,-0.01602,-0.10705,0.01597,-0.70066,0.55333,0.17962,0.19624,-1.18741,-0.15607,-0.00272,0.25973,0.27202,0.08538,0.03662,0.13832,-0.04678,0.01171,0.57735,0.40929,0.00163,-0.02813,0.02049,-0.00035,-0.02424,1.21622,-0.72039,-0.02585,-0.02356,0.07462,0.01149,0.01078
33.9,0.15466,-0.08608,0.01898,0.02726,-0.11957,0.01891,-0.71134,0.53243,0.2195,0.1934,-0.94479,-0.1314,-0.0019,0.41879,0.32316,0.08491,0.02161,0.15347,-0.04817,0.01312,0.55509,0.46319,0.00217,-0.02348,0.01967,0.00066,-0.00896,1.21346,-0.79581,-0.02134,-0.02327,0.0748,0.01378,0.01285
33.92,0.1623,-0.09472,0.05332,0.07052,-0.13579,0.02244,-0.73902,0.48884,0.26731,0.18604,-0.71762,-0.10506,-0.00124,0.60537,0.37055,0.0852,0.00228,0.17021,-0.04822,0.01462,0.52844,0.51484,0.00271,-0.01832,0.02005,0.00179,0.00545,1.19735,-0.85968,-0.01803,-0.02223,0.07575,0.016,0.0143
33.94,0.1717,-0.10007,0.09699,0.11512,-0.1557,0.02644,-0.77077,0.41507,0.32284,0.17134,-0.49849,-0.07657,-0.00067,0.82173,0.40877,0.08632,-0.02035,0.18826,-0.04695,0.01616,0.49728,0.56473,0.00333,-0.01254,0.0217,0.00295,0.01881,1.17059,-0.91434,-0.01581,-0.02067,0.0776,0.01748,0.01526
33.96,0.18161,-0.10149,0.14538,0.16298,-0.179,0.03063,-0.7926,0.30549,0.3849,0.14669,-0.27864,-0.04535,-0.00017,1.06731,0.43244,0.08846,-0.04448,0.20676,-0.04444,0.01764,0.46159,0.61326,0.00409,-0.00612,0.0246,0.00408,0.03107,1.13658,-0.96233,-0.01447,-0.01877,0.08029,0.01765,0.01584
33.98,0.1912,-0.09904,0.19135,0.21614,-0.20536,0.03459,-0.78921,0.15788,0.45165,0.11015,-0.05025,-0.0111,0.00033,1.33633,0.4375,0.09189,-0.06786,0.22385,-0.04093,0.01888,0.42159,0.66104,0.00505,0.00078,0.02861,0.00515,0.0422,1.10022,-1.00511,-0.01372,-0.0165,0.08355,0.01682,0.01621
34,0.19724,-0.09182,0.2252,0.2763,-0.2301,0.03846,-0.74483,-0.02794,0.51803,0.06116,0.19206,0.02612,0.00085,1.61707,0.42094,0.09749,-0.08606,0.23781,-0.0368,0.01975,0.37757,0.70853,0.00641,0.00795,0.03351,0.00612,0.05217,1.06492,-1.04293,-0.01333,-0.01427,0.08701,0.0149,0.01607
34.02,0.19639,-0.07958,0.23678,0.34411,-0.24379,0.04266,-0.64589,-0.24549,0.57736,-0.00095,0.4511,0.06586,0.00145,1.89381,0.38237,0.10651,-0.09296,0.24701,-0.03247,0.02023,0.33015,0.75582,0.00842,0.01555,0.03899,0.00698,0.06095,1.03435,-1.07502,-0.01307,-0.01243,0.09023,0.01213,0.0151
34.04,0.18387,-0.06532,0.22186,0.4187,-0.25809,0.04592,-0.48566,-0.48493,0.625,-0.0768,0.72663,0.10726,0.00214,2.14937,0.32396,0.11921,-0.08859,0.24828,-0.02821,0.02008,0.28023,0.80228,0.01121,0.02358,0.04466,0.0077,0.06838,1.01629,-1.10029,-0.01267,-0.01082,0.09268,0.00954,0.01398
34.06,0.15615,-0.05147,0.18173,0.49692,-0.27253,0.04719,-0.26773,-0.73685,0.65847,-0.16402,1.01417,0.14881,0.00293,2.36824,0.25176,0.1358,-0.07659,0.2396,-0.02409,0.01921,0.22773,0.84711,0.01488,0.03185,0.05009,0.00826,0.0743,1.01442,-1.1172,-0.01198,-0.00932,0.09397,0.00758,0.013
34.08,0.11353,-0.03886,0.11984,0.57237,-0.28714,0.04683,-0.00832,-0.99323,0.67729,-0.25829,1.30253,0.18806,0.00383,2.53653,0.17481,0.1574,-0.05888,0.22165,-0.02005,0.01783,0.17162,0.88948,0.01963,0.04054,0.05481,0.0086,0.07855,1.02527,-1.12326,-0.01101,-0.00784,0.094,0.00603,0.01168
34.1,0.04006,-0.02886,0.04491,0.6361,-0.30267,0.04446,0.26417,-1.21844,0.67468,-0.35147,1.57586,0.22215,0.00479,2.63976,0.09843,0.18381,-0.03977,0.195,-0.01584,0.01603,0.11074,0.92897,0.02581,0.04996,0.05828,0.00869,0.08093,1.04572,-1.11468,-0.00979,-0.00602,0.0927,0.00472,0.01005
34.12,-0.08414,-0.02219,-0.03211,0.67831,-0.32005,0.04001,0.51743,-1.35511,0.64417,-0.43245,1.81649,0.24822,0.00579,2.66511,0.02953,0.21291,-0.02335,0.1613,-0.01124,0.01396,0.04419,0.96488,0.03384,0.06054,0.05999,0.00846,0.08119,1.07155,-1.08713,-0.00838,-0.00336,0.09007,0.00336,0.00798
34.14,-0.24014,-0.01867,-0.10229,0.6904,-0.33817,0.03458,0.72226,-1.41358,0.59585,-0.49421,2.00257,0.26261,0.00675,2.606,-0.02451,0.2442,-0.01033,0.12398,-0.00618,0.01198,-0.02871,0.99498,0.0437,0.07255,0.05934,0.00788,0.07897,1.09382,-1.03833,-0.00676,0.00053,0.08621,0.00149,0.00439
34.16,-0.4038,-0.01809,-0.15784,0.66845,-0.35615,0.0288,0.85819,-1.42374,0.5396,-0.5341,2.1173,0.26285,0.00758,2.46392,-0.06467,0.27548,-0.00105,0.08589,-0.00085,0.01036,-0.10847,1.01725,0.05508,0.08607,0.05591,0.00691,0.07397,1.10561,-0.96731,-0.00468,0.00595,0.08112,-0.00109,-0.0012
34.18,-0.57033,-0.02022,-0.19297,0.61407,-0.36968,0.0228,0.91617,-1.38188,0.47761,-0.55083,2.15478,0.24911,0.00825,2.24727,-0.09446,0.29798,0.00415,0.04939,0.00425,0.00931,-0.19476,1.03076,0.06749,0.10128,0.0496,0.0056,0.0661,1.1046,-0.87443,-0.00169,0.01288,0.07465,-0.00436,-0.00888
34.2,-0.7254,-0.02524,-0.20401,0.53401,-0.34601,0.01659,0.89489,-1.30944,0.41728,-0.54296,2.11254,0.22239,0.00867,1.97164,-0.11745,0.31037,0.0061,0.0169,0.00836,0.00888,-0.28513,1.03612,0.08105,0.1184,0.04046,0.00401,0.05529,1.08916,-0.7648,0.00273,0.02123,0.06669,-0.008,-0.0178
34.22,-0.86073,-0.03379,-0.19173,0.43831,-0.31251,0.01043,0.79924,-1.22724,0.36493,-0.51064,1.99278,0.18475,0.00876,1.65556,-0.13659,0.31367,0.00599,-0.0085,0.01069,0.00901,-0.37479,1.03424,0.09587,0.13725,0.02877,0.00225,0.04163,1.05935,-0.6449,0.00904,0.03117,0.05721,-0.01125,-0.02474
34.24,-0.97139,-0.04571,-0.16326,0.33533,-0.2758,0.00481,0.63908,-1.12995,0.32107,-0.46078,1.80314,0.13927,0.00853,1.31513,-0.15352,0.28704,0.00453,-0.0245,0.01073,0.00996,-0.45903,1.02412,0.11026,0.15697,0.01511,0.00043,0.02534,1.01672,-0.51985,0.01733,0.04208,0.04633,-0.01373,-0.02874
34.26,-1.05397,-0.06032,-0.12633,0.23232,-0.24017,-4e-05,0.42816,-1.01618,0.28561,-0.39986,1.55584,0.08894,0.00804,0.96502,-0.16833,0.21701,0.00271,-0.03069,0.00847,0.01174,-0.53273,1.00512,0.12203,0.17596,0.00014,-0.00135,0.0067,0.9635,-0.39555,0.02705,0.0528,0.03452,-0.01542,-0.03086
34.28,-1.11065,-0.07687,-0.08721,0.13616,-0.20643,-0.00401,0.18533,-0.8911,0.25793,-0.33063,1.2702,0.03689,0.00734,0.62186,-0.17901,0.11059,0.00128,-0.02755,0.00461,0.01353,-0.58857,0.978,0.12939,0.19128,-0.01518,-0.00303,-0.01392,0.90353,-0.27922,0.03691,0.06241,0.02269,-0.01615,-0.03095
34.3,-1.13744,-0.09477,-0.05111,0.05331,-0.17612,-0.00693,-0.06477,-0.77073,0.23833,-0.26113,0.96933,-0.0134,0.00653,0.30658,-0.18701,-0.02549,0.00031,-0.01656,0.00035,0.01552,-0.61572,0.94438,0.13316,0.20227,-0.02954,-0.00454,-0.03576,0.83981,-0.18032,0.04601,0.07061,0.01215,-0.01591,-0.02819
34.32,-1.13266,-0.1134,-0.02086,-0.01,-0.15021,-0.00864,-0.29447,-0.6673,0.22648,-0.1977,0.68026,-0.0578,0.00573,0.042,-0.19436,-0.15153,-5e-05,0.00042,-0.00287,0.0185,-0.6023,0.90597,0.13543,0.20853,-0.04122,-0.0058,-0.05762,0.77634,-0.10569,0.05449,0.07742,0.00444,-0.0147,-0.02141
34.34,-1.11141,-0.13006,0.00315,-0.04875,-0.12821,-0.00908,-0.47984,-0.57431,0.2184,-0.1396,0.42741,-0.0936,0.00501,-0.15254,-0.19797,-0.23592,-2e-05,0.02156,-0.00385,0.02018,-0.54301,0.86295,0.13291,0.20278,-0.04919,-0.00676,-0.07831,0.71965,-0.05717,0.06085,0.08065,0.00085,-0.01273,-0.01316
34.36,-1.08657,-0.14243,0.02288,-0.05972,-0.10961,-0.00833,-0.60475,-0.4896,0.21113,-0.08775,0.21992,-0.12049,0.00439,-0.26458,-0.19644,-0.28133,-1e-05,0.04462,-0.002,0.01858,-0.43726,0.81564,0.12397,0.18031,-0.05313,-0.00737,-0.09672,0.67275,-0.03425,0.0637,0.07865,0.00195,-0.01022,-0.00595
34.38,-1.0625,-0.15071,0.04154,-0.0415,-0.09409,-0.00656,-0.66014,-0.41817,0.20445,-0.04424,0.05311,-0.13919,0.00386,-0.28931,-0.19193,-0.28652,-0.00033,0.0669,0.0026,0.0143,-0.28904,0.7649,0.11209,0.14279,-0.053,-0.00761,-0.11155,0.63397,-0.03336,0.06387,0.07199,0.0076,-0.00734,0.00058
34.4,-1.03982,-0.15424,0.06045,0.00561,-0.08086,-0.0041,-0.64309,-0.36029,0.19811,-0.00962,-0.08595,-0.1517,0.00338,-0.22891,-0.18467,-0.26543,-0.00114,0.08569,0.00925,0.00722,-0.11213,0.70945,0.09557,0.08985,-0.04942,-0.00743,-0.1207,0.60007,-0.04794,0.06118,0.05998,0.01711,-0.00452,0.00336
34.42,-1.01879,-0.1528,0.07878,0.07973,-0.06924,-0.00131,-0.55613,-0.31483,0.19222,0.01603,-0.21444,-0.1606,0.00288,-0.09143,-0.17461,-0.23332,-0.00229,0.09868,0.01694,-0.00065,0.07868,0.64793,0.07412,0.02723,-0.04324,-0.00682,-0.12197,0.567,-0.07025,0.05551,0.04346,0.02943,-0.00196,0.00189
34.44,-1.00489,-0.14896,0.09576,0.17742,-0.05908,0.00149,-0.40685,-0.28108,0.18713,0.03316,-0.34674,-0.16748,0.0023,0.11049,-0.16336,-0.18839,-0.00364,0.10298,0.02466,-0.00662,0.27045,0.58051,0.05342,-0.03514,-0.03506,-0.0058,-0.11555,0.53098,-0.09374,0.04847,0.02569,0.04341,0.00046,0.0004
34.46,-1.00149,-0.14433,0.10978,0.29331,-0.05009,0.00409,-0.20816,-0.25712,0.18284,0.04278,-0.48963,-0.17326,0.00163,0.35991,-0.15197,-0.13146,-0.00506,0.09673,0.03166,-0.01047,0.44986,0.50683,0.03551,-0.09338,-0.02556,-0.00446,-0.10295,0.48979,-0.11387,0.04113,0.0083,0.05787,0.00265,0
34.48,-1.00711,-0.13832,0.1179,0.4192,-0.0419,0.00633,0.02042,-0.24051,0.17926,0.04627,-0.64102,-0.17845,0.00087,0.63436,-0.14068,-0.06782,-0.00624,0.08044,0.03748,-0.0123,0.60695,0.42659,0.01925,-0.14557,-0.01554,-0.00293,-0.08611,0.44344,-0.12725,0.03368,-0.00834,0.07162,0.00452,0.00023
34.5,-1.01519,-0.13015,0.11783,0.54362,-0.03447,0.00815,0.25268,-0.22904,0.17599,0.04509,-0.78815,-0.18218,0.0001,0.90533,-0.13014,-0.00093,-0.00658,0.05544,0.04189,-0.01292,0.73495,0.3394,0.0038,-0.18885,-0.00592,-0.00144,-0.06933,0.39312,-0.13153,0.02624,-0.02369,0.0835,0.00604,0.00097
34.52,-1.01898,-0.11894,0.10841,0.65359,-0.0279,0.00954,0.46023,-0.22075,0.17247,0.04072,-0.91235,-0.18293,-0.00062,1.14228,-0.12089,0.06671,-0.00547,0.02453,0.04475,-0.01351,0.8297,0.24714,-0.01024,-0.21969,0.00249,-0.00022,-0.05689,0.34121,-0.12505,0.01913,-0.03694,0.09251,0.0072,0.00189
34.54,-1.01804,-0.10436,0.09037,0.73819,-0.02214,0.01052,0.61979,-0.21379,0.16842,0.03477,-1.00109,-0.18032,-0.00123,1.32044,-0.11285,0.13219,-0.00319,-0.00837,0.046,-0.01394,0.88699,0.15449,-0.02213,-0.2381,0.00909,0.00058,-0.0509,0.29045,-0.10694,0.013,-0.04775,0.0976,0.008,0.00296
34.56,-1.00975,-0.0869,0.06632,0.79052,-0.01721,0.01111,0.71758,-0.2066,0.16358,0.0285,-1.05013,-0.17425,-0.0017,1.42441,-0.10563,0.1907,-0.00049,-0.04003,0.04552,-0.01402,0.90437,0.06427,-0.0322,-0.24621,0.0135,0.00082,-0.05254,0.2409,-0.07732,0.00816,-0.05624,0.09816,0.00846,0.00417
34.58,-0.98741,-0.06756,0.03967,0.80742,-0.01315,0.01134,0.7491,-0.1979,0.15752,0.02278,-1.06154,-0.16452,-0.00205,1.44684,-0.09861,0.23405,0.00212,-0.06743,0.0431,-0.01398,0.88339,-0.02176,-0.04041,-0.24449,0.01566,0.00049,-0.06187,0.1897,-0.03767,0.00463,-0.06215,0.09448,0.00859,0.00526
34.6,-0.94239,-0.04826,0.01497,0.78883,-0.01006,0.01124,0.71726,-0.18675,0.14996,0.01829,-1.04594,-0.15175,-0.00233,1.38728,-0.09109,0.25905,0.0044,-0.08677,0.03851,-0.01342,0.82554,-0.10105,-0.04673,-0.23316,0.01577,-0.00032,-0.07653,0.1327,0.00875,0.00235,-0.0649,0.08707,0.00841,0.00659
34.62,-0.8688,-0.03062,-0.00366,0.73722,-0.008,0.01084,0.62996,-0.17252,0.14074,0.01543,-1.01769,-0.13673,-0.00263,1.25058,-0.08257,0.26593,0.00635,-0.09399,0.03153,-0.01179,0.73339,-0.17098,-0.05116,-0.21252,0.01414,-0.00146,-0.09245,0.06537,0.05781,0.00109,-0.0639,0.07678,0.00799,0.00868
34.64,-0.76649,-0.01514,-0.01497,0.65693,-0.00698,0.01016,0.49765,-0.15484,0.12999,0.01432,-0.98776,-0.11991,-0.00299,1.04612,-0.07302,0.23758,0.0076,-0.08839,0.0221,-0.0095,0.61122,-0.22977,-0.05368,-0.18536,0.01115,-0.00274,-0.10646,-0.01602,0.10554,0.00055,-0.05939,0.0648,0.00731,0.01074
34.66,-0.63722,-0.00206,-0.01916,0.55412,-0.0069,0.00923,0.3326,-0.13381,0.11816,0.01485,-0.96364,-0.10184,-0.00345,0.78835,-0.06266,0.16345,0.00814,-0.07133,0.01047,-0.00686,0.46435,-0.2771,-0.05433,-0.15452,0.00714,-0.00398,-0.11611,-0.11309,0.14895,0.00044,-0.05198,0.05203,0.00646,0.01203
34.68,-0.48496,0.00863,-0.01732,0.43729,-0.00756,0.00814,0.14994,-0.10997,0.10607,0.01666,-0.94947,-0.0833,-0.004,0.49885,-0.05191,0.05145,0.00855,-0.04495,-0.00265,-0.00389,0.30015,-0.31372,-0.0529,-0.12122,0.00239,-0.00501,-0.11886,-0.22467,0.18636,0.00046,-0.0422,0.03911,0.00563,0.01263
34.7,-0.31452,0.01718,-0.01213,0.31746,-0.00867,0.00697,-0.03171,-0.08513,0.0953,0.01922,-0.94476,-0.06555,-0.00461,0.20745,-0.04186,-0.0866,0.00838,-0.01429,-0.01614,-0.00107,0.1271,-0.34087,-0.04989,-0.08947,-0.00283,-0.00564,-0.11253,-0.34579,0.21717,0.00036,-0.03128,0.0266,0.005,0.01202
34.72,-0.13813,0.02391,-0.00641,0.20677,-0.00994,0.00581,-0.19284,-0.06101,0.08756,0.02193,-0.94625,-0.04984,-0.00518,-0.05417,-0.03348,-0.20488,0.00707,0.01623,-0.02867,0.00157,-0.04223,-0.35985,-0.04576,-0.06172,-0.00825,-0.0057,-0.09563,-0.46846,0.24135,-4e-05,-0.02038,0.01503,0.00471,0.00996
34.74,0.02862,0.02902,-0.00206,0.11546,-0.01111,0.00476,-0.31729,-0.0382,0.08347,0.02423,-0.95034,-0.03691,-0.00567,-0.26042,-0.02707,-0.27561,0.00545,0.04305,-0.03923,0.00408,-0.19576,-0.3717,-0.03999,-0.03676,-0.01365,-0.00514,-0.06871,-0.58666,0.25908,-0.0008,-0.01005,0.00471,0.00496,0.007
34.76,0.17877,0.03258,3e-05,0.04955,-0.01199,0.00384,-0.39496,-0.01748,0.08311,0.02575,-0.9534,-0.02742,-0.00601,-0.39582,-0.02297,-0.30653,0.00399,0.06249,-0.04736,0.00602,-0.3275,-0.37676,-0.03252,-0.01459,-0.01883,-0.004,-0.03355,-0.69682,0.27031,-0.00187,-0.00089,-0.00433,0.00569,0.00346
34.78,0.30969,0.03463,6e-05,0.01109,-0.0125,0.00306,-0.42231,0.00038,0.08599,0.02637,-0.9518,-0.02189,-0.00617,-0.45699,-0.02148,-0.2977,0.00245,0.07344,-0.0531,0.00729,-0.43352,-0.37436,-0.0241,0.00387,-0.02358,-0.00243,0.00672,-0.79532,0.27462,-0.00299,0.00655,-0.01236,0.00653,-0.00052
34.8,0.41927,0.03494,-0.00094,-0.00098,-0.01266,0.00239,-0.40134,0.01485,0.09047,0.02626,-0.94223,-0.02059,-0.00612,-0.45075,-0.0225,-0.2685,0.00118,0.07621,-0.05688,0.00777,-0.50993,-0.36309,-0.01608,0.01816,-0.02761,-0.00069,0.04735,-0.87763,0.27135,-0.0038,0.01188,-0.01971,0.00715,-0.00466
34.82,0.50593,0.03325,-0.00168,0.01013,-0.01251,0.00178,-0.33819,0.02552,0.09434,0.02576,-0.92307,-0.02356,-0.00585,-0.39095,-0.02562,-0.23837,0.00045,0.07225,-0.05941,0.00743,-0.5533,-0.34115,-0.00952,0.02857,-0.03059,0.00095,0.0855,-0.93912,0.25975,-0.00384,0.01482,-0.02679,0.00727,-0.0078
34.84,0.57156,0.02976,-0.00106,0.04009,-0.0121,0.00119,-0.24116,0.03211,0.09616,0.02517,-0.89698,-0.03061,-0.00539,-0.29403,-0.03043,-0.20387,6e-05,0.06456,-0.06139,0.00668,-0.5644,-0.30723,-0.00472,0.03477,-0.03242,0.00228,0.11718,-0.97897,0.23906,-0.00275,0.0153,-0.03383,0.0062,-0.00956
34.86,0.6204,0.02492,0.00154,0.08397,-0.01148,0.00061,-0.11967,0.03442,0.09525,0.02478,-0.87145,-0.04128,-0.00477,-0.17558,-0.03654,-0.16494,4e-05,0.05533,-0.06348,0.00581,-0.54696,-0.26132,-0.00205,0.03631,-0.03312,0.00312,0.13803,-0.99876,0.20939,-0.00037,0.01352,-0.04086,0.00354,-0.01039
34.88,0.65572,0.01951,0.00622,0.13623,-0.01069,4e-05,0.01523,0.03237,0.09164,0.02487,-0.85859,-0.05476,-0.00412,-0.05004,-0.04355,-0.12755,0.0005,0.04546,-0.06624,0.00487,-0.5057,-0.20513,-0.00162,0.03385,-0.03282,0.00345,0.1476,-1.00015,0.17213,0.00314,0.00999,-0.04766,-0.00059,-0.0103
34.9,0.68112,0.01463,0.01245,0.19058,-0.00974,-0.00052,0.15066,0.02588,0.08645,0.02553,-0.8762,-0.0698,-0.0036,0.06895,-0.05099,-0.0937,0.00145,0.03547,-0.07008,0.00393,-0.4503,-0.14235,-0.00306,0.02804,-0.03183,0.00329,0.1457,-0.98687,0.12974,0.00737,0.00535,-0.05361,-0.00576,-0.00963
34.92,0.69994,0.01164,0.01917,0.241,-0.00863,-0.00102,0.27397,0.01503,0.08125,0.02675,-0.94266,-0.08491,-0.00337,0.16988,-0.05834,-0.06413,0.00276,0.02539,-0.07517,0.00298,-0.39112,-0.07748,-0.0057,0.01998,-0.03053,0.00274,0.13333,-0.96327,0.08529,0.01176,0.00045,-0.05792,-0.01074,-0.00884
34.94,0.71392,0.01165,0.02533,0.28322,-0.00732,-0.00144,0.37637,0.00015,0.0771,0.02848,-1.06758,-0.09906,-0.00357,0.24618,-0.06526,-0.03904,0.00429,0.01499,-0.08133,0.00199,-0.33372,-0.01435,-0.00894,0.01135,-0.02917,0.00196,0.11426,-0.93241,0.0416,0.01576,-0.00392,-0.06021,-0.01468,-0.00789
34.96,0.72398,0.01507,0.03014,0.31569,-0.00572,-0.0018,0.45505,-0.01814,0.07446,0.03052,-1.24926,-0.11162,-0.00422,0.29768,-0.07137,-0.01771,0.00593,0.0041,-0.08796,0.00093,-0.2821,0.04403,-0.0124,0.00319,-0.02795,0.00105,0.09154,-0.8965,0.0008,0.01902,-0.00743,-0.06049,-0.01754,-0.00678
34.98,0.73035,0.0215,0.03316,0.33938,-0.00368,-0.00212,0.51299,-0.03878,0.07324,0.03232,-1.47467,-0.1221,-0.00525,0.33032,-0.07616,0.00097,0.00714,-0.00734,-0.09397,-0.0002,-0.23915,0.09535,-0.01576,-0.00404,-0.02697,0.00011,0.06726,-0.85706,-0.03545,0.02138,-0.00997,-0.05907,-0.01909,-0.00565
35,0.7302,0.02971,0.03421,0.35717,-0.00106,-0.00246,0.5576,-0.06003,0.07257,0.03327,-1.71269,-0.13019,-0.00648,0.35483,-0.07879,0.01841,0.00835,-0.01921,-0.09762,-0.00142,-0.20503,0.13771,-0.01875,-0.01005,-0.02629,-0.00078,0.04337,-0.81506,-0.06563,0.02289,-0.01168,-0.05675,-0.01937,-0.0045
35.02,0.71983,0.03791,0.03336,0.37269,0.00227,-0.00286,0.59817,-0.07963,0.07124,0.03281,-1.92227,-0.13562,-0.00769,0.38355,-0.07842,0.0359,0.01073,-0.03126,-0.097,-0.00268,-0.17851,0.16964,-0.02116,-0.01469,-0.02588,-0.00154,0.02183,-0.77108,-0.08841,0.02366,-0.01279,-0.0545,-0.01853,-0.00331
35.04,0.70029,0.04488,0.03118,0.38903,0.00633,-0.00339,0.64253,-0.09621,0.06827,0.03027,-2.07592,-0.13822,-0.00867,0.42612,-0.07521,0.05485,0.01299,-0.04341,-0.09096,-0.00399,-0.15809,0.19029,-0.02286,-0.01801,-0.0257,-0.00213,0.00427,-0.72552,-0.10318,0.02392,-0.01345,-0.05301,-0.01678,-0.0022
35.06,0.67368,0.05012,0.02822,0.40757,0.01106,-0.00409,0.69483,-0.10934,0.063,0.02541,-2.15766,-0.13785,-0.00927,0.48659,-0.06982,0.07664,0.01396,-0.05589,-0.07905,-0.00536,-0.14215,0.19979,-0.02384,-0.02021,-0.02567,-0.00255,-0.00877,-0.67914,-0.11016,0.02389,-0.01374,-0.0527,-0.01436,-0.00124
35.08,0.64093,0.05324,0.02478,0.42756,0.01618,-0.00495,0.75459,-0.1188,0.05512,0.01856,-2.15621,-0.13431,-0.00945,0.56232,-0.06294,0.10206,0.01444,-0.06898,-0.06152,-0.00682,-0.12925,0.19942,-0.0241,-0.02143,-0.02573,-0.00281,-0.01753,-0.63329,-0.11024,0.02375,-0.0137,-0.05376,-0.01146,-0.00036
35.1,0.60729,0.05445,0.02115,0.44647,0.02129,-0.00598,0.81681,-0.12508,0.04474,0.01041,-2.07311,-0.12742,-0.00919,0.64424,-0.056,0.13173,0.01365,-0.08301,-0.03966,-0.00836,-0.1184,0.19121,-0.02383,-0.02188,-0.02577,-0.00296,-0.02273,-0.59124,-0.10484,0.02364,-0.01331,-0.05599,-0.00864,0.0002
35.12,0.57867,0.05422,0.01755,0.46074,0.02589,-0.00711,0.8737,-0.12893,0.03227,0.00198,-1.91584,-0.11691,-0.00855,0.71959,-0.05035,0.16541,0.01108,-0.09818,-0.01524,-0.01001,-0.10906,0.17762,-0.02328,-0.02173,-0.02573,-0.00305,-0.02541,-0.55642,-0.09564,0.02364,-0.01251,-0.05899,-0.00629,0.00032
35.14,0.55613,0.05287,0.01404,0.46684,0.02957,-0.0083,0.91768,-0.13068,0.01828,-0.00567,-1.68994,-0.10246,-0.00759,0.77614,-0.04636,0.20121,0.00842,-0.11408,0.01009,-0.01168,-0.10104,0.16093,-0.02256,-0.02109,-0.02553,-0.00314,-0.02651,-0.52945,-0.08421,0.0239,-0.01129,-0.06237,-0.00421,0.00031
35.16,0.54033,0.05084,0.01059,0.46238,0.03212,-0.00947,0.94307,-0.13052,0.00339,-0.01181,-1.40288,-0.08373,-0.0064,0.80467,-0.04373,0.235,0.00655,-0.12975,0.03459,-0.01324,-0.09452,0.1429,-0.02175,-0.02003,-0.02515,-0.00325,-0.02681,-0.50986,-0.07177,0.02447,-0.00968,-0.06577,-0.00244,0.00033
35.18,0.53309,0.04857,0.00703,0.44647,0.0335,-0.0105,0.94622,-0.12851,-0.01163,-0.01596,-1.06603,-0.06048,-0.00505,0.79913,-0.04156,0.25832,0.0051,-0.1439,0.05647,-0.01467,-0.09005,0.12477,-0.02092,-0.01863,-0.02459,-0.0034,-0.02691,-0.49689,-0.05931,0.02527,-0.00777,-0.06879,-0.00109,0.00032
35.2,0.53426,0.04696,0.00324,0.41938,0.03386,-0.01123,0.92518,-0.12446,-0.02576,-0.01777,-0.69605,-0.03281,-0.00365,0.75619,-0.03822,0.26831,0.0036,-0.15328,0.07397,-0.01534,-0.08869,0.10742,-0.02006,-0.01698,-0.0239,-0.00361,-0.02719,-0.48799,-0.04766,0.02625,-0.00577,-0.071,-0.00013,0.00031
35.22,0.54298,0.0469,-0.00107,0.3822,0.03345,-0.01148,0.87952,-0.11795,-0.03798,-0.01702,-0.31201,-0.001,-0.00229,0.67537,-0.03184,0.26438,0.00141,-0.15399,0.08561,-0.01437,-0.09158,0.09141,-0.01906,-0.01519,-0.02313,-0.00387,-0.02782,-0.47998,-0.03746,0.02731,-0.00387,-0.07202,0.0005,0.00031
35.24,0.55888,0.04845,-0.00615,0.33643,0.03241,-0.01118,0.8103,-0.10868,-0.04733,-0.01367,0.06593,0.03442,-0.00111,0.55968,-0.0213,0.22752,-0.00094,-0.14635,0.09024,-0.0124,-0.09937,0.07708,-0.01793,-0.01328,-0.02235,-0.00415,-0.02887,-0.47055,-0.02908,0.02824,-0.00219,-0.07166,0.00089,0.00027
35.26,0.5814,0.05158,-0.01203,0.28378,0.03089,-0.01032,0.72041,-0.09653,-0.0531,-0.00775,0.41366,0.07225,-0.00022,0.41601,-0.00649,0.14649,-0.00291,-0.13204,0.08766,-0.01011,-0.11197,0.06455,-0.01669,-0.01133,-0.02158,-0.00443,-0.03026,-0.45786,-0.02264,0.02884,-0.00085,-0.06991,0.00113,0.00018
35.28,0.60972,0.05657,-0.01854,0.22653,0.02904,-0.00898,0.61513,-0.08175,-0.05494,0.00057,0.70052,0.11023,0.00026,0.25631,0.01138,0.02834,-0.00521,-0.1123,0.07909,-0.00741,-0.12855,0.05377,-0.0153,-0.00949,-0.02087,-0.00467,-0.03181,-0.44052,-0.01802,0.02901,6e-05,-0.0669,0.00127,5e-05
35.3,0.64154,0.06298,-0.02515,0.16783,0.02696,-0.00733,0.50238,-0.06533,-0.05277,0.01104,0.89226,0.14551,0.0002,0.09813,0.02981,-0.11491,-0.00601,-0.0921,0.06647,-0.00521,-0.14718,0.04472,-0.01384,-0.00794,-0.02025,-0.00481,-0.03316,-0.41846,-0.01492,0.02859,0.00046,-0.06304,0.00137,-0.00012
35.32,0.6741,0.06991,-0.03095,0.11117,0.02474,-0.0056,0.39142,-0.04837,-0.04678,0.02331,0.95859,0.17535,-0.00048,-0.03919,0.04603,-0.23441,-0.00357,-0.07634,0.05222,-0.00397,-0.16527,0.03742,-0.0124,-0.0069,-0.01975,-0.00482,-0.03395,-0.3922,-0.01297,0.0275,0.00029,-0.05879,0.00144,-0.00026
35.34,0.70688,0.07706,-0.03548,0.05948,0.02245,-0.00392,0.2906,-0.03146,-0.03739,0.03695,0.87519,0.19595,-0.0018,-0.14006,0.05768,-0.30374,-0.00054,-0.06646,0.03883,-0.00307,-0.18065,0.03188,-0.011,-0.00649,-0.01939,-0.00466,-0.03409,-0.36187,-0.01179,0.02568,-0.00049,-0.05456,0.00147,-0.00033
35.36,0.73987,0.08401,-0.03848,0.01473,0.02015,-0.00241,0.20603,-0.01486,-0.02543,0.05137,0.64198,0.20464,-0.00366,-0.19615,0.06344,-0.33353,0.00152,-0.06349,0.02777,-0.00257,-0.19161,0.02811,-0.00971,-0.00682,-0.01918,-0.00434,-0.03375,-0.32793,-0.01102,0.02318,-0.00191,-0.05068,0.00147,-0.00035
35.38,0.7723,0.0899,-0.03967,-0.02185,0.01783,-0.00116,0.14202,0.0015,-0.01228,0.06566,0.29295,0.20173,-0.00583,-0.20712,0.06349,-0.32308,0.00346,-0.06768,0.01951,-0.00275,-0.19671,0.0262,-0.00866,-0.00791,-0.01914,-0.00392,-0.03335,-0.29144,-0.01039,0.02014,-0.00394,-0.04747,0.0014,-0.00032
35.4,0.8012,0.09351,-0.03896,-0.04938,0.01552,-0.00019,0.10181,0.01806,0.0002,0.07889,-0.11342,0.18818,-0.00795,-0.17936,0.05864,-0.29282,0.0047,-0.07619,0.01394,-0.00344,-0.19487,0.02628,-0.00805,-0.0097,-0.01927,-0.00348,-0.03363,-0.25429,-0.00966,0.01672,-0.00649,-0.0452,0.00126,-0.00026
35.42,0.82317,0.09359,-0.03637,-0.06722,0.01323,0.00049,0.08752,0.03524,0.00996,0.09026,-0.4976,0.16605,-0.00968,-0.123,0.0501,-0.26334,0.0048,-0.08455,0.01053,-0.00419,-0.18533,0.02849,-0.00806,-0.01205,-0.0196,-0.00312,-0.03539,-0.21857,-0.00868,0.01316,-0.00939,-0.0441,0.00101,-0.00018
35.44,0.83895,0.08989,-0.03222,-0.07512,0.01098,0.0009,0.09961,0.05335,0.01556,0.09841,-0.79395,0.13893,-0.01071,-0.04786,0.03956,-0.22932,0.00472,-0.09028,0.00858,-0.00477,-0.16798,0.03284,-0.00876,-0.01485,-0.02014,-0.0029,-0.03891,-0.18548,-0.00733,0.00974,-0.01253,-0.04422,0.00065,-0.0001
35.46,0.85026,0.08283,-0.02707,-0.07325,0.00878,0.00106,0.13636,0.07233,0.01663,0.1024,-0.9727,0.10973,-0.01089,0.03909,0.02835,-0.18943,0.00492,-0.09221,0.00746,-0.00514,-0.14324,0.0391,-0.01011,-0.01798,-0.02092,-0.00285,-0.0439,-0.15585,-0.00552,0.00662,-0.01577,-0.0454,0.00015,-3e-05
35.48,0.85736,0.07291,-0.02142,-0.06216,0.00664,0.001,0.19351,0.09142,0.01394,0.10245,-1.02889,0.08056,-0.01026,0.13391,0.01746,-0.15006,0.00516,-0.08942,0.00666,-0.00517,-0.11213,0.04677,-0.01198,-0.02131,-0.02198,-0.00296,-0.04955,-0.13032,-0.00324,0.00385,-0.01905,-0.04736,-0.00049,2e-05
35.5,0.85759,0.06114,-0.01585,-0.04282,0.0046,0.00077,0.26432,0.10958,0.00921,0.09891,-0.98584,0.05343,-0.009,0.23476,0.0078,-0.11369,0.00538,-0.08273,0.00579,-0.00493,-0.07669,0.05506,-0.01397,-0.0245,-0.02335,-0.00316,-0.05415,-0.10927,-0.0005,0.00145,-0.02198,-0.04953,-0.00125,5e-05
35.52,0.8477,0.04866,-0.0108,-0.01673,0.0027,0.0004,0.34057,0.12576,0.00453,0.09244,-0.88005,0.0302,-0.0074,0.34067,0.00021,-0.08168,0.00553,-0.07356,0.00458,-0.00452,-0.03918,0.06314,-0.01552,-0.02709,-0.02507,-0.00338,-0.05564,-0.09291,0.00255,-0.00056,-0.02403,-0.05131,-0.00208,0.00015
35.54,0.83117,0.03663,-0.00652,0.01396,0.00095,-5e-05,0.41396,0.1386,0.00158,0.08434,-0.74023,0.01216,-0.00571,0.45012,-0.00469,-0.05489,0.00538,-0.06263,0.00287,-0.00396,-0.0014,0.07058,-0.01647,-0.02904,-0.02714,-0.00355,-0.05297,-0.08121,0.00564,-0.00218,-0.02524,-0.05221,-0.00296,0.00036
35.56,0.81205,0.02597,-0.00305,0.04625,-0.00067,-0.00052,0.47698,0.14712,0.00131,0.07548,-0.58857,-0.0003,-0.00412,0.55973,-0.00673,-0.03333,0.00483,-0.05068,0.00064,-0.00329,0.03514,0.07755,-0.01688,-0.03051,-0.02958,-0.00363,-0.04591,-0.07383,0.00826,-0.00344,-0.02579,-0.05194,-0.00388,0.00063
35.58,0.79051,0.01724,-0.00033,0.07606,-0.0022,-0.00093,0.52288,0.15098,0.00385,0.06619,-0.44067,-0.00753,-0.00274,0.66312,-0.00613,-0.01672,0.00393,-0.03857,-0.00196,-0.00255,0.06914,0.08485,-0.01675,-0.03134,-0.03234,-0.00363,-0.03483,-0.07023,0.00972,-0.00432,-0.02558,-0.05037,-0.00479,0.00092
35.6,0.76804,0.01095,0.00174,0.09821,-0.00368,-0.00121,0.54515,0.15042,0.00863,0.05673,-0.30349,-0.01037,-0.0016,0.75069,-0.00349,-0.00457,0.00267,-0.02701,-0.00466,-0.00182,0.09934,0.09371,-0.01635,-0.03177,-0.03534,-0.00356,-0.02122,-0.06979,0.00906,-0.00482,-0.02466,-0.04758,-0.00567,0.0013
35.62,0.74638,0.00709,0.00324,0.10762,-0.00524,-0.00126,0.53835,0.14603,0.01465,0.0473,-0.17814,-0.0098,-0.00069,0.81223,0.00047,0.00381,0.0012,-0.01656,-0.00709,-0.00113,0.12441,0.10541,-0.016,-0.03209,-0.03836,-0.00346,-0.00679,-0.07235,0.00525,-0.00487,-0.0231,-0.04376,-0.00645,0.00185
35.64,0.72525,0.00511,0.00424,0.10119,-0.00705,-0.00095,0.49968,0.13813,0.02101,0.03823,-0.06194,-0.0067,3e-05,0.84169,0.00514,0.00911,-0.00021,-0.00753,-0.00887,-0.00051,0.14284,0.12086,-0.01585,-0.032,-0.04109,-0.00335,0.00721,-0.07907,-0.00257,-0.00434,-0.02082,-0.0391,-0.00709,0.00244
35.66,0.70422,0.00479,0.00472,0.07892,-0.00934,-0.00019,0.42982,0.12791,0.02706,0.0301,0.05018,-0.00157,0.00063,0.83961,0.01011,0.01192,-0.00151,-4e-05,-0.00976,2e-05,0.15304,0.1401,-0.01597,-0.03114,-0.04301,-0.0032,0.01966,-0.0926,-0.01486,-0.00303,-0.01774,-0.03377,-0.00753,0.00294
35.68,0.68337,0.00647,0.00467,0.0442,-0.01251,0.00116,0.3333,0.11821,0.03243,0.02383,0.1643,0.0054,0.00115,0.81332,0.01528,0.01279,-0.00275,0.00593,-0.00952,0.00045,0.15346,0.16204,-0.01644,-0.02926,-0.04341,-0.00296,0.0299,-0.11691,-0.03152,-0.00068,-0.01385,-0.028,-0.00773,0.0033
35.7,0.65956,0.01115,0.00404,0.00359,-0.017,0.00324,0.21842,0.11292,0.03693,0.02079,0.28598,0.01433,0.00165,0.77652,0.02069,0.01218,-0.00408,0.01053,-0.00803,0.00079,0.1422,0.18454,-0.01728,-0.02637,-0.04136,-0.00255,0.03768,-0.15704,-0.05175,0.00298,-0.0094,-0.02207,-0.00755,0.0035
35.72,0.6289,0.02072,0.00287,-0.0345,-0.0233,0.0062,0.0952,0.11757,0.04046,0.02275,0.41785,0.02548,0.00214,0.74582,0.02643,0.01044,-0.0058,0.01383,-0.00525,0.00104,0.1168,0.20441,-0.01841,-0.02239,-0.03569,-0.00185,0.04315,-0.21871,-0.0742,0.00814,-0.00465,-0.01619,-0.00683,0.0036
35.74,0.592,0.03788,0.00132,-0.06172,-0.03195,0.01023,-0.02764,0.13975,0.04303,0.03187,0.55717,0.03903,0.00262,0.73559,0.03244,0.00793,-0.00787,0.01573,-0.00127,0.00119,0.07435,0.21745,-0.0192,-0.01663,-0.02486,-0.00067,0.04682,-0.30758,-0.09728,0.01485,2e-05,-0.01029,-0.00571,0.00346
35.76,0.54906,0.06579,-6e-05,-0.07082,-0.04343,0.01552,-0.14378,0.18816,0.04469,0.05078,0.69342,0.05488,0.00303,0.75563,0.03837,0.00493,-0.00999,0.01586,0.00363,0.00121,0.01116,0.21867,-0.01852,-0.00859,-0.0071,0.0012,0.04966,-0.4287,-0.11929,0.02285,0.00391,-0.00401,-0.00435,0.00307
35.78,0.49689,0.10742,-0,-0.05601,-0.05786,0.0222,-0.24884,0.27195,0.04554,0.08273,0.80581,0.07244,0.00326,0.81049,0.04346,0.00172,-0.01187,0.01349,0.00888,0.00107,-0.07663,0.20231,-0.01463,0.00158,0.01954,0.00403,0.05327,-0.5862,-0.1383,0.03147,0.0054,0.00327,-0.00288,0.00268
35.8,0.43224,0.16252,0.00399,-0.01256,-0.07497,0.03034,-0.33907,0.40043,0.04581,0.13169,0.86549,0.09059,0.00314,0.8994,0.04647,-0.00145,-0.01245,0.00769,0.01367,0.00072,-0.1919,0.16183,-0.0047,0.01335,0.05702,0.00808,0.05923,-0.77936,-0.15214,0.04012,0.00418,0.01241,-0.00162,0.00238
35.82,0.35223,0.22678,0.01624,0.06357,-0.09398,0.03991,-0.41052,0.5809,0.04581,0.20262,0.83856,0.10768,0.0025,1.01845,0.04601,-0.00429,-0.01034,-0.00237,0.01698,0.00016,-0.33653,0.08963,0.01481,0.02442,0.1067,0.01352,0.06843,-1.00335,-0.15855,0.04862,0.00323,0.02418,-0.0008,0.00236
35.84,0.24904,0.29519,0.04276,0.17646,-0.1136,0.05047,-0.45865,0.81782,0.04596,0.30143,0.68856,0.12147,0.00118,1.16361,0.04131,-0.00643,-0.00516,-0.01706,0.01778,-0.0006,-0.50885,-0.02326,0.04761,0.03272,0.16943,0.02041,0.08128,-1.25534,-0.15523,0.05641,0.00249,0.03909,-0.00051,0.00298
35.86,0.11534,0.36078,0.09038,0.33045,-0.13228,0.06125,-0.47778,1.10877,0.04678,0.43462,0.38583,0.1294,-0.00093,1.33227,0.03242,-0.0074,0.00364,-0.03574,0.01516,-0.00145,-0.70355,-0.18759,0.09732,0.037,0.24478,0.02874,0.09642,-1.53467,-0.14008,0.06311,-0.00133,0.05713,-0.00088,0.0044
35.88,-0.04805,0.41434,0.16508,0.52912,-0.14835,0.07112,-0.46071,1.43506,0.04885,0.60856,-0.08821,0.12861,-0.00388,1.52265,0.02032,-0.00666,0.0166,-0.0569,0.00843,-0.00226,-0.91835,-0.41669,0.16403,0.02658,0.32768,0.03787,0.10925,-1.84402,-0.1114,0.06885,-0.01286,0.07745,-0.00201,0.00625
35.9,-0.26159,0.44316,0.27126,0.77271,-0.16006,0.07881,-0.39703,1.79184,0.053,0.82677,-0.74027,0.11626,-0.00763,1.73207,0.00758,-0.00355,0.0347,-0.07777,-0.0029,-0.00284,-1.13248,-0.72657,0.25046,0.02812,0.41894,0.04789,0.11597,-2.14764,-0.06856,0.07591,-0.01556,0.09867,-0.00377,0.00906
35.92,-0.5479,0.43636,0.41014,1.05765,-0.16516,0.08287,-0.27026,2.18929,0.0597,1.08604,-1.56073,0.09027,-0.01201,1.95814,-0.00189,0.00242,0.06142,-0.09477,-0.019,-0.00301,-1.3098,-1.13525,0.36456,0.10724,0.52595,0.05965,0.11337,-2.38722,-0.01082,0.08765,0.02434,0.11914,-0.0058,0.01477
35.94,-0.87589,0.39597,0.57321,1.3819,-0.16092,0.08128,-0.05372,2.59544,0.06809,1.37908,-2.52216,0.04993,-0.01684,2.20133,-0.0035,0.01136,0.09954,-0.10619,-0.0397,-0.00285,-1.46128,-1.65702,0.49739,0.2543,0.6366,0.0716,0.09362,-2.58326,0.06352,0.10443,0.09623,0.13642,-0.00784,0.02331
35.96,-1.20454,0.32962,0.7446,1.74488,-0.14398,0.07257,0.29279,2.96308,0.07575,1.68988,-3.57601,-0.00233,-0.02193,2.46489,0.00669,0.02325,0.15002,-0.11162,-0.06436,-0.00257,-1.61693,-2.29905,0.62824,0.43333,0.73337,0.08177,0.05331,-2.78061,0.15602,0.12618,0.17968,0.14809,-0.00987,0.03337
35.98,-1.50985,0.24861,0.90565,2.14349,-0.11032,0.05629,0.82141,3.25739,0.0786,1.98215,-4.65614,-0.06088,-0.02685,2.75347,0.0301,0.03799,0.21073,-0.11051,-0.09175,-0.00228,-1.78002,-3.05976,0.73992,0.64003,0.81164,0.08999,-0.003,-2.9862,0.2679,0.15468,0.28099,0.1523,-0.0118,0.04443
36,-1.77176,0.1734,1.02966,2.56004,-0.05708,0.03289,1.58348,3.5525,0.07249,2.21887,-5.60993,-0.11671,-0.03113,3.06517,0.06242,0.0549,0.29571,-0.10308,-0.11954,-0.0021,-1.95807,-3.85807,0.81886,0.92566,0.86671,0.09505,-0.06565,-3.18042,0.40554,0.19521,0.40943,0.14704,-0.0133,0.05811
36.02,-1.96978,0.12449,1.08803,2.96384,0.01815,0.00369,2.59882,4.01374,0.05323,2.35507,-6.23192,-0.15745,-0.03429,3.39067,0.08911,0.07256,0.42918,-0.08962,-0.14451,-0.00204,-2.14846,-4.53308,0.8525,1.35413,0.89613,0.09566,-0.11471,-3.33768,0.58337,0.25564,0.57447,0.13037,-0.01384,0.07752
36.04,-2.06504,0.11514,1.06412,3.35005,0.11578,-0.02934,3.84622,4.55116,0.01608,2.32574,-6.49256,-0.17742,-0.0356,3.72252,0.09442,0.09162,0.59072,-0.07027,-0.16438,-0.00196,-2.34267,-5.01869,0.80833,1.82102,0.89117,0.09248,-0.13831,-3.48022,0.80625,0.33708,0.75832,0.10054,-0.01363,0.0998
36.06,-2.04223,0.14909,0.96165,3.48288,0.23208,-0.06346,5.25842,5.01035,-0.03908,2.12522,-6.44003,-0.17697,-0.03487,4.0457,0.06463,0.11405,0.75342,-0.04561,-0.17756,-0.00167,-2.52224,-5.31007,0.67999,2.22142,0.84666,0.08643,-0.13643,-3.6304,1.06989,0.43647,0.93791,0.05608,-0.01305,0.12115
36.08,-1.91115,0.21847,0.79892,3.3787,0.36072,-0.09655,6.68021,5.46859,-0.10742,1.80139,-6.08807,-0.15648,-0.03249,4.32727,-0.01908,0.14123,0.91241,-0.01721,-0.1823,-0.00105,-2.64357,-5.36051,0.50177,2.55012,0.77254,0.07802,-0.1104,-3.77636,1.36909,0.55073,1.10549,-0.00393,-0.01198,0.14239
36.1,-1.69932,0.30769,0.59857,3.28676,0.48547,-0.12329,7.96468,5.69596,-0.17768,1.40726,-5.57611,-0.12049,-0.02907,4.52242,-0.14803,0.17425,1.05797,0.01185,-0.17681,-0.00013,-2.71958,-5.17424,0.29805,2.73747,0.66195,0.06799,-0.07076,-3.86036,1.69609,0.68029,1.23893,-0.07941,-0.01057,0.16184
36.12,-1.44448,0.40117,0.39477,3.18241,0.58623,-0.13523,9.02289,5.44315,-0.23099,1.00946,-5.05789,-0.07337,-0.02551,4.5789,-0.29497,0.21363,1.17873,0.03869,-0.15946,0.00092,-2.74855,-4.78838,0.11437,2.73717,0.51808,0.05734,-0.02629,-3.80544,2.03548,0.82553,1.32052,-0.16837,-0.00897,0.17721
36.14,-1.17428,0.47407,0.22529,3.07452,0.65003,-0.13421,9.68174,5.01462,-0.25414,0.67184,-4.57079,-0.0175,-0.02248,4.45438,-0.46148,0.26114,1.26027,0.06033,-0.12984,0.00185,-2.65991,-4.25171,0.00139,2.58968,0.37534,0.04693,0.02079,-3.62914,2.34297,0.96173,1.34017,-0.2678,-0.00713,0.18967
36.16,-0.91895,0.5005,0.10816,2.9782,0.66678,-0.12609,9.82878,4.62924,-0.24287,0.42157,-4.15371,0.04275,-0.02026,4.12993,-0.63764,0.31623,1.2946,0.0743,-0.08792,0.0024,-2.43588,-3.62271,-0.03739,2.3303,0.24983,0.03726,0.06636,-3.3626,2.57265,1.06201,1.29492,-0.37409,-0.0051,0.19945
36.18,-0.69568,0.47168,0.04052,2.87425,0.60788,-0.11142,9.49159,4.2871,-0.19821,0.25259,-3.86537,0.10179,-0.01887,3.60134,-0.80758,0.37223,1.29021,0.08127,-0.03392,0.00256,-2.11156,-2.93646,-0.01823,1.98088,0.14017,0.02846,0.10864,-2.98132,2.69718,1.11956,1.19597,-0.48318,-0.00297,0.20458
36.2,-0.49207,0.37967,0.00945,2.77203,0.54036,-0.0946,8.73917,4.01316,-0.1284,0.15224,-3.72906,0.1541,-0.01826,2.88354,-0.95531,0.42943,1.24597,0.08308,0.03095,0.00255,-1.7242,-2.27919,0.03764,1.54936,0.04633,0.02058,0.14765,-2.53212,2.69524,1.11099,1.03405,-0.58065,-0.00129,0.20259
36.22,-0.28428,0.22633,-0.0031,2.6675,0.46078,-0.08003,7.68008,3.83135,-0.04762,0.09972,-3.74903,0.19558,-0.01828,2.0087,-1.07192,0.49063,1.15859,0.08235,0.10609,0.00286,-1.3126,-1.71898,0.10639,1.06963,-0.03327,0.01363,0.18332,-2.07903,2.56043,1.01989,0.8268,-0.64487,-0.00041,0.19089
36.24,-0.05024,0.04594,-0.01269,2.54895,0.37406,-0.06587,6.43514,3.81912,0.03032,0.07178,-3.91118,0.22267,-0.01869,1.02303,-1.17593,0.53176,1.06499,0.08298,0.19123,0.00409,-0.90787,-1.23046,0.17278,0.60701,-0.10105,0.0076,0.21811,-1.60608,2.28271,0.8575,0.63349,-0.67459,2e-05,0.1659
36.26,0.22354,-0.11894,-0.02696,2.4019,0.26667,-0.05126,5.11295,4.01833,0.09825,0.0521,-4.18221,0.23323,-0.01933,-0.02707,-1.28828,0.53407,0.98923,0.08618,0.28542,0.00675,-0.5305,-0.80008,0.22814,0.19033,-0.15912,0.00236,0.25359,-1.10266,1.86323,0.62852,0.48523,-0.67471,0.00014,0.12472
36.28,0.55034,-0.23364,-0.04622,2.21075,0.15866,-0.03727,3.79823,4.36177,0.15225,0.03155,-4.51986,0.22802,-0.02008,-1.09617,-1.42904,0.5085,0.91086,0.08891,0.38609,0.01094,-0.19631,-0.44425,0.27086,-0.17657,-0.20934,-0.00229,0.28734,-0.5931,1.33254,0.32905,0.38811,-0.64188,-0.00019,0.06484
36.3,0.8637,-0.27233,-0.06776,2.01408,0.0764,-0.0243,2.57546,4.89756,0.19527,0.0209,-4.83206,0.20986,-0.02087,-2.15421,-1.56744,0.44123,0.9024,0.08701,0.49401,0.01676,0.08209,-0.18054,0.29814,-0.48751,-0.25134,-0.00654,0.31921,-0.1202,0.72057,-0.04678,0.34616,-0.57571,-0.00093,-0.01713
36.32,1.04499,-0.22593,-0.09722,1.86574,0.0283,-0.01306,1.47935,5.75345,0.23921,0.0452,-5.00968,0.18194,-0.02147,-3.22921,-1.66192,0.33496,1.05219,0.07564,0.61236,0.02461,0.30193,-0.00997,0.30794,-0.73119,-0.2832,-0.01058,0.35014,0.28808,0.09122,-0.47583,0.35712,-0.47638,-0.00155,-0.11702
36.34,1.09433,-0.10461,-0.14016,1.51719,0.00882,-0.00525,0.47199,6.83378,0.28575,0.10209,-5.03345,0.14542,-0.02171,-4.33042,-1.75138,0.23667,1.27281,0.04882,0.7319,0.03397,0.46511,0.09226,0.30744,-0.9081,-0.3056,-0.01452,0.37324,0.61765,-0.48133,-0.92898,0.41317,-0.35312,-0.00173,-0.22802
36.36,1.0482,0.06411,-0.19147,1.169,0.00019,-0.00026,-0.46632,7.98647,0.33135,0.17693,-4.91568,0.10196,-0.02142,-5.45755,-1.86631,0.15604,1.47847,0.0047,0.8394,0.04366,0.57304,0.14592,0.30309,-1.03091,-0.32,-0.01836,0.3828,0.86611,-0.96771,-1.40415,0.4979,-0.21447,-0.00161,-0.34706
36.38,0.90189,0.25508,-0.24203,0.88021,-0.00196,0.00246,-1.33516,9.19081,0.37915,0.26264,-4.65679,0.05471,-0.0205,-6.65326,-1.98096,0.07335,1.67428,-0.05362,0.92539,0.0529,0.62957,0.16156,0.29774,-1.10666,-0.32634,-0.02203,0.38031,1.04015,-1.36115,-1.91614,0.5795,-0.06773,-0.00174,-0.48158
36.4,0.66839,0.44803,-0.28025,0.66249,-0.00199,0.00269,-2.12521,10.50844,0.43226,0.35556,-4.32662,0.00704,-0.0192,-7.98616,-2.04629,-0.02121,1.86134,-0.11847,0.98725,0.06043,0.65168,0.14616,0.28824,-1.14387,-0.32522,-0.02522,0.36442,1.02968,-1.66117,-2.3798,0.6459,0.0723,0.00038,-0.58027
36.42,0.37483,0.63476,-0.29832,0.5146,-0.00207,0.00137,-2.81804,12.07468,0.49562,0.4531,-4.00647,-0.03679,-0.0178,-9.53451,-2.00558,-0.13616,2.02875,-0.175,1.02599,0.06382,0.66611,0.11176,0.27197,-1.15005,-0.31719,-0.02745,0.3349,0.81093,-1.88433,-2.63449,0.70953,0.21418,0.00946,-0.5406
36.44,0.09889,0.80742,-0.29416,0.41376,-0.00208,0.00025,-3.38037,13.75957,0.56784,0.53662,-3.7176,-0.07353,-0.01633,-11.26904,-1.86767,-0.26186,2.14023,-0.21451,1.02242,0.06293,0.67615,0.07348,0.2565,-1.13028,-0.30218,-0.02852,0.29761,0.51041,-2.0782,-2.77562,0.73734,0.358,0.0233,-0.40767
36.46,-0.10061,0.96351,-0.26786,0.34345,-0.00197,-0.00031,-3.78662,15.35792,0.64438,0.59309,-3.48024,-0.10187,-0.01492,-13.10087,-1.66001,-0.35555,2.15546,-0.23705,0.96299,0.05814,0.67688,0.03705,0.24688,-1.0892,-0.28005,-0.02833,0.25614,0.15137,-2.29405,-2.92737,0.68551,0.48257,0.03811,-0.25865
36.48,-0.21261,1.11697,-0.22501,0.29834,-0.0016,-0.00039,-4.03478,16.91627,0.72807,0.62557,-3.325,-0.12156,-0.01385,-14.91937,-1.39617,-0.40842,2.04741,-0.24318,0.85761,0.04656,0.67388,0.00112,0.24211,-1.02685,-0.25052,-0.0267,0.21059,-0.30165,-2.57449,-3.05811,0.5477,0.58327,0.05427,-0.07989
36.5,-0.21182,1.27975,-0.17451,0.27141,-0.00011,-0.00011,-4.13573,18.30718,0.81086,0.63666,-3.26086,-0.13321,-0.01325,-16.57073,-1.03161,-0.31424,1.87492,-0.23258,0.70846,0.03718,0.68699,-0.039,0.24132,-0.94951,-0.21377,-0.0236,0.16101,-0.85073,-2.94962,-3.16427,0.37699,0.64858,0.07015,0.08275
36.52,-0.12387,1.45902,-0.12277,0.25591,0.00382,0.00027,-4.11397,19.35481,0.87921,0.63115,-3.28612,-0.13797,-0.01321,-17.97229,-0.52567,0.19229,1.70476,-0.20205,0.52832,0.03881,0.73871,-0.08962,0.2442,-0.86229,-0.16977,-0.01905,0.10756,-1.4533,-3.44045,-3.2393,0.25379,0.66636,0.08384,0.18475
36.54,-0.01387,1.67453,-0.07462,0.2457,0.01067,0.00072,-4.004,20.11997,0.93611,0.61658,-3.39377,-0.13708,-0.01369,-19.00191,-0.00512,1.05933,1.50196,-0.16275,0.34589,0.03533,0.81398,-0.15908,0.25218,-0.75969,-0.11803,-0.01304,0.05062,-2.06609,-4.06534,-3.23205,0.1615,0.64272,0.09365,0.25257
36.56,0.09333,1.94428,-0.03674,0.23542,0.02016,0.00118,-3.8403,20.65975,0.98795,0.59759,-3.56813,-0.13173,-0.01456,-19.50345,0.3896,2.07832,1.24918,-0.12317,0.17742,0.01932,0.89199,-0.25786,0.26675,-0.63729,-0.0585,-0.00565,-0.00936,-2.66962,-4.81852,-3.07884,0.08382,0.58375,0.09763,0.30042
36.58,0.19069,2.26766,-0.01318,0.22216,0.03171,0.00154,-3.65244,20.98711,1.03617,0.57583,-3.78777,-0.123,-0.01569,-19.36342,0.58369,3.10181,0.97738,-0.07981,0.03016,-0.00523,0.96609,-0.39595,0.28835,-0.49551,0.0078,0.00287,-0.07151,-3.21245,-5.66582,-2.74283,0.04338,0.49283,0.09525,0.32418
36.6,0.27665,2.63231,-0.00246,0.20499,0.04332,0.00171,-3.46857,20.86288,1.06692,0.54972,-4.01222,-0.11108,-0.0169,-18.81794,0.5768,4.33818,0.76046,-0.04493,-0.08845,-0.03469,1.02719,-0.57694,0.31574,-0.34222,0.07878,0.01213,-0.13334,-3.67498,-6.50688,-2.26961,0.00861,0.37363,0.08403,0.3038
36.62,0.35302,2.98296,-0.00066,0.18398,0.05209,0.00162,-3.30959,20.07773,1.06106,0.51641,-4.19375,-0.09616,-0.01801,-18.2434,0.3426,6.01814,0.64609,-0.01635,-0.16609,-0.03834,1.0622,-0.79448,0.34633,-0.1766,0.15226,0.02171,-0.19036,-4.11147,-7.24083,-1.75554,-0.03575,0.23534,0.06476,0.23915
36.64,0.41346,3.24168,0.00026,0.15902,0.05643,0.00133,-3.18474,18.91801,1.03412,0.47631,-4.30977,-0.07962,-0.0188,-17.42815,-0.15335,7.45183,0.58013,0.01742,-0.20026,-0.0161,1.02964,-1.04055,0.38032,0.00643,0.2244,0.03098,-0.23811,-4.49552,-7.80605,-1.24637,-0.09971,0.09225,0.04291,0.1664
36.66,0.45292,3.34444,0.0076,0.13052,0.05507,0.00089,-3.09313,17.63929,1.00388,0.43058,-4.34589,-0.06264,-0.01911,-16.2061,-0.81709,8.29225,0.51471,0.04823,-0.19864,0.00671,0.90771,-1.30075,0.41551,0.20324,0.28885,0.03905,-0.2722,-4.76118,-8.12291,-0.79603,-0.22529,-0.04336,0.02202,0.10298
36.68,0.46049,3.21368,0.02466,0.0995,0.04684,0.00033,-3.02311,16.31835,0.96547,0.37924,-4.28355,-0.04607,-0.01888,-14.6779,-1.55437,8.66672,0.44934,0.06915,-0.16937,0.03072,0.72087,-1.54901,0.44252,0.3877,0.33601,0.04478,-0.28742,-4.87787,-8.1129,-0.45151,-0.48159,-0.16017,0.00399,0.05009
36.7,0.45082,2.84274,0.05093,0.07071,0.03295,-0.00025,-2.98412,14.88642,0.92352,0.32611,-4.11245,-0.03148,-0.01811,-13.12771,-2.25541,8.55523,0.36252,0.07476,-0.12909,0.03846,0.50527,-1.67321,0.45725,0.55956,0.36089,0.04747,-0.27434,-4.79022,-7.70683,-0.19754,-0.70519,-0.24115,-0.00923,0.00979
36.72,0.44359,2.31245,0.0841,0.04828,0.01468,-0.00076,-2.99275,13.3662,0.88568,0.2749,-3.8284,-0.02029,-0.01684,-11.8137,-2.80836,8.04103,0.2476,0.06327,-0.09438,0.02029,0.35404,-1.51623,0.45554,0.75566,0.36146,0.0467,-0.22407,-4.42603,-6.8853,-0.02519,-0.52164,-0.26461,-0.01467,-0.01176
36.74,0.4295,1.69139,0.12394,0.02896,-0.00724,-0.00105,-3.02756,12.1821,0.85133,0.22485,-3.44437,-0.01331,-0.01509,-10.53375,-3.22388,7.32774,0.11813,0.04292,-0.07522,0.00106,0.36954,-1.14905,0.42249,0.8646,0.3207,0.04073,-0.14063,-3.75771,-5.773,0.07347,-0.13359,-0.23138,-0.01253,-0.0139
36.76,0.39999,1.07496,0.17146,0.01079,-0.03052,-0.00098,-3.07652,11.61473,0.82213,0.17546,-2.98422,-0.01105,-0.01292,-9.12116,-3.54249,6.5306,-0.01636,0.01957,-0.07854,-0.00984,0.58261,-0.73067,0.3599,0.78348,0.23001,0.02877,-0.03014,-2.83029,-4.52188,0.12557,0.14387,-0.15367,-0.00536,-0.00311
36.78,0.35623,0.57081,0.22542,-0.005,-0.05211,-0.00044,-3.15968,11.68003,0.80323,0.12781,-2.47932,-0.01354,-0.01051,-7.64283,-3.7674,5.68642,-0.14681,-0.00403,-0.10521,-0.02031,0.93376,-0.34442,0.28698,0.53509,0.09979,0.01209,0.09794,-1.70403,-3.22806,0.14101,0.39273,-0.04484,0.00431,0.01364
36.8,0.31831,0.21979,0.2838,-0.01724,-0.06888,0.00055,-3.30133,12.43546,0.80828,0.08319,-1.99602,-0.02036,-0.00811,-6.21214,-3.90146,4.84876,-0.26075,-0.02537,-0.14635,-0.02825,1.3299,-0.11855,0.21725,0.15632,-0.05721,-0.0074,0.23198,-0.76618,-2.13829,0.13998,0.36407,0.0718,0.01393,0.03069
36.82,0.29912,0.02432,0.34231,-0.02442,-0.07762,0.00189,-3.52933,13.89658,0.84962,0.04158,-1.59837,-0.03091,-0.00598,-4.91854,-3.96699,4.06927,-0.34448,-0.0432,-0.18607,-0.02841,1.71049,-0.03871,0.15992,-0.19441,-0.19984,-0.02519,0.37909,-0.29343,-1.39343,0.15812,0.08162,0.1896,0.02496,0.05142
36.84,0.28156,-0.0418,0.3876,-0.02842,-0.07393,0.00336,-3.85761,16.05105,0.92931,0.00134,-1.31622,-0.04473,-0.00428,-3.71011,-4.00608,3.35581,-0.3947,-0.05687,-0.21412,-0.02556,1.92953,-0.00588,0.12519,-0.36556,-0.29876,-0.03807,0.52892,-0.06559,-0.86109,0.18755,-0.03768,0.2991,0.03573,0.06997
36.86,0.25811,-0.03912,0.40412,-0.03157,-0.05424,0.00467,-4.2958,18.838,1.05045,-0.04013,-1.17479,-0.06167,-0.00309,-2.55621,-4.05023,2.70868,-0.4135,-0.06632,-0.22653,-0.02332,1.87497,-0.00129,0.11278,-0.33323,-0.35756,-0.046,0.65795,0.02003,-0.49762,0.20797,0.02488,0.38014,0.04169,0.07406
36.88,0.23713,-0.01657,0.38137,-0.03433,-0.01719,0.00548,-4.86798,21.95974,1.21673,-0.08624,-1.19345,-0.08178,-0.00244,-1.49047,-4.11837,2.13715,-0.4027,-0.07236,-0.22109,-0.01964,1.58753,-0.0183,0.1119,-0.11755,-0.37636,-0.04911,0.76738,-0.01505,-0.31635,0.23205,0.15863,0.43089,0.04192,0.05956
36.9,0.22503,-0.00392,0.3131,-0.03869,0.0369,0.00545,-5.53789,25.6262,1.45022,-0.14321,-1.36824,-0.10506,-0.00232,-0.54693,-4.18162,1.63742,-0.36813,-0.0764,-0.20165,-0.01668,1.10606,-0.03523,0.11602,0.20168,-0.37287,-0.04954,0.84815,-0.10191,-0.28248,0.25605,0.28123,0.44566,0.03412,0.0195
36.92,0.22523,-0.00555,0.20156,-0.04711,0.10336,0.00428,-6.20401,30.41633,1.78246,-0.21987,-1.68193,-0.13122,-0.00265,0.2797,-4.19909,1.21013,-0.31716,-0.08013,-0.17427,-0.01625,0.52321,-0.03063,0.12607,0.60383,-0.36872,-0.05001,0.88835,-0.20479,-0.3416,0.2648,0.3243,0.42186,0.01815,-0.04272
36.94,0.23351,-0.00292,0.05228,-0.06064,0.17751,0.002,-6.82662,35.70345,2.19534,-0.31987,-2.12119,-0.15974,-0.00338,1.00801,-4.19475,0.86357,-0.25611,-0.08511,-0.14276,-0.01587,-0.01727,-0.00897,0.1371,1.08197,-0.36294,-0.05105,0.90167,-0.29324,-0.43893,0.26555,0.30698,0.37841,-0.00242,-0.11645
36.96,0.24542,0.00778,-0.12584,-0.07984,0.25778,-0.00119,-7.38849,40.64298,2.65608,-0.44309,-2.67513,-0.18989,-0.00448,1.62575,-4.18984,0.59471,-0.19054,-0.09235,-0.11058,-0.01467,-0.45538,0.01654,0.14183,1.56416,-0.35432,-0.05299,0.89727,-0.35002,-0.53009,0.26448,0.2583,0.32891,-0.0257,-0.19808
36.98,0.25881,0.01327,-0.3193,-0.10384,0.34258,-0.00492,-7.79364,45.33222,3.15483,-0.58558,-3.32956,-0.22089,-0.00595,2.12499,-4.16556,0.39335,-0.12482,-0.10227,-0.08069,-0.01342,-0.78363,0.03706,0.14052,2.00671,-0.3479,-0.05664,0.8696,-0.37944,-0.57793,0.25624,0.18854,0.27664,-0.0508,-0.28668
37,0.27153,-0.01743,-0.51286,-0.13994,0.4285,-0.00861,-7.93168,49.55673,3.63502,-0.74478,-4.05064,-0.24809,-0.00784,2.50951,-4.09319,0.24848,-0.06273,-0.11438,-0.0546,-0.01241,-1.01558,0.04806,0.1316,2.44901,-0.33916,-0.06132,0.81562,-0.38429,-0.57451,0.2525,0.11142,0.22521,-0.07491,-0.36074
37.02,0.28175,-0.13935,-0.70035,-0.20407,0.44231,-0.01162,-7.67354,53.04392,4.02923,-0.91681,-4.79074,-0.26352,-0.01035,2.78852,-3.93932,0.15038,-0.0071,-0.12762,-0.03307,-0.01178,-1.19749,0.05385,0.11217,3.00154,-0.32073,-0.06572,0.72994,-0.36861,-0.53012,0.26761,0.03826,0.1768,-0.09243,-0.37713
37.04,0.27787,-0.38716,-0.88403,-0.27897,0.45224,-0.01375,-6.99766,55.95979,4.33472,-1.07668,-5.53374,-0.26536,-0.01352,2.94328,-3.71351,0.09063,0.04006,-0.1413,-0.01635,-0.01156,-1.39941,0.0717,0.07565,3.59809,-0.29107,-0.06954,0.59919,-0.3427,-0.4435,0.29071,-0.02343,0.13182,-0.10216,-0.34029
37.06,0.25623,-0.76546,-1.05863,-0.34866,0.46765,-0.01522,-5.99489,58.4954,4.55929,-1.20103,-6.27817,-0.25531,-0.01738,2.95974,-3.43887,0.05882,0.07724,-0.15496,-0.00411,-0.01169,-1.69369,0.11246,0.02875,4.09696,-0.24715,-0.07238,0.41123,-0.31278,-0.32202,0.31373,-0.06981,0.09049,-0.10631,-0.277
37.08,0.21751,-1.27708,-1.21575,-0.40862,0.48777,-0.01618,-4.74256,60.92599,4.75397,-1.28022,-7.00923,-0.23305,-0.02204,2.85816,-3.11192,0.04411,0.10362,-0.16818,0.00426,-0.01218,-2.17058,0.16791,-0.00244,4.45654,-0.18394,-0.07319,0.15616,-0.28029,-0.18476,0.34284,-0.09946,0.05279,-0.10598,-0.19259
37.1,0.16925,-1.88571,-1.31067,-0.45004,0.5097,-0.01687,-3.42894,63.15923,4.87687,-1.31283,-7.66823,-0.19421,-0.02756,2.64806,-2.765,0.03796,0.11885,-0.18034,0.0095,-0.01294,-2.69264,0.2167,0.01285,4.6705,-0.09774,-0.07075,-0.17338,-0.24762,-0.05499,0.37691,-0.1127,0.0187,-0.09585,-0.06617
37.12,0.12053,-2.5244,-1.299,-0.46543,0.53019,-0.01747,-2.22877,65.03459,4.84177,-1.30893,-8.17754,-0.13348,-0.03404,2.34604,-2.43661,0.03438,0.12314,-0.19087,0.01237,-0.01385,-2.95234,0.21846,0.1411,4.728,0.01165,-0.0638,-0.57681,-0.21683,0.04943,0.4104,-0.11136,-0.01141,-0.0677,0.13428
37.14,0.07538,-3.1469,-1.15053,-0.45166,0.54976,-0.01819,-1.20525,67.30755,4.68154,-1.2717,-8.54547,-0.06079,-0.04143,1.98875,-2.12071,0.02957,0.11708,-0.19959,0.01353,-0.01484,-2.99549,0.1267,0.4218,4.4698,0.13849,-0.05205,-1.03886,-0.1867,0.12593,0.44908,-0.09819,-0.0372,-0.0315,0.35805
37.16,0.04091,-3.7064,-0.81908,-0.40941,0.56844,-0.01912,-0.39671,70.61607,4.33383,-1.20587,-8.79557,0.00824,-0.04968,1.60092,-1.81266,0.02217,0.10182,-0.20627,0.01352,-0.01581,-2.9291,-0.07192,0.79961,3.88268,0.27487,-0.03618,-1.52616,-0.15641,0.17354,0.49773,-0.07662,-0.05871,0.00199,0.55468
37.18,0.03002,-4.1532,-0.27348,-0.34398,0.58407,-0.02027,0.20767,74.84628,3.52969,-1.12808,-8.9042,0.06351,-0.05889,1.19686,-1.52105,0.01291,0.07939,-0.21034,0.01276,-0.01663,-2.67367,-0.35246,1.18566,3.11795,0.39917,-0.01779,-2.0351,-0.12797,0.18963,0.55013,-0.05066,-0.07595,0.03523,0.74198
37.2,0.05161,-4.45239,0.54393,-0.25595,0.59565,-0.02152,0.73406,80.20514,1.5215,-1.05508,-8.85187,0.09926,-0.06915,0.78821,-1.26824,0.00386,0.05272,-0.2103,0.01158,-0.01712,-2.22842,-0.63486,1.35592,2.14699,0.51122,0.00039,-2.36549,-0.10057,0.17271,0.61611,-0.02527,-0.08863,0.05782,0.86504
37.22,0.10161,-4.62891,1.62017,-0.15449,0.60211,-0.0226,1.42472,86.89955,-1.93855,-0.98662,-8.61902,0.11609,-0.08021,0.39194,-1.07282,-0.00347,0.02491,-0.20451,0.0102,-0.01712,-1.72073,-0.77266,1.04537,1.08546,0.63744,0.01573,-2.19878,-0.07231,0.12612,0.71035,-0.00336,-0.09619,0.06154,0.87397
37.24,0.18112,-4.73594,2.86448,-0.05796,0.60277,-0.02338,2.49397,94.39054,-6.48825,-0.91532,-8.18744,0.10508,-0.09122,0.0265,-0.91453,-0.00856,-0.0015,-0.19325,0.00873,-0.01656,-1.27498,-0.68423,0.26133,0.07383,0.73074,0.02644,-1.76018,-0.04768,0.05815,0.81727,0.01459,-0.09799,0.0585,0.84097
37.26,0.28333,-4.79311,4.17111,0.02532,0.5969,-0.02371,4.00485,101.98435,-11.96109,-0.83966,-7.53791,0.0673,-0.10145,-0.30166,-0.77617,-0.01039,-0.0241,-0.17699,0.00724,-0.01543,-0.86451,-0.39206,-0.85583,-0.99573,0.73616,0.03178,-1.2956,-0.0314,-0.02495,0.91877,0.02879,-0.09323,0.05597,0.81281
37.28,0.36303,-4.73116,5.29048,0.09324,0.58246,-0.02325,5.21511,108.93606,-19.6007,-0.812,-6.65306,0.0341,-0.1149,-0.59103,-0.66095,-0.00867,-0.04072,-0.15591,0.00581,-0.01378,-0.40686,0.05698,-2.14681,-2.29694,0.66589,0.03198,-0.79002,-0.02394,-0.11753,1.01104,0.04147,-0.08081,0.05238,0.77598
37.3,0.37081,-4.68401,5.84117,0.14242,0.56233,-0.02191,5.38126,114.73359,-22.48771,-0.72257,-5.49683,0.01841,-0.11998,-0.83939,-0.5623,-0.00416,-0.04938,-0.13209,0.0045,-0.01175,0.16903,0.60369,-3.35655,-3.87494,0.49836,0.0289,-0.44118,-0.02799,-0.20814,1.0988,0.05575,-0.05956,0.04724,0.72921
37.32,0.29688,-4.86242,5.63435,0.16704,0.53887,-0.01964,5.32435,119.28431,-12.09319,-0.35022,-4.0337,0.01406,-0.08567,-1.04489,-0.47246,0.00146,-0.04842,-0.10792,0.00335,-0.00957,1.06818,1.18782,-4.10223,-5.57712,0.25396,0.02501,-0.29629,-0.04752,-0.27364,1.19145,0.07481,-0.02853,0.04052,0.67223
37.34,0.13482,-4.85155,4.63762,0.16946,0.50782,-0.01617,3.984,121.00009,-3.57674,-0.01866,-2.32823,0.06272,-0.03792,-1.20834,-0.39454,0.00658,-0.03681,-0.08454,0.0024,-0.00744,2.37965,1.60162,-4.16846,-7.2604,0.01878,0.02008,-0.16897,-0.08341,-0.29413,1.26529,0.10359,0.01255,0.03329,0.59804
37.36,-0.02481,-4.49599,3.45036,0.15725,0.46663,-0.01147,1.9216,118.65512,0.43216,0.08474,-0.42978,0.14966,-0.00508,-1.33484,-0.32819,0.01026,-0.01458,-0.06321,0.00163,-0.00551,3.87098,1.69012,-3.67459,-8.7371,-0.17645,0.01321,-0.02521,-0.13967,-0.25564,1.29239,0.14682,0.06297,0.02611,0.50269
37.38,-0.13944,-3.76039,2.31599,0.13356,0.40968,-0.00566,-0.6699,113.22742,2.21397,-0.13297,1.55705,0.26736,-0.00269,-1.43315,-0.26802,0.01184,0.01693,-0.0452,0.00104,-0.0039,5.33595,1.45271,-2.79338,-9.64059,-0.32714,0.00404,0.10085,-0.22571,-0.13529,1.26645,0.20547,0.1204,0.01835,0.3821
37.4,-0.125,-2.91331,2.15411,0.10711,0.31109,0.00019,-1.52904,102.68489,1.51647,-0.52928,3.52751,0.33883,-0.02932,-1.51106,-0.21749,0.00944,0.05522,-0.0312,0.00061,-0.00266,6.43212,0.98024,-1.86676,-9.90135,-0.43073,-0.00803,0.19299,-0.33417,0.07246,1.14591,0.2796,0.18177,0.00945,0.22583
37.42,-0.04711,-2.41776,2.33629,0.08118,0.23648,0.00469,-1.33514,85.70947,0.27304,-0.69012,5.65341,0.35166,-0.04072,-1.57742,-0.17696,0.00188,0.09732,-0.02152,0.00032,-0.00182,6.97226,0.51483,-1.14001,-9.79389,-0.48642,-0.02047,0.22909,-0.44652,0.34299,0.90367,0.36573,0.24458,-0.00096,0.03536
37.44,0.04331,-2.14567,2.28115,0.05578,0.17798,0.00803,-0.68757,67.23625,-0.45602,-0.7163,7.81532,0.35345,-0.03904,-1.64746,-0.13706,-0.00771,0.14041,-0.01612,0.00013,-0.00134,7.14603,0.15525,-0.5841,-9.30289,-0.50324,-0.0306,0.2194,-0.55737,0.66459,0.55894,0.44815,0.3038,-0.01325,-0.17924
37.46,0.14787,-1.97332,2.07045,0.03105,0.12925,0.01048,0.26316,49.79509,-0.71807,-0.71329,9.64902,0.35253,-0.03405,-1.73557,-0.09318,-0.01594,0.1821,-0.01458,3e-05,-0.00119,7.06762,-0.10979,-0.18222,-8.4239,-0.49548,-0.03747,0.18052,-0.6518,1.02413,0.12749,0.50822,0.35317,-0.02757,-0.41383
37.48,0.25878,-1.91825,1.77837,0.00778,0.09003,0.01183,1.2719,32.79665,-0.45871,-0.65198,11.13482,0.34387,-0.02378,-1.85176,-0.04564,-0.02099,0.22036,-0.0162,-1e-05,-0.00129,6.74582,-0.26049,0.0679,-7.36554,-0.46783,-0.0392,0.12269,-0.69961,1.37255,-0.40122,0.53334,0.38746,-0.04493,-0.67348
37.5,0.35233,-1.9503,1.48055,-0.01077,0.05866,0.01192,2.10267,16.01657,0.30181,-0.56788,12.13919,0.32536,-0.0162,-2.00129,0.00487,-0.02044,0.2533,-0.02009,-1e-05,-0.00157,6.23615,-0.26797,0.19663,-6.22206,-0.43518,-0.03485,0.0579,-0.64427,1.6938,-1.00923,0.50561,0.40268,-0.06107,-0.91163
37.52,0.39765,-2.0328,1.20627,-0.02182,0.03243,0.01088,2.66738,-0.94559,0.88251,-0.49609,12.51259,0.29835,-0.01461,-2.18511,0.05845,-0.01193,0.27917,-0.02534,1e-05,-0.00195,5.62703,-0.10972,0.24753,-5.05268,-0.41128,-0.02368,-0.00088,-0.44783,2.01034,-1.54982,0.42001,0.39486,-0.06495,-1.01911
37.54,0.37305,-2.13845,0.94964,-0.02926,0.00796,0.00953,2.96294,-18.58949,1.34483,-0.41786,12.3411,0.26972,-0.01179,-2.40349,0.11446,0.00637,0.2965,-0.03122,4e-05,-0.00239,4.94654,0.13174,0.24978,-3.95832,-0.39194,-0.00437,-0.0425,-0.17138,2.3135,-2.02389,0.29805,0.3548,-0.05755,-1.01683
37.56,0.26667,-2.2327,0.71543,-0.03626,-0.01674,0.00842,3.04164,-37.03054,1.94949,-0.33123,11.70742,0.24427,-0.00609,-2.65066,0.17014,0.03574,0.30435,-0.03728,8e-05,-0.00284,4.21674,0.37572,0.2158,-2.97806,-0.37526,0.02368,-0.06104,0.09492,2.58055,-2.57823,0.16765,0.27527,-0.04527,-0.97319
37.58,0.07408,-2.30759,0.51054,-0.04246,-0.04209,0.0076,2.99846,-56.38639,2.55129,-0.24679,10.70303,0.22184,0.00095,-2.91006,0.22012,0.07545,0.30241,-0.04325,0.00012,-0.0033,3.52015,0.60908,0.16301,-2.1217,-0.36555,0.06059,-0.05349,0.26853,2.78533,-3.33825,0.05578,0.15446,-0.02771,-0.87395
37.6,-0.19116,-2.29798,0.34025,-0.04785,-0.06875,0.00694,2.81209,-74.60091,3.08161,-0.17082,9.29292,0.20391,0.00891,-3.14133,0.26748,0.12494,0.2918,-0.04894,0.00018,-0.00375,2.88172,0.77685,0.09594,-1.43553,-0.36143,0.10611,-0.01918,0.25045,3.15521,-4.05954,-0.01436,-0.0086,-0.00399,-0.74345
37.62,-0.50568,-2.141,0.20377,-0.05213,-0.09937,0.00623,2.47486,-87.46742,3.48144,-0.10657,7.52526,0.1927,0.01729,-3.28831,0.31951,0.18516,0.27389,-0.05421,0.00027,-0.00418,2.30571,0.85046,0.02418,-0.9381,-0.35996,0.15651,0.0401,0.00823,4.03322,-4.33562,-0.03043,-0.20511,0.02565,-0.62207
37.64,-0.84351,-1.90196,0.09673,-0.05526,-0.13327,0.00546,2.12609,-95.23235,3.7394,-0.0484,5.72204,0.18694,0.02592,-3.32479,0.36194,0.249,0.24895,-0.05893,0.00038,-0.00459,1.83898,0.87218,-0.0367,-0.57706,-0.35957,0.21054,0.11994,-0.37378,5.09382,-4.4892,-0.00308,-0.42127,0.05458,-0.4945
37.66,-1.18003,-1.64304,0.0164,-0.05705,-0.16771,0.00462,1.83827,-99.60775,3.91761,0.00772,4.07096,0.18512,0.03426,-3.23783,0.38131,0.30617,0.21854,-0.06294,0.00053,-0.00494,1.49387,0.86913,-0.08456,-0.31103,-0.3572,0.26508,0.21412,-0.78132,5.9215,-4.67323,0.04158,-0.64547,0.07737,-0.35166
37.68,-1.49572,-1.3758,-0.04084,-0.05612,-0.20312,0.00354,1.58986,-100.08494,4.04917,0.06018,2.61106,0.18737,0.04149,-3.00661,0.3807,0.35257,0.18601,-0.06595,0.00069,-0.00522,1.24645,0.8455,-0.12206,-0.12653,-0.34918,0.29183,0.30773,-1.09971,6.49471,-4.65587,0.08486,-0.86808,0.09446,-0.21926
37.7,-1.78011,-1.10431,-0.0778,-0.05112,-0.23288,0.0023,1.35858,-97.12606,3.96196,0.10815,1.38084,0.19172,0.04746,-2.64205,0.36208,0.38056,0.15554,-0.06755,0.00085,-0.00539,1.0699,0.79876,-0.14744,-0.01675,-0.32738,0.3285,0.40146,-1.24059,6.58451,-4.42583,0.10659,-1.04818,0.10231,-0.05477
37.72,-2.0333,-0.84116,-0.0948,-0.04031,-0.2532,0.00108,1.12312,-91.36213,3.52114,0.158,0.43209,0.19555,0.05249,-2.16462,0.3315,0.38362,0.13206,-0.0674,0.00097,-0.00544,0.94072,0.7279,-0.15407,0.03087,-0.2839,0.4425,0.51806,-1.1788,6.11824,-4.06118,0.08936,-1.12329,0.09962,0.19883
37.74,-2.24305,-0.62023,-0.09615,-0.01992,-0.27522,-0.00014,0.89562,-83.38424,3.00125,0.20469,-0.20008,0.19882,0.05545,-1.58512,0.29978,0.36519,0.11988,-0.06535,0.00104,-0.00532,0.8461,0.64503,-0.14888,0.04402,-0.22385,0.51617,0.62729,-0.95718,5.33628,-3.51591,0.04499,-1.114,0.09046,0.45404
37.76,-2.39368,-0.45282,-0.08809,0.01277,-0.30032,-0.00134,0.68976,-73.9158,2.57521,0.23831,-0.54019,0.20161,0.05552,-0.92967,0.27475,0.33073,0.12146,-0.06157,0.00106,-0.00504,0.77481,0.55743,-0.14108,0.043,-0.15306,0.44604,0.68897,-0.65277,4.40179,-2.78162,-0.00931,-1.05867,0.0774,0.64177
37.78,-2.48357,-0.33093,-0.07434,0.05903,-0.31809,-0.00235,0.49422,-63.34708,2.2252,0.26098,-0.64059,0.20287,0.05352,-0.24564,0.26126,0.28533,0.13728,-0.05666,0.00102,-0.00465,0.71625,0.46567,-0.12723,0.03628,-0.07565,0.2455,0.71175,-0.31632,3.39792,-1.91489,-0.07201,-0.95382,0.06158,0.78704
37.8,-2.49875,-0.25046,-0.05878,0.11487,-0.32083,-0.0031,0.34457,-53.2768,1.93702,0.26848,-0.57462,0.20221,0.04917,0.40476,0.25882,0.23353,0.16494,-0.05166,0.00095,-0.00422,0.66301,0.37343,-0.11488,0.02474,-0.00309,-0.11753,0.66935,-0.07217,2.37944,-1.17102,-0.11875,-0.83669,0.04185,0.80169
37.82,-2.4263,-0.20713,-0.04469,0.16618,-0.31084,-0.00362,0.26332,-44.83931,1.70832,0.25694,-0.41978,0.19973,0.0426,0.98577,0.26401,0.1806,0.19973,-0.04781,0.00086,-0.00384,0.61526,0.2851,-0.10919,0.01035,0.06238,-0.41698,0.5487,-0.00661,1.44733,-0.7556,-0.11892,-0.73939,0.02073,0.64743
37.84,-2.27342,-0.19535,-0.03298,0.20629,-0.29402,-0.00398,0.2113,-37.38864,1.58415,0.23622,-0.23489,0.19578,0.03587,1.46158,0.27595,0.13481,0.23759,-0.04585,0.00079,-0.00359,0.58316,0.20339,-0.09778,0.00016,0.11892,-0.5052,0.40358,-0.02024,0.7028,-0.47661,-0.08659,-0.64332,0.00362,0.4505
37.86,-2.04806,-0.20713,-0.02359,0.23532,-0.27476,-0.00428,0.16823,-30.66441,1.58274,0.21384,-0.06548,0.19075,0.03012,1.79311,0.29201,0.10012,0.2747,-0.04602,0.00074,-0.00352,0.57335,0.12929,-0.07497,-0.00528,0.15797,-0.48519,0.25838,-0.03504,0.15678,-0.2571,-0.04303,-0.54004,-0.00875,0.2678
37.88,-1.75854,-0.22912,-0.01603,0.24905,-0.25335,-0.00463,0.13867,-24.9862,1.66774,0.19123,0.05868,0.18482,0.02532,1.97975,0.30466,0.07587,0.30558,-0.04815,0.00072,-0.00359,0.58443,0.06265,-0.04277,-0.00958,0.17892,-0.36548,0.10483,-0.04544,-0.21966,-0.12605,0.00726,-0.43869,-0.01721,0.09259
37.9,-1.40662,-0.24259,-0.00964,0.2438,-0.23056,-0.00496,0.12232,-20.4057,1.83047,0.16964,0.12423,0.1785,0.02145,2.0248,0.30919,0.06142,0.32535,-0.05131,0.00072,-0.00374,0.61343,0.00304,-0.0018,-0.01376,0.18048,-0.2473,-0.0596,-0.04675,-0.45639,-0.05482,0.04943,-0.34642,-0.02246,-0.06942
37.92,-1.0067,-0.22632,-0.0035,0.21759,-0.20754,-0.00519,0.11793,-16.85071,2.0719,0.14959,0.1281,0.17231,0.01846,1.93931,0.30337,0.0551,0.33038,-0.05425,0.00073,-0.00387,0.65491,-0.04945,0.04597,-0.0174,0.16367,-0.21859,-0.25118,-0.04535,-0.58504,-0.01991,0.07437,-0.26695,-0.02523,-0.19388
37.94,-0.59262,-0.16117,0.00312,0.17684,-0.18571,-0.00535,0.12115,-14.13233,2.34038,0.13234,0.07241,0.16603,0.01625,1.75442,0.28309,0.05369,0.31852,-0.05629,0.00075,-0.00395,0.69938,-0.09504,0.09713,-0.02066,0.1387,-0.20973,-0.48121,-0.03834,-0.63068,-0.00703,0.08759,-0.19796,-0.02607,-0.26971
37.96,-0.1849,-0.03709,0.01006,0.13006,-0.16572,-0.00544,0.12746,-12.0198,2.58031,0.11823,-0.04105,0.15946,0.01474,1.49778,0.24741,0.05433,0.29003,-0.05707,0.00076,-0.00393,0.73904,-0.13449,0.1469,-0.02327,0.11244,-0.18292,-0.7398,-0.02278,-0.6158,-0.00259,0.09309,-0.13828,-0.02555,-0.30906
37.98,0.20546,0.14356,0.01658,0.08199,-0.14713,-0.00543,0.13579,-10.30444,2.7594,0.10554,-0.21195,0.15278,0.01383,1.19149,0.19938,0.05508,0.24708,-0.05638,0.00075,-0.00381,0.77029,-0.16836,0.18471,-0.02402,0.08674,-0.15837,-1.03227,-0.00451,-0.56207,0.00113,0.09246,-0.08877,-0.02401,-0.31522
38,0.56224,0.36505,0.02138,0.04132,-0.12887,-0.00527,0.14209,-8.74418,2.85286,0.09428,-0.43993,0.14557,0.01344,0.85129,0.14361,0.0552,0.1947,-0.05449,0.00074,-0.00363,0.79239,-0.19535,0.21265,-0.02322,0.06324,-0.13292,-1.27634,0.01031,-0.48897,0.00667,0.08425,-0.04929,-0.02171,-0.29816
38.02,0.86044,0.59942,0.02301,0.01393,-0.10998,-0.00493,0.14146,-7.11205,2.84583,0.08429,-0.72389,0.13755,0.01354,0.49583,0.08341,0.05538,0.13725,-0.05189,0.00072,-0.00344,0.80752,-0.21288,0.24573,-0.02251,0.04243,-0.10389,-1.31572,0.01849,-0.41357,0.01414,0.06936,-0.01917,-0.01886,-0.26853
38.04,1.08901,0.82349,0.02107,7e-05,-0.09014,-0.00445,0.13333,-5.26059,2.67494,0.07292,-1.06183,0.12917,0.01407,0.14578,0.01849,0.05551,0.07586,-0.04872,0.0007,-0.00324,0.81728,-0.22218,0.26686,-0.02126,0.02379,-0.07896,-1.21049,0.02404,-0.34995,0.02189,0.05454,0.00267,-0.01567,-0.2292
38.06,1.25258,1.02442,0.01591,0.00044,-0.0693,-0.00384,0.11762,-3.10726,2.29523,0.05878,-1.44977,0.12077,0.01499,-0.1922,-0.05137,0.05528,0.01204,-0.04514,0.00066,-0.00302,0.82225,-0.22597,0.26186,-0.01893,0.00709,-0.05957,-1.05811,0.02988,-0.30678,0.02796,0.04315,0.01725,-0.01232,-0.18376
38.08,1.35296,1.19221,0.00816,0.01601,-0.04788,-0.00314,0.09413,-0.65881,1.72367,0.04247,-1.87928,0.11241,0.01621,-0.51829,-0.12635,0.05555,-0.0518,-0.04137,0.00062,-0.0028,0.82363,-0.22557,0.24419,-0.01682,-0.00764,-0.04378,-0.84058,0.0356,-0.28721,0.03222,0.03498,0.02563,-0.00897,-0.13591
38.1,1.39574,1.32044,-0.00126,0.04415,-0.02694,-0.00237,0.06582,1.97096,0.92519,0.0252,-2.3274,0.10389,0.01763,-0.83156,-0.20459,0.05612,-0.11302,-0.03769,0.00057,-0.0026,0.81971,-0.22241,0.20909,-0.01352,-0.02016,-0.032,-0.64509,0.0428,-0.29039,0.03318,0.02934,0.02888,-0.00594,-0.09468
38.12,1.38819,1.40491,-0.01111,0.0759,-0.0082,-0.00162,0.03566,4.66732,-0.01377,0.00829,-2.76034,0.09519,0.01911,-1.13015,-0.28005,0.05606,-0.16921,-0.03431,0.00052,-0.00242,0.80794,-0.21758,0.15524,-0.00705,-0.02996,-0.02396,-0.53873,0.05303,-0.31291,0.0303,0.02556,0.02794,-0.00346,-0.06397
38.14,1.33976,1.44581,-0.02063,0.10562,0.00667,-0.00099,0.00532,7.29225,-0.92658,-0.00728,-3.15646,0.08703,0.02051,-1.41226,-0.35029,0.0553,-0.21731,-0.03127,0.00047,-0.00227,0.7894,-0.21242,0.10494,0.0002,-0.03692,-0.01784,-0.45366,0.06591,-0.35051,0.02733,0.02403,0.02368,-0.00153,-0.03919
38.16,1.26071,1.44586,-0.02993,0.1318,0.01703,-0.00055,-0.02298,9.68152,-1.77383,-0.02071,-3.49943,0.07982,0.02169,-1.67641,-0.41493,0.0534,-0.25444,-0.02854,0.00041,-0.00212,0.76587,-0.2079,0.06789,0.00627,-0.04135,-0.01276,-0.35762,0.08092,-0.399,0.02642,0.02476,0.01697,-0.00024,-0.02049
38.18,1.15745,1.40701,-0.03931,0.15277,0.02291,-0.00031,-0.04717,11.71406,-2.5399,-0.03146,-3.76696,0.07354,0.02249,-1.91833,-0.47055,0.04926,-0.2794,-0.02614,0.00036,-0.00197,0.73852,-0.20384,0.04049,0.01171,-0.04372,-0.0085,-0.26761,0.09726,-0.454,0.02703,0.02682,0.00865,0.00034,-0.00992
38.2,1.04407,1.33332,-0.04822,0.15215,0.02483,-0.00028,-0.06597,13.29446,-3.15504,-0.0394,-3.91817,0.06807,0.02278,-2.12241,-0.5138,0.04331,-0.29287,-0.02402,0.0003,-0.00183,0.70878,-0.19906,0.02075,0.01547,-0.04488,-0.00479,-0.18475,0.11565,-0.51009,0.02971,0.03008,-0.00038,0.00022,-0.00744
38.22,0.93335,1.2296,-0.05513,0.10665,0.02362,-0.00045,-0.07916,14.35216,-3.5119,-0.04464,-3.90936,0.06334,0.02243,-2.26562,-0.54117,0.03593,-0.29663,-0.02209,0.00025,-0.00171,0.67836,-0.19206,0.00687,0.01672,-0.04575,-0.00131,-0.10666,0.13761,-0.56129,0.03533,0.03488,-0.00919,-0.00054,-0.01221
38.24,0.82131,1.10151,-0.05908,0.03145,0.02005,-0.00076,-0.08633,14.77633,-3.65947,-0.04718,-3.75242,0.05924,0.0214,-2.34003,-0.55117,0.02618,-0.29163,-0.02028,0.0002,-0.00158,0.65009,-0.18271,-0.00273,0.01665,-0.04699,0.00227,-0.03036,0.16019,-0.6033,0.0427,0.04037,-0.01698,-0.00184,-0.02287
38.26,0.70327,0.95621,-0.05868,-0.0508,0.01494,-0.00118,-0.08764,14.4996,-3.69192,-0.047,-3.47635,0.05556,0.01973,-2.34308,-0.54479,0.01421,-0.27971,-0.01849,0.00015,-0.00146,0.62567,-0.1712,-0.00995,0.01598,-0.04902,0.00614,0.04748,0.18036,-0.63287,0.05066,0.04559,-0.02316,-0.00357,-0.0381
38.28,0.58109,0.80241,-0.05202,-0.13868,0.00908,-0.00164,-0.08524,13.57948,-3.60975,-0.04429,-3.10257,0.05187,0.01759,-2.26793,-0.52347,0.00083,-0.26448,-0.01664,0.0001,-0.00134,0.6048,-0.15718,-0.01667,0.01483,-0.05206,0.01046,0.12862,0.19889,-0.64687,0.05947,0.05014,-0.02725,-0.00559,-0.05667
38.3,0.45725,0.65414,-0.03907,-0.21901,0.00331,-0.00207,-0.0792,12.06277,-3.47339,-0.03954,-2.70508,0.04757,0.01522,-2.12754,-0.4919,-0.0133,-0.24914,-0.01464,5e-05,-0.0012,0.58722,-0.14169,-0.02493,0.01286,-0.05594,0.01534,0.21603,0.21455,-0.64298,0.06899,0.05407,-0.02883,-0.00771,-0.07678
38.32,0.33276,0.52518,-0.02139,-0.27913,-0.00169,-0.00242,-0.06985,10.04846,-3.34874,-0.03323,-2.35737,0.04218,0.01291,-1.94012,-0.45628,-0.02771,-0.23708,-0.01244,-1e-05,-0.00105,0.5725,-0.12605,-0.03799,0.01002,-0.0602,0.02081,0.31256,0.22563,-0.61979,0.0789,0.05769,-0.0276,-0.00966,-0.09602
38.34,0.20682,0.42264,-0.00144,-0.32034,-0.00552,-0.00267,-0.0611,7.72892,-3.21903,-0.02542,-2.07708,0.03559,0.01095,-1.70973,-0.41974,-0.04212,-0.23193,-0.01005,-9e-05,-0.00089,0.55892,-0.11002,-0.05754,0.00725,-0.06432,0.02673,0.41869,0.23416,-0.57774,0.08951,0.05997,-0.02353,-0.01131,-0.11319
38.36,0.07973,0.35046,0.01749,-0.34398,-0.00812,-0.0028,-0.05527,5.24317,-3.07508,-0.01639,-1.87817,0.02795,0.00952,-1.44394,-0.38445,-0.0564,-0.23553,-0.00751,-0.00017,-0.0007,0.54496,-0.09376,-0.08461,0.00495,-0.06764,0.0327,0.52915,0.24144,-0.51929,0.10078,0.06008,-0.01683,-0.01263,-0.12799
38.38,-0.04623,0.30946,0.0325,-0.35119,-0.00987,-0.00281,-0.05202,2.68143,-2.93599,-0.00671,-1.77698,0.01961,0.00865,-1.15782,-0.35246,-0.07076,-0.24754,-0.0049,-0.00025,-0.00051,0.53006,-0.0785,-0.12354,0.00296,-0.0693,0.03761,0.62025,0.24633,-0.44901,0.11174,0.05848,-0.00808,-0.01356,-0.14014
38.4,-0.16848,0.29585,0.04164,-0.33928,-0.01148,-0.00271,-0.05013,0.1384,-2.79098,0.003,-1.76145,0.0112,0.0083,-0.87438,-0.32304,-0.08457,-0.26569,-0.00237,-0.00033,-0.00032,0.51251,-0.06497,-0.16172,0.00138,-0.0681,0.04186,0.72147,0.24992,-0.37523,0.12238,0.05459,0.00181,-0.01403,-0.14583
38.42,-0.28805,0.3033,0.04421,-0.30922,-0.01384,-0.00252,-0.04792,-2.26589,-2.62487,0.01198,-1.80654,0.00345,0.00837,-0.61123,-0.29472,-0.0966,-0.28656,-0.00012,-0.0004,-0.00013,0.49127,-0.05414,-0.1756,0.00016,-0.06286,0.04653,0.89156,0.25362,-0.30651,0.13309,0.04819,0.01185,-0.01397,-0.13977
38.44,-0.40439,0.32492,0.04081,-0.27282,-0.01782,-0.00225,-0.04512,-4.44369,-2.44817,0.01967,-1.89206,-0.00306,0.00873,-0.37208,-0.26761,-0.10729,-0.30746,0.00168,-0.00044,3e-05,0.46784,-0.04743,-0.17266,-0.00082,-0.05324,0.04841,1.04577,0.2548,-0.24773,0.14142,0.04082,0.02122,-0.01346,-0.12594
38.46,-0.51539,0.35397,0.03294,-0.23762,-0.02404,-0.00189,-0.04195,-6.37929,-2.26537,0.02584,-1.99599,-0.00805,0.00926,-0.16146,-0.24109,-0.11729,-0.32617,0.00285,-0.00045,0.00015,0.44341,-0.04517,-0.16125,-0.00149,-0.03945,0.04492,1.09472,0.25177,-0.20138,0.14535,0.0334,0.0293,-0.01261,-0.10913
38.48,-0.62241,0.38421,0.0227,-0.20483,-0.03275,-0.00148,-0.03763,-8.079,-2.07095,0.03061,-2.09321,-0.01147,0.00982,0.01582,-0.21369,-0.12611,-0.34019,0.00328,-0.00043,0.00023,0.41863,-0.04654,-0.13097,-0.00189,-0.02216,0.03691,1.05117,0.24573,-0.16779,0.1456,0.02606,0.03584,-0.01146,-0.08868
38.5,-0.72846,0.40931,0.01219,-0.17525,-0.04386,-0.00104,-0.03235,-9.54774,-1.85908,0.03414,-2.15497,-0.01342,0.01026,0.1583,-0.18485,-0.13355,-0.34709,0.00285,-0.00038,0.00024,0.39562,-0.05072,-0.09545,-0.00194,-0.00295,0.02389,0.85486,0.235,-0.14455,0.14085,0.0189,0.04078,-0.01019,-0.07008
38.52,-0.83689,0.42334,0.0032,-0.14953,-0.05711,-0.00062,-0.02689,-10.79055,-1.62184,0.03661,-2.15401,-0.01411,0.01045,0.267,-0.15424,-0.13937,-0.34485,0.00147,-0.00031,0.00019,0.37704,-0.05684,-0.06356,-0.00157,0.01668,0.00805,0.50971,0.21863,-0.12798,0.13042,0.01217,0.04417,-0.00896,-0.05777
38.54,-0.94754,0.42266,-0.00316,-0.12873,-0.07219,-0.00023,-0.02123,-11.85258,-1.37045,0.03864,-2.08257,-0.01363,0.01031,0.34382,-0.12139,-0.14304,-0.33293,-0.00098,-0.00023,5e-05,0.36502,-0.06327,-0.02472,-0.00099,0.0354,-0.00638,0.13296,0.19998,-0.11468,0.11748,0.00623,0.04617,-0.00775,-0.04775
38.56,-1.05882,0.40499,-0.00659,-0.11299,-0.0888,0.0001,-0.01544,-12.79923,-1.11282,0.04075,-1.9434,-0.01211,0.00983,0.39156,-0.08626,-0.14412,-0.31199,-0.0046,-0.00013,-0.00019,0.36085,-0.0685,0.01668,-0.00036,0.05168,-0.01796,-0.22208,0.1811,-0.10208,0.10419,0.00121,0.04688,-0.00656,-0.0379
38.58,-1.1703,0.36861,-0.00738,-0.10134,-0.10657,0.00035,-0.00984,-13.67816,-0.84582,0.04295,-1.74316,-0.0098,0.00906,0.41513,-0.04952,-0.14225,-0.28368,-0.00948,-2e-05,-0.00053,0.36468,-0.07154,0.04888,0.00032,0.06427,-0.02616,-0.5389,0.16202,-0.08869,0.09094,-0.00283,0.04631,-0.00545,-0.0293
38.6,-1.28323,0.31417,-0.00632,-0.09295,-0.12536,0.0005,-0.00451,-14.53063,-0.59968,0.04526,-1.51033,-0.007,0.0081,0.41944,-0.01276,-0.13801,-0.25092,-0.01564,0.0001,-0.00098,0.37629,-0.07201,0.0696,0.00101,0.07229,-0.03019,-0.76327,0.14256,-0.07435,0.07783,-0.00582,0.04441,-0.00449,-0.02264
38.62,-1.39797,0.2427,-0.0045,-0.087,-0.1453,0.00055,0.00033,-15.39157,-0.38275,0.04764,-1.2758,-0.00404,0.00708,0.40935,0.02256,-0.13213,-0.21721,-0.02305,0.00024,-0.00154,0.39507,-0.06984,0.08992,0.00148,0.07527,-0.02927,-0.80201,0.12292,-0.05967,0.0652,-0.00762,0.04109,-0.00374,-0.01812
38.64,-1.50729,0.15397,-0.00282,-0.08255,-0.16591,0.00049,0.00415,-16.28968,-0.16727,0.0499,-1.05262,-0.00124,0.00611,0.39017,0.05516,-0.1243,-0.18568,-0.03162,0.00038,-0.0022,0.41847,-0.06429,0.10268,0.00161,0.07256,-0.02467,-0.70451,0.10421,-0.04535,0.05408,-0.00821,0.03624,-0.00319,-0.01509
38.66,-1.60383,0.04854,-0.00185,-0.07864,-0.1866,0.00033,0.00625,-17.24607,0.05236,0.05195,-0.85119,0.00119,0.00524,0.36675,0.08359,-0.1146,-0.15847,-0.04119,0.00054,-0.00295,0.4433,-0.05513,0.09994,0.00148,0.06442,-0.01814,-0.55661,0.08678,-0.03217,0.04485,-0.00765,0.02982,-0.00285,-0.01317
38.68,-1.68448,-0.07144,-0.00177,-0.07429,-0.20711,8e-05,0.00589,-18.26439,0.26718,0.05396,-0.68085,0.00313,0.0045,0.34371,0.10653,-0.10386,-0.13678,-0.05147,0.00069,-0.00377,0.46678,-0.04319,0.09182,0.0008,0.05267,-0.01066,-0.37001,0.07003,-0.02101,0.0371,-0.00603,0.02191,-0.00273,-0.01243
38.7,-1.7448,-0.20267,-0.00237,-0.06847,-0.22784,-0.00023,0.0018,-19.2923,0.47771,0.05605,-0.5436,0.00454,0.00386,0.32551,0.12326,-0.0932,-0.12123,-0.06185,0.00084,-0.00461,0.48396,-0.02949,0.07439,0.00038,0.03944,-0.0045,-0.23447,0.05334,-0.01289,0.03042,-0.00357,0.01269,-0.00282,-0.01258
38.72,-1.78174,-0.34238,-0.00277,-0.06026,-0.24928,-0.00061,-0.0073,-20.25197,0.70171,0.05838,-0.43737,0.00542,0.00331,0.3167,0.13364,-0.08374,-0.11202,-0.07157,0.00098,-0.00542,0.48949,-0.01537,0.05007,0.00151,0.02754,-0.00039,-0.18344,0.03624,-0.00884,0.02439,-0.0004,0.00251,-0.0031,-0.01323
38.74,-1.79297,-0.4871,-0.0014,-0.04883,-0.27018,-0.00105,-0.02161,-21.10812,0.93337,0.06133,-0.35747,0.00582,0.0028,0.32196,0.13659,-0.07593,-0.10896,-0.08012,0.00109,-0.00615,0.48157,-0.00247,0.03505,0.0032,0.01977,0.00146,-0.16455,0.01848,-0.0097,0.01856,0.00346,-0.00828,-0.00354,-0.01424
38.76,-1.77884,-0.63251,0.00325,-0.03346,-0.28896,-0.00152,-0.04056,-21.82483,1.14811,0.06513,-0.29727,0.0058,0.00229,0.34509,0.13165,-0.07008,-0.11156,-0.08712,0.00117,-0.00675,0.46035,0.00832,0.03128,0.00435,0.01715,-6e-05,-0.18214,0.00028,-0.01602,0.01265,0.00797,-0.01938,-0.00411,-0.01548
38.78,-1.74581,-0.77457,0.01216,-0.01373,-0.30462,-0.00204,-0.06238,-22.33815,1.33598,0.06986,-0.24925,0.00544,0.00177,0.38834,0.12013,-0.06672,-0.11896,-0.09214,0.00121,-0.00719,0.42667,0.01675,0.0279,0.0054,0.01896,-0.00519,-0.26523,-0.01749,-0.02793,0.00665,0.01297,-0.03048,-0.00475,-0.0168
38.8,-1.6936,-0.90958,0.02556,0.0104,-0.31698,-0.00256,-0.08743,-22.52725,1.49994,0.0755,-0.20558,0.00486,0.00122,0.45293,0.10309,-0.06552,-0.13004,-0.09472,0.00123,-0.00743,0.38491,0.02356,0.02677,0.00539,0.02359,-0.01265,-0.37932,-0.03302,-0.04509,0.00072,0.01857,-0.0411,-0.00538,-0.0177
38.82,-1.62437,-1.03438,0.04281,0.03814,-0.32593,-0.00305,-0.11608,-22.26059,1.65103,0.08202,-0.15956,0.00418,0.00065,0.53852,0.08224,-0.06597,-0.14345,-0.09444,0.00122,-0.00745,0.34063,0.03031,0.04474,0.0038,0.02909,-0.01865,-0.42377,-0.04369,-0.06681,-0.00476,0.02517,-0.05066,-0.00587,-0.01749
38.84,-1.55565,-1.14309,0.06152,0.06841,-0.32889,-0.0035,-0.14112,-21.54213,1.75523,0.08912,-0.10739,0.00352,8e-05,0.64302,0.06014,-0.06836,-0.15748,-0.09109,0.00118,-0.00722,0.2965,0.0378,0.06873,0.00216,0.03323,-0.02136,-0.39168,-0.048,-0.09207,-0.00946,0.03268,-0.05882,-0.0062,-0.01642
38.86,-1.49803,-1.23045,0.07863,0.10021,-0.32399,-0.00388,-0.1568,-20.40739,1.77938,0.09642,-0.04899,0.00299,-0.00047,0.76192,0.03872,-0.07283,-0.17022,-0.08469,0.00113,-0.00673,0.25444,0.04643,0.08078,0.00109,0.03436,-0.0212,-0.31653,-0.04575,-0.11955,-0.01323,0.04066,-0.06548,-0.00639,-0.0149
38.88,-1.44992,-1.29474,0.09181,0.13202,-0.31197,-0.00418,-0.16271,-18.86614,1.73802,0.10373,0.01122,0.00275,-0.00094,0.88653,0.01944,-0.07907,-0.17956,-0.07553,0.00106,-0.00601,0.21589,0.05696,0.08231,0.00037,0.03188,-0.01798,-0.19649,-0.03741,-0.1475,-0.01597,0.0489,-0.0706,-0.00642,-0.01293
38.9,-1.40888,-1.3342,0.0996,0.16108,-0.2928,-0.00436,-0.15423,-17.06485,1.5978,0.11016,0.06461,0.00292,-0.00129,1.00825,0.00378,-0.08595,-0.18281,-0.06444,0.00097,-0.00512,0.18055,0.06926,0.06506,4e-05,0.02578,-0.01322,-0.07027,-0.02468,-0.17348,-0.01768,0.05759,-0.07423,-0.00636,-0.01057
38.92,-1.37105,-1.34711,0.10173,0.18388,-0.26728,-0.00438,-0.13099,-15.15658,1.34261,0.11468,0.10134,0.00364,-0.00145,1.11914,-0.00647,-0.09182,-0.17737,-0.05245,0.00088,-0.00413,0.14763,0.08257,0.02844,-7e-05,0.0167,-0.0081,0.05529,-0.00956,-0.19478,-0.01838,0.06715,-0.07646,-0.00627,-0.00785
38.94,-1.33219,-1.3316,0.09821,0.19905,-0.23839,-0.00427,-0.10022,-13.16838,1.04175,0.11742,0.11363,0.00501,-0.00138,1.20502,-0.01009,-0.0968,-0.16209,-0.04017,0.00078,-0.00312,0.11648,0.09637,-0.01852,-0.00012,0.00579,-0.00238,0.19575,0.00635,-0.20948,-0.018,0.07664,-0.07746,-0.00616,-0.0051
38.96,-1.28922,-1.28774,0.0896,0.20659,-0.2083,-0.00404,-0.06619,-11.1361,0.73576,0.11863,0.09876,0.00707,-0.00109,1.25581,-0.00694,-0.10118,-0.13727,-0.02823,0.00069,-0.00216,0.08594,0.10986,-0.07369,-0.00012,-0.00571,0.00351,0.33415,0.02168,-0.21668,-0.01646,0.08499,-0.07742,-0.00607,-0.00261
38.98,-1.23995,-1.2191,0.07742,0.20642,-0.17812,-0.0037,-0.03046,-9.13319,0.42926,0.11814,0.06056,0.00976,-0.00063,1.27224,0.0024,-0.10399,-0.10466,-0.01727,0.00059,-0.00129,0.05466,0.1216,-0.136,-8e-05,-0.01636,0.00865,0.43819,0.03534,-0.21635,-0.01372,0.09229,-0.07656,-0.00601,-0.00015
39,-1.18221,-1.13017,0.0635,0.1997,-0.14872,-0.00328,0.005,-7.24999,0.12954,0.11596,0.00815,0.0129,-9e-05,1.25455,0.01664,-0.10562,-0.0678,-0.00784,0.0005,-0.00056,0.02147,0.12824,-0.18838,-9e-05,-0.02441,0.01255,0.52958,0.04665,-0.20939,-0.00974,0.09785,-0.07512,-0.00603,0.00148
39.02,-1.11523,-1.02698,0.04951,0.18808,-0.12114,-0.0028,0.03714,-5.55697,-0.14325,0.11218,-0.04612,0.01626,0.00042,1.20538,0.03435,-0.10664,-0.0308,-0.00038,0.00042,1e-05,-0.01416,0.12587,-0.19903,-0.0003,-0.02804,0.01525,0.66817,0.05517,-0.19729,-0.00456,0.10094,-0.07335,-0.00615,0.00159
39.04,-1.04095,-0.91673,0.03662,0.17281,-0.0967,-0.00231,0.06372,-4.06933,-0.37084,0.10716,-0.09132,0.0196,0.00082,1.13423,0.05407,-0.10582,0.00292,0.00491,0.00034,0.0004,-0.05241,0.11392,-0.16965,-0.00051,-0.02643,0.01551,0.73002,0.06047,-0.18187,0.00147,0.10204,-0.07155,-0.00634,0.00132
39.06,-0.96089,-0.80505,0.02554,0.15513,-0.07603,-0.00184,0.08443,-2.79466,-0.55283,0.10131,-0.12104,0.02266,0.00106,1.04882,0.0743,-0.1024,0.03123,0.00808,0.00028,0.00063,-0.09337,0.09295,-0.11145,-0.00058,-0.01987,0.01225,0.5943,0.06218,-0.16504,0.0078,0.10156,-0.07003,-0.0065,0.00134
39.08,-0.87605,-0.69657,0.01667,0.13627,-0.05913,-0.00141,0.09898,-1.74086,-0.68958,0.09479,-0.13329,0.02525,0.00116,0.95392,0.0937,-0.09656,0.05323,0.00943,0.00023,0.00071,-0.13607,0.064,-0.02994,-0.00058,-0.0095,0.00591,0.26841,0.06024,-0.1488,0.01348,0.09944,-0.06913,-0.00661,0.00113
39.1,-0.78695,-0.59536,0.01005,0.11759,-0.04595,-0.00103,0.10761,-0.90637,-0.77827,0.08797,-0.13003,0.02711,0.00112,0.85327,0.11163,-0.08913,0.06898,0.00944,0.00018,0.0007,-0.17891,0.03083,0.04761,-0.00043,0.00246,-0.00293,-0.26293,0.05461,-0.13538,0.01745,0.09567,-0.06927,-0.00648,0.0013
39.12,-0.69511,-0.506,0.00549,0.10031,-0.03643,-0.0007,0.1109,-0.28489,-0.81491,0.08123,-0.11516,0.02797,0.001,0.75082,0.12807,-0.08095,0.0791,0.00863,0.00015,0.00064,-0.22048,-0.00259,0.13661,-0.00016,0.01388,-0.0114,-0.70406,0.04534,-0.12694,0.01878,0.0904,-0.07089,-0.0059,0.00257
39.14,-0.60392,-0.43343,0.0026,0.08512,-0.03053,-0.00043,0.10912,0.13425,-0.80637,0.07461,-0.09173,0.02766,0.00083,0.65178,0.14187,-0.07203,0.08436,0.0075,0.00013,0.00055,-0.2587,-0.03302,0.23219,2e-05,0.02288,-0.01721,-0.8738,0.03255,-0.12511,0.01618,0.0841,-0.07414,-0.00498,0.00366
39.16,-0.51495,-0.37994,0.00094,0.07235,-0.0281,-0.00023,0.10286,0.36437,-0.76234,0.06819,-0.06087,0.02607,0.00063,0.55914,0.15202,-0.06251,0.08553,0.00636,0.00011,0.00047,-0.29226,-0.05781,0.29526,9e-05,0.028,-0.02052,-0.88488,0.01649,-0.13049,0.00896,0.07718,-0.07897,-0.00384,0.00373
39.18,-0.42802,-0.34514,9e-05,0.06212,-0.02889,-0.0001,0.09302,0.42069,-0.68671,0.06217,-0.0216,0.02311,0.00038,0.47367,0.15892,-0.05291,0.08342,0.00534,0.0001,0.0004,-0.32142,-0.07607,0.32846,0.0001,0.02891,-0.0211,-0.73815,-0.00234,-0.14246,-0.00253,0.06997,-0.08522,-0.00252,0.003
39.2,-0.34287,-0.32734,-0.00032,0.05429,-0.03268,-3e-05,0.08045,0.31832,-0.59174,0.05682,0.02891,0.01879,9e-05,0.39595,0.16313,-0.04361,0.0788,0.00447,0.0001,0.00034,-0.3456,-0.08786,0.32182,7e-05,0.02596,-0.02005,-0.56763,-0.02313,-0.15937,-0.01716,0.06243,-0.0922,-0.00126,0.0011
39.22,-0.25971,-0.32396,-0.00056,0.04857,-0.03924,-2e-05,0.06604,0.07146,-0.48803,0.05239,0.09427,0.0131,-0.00029,0.32674,0.16532,-0.03492,0.07231,0.00367,0.0001,0.00028,-0.36384,-0.09385,0.27124,9e-05,0.02011,-0.01881,-0.49479,-0.0446,-0.179,-0.0322,0.05469,-0.09899,-0.00016,-0.00101
39.24,-0.17898,-0.33193,-0.00083,0.0447,-0.04831,-7e-05,0.0508,-0.30568,-0.37714,0.04896,0.17773,0.00603,-0.00079,0.26675,0.1659,-0.0271,0.06433,0.00281,0.00011,0.00022,-0.37709,-0.09608,0.2104,0.00014,0.01267,-0.01698,-0.43855,-0.06571,-0.19922,-0.04569,0.04756,-0.10523,0.0008,-0.00218
39.26,-0.10044,-0.34772,-0.00121,0.04229,-0.05959,-0.00016,0.03548,-0.79601,-0.2628,0.04657,0.28108,-0.0025,-0.00142,0.21578,0.16507,-0.02029,0.05509,0.00179,0.00012,0.00015,-0.38673,-0.09632,0.15844,0.00021,0.00456,-0.01438,-0.35665,-0.08591,-0.21844,-0.05711,0.04152,-0.11077,0.00151,-0.0026
39.28,-0.02376,-0.36706,-0.00172,0.04095,-0.07252,-0.00029,0.02067,-1.37632,-0.15213,0.04522,0.40335,-0.01263,-0.00222,0.17302,0.16297,-0.01455,0.04472,0.00054,0.00014,5e-05,-0.39342,-0.09527,0.11417,0.0003,-0.0037,-0.01137,-0.27526,-0.10467,-0.23562,-0.06576,0.03657,-0.11539,0.00193,-0.00234
39.3,0.05071,-0.38533,-0.00235,0.04021,-0.0865,-0.00044,0.00722,-2.01283,-0.05415,0.04499,0.5412,-0.02437,-0.00318,0.13769,0.1597,-0.00991,0.03334,-0.00099,0.00016,-6e-05,-0.39817,-0.09347,0.07792,0.00045,-0.01178,-0.00814,-0.1967,-0.12096,-0.25014,-0.07152,0.03289,-0.11905,0.00203,-0.00182
39.32,0.12198,-0.398,-0.00305,0.03961,-0.10084,-0.00057,-0.00427,-2.66387,0.02559,0.04588,0.69004,-0.03759,-0.00431,0.1091,0.15521,-0.00643,0.02099,-0.00278,0.00019,-0.00019,-0.40204,-0.09118,0.04854,0.0007,-0.01953,-0.0048,-0.12029,-0.13346,-0.2617,-0.07457,0.03064,-0.12179,0.00186,-0.00151
39.34,0.19025,-0.4012,-0.00374,0.03872,-0.11457,-0.00069,-0.01334,-3.29358,0.08319,0.04775,0.84375,-0.05188,-0.00557,0.08648,0.14902,-0.00409,0.0077,-0.00478,0.00021,-0.00033,-0.40572,-0.08826,0.02348,0.00106,-0.027,-0.00131,-0.04631,-0.14206,-0.27023,-0.07506,0.02991,-0.12368,0.00151,-0.00121
39.36,0.25776,-0.39257,-0.00432,0.0371,-0.12667,-0.00077,-0.01946,-3.87319,0.11326,0.05036,0.99614,-0.06656,-0.00694,0.06854,0.14058,-0.00287,-0.00651,-0.00687,0.00024,-0.00048,-0.40967,-0.08456,0.00071,0.00148,-0.0344,0.00235,0.02761,-0.14709,-0.27599,-0.07334,0.03076,-0.12482,0.00108,-0.00083
39.38,0.32771,-0.37148,-0.00477,0.03422,-0.13632,-0.00083,-0.02222,-4.3735,0.11341,0.05336,1.14116,-0.08081,-0.00834,0.05367,0.12941,-0.00268,-0.02148,-0.00884,0.00026,-0.00062,-0.41392,-0.08,-0.02178,0.00198,-0.042,0.00618,0.10333,-0.14838,-0.27957,-0.06973,0.03328,-0.12527,0.00061,-0.00046
39.4,0.40373,-0.33825,-0.00505,0.02956,-0.1426,-0.00086,-0.02147,-4.75807,0.08273,0.05643,1.27307,-0.09272,-0.00968,0.0402,0.1152,-0.00349,-0.03684,-0.01041,0.00027,-0.00072,-0.41784,-0.07436,-0.04562,0.00261,-0.05008,0.01024,0.18345,-0.14628,-0.28161,-0.06498,0.03758,-0.12504,0.00013,-0.00015
39.42,0.48942,-0.29405,-0.00518,0.02267,-0.14468,-0.0009,-0.01707,-4.98998,0.02254,0.05922,1.38668,-0.09982,-0.01081,0.02672,0.09778,-0.00527,-0.05208,-0.01124,0.00027,-0.00078,-0.42068,-0.06755,-0.07205,0.00342,-0.05887,0.01449,0.26901,-0.14123,-0.2828,-0.05983,0.04374,-0.12414,-0.00031,0.00011
39.44,0.58791,-0.2405,-0.00519,0.01341,-0.14183,-0.00094,-0.00862,-5.05533,-0.06354,0.06108,1.47458,-0.10219,-0.01166,0.01236,0.07677,-0.00802,-0.06671,-0.01109,0.00026,-0.00076,-0.42215,-0.05972,-0.10198,0.00445,-0.06836,0.01888,0.36108,-0.13323,-0.28366,-0.05439,0.05182,-0.12258,-0.00069,0.00036
39.46,0.70123,-0.17828,-0.00511,0.00197,-0.13385,-0.00099,0.00393,-4.95781,-0.17093,0.06154,1.53207,-0.10072,-0.01219,-0.00285,0.0525,-0.01172,-0.08032,-0.00983,0.00023,-0.00067,-0.4224,-0.05126,-0.13601,0.00568,-0.07829,0.0232,0.4574,-0.12233,-0.28448,-0.04877,0.06178,-0.1204,-0.00101,0.00055
39.48,0.82948,-0.10725,-0.00503,-0.01104,-0.12142,-0.00105,0.02004,-4.71108,-0.2946,0.06054,1.56046,-0.09535,-0.01242,-0.01782,0.02636,-0.01642,-0.09238,-0.00748,0.00018,-0.0005,-0.42201,-0.04292,-0.1762,0.00699,-0.08816,0.02683,0.5384,-0.10877,-0.28526,-0.04319,0.07349,-0.11758,-0.00125,0.00065
39.5,0.96727,-0.02716,-0.00503,-0.02451,-0.10554,-0.00113,0.03879,-4.35152,-0.42157,0.05814,1.56106,-0.08724,-0.01239,-0.0304,0.00039,-0.02194,-0.10238,-0.00419,0.00013,-0.00026,-0.42117,-0.03563,-0.21229,0.0088,-0.09671,0.02994,0.62856,-0.09299,-0.28559,-0.03787,0.08678,-0.11424,-0.0014,0.00064
39.52,1.10592,0.06208,-0.0052,-0.03721,-0.08765,-0.0012,0.05927,-3.92479,-0.52959,0.05457,1.53579,-0.07772,-0.01218,-0.03794,-0.02204,-0.02781,-0.10982,-0.0002,6e-05,2e-05,-0.42055,-0.0306,-0.22526,0.01173,-0.10228,0.03308,0.78037,-0.07561,-0.28457,-0.03293,0.10129,-0.11046,-0.00145,0.0005
39.54,1.24219,0.16099,-0.00562,-0.04796,-0.06954,-0.00126,0.08048,-3.46974,-0.61604,0.05031,1.48858,-0.06716,-0.01188,-0.03812,-0.03801,-0.03392,-0.11395,0.00421,-2e-05,0.00033,-0.42311,-0.02906,-0.2212,0.01518,-0.10441,0.03457,0.92753,-0.0575,-0.28081,-0.02818,0.11603,-0.10614,-0.00137,0.00027
39.56,1.37567,0.27077,-0.00635,-0.05599,-0.05231,-0.00131,0.10172,-3.02426,-0.68985,0.04595,1.42099,-0.05619,-0.01158,-0.02966,-0.04627,-0.04017,-0.11421,0.00871,-9e-05,0.00064,-0.43234,-0.0316,-0.20918,0.01834,-0.10319,0.03303,0.99961,-0.03987,-0.27207,-0.0234,0.12954,-0.1011,-0.00118,-4e-05
39.58,1.50462,0.3921,-0.00735,-0.06108,-0.03641,-0.00133,0.12343,-2.6284,-0.75154,0.04213,1.33165,-0.04581,-0.01134,-0.01251,-0.04639,-0.04598,-0.1105,0.01288,-0.00016,0.00092,-0.45114,-0.03792,-0.18221,0.02116,-0.0986,0.02895,1.01987,-0.02433,-0.25529,-0.0185,0.13997,-0.09516,-0.00088,-0.00042
39.6,1.62313,0.5237,-0.00857,-0.06317,-0.02205,-0.00131,0.14661,-2.3257,-0.81006,0.03978,1.21673,-0.03701,-0.01125,0.0122,-0.03916,-0.05108,-0.10285,0.01626,-0.00021,0.00115,-0.48379,-0.04725,-0.15416,0.02246,-0.09173,0.02196,0.93584,-0.01279,-0.22668,-0.01327,0.1447,-0.08826,-0.00047,-0.00083
39.62,1.7241,0.66267,-0.00992,-0.06246,-0.00927,-0.00123,0.17255,-2.16205,-0.87896,0.04005,1.07083,-0.03073,-0.0114,0.04264,-0.02604,-0.05529,-0.09141,0.01834,-0.00025,0.00129,-0.53553,-0.0588,-0.13834,0.0208,-0.08381,0.01282,0.72834,-0.00687,-0.1822,-0.00787,0.14053,-0.0802,2e-05,-0.0012
39.64,1.81142,0.80715,-0.01135,-0.05963,0.00198,-0.00107,0.20296,-2.18039,-0.95934,0.04419,0.88766,-0.02766,-0.01179,0.07719,-0.00851,-0.0578,-0.07648,0.01874,-0.00025,0.00131,-0.61022,-0.07166,-0.12199,0.01587,-0.07497,0.00386,0.50705,-0.00739,-0.11815,-0.00305,0.12356,-0.07047,0.00057,-0.00151
39.66,1.89281,0.95587,-0.01293,-0.05543,0.01177,-0.00086,0.23907,-2.42228,-1.05186,0.05363,0.65784,-0.0283,-0.01238,0.11484,0.0119,-0.05808,-0.0583,0.01732,-0.00022,0.00121,-0.71156,-0.08515,-0.10118,0.00685,-0.06516,-0.004,0.3181,-0.01416,-0.03194,0.00015,0.08983,-0.05838,0.00116,-0.0018
39.68,1.97224,1.10611,-0.01497,-0.05051,0.02011,-0.00058,0.28071,-2.92817,-1.16506,0.07008,0.36982,-0.03293,-0.0131,0.15514,0.03358,-0.05638,-0.03714,0.01418,-0.00016,0.00099,-0.84387,-0.09951,-0.08168,-0.00772,-0.05445,-0.01053,0.14928,-0.02551,0.07682,0.00062,0.03574,-0.04329,0.00174,-0.00204
39.7,2.05187,1.24952,-0.01799,-0.04542,0.02682,-0.00027,0.3287,-3.72889,-1.27549,0.09536,0.0125,-0.04132,-0.01377,0.19789,0.05504,-0.05335,-0.0135,0.00964,-7e-05,0.00067,-1.00671,-0.11437,-0.06191,-0.02897,-0.04253,-0.01555,-0.00166,-0.03815,0.20528,-0.00236,-0.042,-0.0246,0.00226,-0.00225
39.72,2.13395,1.37454,-0.02269,-0.04063,0.03167,6e-05,0.38306,-4.84782,-1.34713,0.13145,-0.42194,-0.05281,-0.01413,0.24342,0.07517,-0.0499,0.01197,0.0042,4e-05,0.0003,-1.19606,-0.12879,-0.04031,-0.05734,-0.02898,-0.01911,-0.15047,-0.04755,0.34685,-0.00876,-0.14295,-0.00155,0.00265,-0.00244
39.74,2.22431,1.47574,-0.02979,-0.03651,0.03479,0.0004,0.4406,-6.30816,-1.38896,0.18063,-0.93846,-0.06656,-0.01388,0.2931,0.09262,-0.04683,0.03863,-0.00152,0.00017,-0.0001,-1.41179,-0.14316,-0.01924,-0.09296,-0.01356,-0.02125,-0.31066,-0.04876,0.49253,-0.01724,-0.26406,0.02678,0.00285,-0.00231
39.76,2.32978,1.55048,-0.0398,-0.03281,0.03666,0.00072,0.49653,-8.12728,-1.41733,0.24515,-1.53896,-0.08149,-0.01261,0.34949,0.10608,-0.04492,0.06601,-0.00695,0.00031,-0.00047,-1.65452,-0.15763,0.00024,-0.13632,0.00384,-0.02208,-0.47931,-0.03809,0.63146,-0.02451,-0.40256,0.06117,0.00277,-0.0015
39.78,2.45613,1.59479,-0.05283,-0.0287,0.03801,0.00102,0.54345,-10.30996,-1.43531,0.32637,-2.21757,-0.09626,-0.00981,0.41604,0.11469,-0.04494,0.0935,-0.01145,0.00045,-0.00077,-1.921,-0.17057,0.0165,-0.19,0.0229,-0.02187,-0.66015,-0.01671,0.74914,-0.0278,-0.56038,0.1019,0.00235,0.00044
39.8,2.58749,1.59314,-0.06839,-0.02289,0.03975,0.0013,0.58747,-12.76525,-1.38841,0.42567,-2.94666,-0.10765,-0.00488,0.49585,0.11803,-0.04774,0.12028,-0.01432,0.00058,-0.00094,-2.19281,-0.17974,0.02767,-0.2429,0.04301,-0.02069,-0.80854,0.01056,0.83865,-0.01504,-0.70223,0.14975,0.00152,0.00405
39.82,2.69946,1.52689,-0.08549,-0.01409,0.04277,0.00156,0.63729,-15.33042,-1.21651,0.54407,-3.6782,-0.11113,0.00282,0.59085,0.11591,-0.05414,0.14544,-0.01486,0.00068,-0.00095,-2.44438,-0.18243,0.03506,-0.2709,0.0637,-0.01863,-0.84129,0.03147,0.90153,0.04009,-0.75979,0.20664,0.00016,0.00994
39.84,2.80024,1.40607,-0.10293,-0.00147,0.04788,0.0018,0.67426,-17.97726,-0.98671,0.67917,-4.36126,-0.10504,0.01394,0.70228,0.10713,-0.0645,0.1681,-0.01264,0.00074,-0.00075,-2.67065,-0.17613,0.03571,-0.27691,0.08408,-0.01625,-0.79069,0.02404,0.92609,0.15543,-0.74002,0.27284,-0.00198,0.01862
39.86,2.90263,1.24786,-0.11943,0.01521,0.05557,0.00201,0.68116,-20.74032,-0.76029,0.82731,-4.93707,-0.08994,0.02911,0.82887,0.09079,-0.07897,0.18767,-0.00753,0.00074,-0.00034,-2.87533,-0.16008,0.02704,-0.27311,0.10318,-0.01403,-0.71013,-0.03634,0.89742,0.33658,-0.68641,0.34741,-0.00525,0.03011
39.88,3.00331,1.05506,-0.13344,0.03551,0.06596,0.00218,0.65739,-23.59251,-0.53747,0.98474,-5.33935,-0.06825,0.04883,0.96424,0.06692,-0.0978,0.20381,0.00024,0.00067,0.00025,-3.05824,-0.1356,0.01153,-0.25745,0.12054,-0.01215,-0.59172,-0.17946,0.80429,0.5711,-0.6239,0.42973,-0.0101,0.04334
39.9,3.06728,0.8331,-0.14403,0.05778,0.07881,0.00234,0.60862,-26.36973,-0.32291,1.14622,-5.4027,-0.03647,0.07339,1.10086,0.03487,-0.12048,0.21607,0.01007,0.00049,0.00095,-3.18182,-0.10453,-0.00817,-0.21684,0.13572,-0.01113,-0.4912,-0.35836,0.63603,0.95578,-0.49571,0.52246,-0.0169,0.05994
39.92,3.04911,0.58414,-0.1514,0.079,0.09362,0.00255,0.54091,-28.85144,-0.12297,1.30614,-4.94463,0.01133,0.10235,1.23125,-0.00465,-0.14611,0.22387,0.02121,0.00019,0.0017,-3.19805,-0.07057,-0.02418,-0.13304,0.14824,-0.01152,-0.45887,-0.41813,0.36984,1.66594,-0.2375,0.62951,-0.0258,0.08225
39.94,2.96437,0.30505,-0.15529,0.09725,0.11009,0.00276,0.45007,-31.05111,0.03145,1.45765,-4.02578,0.06121,0.13596,1.34481,-0.05003,-0.17453,0.22696,0.03286,-0.00026,0.00241,-3.13952,-0.03835,-0.03113,-0.02309,0.15759,-0.01329,-0.45719,-0.33816,-0.02407,2.57456,0.02658,0.74615,-0.03588,0.11337
39.96,2.83742,-0.0021,-0.15493,0.11185,0.12817,0.00291,0.33331,-33.03611,0.13194,1.5944,-2.72197,0.09868,0.17349,1.43415,-0.1008,-0.20582,0.225,0.0442,-0.0009,0.00303,-3.04319,-0.00992,-0.03103,0.08918,0.1633,-0.01634,-0.46534,-0.18907,-0.5351,3.46476,0.21103,0.86359,-0.04568,0.15267
39.98,2.66338,-0.33083,-0.1504,0.12172,0.14771,0.00299,0.19521,-34.76887,0.19934,1.71218,-1.07298,0.12568,0.20834,1.49781,-0.15615,-0.23967,0.21744,0.05448,-0.00177,0.00349,-2.89822,0.01478,-0.02492,0.20076,0.16503,-0.02076,-0.50363,0.03912,-1.11776,4.28358,0.34912,0.97273,-0.05597,0.1767
40,2.42585,-0.67275,-0.14203,0.12508,0.16789,0.00306,0.04249,-35.92861,0.21063,1.79443,0.76771,0.1405,0.24649,1.53642,-0.21265,-0.27437,0.20393,0.063,-0.00288,0.00374,-2.71703,0.03605,-0.01624,0.2998,0.16268,-0.02577,-0.54681,0.27196,-1.66924,4.8649,0.45825,1.0776,-0.05673,0.24961
40.02,2.11001,-1.02006,-0.12916,0.11975,0.18724,0.00328,-0.11877,-36.13086,0.16344,1.81803,2.8179,0.14067,0.30037,1.55183,-0.26427,-0.3078,0.18422,0.06915,-0.00427,0.00375,-2.50887,0.05285,-0.00903,0.37685,0.15634,-0.02993,-0.55062,0.41689,-2.03838,5.01553,0.57234,1.18848,-0.03168,0.48096
40.04,1.75444,-1.34047,-0.11039,0.10663,0.20469,0.00349,-0.28281,-35.6049,0.10837,1.78586,5.07311,0.13491,0.34875,1.54639,-0.30747,-0.33959,0.1579,0.07223,-0.00592,0.00347,-2.26992,0.06449,-0.00259,0.42547,0.14582,-0.03304,-0.52981,0.42664,-2.18137,4.74408,0.68565,1.27972,0.00774,0.7569
40.06,1.39467,-1.594,-0.08635,0.08777,0.21951,0.00362,-0.44569,-34.61541,0.0684,1.70756,7.3465,0.12922,0.3718,1.52464,-0.33956,-0.36993,0.12537,0.0718,-0.00778,0.00291,-2.00419,0.06946,0.00395,0.44457,0.13139,-0.03536,-0.50308,0.31922,-2.14688,4.17206,0.7628,1.32767,0.04559,0.951
40.08,1.02712,-1.76722,-0.06012,0.06377,0.23099,0.00394,-0.60894,-33.12575,0.03074,1.58642,9.4797,0.12265,0.37615,1.49443,-0.35544,-0.3993,0.08827,0.06789,-0.00976,0.00207,-1.71373,0.06316,0.00954,0.44471,0.11429,-0.03663,-0.46041,0.16715,-1.97412,3.42825,0.76825,1.34199,0.08263,1.08831
40.1,0.69145,-1.78839,-0.03569,0.03769,0.23575,0.00417,-0.7799,-31.3326,-0.00497,1.43463,11.47669,0.11809,0.35539,1.46648,-0.34856,-0.42571,0.04953,0.06082,-0.01168,0.00101,-1.45331,0.03829,0.01634,0.41415,0.09561,-0.03653,-0.40415,0.02458,-1.78259,2.62874,0.63201,1.30618,0.10442,1.05725
40.12,0.42068,-1.58767,-0.01972,0.01323,0.22968,0.00394,-0.97013,-29.43679,-0.03791,1.26454,13.50598,0.11712,0.30694,1.4523,-0.31331,-0.44593,0.01287,0.05114,-0.01328,-0.00021,-1.27117,-0.01108,0.02828,0.35058,0.07692,-0.03477,-0.33878,0.0312,-1.68242,1.90871,0.32555,1.20686,0.10088,0.80991
40.14,0.17845,-1.23537,-0.01779,-0.00748,0.21639,0.00384,-1.1892,-27.43011,-0.07702,1.09069,15.27482,0.11508,0.25146,1.46091,-0.25193,-0.46347,-0.0179,0.03935,-0.01421,-0.0015,-1.12686,-0.08454,0.04404,0.2891,0.06037,-0.03186,-0.26828,0.25748,-1.66687,1.36018,-0.11508,1.07734,0.08539,0.51302
40.16,-0.06313,-0.82013,-0.02981,-0.0218,0.19975,0.00424,-1.44271,-25.32452,-0.12336,0.92517,16.42226,0.11022,0.20147,1.49722,-0.17102,-0.48056,-0.03904,0.02614,-0.01398,-0.00271,-0.9949,-0.1753,0.06158,0.24668,0.04699,-0.02845,-0.19823,0.61654,-1.72163,0.97517,-0.65295,0.93872,0.06647,0.24371
40.18,-0.30432,-0.39176,-0.05316,-0.02669,0.17873,0.0048,-1.73221,-23.17262,-0.17178,0.77167,17.13792,0.1043,0.15729,1.56132,-0.08005,-0.49141,-0.04704,0.01253,-0.01199,-0.00361,-0.89257,-0.26511,0.08172,0.21559,0.03672,-0.02444,-0.12734,1.00412,-1.85431,0.69274,-1.2473,0.78937,0.04497,0.00329
40.2,-0.55004,-0.01012,-0.08662,-0.01836,0.1576,0.00582,-2.04907,-21.14097,-0.22883,0.652,17.16155,0.09668,0.11986,1.65169,0.00558,-0.50062,-0.03849,-0.00029,-0.00754,-0.00386,-0.80568,-0.32633,0.10356,0.19745,0.02918,-0.02081,-0.07207,1.32025,-2.07538,0.42429,-1.80829,0.62785,0.02158,-0.1923
40.22,-0.80223,0.27528,-0.12799,0.00275,0.13848,0.00763,-2.37035,-19.36062,-0.30044,0.58031,16.22411,0.08792,0.08974,1.76604,0.0753,-0.51737,-0.01114,-0.01079,0.00021,-0.00303,-0.71669,-0.32985,0.12574,0.19447,0.02377,-0.01839,-0.04604,1.50831,-2.37052,0.12853,-2.1996,0.45609,0.00039,-0.31231
40.24,-1.06607,0.4231,-0.17266,0.03265,0.11542,0.00948,-2.66426,-17.74302,-0.38062,0.53453,14.9884,0.08099,0.06671,1.89789,0.12224,-0.53189,0.03448,-0.01789,0.01221,-0.00071,-0.63823,-0.24443,0.14719,0.19695,0.01991,-0.01625,-0.03141,1.55024,-2.67854,-0.1563,-2.39507,0.2797,-0.01422,-0.3572
40.26,-1.33931,0.42756,-0.22037,0.06883,0.08551,0.01083,-2.8934,-16.23037,-0.47064,0.49743,13.89901,0.0767,0.04995,2.04449,0.14106,-0.53543,0.09473,-0.02147,0.02939,0.00352,-0.57807,-0.04488,0.1663,0.19742,0.0174,-0.01371,-0.01679,1.45853,-2.93796,-0.41054,-2.44781,0.10323,-0.02317,-0.35435
40.28,-1.59483,0.31842,-0.27495,0.10875,0.05063,0.01176,-3.00963,-14.8622,-0.58169,0.46452,12.88772,0.07383,0.03831,2.21123,0.13409,-0.53184,0.16185,-0.02198,0.0526,0.01008,-0.53242,0.27539,0.18209,0.19333,0.01651,-0.01088,-0.00641,1.31396,-3.10745,-0.61427,-2.37322,-0.06959,-0.02769,-0.31367
40.3,-1.82699,0.13473,-0.33544,0.14336,0.01565,0.0124,-2.95748,-13.71195,-0.72722,0.43536,11.96307,0.07164,0.03083,2.40079,0.10699,-0.52309,0.22412,-0.02047,0.08242,0.0193,-0.49405,0.71503,0.19096,0.17643,0.01788,-0.00762,-0.00037,1.11754,-3.12552,-0.7508,-2.19852,-0.22987,-0.0295,-0.26711
40.32,-2.04081,-0.0556,-0.39781,0.15898,-0.01338,0.01303,-2.67839,-12.85002,-0.92474,0.40863,11.10012,0.06901,0.02673,2.61489,0.06841,-0.51219,0.26806,-0.01834,0.11886,0.03122,-0.45267,1.25769,0.18909,0.13915,0.02228,-0.0037,0.00244,0.84998,-2.94289,-0.81636,-1.95599,-0.35792,-0.03066,-0.24185
40.34,-2.17468,-0.18622,-0.46106,0.15648,-0.02823,0.01395,-2.12492,-12.25369,-1.1807,0.37012,10.15327,0.06335,0.02526,2.86704,0.02851,-0.49924,0.28101,-0.01679,0.16119,0.04585,-0.41149,1.83968,0.17584,0.07783,0.03033,0.00093,-0.00038,0.61336,-2.58756,-0.81305,-1.69435,-0.4463,-0.03137,-0.22788
40.36,-2.17864,-0.21761,-0.52143,0.14294,-0.01944,0.01537,-1.27012,-11.91204,-1.49555,0.31297,8.98536,0.05263,0.02572,3.17,-0.00357,-0.48441,0.25381,-0.01674,0.20747,0.06298,-0.37088,2.38639,0.14772,-0.01045,0.04222,0.00642,-0.00822,0.46293,-2.12052,-0.75609,-1.44891,-0.4999,-0.03159,-0.22229
40.38,-2.06426,-0.13156,-0.57058,0.12005,0.01913,0.01745,-0.12139,-11.87088,-1.87789,0.24074,7.46278,0.03604,0.02724,3.52507,-0.02215,-0.47359,0.18184,-0.01867,0.2537,0.08056,-0.32094,2.84929,0.09687,-0.12582,0.05743,0.01236,-0.0274,0.37058,-1.59317,-0.65943,-1.22092,-0.51947,-0.03186,-0.23547
40.4,-1.8061,0.06232,-0.60475,0.09,0.08857,0.01989,1.2653,-12.12433,-2.28554,0.15256,5.39112,0.01297,0.0291,3.94587,-0.02227,-0.45432,0.06409,-0.02265,0.29508,0.09978,-0.27171,3.18504,0.01325,-0.25623,0.07504,0.01964,-0.03839,0.33393,-1.08142,-0.54579,-1.02528,-0.5134,-0.03186,-0.26247
40.42,-1.40776,0.32752,-0.62098,0.05496,0.18108,0.02218,2.83791,-12.65721,-2.65361,0.05395,2.62446,-0.01564,0.03062,4.44386,0.00678,-0.41415,-0.09584,-0.0285,0.32705,0.12503,-0.23097,3.38458,-0.11391,-0.37193,0.09378,0.03158,0.02611,0.3468,-0.6487,-0.43573,-0.8689,-0.4918,-0.03111,-0.29106
40.44,-0.94774,0.61808,-0.61359,0.02261,0.28695,0.02415,4.51166,-13.45558,-2.99235,-0.04401,-0.9108,-0.04781,0.03094,5.00074,0.06017,-0.36963,-0.29067,-0.03626,0.34368,0.15138,-0.18776,3.46922,-0.2942,-0.45387,0.11155,0.04725,0.16087,0.38252,-0.30861,-0.33245,-0.73258,-0.45734,-0.02992,-0.32116
40.46,-0.47891,0.8991,-0.58206,-0.00072,0.39971,0.02582,6.16157,-14.48546,-3.3143,-0.13588,-5.30232,-0.08184,0.02936,5.58429,0.12288,-0.33106,-0.51159,-0.04628,0.34185,0.17362,-0.13871,3.45764,-0.53441,-0.49272,0.12575,0.06323,0.31797,0.42865,-0.05838,-0.23665,-0.60445,-0.41282,-0.02857,-0.35392
40.48,-0.0266,1.14327,-0.53156,-0.01438,0.51218,0.02724,7.66864,-15.72112,-3.60371,-0.21649,-10.64393,-0.11534,0.02545,6.14626,0.19046,-0.2921,-0.74709,-0.05889,0.32429,0.19606,-0.08714,3.37027,-0.85165,-0.47687,0.13306,0.07799,0.48885,0.4817,0.10817,-0.15067,-0.48341,-0.36242,-0.02728,-0.38508
40.5,0.3761,1.34756,-0.47463,-0.01716,0.53846,0.02803,8.96952,-16.83286,-3.81247,-0.2789,-16.72625,-0.14364,0.01917,6.6871,0.25877,-0.2554,-0.97644,-0.07469,0.29381,0.21669,-0.04256,3.1934,-1.18741,-0.40072,0.13122,0.09172,0.68974,0.53564,0.18944,-0.08299,-0.37914,-0.30994,-0.02473,-0.40437
40.52,0.68233,1.52772,-0.42437,-0.00969,0.50839,0.02785,10.02107,-17.38387,-3.90027,-0.31294,-22.9816,-0.16017,0.0104,7.2246,0.32457,-0.22494,-1.17091,-0.09436,0.25517,0.23042,-0.01274,2.91685,-1.39674,-0.2704,0.11847,0.10555,0.95133,0.58718,0.1987,-0.03784,-0.29869,-0.25806,-0.01918,-0.39888
40.54,0.8732,1.67502,-0.38275,0.00173,0.47619,0.02741,10.67191,-17.51713,-3.90707,-0.31255,-28.9902,-0.16134,-0.00094,7.64991,0.3879,-0.19416,-1.31734,-0.11665,0.21696,0.24631,0.01344,2.58432,-1.5048,-0.11249,0.09052,0.11451,1.21512,0.63542,0.17326,-0.00371,-0.23283,-0.2074,-0.01222,-0.37573
40.56,0.96363,1.77215,-0.34972,0.01297,0.44785,0.02732,10.84777,-17.44389,-3.86985,-0.28193,-34.56715,-0.14759,-0.01445,7.87212,0.44916,-0.15974,-1.41366,-0.13897,0.1841,0.27016,0.04443,2.2332,-1.58344,0.04787,0.04654,0.11508,1.42181,0.68029,0.13446,0.0273,-0.17445,-0.15829,-0.00538,-0.34555
40.58,0.96487,1.81555,-0.32693,0.02113,0.42151,0.02753,10.60469,-17.1027,-3.78643,-0.22542,-40.16958,-0.12195,-0.02901,7.89999,0.50934,-0.12368,-1.45473,-0.15997,0.15706,0.29159,0.07781,1.87695,-1.60794,0.18626,-0.00929,0.1102,1.59866,0.72511,0.0884,0.05454,-0.12242,-0.11151,0.00202,-0.30631
40.6,0.90395,1.79998,-0.31365,0.02449,0.39569,0.028,10.04624,-16.53131,-3.6891,-0.1591,-42.35181,-0.08761,-0.04391,7.72986,0.56981,-0.08581,-1.44329,-0.17313,0.13534,0.31874,0.11626,1.52192,-1.58322,0.28837,-0.06954,0.09755,1.68434,0.76487,0.03903,0.07878,-0.08728,-0.06808,0.00903,-0.26649
40.62,0.82031,1.72386,-0.31051,0.02245,0.36918,0.02868,9.32423,-15.78479,-3.65308,-0.09911,-36.62852,-0.05266,-0.0597,7.37002,0.63208,-0.04795,-1.38584,-0.16969,0.1175,0.36706,0.16125,1.186,-1.5091,0.37134,-0.11929,0.07737,1.62182,0.79555,-0.00766,0.10081,-0.07547,-0.02862,0.01436,-0.23655
40.64,0.72192,1.58696,-0.31464,0.01516,0.3412,0.02959,8.49783,-14.92615,-3.65429,-0.04342,-28.52245,-0.02737,-0.07513,6.85101,0.69284,-0.01379,-1.29082,-0.15479,0.10153,0.40897,0.19429,0.89318,-1.39416,0.43388,-0.15056,0.05792,1.50657,0.83356,-0.04718,0.11963,-0.07214,0.00692,0.01958,-0.20999
40.66,0.61087,1.39239,-0.32001,0.00345,0.31143,0.03068,7.59015,-14.01866,-3.61166,0.00367,-21.66475,-0.01772,-0.0888,6.20682,0.74777,0.01573,-1.16885,-0.13443,0.08607,0.42078,0.19571,0.63765,-1.25616,0.45608,-0.16424,0.04256,1.40006,0.88934,-0.08053,0.1347,-0.06791,0.03858,0.02585,-0.18168
40.68,0.50159,1.15655,-0.32367,-0.011,0.2789,0.03158,6.65114,-13.07034,-3.49406,0.03507,-15.05014,-0.00956,-0.10293,5.48214,0.79555,0.0413,-1.02836,-0.10713,0.0707,0.41124,0.15353,0.39179,-1.07151,0.42942,-0.16045,0.03024,1.28782,0.95509,-0.11044,0.1466,-0.06396,0.0665,0.03247,-0.15543
40.7,0.38986,0.89587,-0.3207,-0.02624,0.24215,0.03213,5.73802,-12.22922,-3.31164,0.0443,-10.51906,-0.00882,-0.11529,4.70559,0.82598,0.06403,-0.89029,-0.07956,0.05556,0.37064,0.05139,0.11938,-0.89829,0.38739,-0.14631,0.02064,1.16385,1.03733,-0.13873,0.15319,-0.062,0.09093,0.04095,-0.12387
40.72,0.27471,0.6377,-0.3095,-0.04157,0.1999,0.03233,4.91053,-11.65089,-3.14601,0.03616,-8.34522,-0.03489,-0.1214,3.91892,0.82949,0.08548,-0.77205,-0.05454,0.04133,0.29823,-0.10823,-0.21353,-0.7909,0.3805,-0.12959,0.0133,1.02535,1.1428,-0.16564,0.15285,-0.06212,0.11211,0.0533,-0.07728
40.74,0.16757,0.41806,-0.29134,-0.05201,0.15264,0.03165,4.15822,-11.2292,-2.9748,0.02296,-6.53365,-0.06087,-0.12474,3.18218,0.80962,0.10691,-0.66738,-0.0265,0.02888,0.22344,-0.31577,-0.62836,-0.66125,0.3672,-0.11086,0.00754,0.87112,1.24857,-0.19248,0.14913,-0.05992,0.1301,0.06764,-0.02127
40.76,0.07604,0.2598,-0.26533,-0.05033,0.10106,0.02962,3.45983,-10.87208,-2.75265,0.01026,-4.46278,-0.07045,-0.12932,2.52518,0.77009,0.12933,-0.5717,0.00374,0.01865,0.16028,-0.57283,-1.12751,-0.47139,0.31617,-0.09075,0.00303,0.70074,1.32867,-0.21858,0.14481,-0.05108,0.14491,0.08197,0.03851
40.78,0.00516,0.174,-0.2297,-0.03147,0.04513,0.02633,2.81297,-10.61471,-2.48526,-0.00029,-2.51393,-0.07083,-0.13411,1.95662,0.71228,0.15293,-0.48867,0.0328,0.01064,0.10765,-0.87213,-1.69742,-0.26005,0.2667,-0.07024,-0.00042,0.51064,1.36613,-0.2378,0.14017,-0.03424,0.15663,0.09599,0.10253
40.8,-0.07445,0.16443,-0.18677,0.009,-0.01536,0.02168,2.21447,-10.34438,-2.17983,-0.00797,-0.78925,-0.06573,-0.1373,1.48585,0.63334,0.17711,-0.42013,0.05877,0.00469,0.06606,-1.17987,-2.24101,-0.05868,0.20834,-0.04707,-0.00292,0.29181,1.36102,-0.23107,0.13373,-0.01084,0.16512,0.10954,0.1767
40.82,-0.20242,0.22178,-0.14046,0.07178,-0.08075,0.01444,1.67072,-9.93091,-1.85676,-0.01275,0.69237,-0.05823,-0.13683,1.12456,0.53378,0.1999,-0.36689,0.08025,0.00054,0.03485,-1.43937,-2.5965,0.09847,0.13435,-0.01836,-0.00446,0.05115,1.32151,-0.16759,0.12314,0.02035,0.16993,0.12239,0.26804
40.84,-0.35241,0.31918,-0.09374,0.15463,-0.1496,0.00384,1.19218,-9.43094,-1.52983,-0.01524,1.93171,-0.05023,-0.13354,0.88252,0.4263,0.22029,-0.32677,0.09676,-0.00215,0.01232,-1.61378,-2.73895,0.19025,0.0805,0.01749,-0.00521,-0.19444,1.22231,-0.03578,0.10983,0.06065,0.17032,0.13247,0.36833
40.86,-0.48955,0.41302,-0.05232,0.25362,-0.22085,-0.00623,0.78102,-8.88623,-1.21115,-0.01642,2.89571,-0.04283,-0.12897,0.75712,0.32128,0.23747,-0.29666,0.10799,-0.00369,-0.00297,-1.67706,-2.70474,0.21346,0.05347,0.06129,-0.00554,-0.44024,1.04953,0.16139,0.09519,0.10326,0.16526,0.13777,0.46796
40.88,-0.60906,0.45636,-0.02217,0.36353,-0.29501,-0.01653,0.43365,-8.26943,-0.91817,-0.01694,3.59305,-0.03715,-0.12259,0.73233,0.22382,0.2485,-0.27375,0.11394,-0.00438,-0.01249,-1.59467,-2.47355,0.17928,0.0348,0.11123,-0.00587,-0.68494,0.82147,0.42616,0.07763,0.12701,0.15341,0.13785,0.56587
40.9,-0.7295,0.40954,-0.00325,0.46699,-0.36901,-0.02482,0.14376,-7.60983,-0.66295,-0.01727,4.04773,-0.03277,-0.11444,0.78363,0.13619,0.2562,-0.25175,0.11432,-0.00447,-0.01757,-1.40728,-2.06959,0.10734,0.00767,0.16511,-0.00669,-0.90557,0.54647,0.74136,0.05878,0.15162,0.13322,0.13077,0.6597
40.92,-0.87128,0.25637,0.0136,0.53616,-0.44022,-0.02849,-0.09478,-6.94312,-0.45347,-0.01778,4.28686,-0.02886,-0.10476,0.88196,0.06368,0.26282,-0.22393,0.10897,-0.00417,-0.01932,-1.17928,-1.54729,0.02142,-0.02382,0.22304,-0.00845,-1.0581,0.24524,1.06542,0.04295,0.25841,0.10322,0.11558,0.74766
40.94,-0.97218,0.00994,0.04545,0.56734,-0.50994,-0.03049,-0.28958,-6.27599,-0.29217,-0.01869,4.35437,-0.02527,-0.09412,0.99867,0.01443,0.26157,-0.18784,0.0984,-0.00365,-0.01881,-0.90759,-0.96068,-0.06139,-0.05093,0.28012,-0.01135,-1.14621,-0.06793,1.37224,0.02872,0.45885,0.06218,0.0937,0.82263
40.96,-0.99635,-0.29705,0.11041,0.56894,-0.57908,-0.03314,-0.45026,-5.61743,-0.17477,-0.02023,4.28966,-0.02189,-0.08309,1.11287,-0.01011,0.24798,-0.14215,0.08347,-0.00301,-0.01696,-0.60758,-0.36379,-0.13347,-0.07107,0.32992,-0.01522,-1.19199,-0.4021,1.64758,0.01563,0.70595,0.00985,0.06648,0.87824
40.98,-0.98395,-0.61754,0.21833,0.54068,-0.64792,-0.03546,-0.58445,-4.97618,-0.0936,-0.02269,4.13235,-0.01848,-0.07161,1.21441,-0.01385,0.22253,-0.08661,0.06536,-0.00237,-0.0144,-0.32571,0.19954,-0.18867,-0.07475,0.37082,-0.01963,-1.19174,-0.81808,1.86308,0.00802,0.9393,-0.05261,0.03511,0.91555
41,-0.88426,-0.91385,0.36475,0.49889,-0.56662,-0.03789,-0.69721,-4.38909,-0.04069,-0.02505,3.90334,-0.01526,-0.06137,1.29756,0.00028,0.1895,-0.02439,0.04495,-0.00176,-0.0116,-0.09742,0.66994,-0.22903,-0.05873,0.40152,-0.02345,-1.14848,-1.29454,2.09736,-0.00197,1.40979,-0.12194,0.00062,0.91843
41.02,-0.65389,-1.16593,0.53108,0.44597,-0.41459,-0.04088,-0.79112,-3.876,-0.00865,-0.02562,3.61905,-0.01253,-0.0537,1.36129,0.03354,0.15287,0.04015,0.02377,-0.00122,-0.00886,0.06126,1.00818,-0.26089,-0.02365,0.42147,-0.02515,-1.06641,-1.62866,2.44175,-0.00599,2.50309,-0.19185,-0.0325,0.8731
41.04,-0.4228,-1.34748,0.69409,0.38702,-0.23632,-0.04081,-0.86589,-3.40667,0.00856,-0.0248,3.31558,-0.01029,-0.04721,1.41313,0.07838,0.11206,0.10255,0.00386,-0.00078,-0.00641,0.16765,1.21864,-0.28477,0.02701,0.42963,-0.02449,-0.95664,-1.86137,2.77279,0.02862,3.83438,-0.25597,-0.06002,0.79126
41.06,-0.25552,-1.43835,0.8318,0.32781,-0.04436,-0.03791,-0.92076,-2.96297,0.01548,-0.02349,3.0149,-0.00858,-0.04107,1.46132,0.12306,0.0679,0.15876,-0.01374,-0.00044,-0.00433,0.24563,1.30749,-0.30207,0.08147,0.42552,-0.02181,-0.83111,-2.18089,2.95834,0.12528,4.96327,-0.3083,-0.08093,0.67898
41.08,-0.13908,-1.43281,0.92746,0.27316,0.15308,-0.03299,-0.95523,-2.54775,0.01563,-0.0217,2.71799,-0.00754,-0.03556,1.51085,0.16342,0.02304,0.20549,-0.02851,-0.00018,-0.00268,0.31106,1.2819,-0.31742,0.12706,0.4118,-0.0173,-0.69209,-2.64802,2.96609,0.3014,5.89881,-0.34174,-0.09379,0.53057
41.1,-0.05917,-1.37789,0.9808,0.22414,0.34387,-0.02657,-0.96768,-2.18102,0.01166,-0.01852,2.42256,-0.00713,-0.03063,1.56468,0.1998,-0.02045,0.24005,-0.03962,-1e-05,-0.00144,0.37926,1.14463,-0.32764,0.15308,0.38903,-0.01203,-0.56307,-2.93832,2.74452,0.56908,6.45993,-0.34517,-0.0963,0.33671
41.12,-0.01024,-1.31828,1.00043,0.18074,0.51246,-0.01936,-0.95637,-1.8755,0.00555,-0.013,2.12695,-0.00724,-0.02611,1.62379,0.23504,-0.06214,0.26058,-0.04601,0.0001,-0.00057,0.45945,0.92285,-0.32781,0.15255,0.35845,-0.00683,-0.45996,-2.56145,2.28451,0.91469,6.55876,-0.30777,-0.08634,0.10224
41.14,0.01065,-1.23502,0.98255,0.14505,0.65056,-0.01228,-0.9207,-1.61396,-0.00116,-0.00693,1.83087,-0.00784,-0.02184,1.6902,0.26517,-0.10159,0.26657,-0.04775,0.00016,-2e-05,0.55505,0.67606,-0.32187,0.12415,0.32601,-0.00172,-0.36768,-1.86949,1.69361,1.27093,6.2799,-0.23332,-0.06655,-0.15646
41.16,0.02019,-1.12762,0.9271,0.11734,0.75764,-0.0058,-0.86204,-1.38436,-0.00744,-0.00196,1.5371,-0.00884,-0.01772,1.76262,0.28661,-0.13751,0.25943,-0.04555,0.00017,0.00027,0.66445,0.44196,-0.31321,0.07059,0.29585,0.003,-0.27945,-1.30242,1.09398,1.56226,5.72975,-0.13003,-0.04103,-0.42756
41.18,0.02881,-1.02431,0.84622,0.09552,0.83339,-0.00014,-0.78446,-1.18676,-0.01273,0.00222,1.25431,-0.01016,-0.01377,1.83279,0.30278,-0.16952,0.24253,-0.03977,0.00015,0.00035,0.77758,0.23544,-0.30122,-0.00195,0.26921,0.00706,-0.20005,-0.81628,0.56496,1.74897,5.07375,-0.00865,-0.01364,-0.70674
41.2,0.04431,-0.94085,0.75105,0.07837,0.82882,0.00453,-0.69421,-1.02086,-0.0168,0.00494,0.98984,-0.01166,-0.01036,1.89159,0.3126,-0.1972,0.21951,-0.03131,0.0001,0.0003,0.8908,0.06477,-0.28502,-0.08417,0.24715,0.0104,-0.13409,-0.3257,0.16417,1.78658,4.13198,0.1134,0.00987,-0.94386
41.22,0.07397,-0.88742,0.6523,0.06625,0.81705,0.00814,-0.59925,-0.88405,-0.01965,0.00555,0.75887,-0.01318,-0.00776,1.92957,0.31459,-0.21994,0.19405,-0.02106,5e-05,0.00015,1.00734,-0.06313,-0.2644,-0.16474,0.23057,0.01306,-0.08237,0.28487,-0.09335,1.67576,2.92608,0.23355,0.02944,-1.03929
41.24,0.11029,-0.87166,0.55908,0.05707,0.80408,0.01064,-0.50766,-0.76765,-0.02147,0.00506,0.58377,-0.01463,-0.0059,1.93547,0.31442,-0.2376,0.17006,-0.00942,-2e-05,-5e-05,1.11449,-0.14784,-0.24265,-0.23542,0.22061,0.01517,-0.04135,0.88641,-0.21959,1.47854,1.80743,0.3422,0.04437,-1.01919
41.26,0.14594,-0.89629,0.47686,0.04946,0.79132,0.01205,-0.42521,-0.66383,-0.02244,0.00414,0.47098,-0.01598,-0.00477,1.90322,0.31618,-0.25035,0.14971,0.00304,-9e-05,-0.00023,1.20125,-0.19847,-0.22292,-0.29293,0.21782,0.01683,-0.00999,1.34879,-0.23889,1.2482,0.81962,0.42004,0.05101,-0.94898
41.28,0.17975,-0.95987,0.40812,0.04288,0.77835,0.01253,-0.35559,-0.56861,-0.0227,0.00279,0.41189,-0.01711,-0.00436,1.83392,0.31984,-0.25869,0.13333,0.01559,-0.00016,-0.00037,1.27348,-0.22514,-0.20598,-0.33632,0.22163,0.01826,0.01216,1.71102,-0.18364,1.01678,-0.19645,0.4633,0.04985,-0.82267
41.3,0.21019,-1.0533,0.35214,0.03745,0.76609,0.0123,-0.30146,-0.48112,-0.02235,0.00098,0.39353,-0.0179,-0.00445,1.73152,0.32578,-0.26327,0.12095,0.02748,-0.00021,-0.00043,1.33825,-0.2351,-0.19125,-0.36768,0.23157,0.01975,0.02678,1.93598,-0.08668,0.80601,-1.33863,0.46732,0.04034,-0.68742
41.32,0.23588,-1.16352,0.30718,0.03303,0.71243,0.01159,-0.26429,-0.40028,-0.02145,-0.00134,0.39978,-0.0182,-0.00477,1.6024,0.33397,-0.26475,0.11217,0.03816,-0.00025,-0.00035,1.40333,-0.23362,-0.17808,-0.39059,0.24699,0.02156,0.03596,1.97323,0.0288,0.6276,-2.5259,0.42977,0.02364,-0.58895
41.34,0.25524,-1.28165,0.2721,0.02922,0.65259,0.01063,-0.24382,-0.32212,-0.02006,-0.00383,0.41312,-0.01801,-0.00513,1.45441,0.3439,-0.2635,0.10609,0.04683,-0.00025,-9e-05,1.47346,-0.22801,-0.16779,-0.40743,0.26657,0.02399,0.04223,1.85627,0.14881,0.48819,-3.73352,0.35763,0.00429,-0.50396
41.36,0.2656,-1.3991,0.2447,0.02551,0.59182,0.0096,-0.23764,-0.24412,-0.01827,-0.00616,0.42027,-0.01741,-0.00541,1.29539,0.35518,-0.25996,0.10184,0.05274,-0.00021,0.00038,1.55032,-0.22431,-0.16128,-0.42013,0.28899,0.02731,0.04819,1.64684,0.2629,0.38136,-5.03447,0.25757,-0.01565,-0.41915
41.38,0.26441,-1.50399,0.2218,0.02172,0.53208,0.00863,-0.24122,-0.16629,-0.01624,-0.00834,0.41402,-0.0164,-0.00549,1.13456,0.36683,-0.25482,0.09855,0.05567,-0.00011,0.00112,1.63757,-0.22568,-0.158,-0.43047,0.3129,0.03175,0.05653,1.38559,0.36145,0.29009,-6.35049,0.13579,-0.03551,-0.34174
41.4,0.2466,-1.57622,0.19937,0.01868,0.47539,0.00782,-0.24868,-0.09029,-0.01418,-0.00988,0.39026,-0.01517,-0.00537,0.98339,0.37784,-0.24865,0.0962,0.05564,7e-05,0.00215,1.7393,-0.23319,-0.1566,-0.44079,0.33745,0.03756,0.0696,1.0857,0.43088,0.19646,-7.54842,-0.00074,-0.05461,-0.28351
41.42,0.20701,-1.59477,0.17391,0.01709,0.42372,0.00724,-0.25414,-0.01715,-0.01231,-0.01021,0.34763,-0.01392,-0.00507,0.8538,0.38776,-0.24238,0.09504,0.05286,0.00034,0.0035,1.85519,-0.24805,-0.15572,-0.45249,0.36203,0.04493,0.08897,0.77356,0.44789,0.09421,-8.45699,-0.1395,-0.07253,-0.25341
41.44,0.14663,-1.55478,0.14385,0.01594,0.37839,0.00694,-0.25341,0.05293,-0.01081,-0.00984,0.28675,-0.01261,-0.00453,0.75469,0.39492,-0.23705,0.09378,0.04757,0.00073,0.00518,1.98212,-0.27472,-0.1553,-0.46225,0.38458,0.05388,0.11589,0.51133,0.37639,-0.00731,-8.98862,-0.26873,-0.08846,-0.23706
41.46,0.06811,-1.45792,0.10852,0.01441,0.34062,0.00692,-0.24565,0.11879,-0.00975,-0.00912,0.20708,-0.0112,-0.00374,0.68922,0.39845,-0.23354,0.0915,0.04018,0.00124,0.00715,2.11234,-0.31695,-0.15484,-0.46408,0.40336,0.06424,0.15045,0.32622,0.18252,-0.09379,-9.10719,-0.38373,-0.1019,-0.22415
41.48,-0.02252,-1.3083,0.069,0.01253,0.31194,0.00719,-0.23394,0.17877,-0.00918,-0.00784,0.10683,-0.00972,-0.00269,0.65448,0.40039,-0.23289,0.08864,0.0314,0.00188,0.00933,2.22676,-0.37514,-0.15304,-0.4507,0.41837,0.07531,0.18952,0.20816,-0.15772,-0.14849,-8.70822,-0.48087,-0.11314,-0.2201
41.5,-0.11519,-1.11458,0.02937,0.01049,0.29391,0.00769,-0.22447,0.23214,-0.00907,-0.00661,-0.01571,-0.0081,-0.00135,0.64355,0.39806,-0.23479,0.08513,0.02189,0.00264,0.01157,2.33598,-0.44328,-0.14748,-0.41189,0.4282,0.08728,0.23275,0.13813,-0.64708,-0.15011,-7.89849,-0.55277,-0.11843,-0.21098
41.52,-0.21,-0.89286,-0.0033,0.00841,0.28803,0.00835,-0.22511,0.27961,-0.00927,-0.00587,-0.16183,-0.00625,0.0003,0.64736,0.38896,-0.23864,0.08099,0.01248,0.0035,0.01368,2.45894,-0.50908,-0.13575,-0.33482,0.43073,0.10063,0.28243,0.09683,-1.22786,-0.08513,-6.79628,-0.59058,-0.11256,-0.17794
41.54,-0.30079,-0.66888,-0.02093,0.00624,0.2951,0.00904,-0.24335,0.31951,-0.00951,-0.00509,-0.33253,-0.00411,0.00226,0.65647,0.38053,-0.24613,0.07692,0.00399,0.00439,0.01528,2.54656,-0.56482,-0.11869,-0.20756,0.42543,0.1132,0.33056,0.07646,-1.85221,0.036,-5.40176,-0.59773,-0.1,-0.13416
41.56,-0.37478,-0.46038,-0.0166,0.00391,0.31455,0.00961,-0.28441,0.35061,-0.00929,-0.00414,-0.52826,-0.00162,0.00457,0.66472,0.37734,-0.25854,0.07309,-0.00305,0.00523,0.01586,2.55811,-0.60318,-0.09752,-0.01985,0.41015,0.12225,0.36686,0.07535,-2.5233,0.19722,-3.78773,-0.58083,-0.08605,-0.09231
41.58,-0.43135,-0.27563,0.01487,0.00131,0.3444,0.00989,-0.35043,0.37589,-0.00789,-0.00326,-0.74764,0.00125,0.00721,0.67073,0.37601,-0.27517,0.06893,-0.00824,0.00588,0.01476,2.50464,-0.60869,-0.07276,0.23266,0.37978,0.12604,0.38697,0.09291,-3.21575,0.36932,-2.12057,-0.54069,-0.07018,-0.04714
41.6,-0.47138,-0.12209,0.07633,-0.00017,0.37989,0.00967,-0.441,0.39713,-0.00433,-0.00245,-0.98341,0.00443,0.01019,0.67609,0.37651,-0.29626,0.06359,-0.01109,0.00617,0.01117,2.35846,-0.56574,-0.04807,0.55213,0.32908,0.12296,0.38487,0.13453,-3.94263,0.54152,-0.79084,-0.47917,-0.05688,-0.01029
41.62,-0.49554,-0.00195,0.16854,0.00025,0.41478,0.0088,-0.5546,0.41559,0.00263,-0.00172,-1.22341,0.00785,0.0136,0.68479,0.37946,-0.3224,0.05611,-0.01101,0.00585,0.00417,2.10202,-0.46427,-0.0264,0.95512,0.25265,0.11153,0.3547,0.19712,-4.69619,0.74793,0.20943,-0.39633,-0.04944,0.00706
41.64,-0.50611,0.08752,0.29007,0.00103,0.44579,0.0073,-0.68993,0.43562,0.0145,-0.00118,-1.45968,0.01134,0.01733,0.70283,0.37931,-0.35221,0.04568,-0.00757,0.00463,-0.00715,1.77312,-0.2991,-0.00853,1.44439,0.14338,0.0882,0.289,0.25997,-5.32987,0.93661,1.0966,-0.29466,-0.04334,0.01778
41.66,-0.50307,0.15052,0.43656,0.00138,0.4712,0.00535,-0.84698,0.45967,0.03303,-0.00085,-1.68674,0.01471,0.0212,0.73562,0.37213,-0.38421,0.03179,-0.00035,0.00216,-0.02361,1.39714,-0.06747,0.00317,2.00404,-0.00266,0.05122,0.18238,0.29254,-5.71806,1.02665,1.75735,-0.17749,-0.03611,0.03035
41.68,-0.48428,0.19203,0.59981,0.00177,0.48881,0.00327,-1.02661,0.48575,0.05999,-0.00063,-1.89659,0.01779,0.02502,0.78676,0.35876,-0.41764,0.01443,0.01116,-0.00195,-0.04579,0.9796,0.23026,0.00568,2.61839,-0.18651,0.00133,0.03307,0.26904,-5.81185,1.02659,2.17958,-0.04947,-0.02859,0.04217
41.7,-0.45374,0.21772,0.76959,0.00173,0.48095,0.00119,-1.22896,0.51201,0.09694,-0.00046,-2.07002,0.02037,0.02877,0.85959,0.33892,-0.45141,-0.0058,0.02745,-0.00811,-0.07362,0.5109,0.57777,-0.00293,3.30377,-0.40185,-0.0593,-0.15838,0.15223,-5.5951,0.92744,2.36831,0.07909,-0.0219,0.05286
41.72,-0.41742,0.23293,0.93663,-1e-05,0.44442,-0.00078,-1.45409,0.53589,0.14505,-0.00027,-2.18408,0.02219,0.03258,0.95634,0.31304,-0.48434,-0.02791,0.04891,-0.01669,-0.10659,0.01233,0.94692,-0.0236,4.09997,-0.62561,-0.11929,-0.37175,-0.04367,-5.14241,0.74733,2.3349,0.20813,-0.01687,0.06217
41.74,-0.37029,0.23627,1.08953,-0.00433,0.40762,-0.00217,-1.70412,0.55077,0.20517,-3e-05,-2.24242,0.02305,0.03593,1.07539,0.28362,-0.51458,-0.0509,0.07559,-0.02797,-0.14272,-0.48014,1.32344,-0.05567,4.96048,-0.84441,-0.17065,-0.58762,-0.26915,-4.54878,0.56523,2.16093,0.33304,-0.01298,0.06945
41.76,-0.31063,0.2225,1.2191,-0.01178,0.37218,-0.00272,-1.9828,0.551,0.2776,0.00029,-2.25795,0.02279,0.03835,1.21225,0.25257,-0.54054,-0.07402,0.10668,-0.04204,-0.17922,-0.97373,1.69445,-0.09609,5.81051,-1.05694,-0.21363,-0.80053,-0.51103,-3.86448,0.42009,1.90353,0.4405,-0.00977,0.07502
41.78,-0.24519,0.1898,1.3232,-0.02262,0.3377,-0.00241,-2.29304,0.5344,0.36105,0.00071,-2.23704,0.02127,0.03988,1.35986,0.22107,-0.56157,-0.09671,0.13876,-0.05873,-0.21697,-1.50273,2.04002,-0.14175,6.61592,-1.25668,-0.24711,-1.00915,-0.75667,-3.1329,0.31114,1.6128,0.52781,-0.00734,0.07945
41.8,-0.17742,0.1358,1.39926,-0.04041,0.30379,-0.00121,-2.63795,0.49728,0.45325,0.00119,-2.20344,0.01844,0.04049,1.50826,0.18932,-0.57693,-0.11828,0.17112,-0.07737,-0.24082,-2.05217,2.32913,-0.18435,7.40811,-1.40787,-0.26265,-1.1557,-0.97636,-2.38754,0.23381,1.30101,0.59223,-0.00554,0.08155
41.82,-0.1111,0.06365,1.44731,-0.07021,0.27027,0.00087,-3.02028,0.43652,0.55108,0.00154,-2.18498,0.01441,0.04023,1.64537,0.15823,-0.58638,-0.13796,0.20532,-0.09698,-0.22481,-2.57096,2.55905,-0.21736,8.24698,-1.46167,-0.24827,-1.14535,-1.12676,-1.65431,0.18118,0.98106,0.63191,-0.00418,0.08075
41.84,-0.05256,-0.01558,1.47176,-0.10874,0.23709,0.00376,-3.44098,0.35206,0.65076,0.0016,-2.19077,0.00946,0.03941,1.75711,0.12988,-0.59029,-0.15552,0.23211,-0.11747,-0.18456,-3.13819,2.78722,-0.25935,9.03652,-1.43201,-0.21583,-1.02633,-1.20981,-0.98014,0.14525,0.69979,0.65148,-0.00308,0.08001
41.86,-0.01219,-0.09088,1.47551,-0.14941,0.20384,0.00733,-3.90212,0.2416,0.74891,0.00134,-2.22765,0.00411,0.03841,1.82995,0.1055,-0.58962,-0.17095,0.24322,-0.13953,-0.14205,-3.90182,3.04541,-0.32634,9.66973,-1.34246,-0.17983,-0.87315,-1.24966,-0.40257,0.12015,0.47435,0.65497,-0.00208,0.08139
41.88,0.00257,-0.15306,1.46099,-0.18756,0.1696,0.01129,-4.4058,0.10024,0.8421,0.00061,-2.30573,-0.00096,0.03761,1.85134,0.08589,-0.58663,-0.18399,0.24206,-0.16383,-0.09282,-5.00823,3.32488,-0.4103,10.13374,-1.19027,-0.13918,-0.68122,-1.24036,0.07234,0.10198,0.29618,0.64531,-0.00103,0.08497
41.9,-0.00489,-0.20635,1.42014,-0.22274,0.13089,0.01528,-4.9559,-0.07642,0.92998,-0.00207,-2.42155,-0.00509,0.03749,1.81037,0.0695,-0.57934,-0.19563,0.22726,-0.19179,-0.05411,-6.18502,3.61526,-0.5148,10.34721,-0.97083,-0.1061,-0.49216,-1.20031,0.39591,0.09017,0.15965,0.62474,0.00023,0.0914
41.92,-0.05769,-0.25927,1.34213,-0.25535,0.09117,0.01887,-5.55296,-0.29236,1.01296,-0.0099,-2.56609,-0.00733,0.03843,1.6972,0.05497,-0.5627,-0.20678,0.19945,-0.22503,-0.04072,-6.90871,3.86458,-0.61273,10.20578,-0.68398,-0.08784,-0.3367,-1.15203,0.55027,0.08476,0.06029,0.59539,0.00182,0.10134
41.94,-0.17387,-0.31188,1.23082,-0.27472,0.05673,0.02141,-6.19289,-0.54997,1.08715,-0.02569,-2.73378,-0.00749,0.04089,1.50222,0.04402,-0.54119,-0.21798,0.17042,-0.26324,-0.03509,-7.40759,3.95859,-0.61426,9.63918,-0.38224,-0.07237,-0.2083,-1.08671,0.60558,0.08359,-0.00615,0.56033,0.00398,0.11506
41.96,-0.34121,-0.36392,1.09405,-0.27275,0.02682,0.02241,-6.87046,-0.84866,1.15002,-0.05237,-2.91601,-0.00618,0.0451,1.22381,0.03695,-0.5204,-0.22972,0.14651,-0.30472,-0.02717,-7.91676,3.82751,-0.45347,8.6583,-0.09626,-0.05346,-0.10427,-0.99727,0.60814,0.08446,-0.04412,0.52218,0.00688,0.13274
41.98,-0.54964,-0.41102,0.93998,-0.25235,0.0017,0.02179,-7.56906,-1.18678,1.20051,-0.09321,-3.1016,-0.00389,0.05057,0.87126,0.03199,-0.49753,-0.24095,0.1265,-0.34741,-0.02039,-8.15799,3.47221,-0.11005,7.32234,0.14579,-0.03245,-0.02626,-0.88585,0.56666,0.0852,-0.05763,0.48286,0.01036,0.15395
42,-0.83065,-0.44725,0.76087,-0.21574,-0.01887,0.01948,-8.28634,-1.53946,1.2405,-0.16077,-3.25019,-0.00074,0.05778,0.46207,0.02879,-0.47715,-0.25849,0.11066,-0.3852,-0.01535,-8.04065,2.8645,0.4042,5.63327,0.33774,-0.0108,-0.00108,-0.76546,0.46822,0.09138,-0.05012,0.44302,0.01531,0.17998
42.02,-1.24444,-0.45651,0.55242,-0.16942,-0.03547,0.01566,-9.00653,-1.86222,1.26672,-0.27512,-3.3132,0.0036,0.06738,0.01941,0.02691,-0.4631,-0.29043,0.09865,-0.41021,-0.01183,-7.56546,2.07038,0.96087,3.69928,0.62019,0.01152,0.01938,-0.64455,0.31946,0.11305,-0.02443,0.40365,0.02317,0.21265
42.04,-1.74907,-0.39778,0.34677,-0.12405,-0.04975,0.01086,-9.65401,-2.14284,1.26642,-0.4338,-3.30031,0.0086,0.07728,-0.43482,0.02439,-0.44642,-0.32843,0.08757,-0.42075,-0.00936,-6.73094,1.2599,1.4308,1.62616,0.97219,0.03399,0.08332,-0.51499,0.1591,0.14661,0.01732,0.36793,0.03305,0.25004
42.06,-2.2719,-0.24249,0.16736,-0.08707,-0.06296,0.00558,-10.16285,-2.38354,1.23339,-0.62375,-3.22825,0.01337,0.08542,-0.88428,0.01925,-0.41982,-0.36385,0.07615,-0.41691,-0.00717,-5.59428,0.53317,1.7552,-0.60553,1.24751,0.05397,0.1618,-0.37451,0.00214,0.18588,0.07339,0.33779,0.04362,0.28937
42.08,-2.79604,0.01038,0.01631,-0.06335,-0.07429,0.00027,-10.48194,-2.58087,1.165,-0.84001,-3.08993,0.01794,0.09142,-1.31525,0.0092,-0.37982,-0.39629,0.06534,-0.39771,-0.00508,-4.2613,-0.06841,1.8783,-3.04601,1.47601,0.06852,0.24458,-0.22993,-0.1509,0.23264,0.14181,0.31345,0.05453,0.32851
42.1,-3.3275,0.3416,-0.09142,-0.0566,-0.08357,-0.00459,-10.59104,-2.67667,1.06224,-1.0658,-2.90631,0.02189,0.09456,-1.71033,-0.00186,-0.33441,-0.42288,0.05575,-0.36745,-0.00381,-2.96887,-0.51182,1.70671,-5.64894,1.54278,0.0791,0.32973,-0.09178,-0.2871,0.29842,0.22061,0.2949,0.06624,0.36914
42.12,-3.87383,0.70278,-0.14683,-0.06894,-0.09097,-0.00852,-10.48211,-2.59429,0.92888,-1.27651,-2.70001,0.02482,0.09449,-2.04873,-0.00638,-0.29111,-0.43986,0.0486,-0.33113,-0.00336,-1.89058,-0.7672,1.16306,-8.19766,1.32982,0.09116,0.4225,0.03728,-0.37636,0.39922,0.30817,0.28201,0.07955,0.41444
42.14,-4.38847,1.05014,-0.16031,-0.10105,-0.09308,-0.01128,-10.08614,-2.39796,0.76875,-1.44249,-2.46864,0.02685,0.09142,-2.31597,-0.00753,-0.24126,-0.4443,0.04588,-0.28952,-0.00259,-0.92285,-0.83434,0.41765,-10.52228,1.05017,0.10115,0.50163,0.15935,-0.41048,0.53336,0.40119,0.27497,0.09254,0.45708
42.16,-4.82848,1.35945,-0.13982,-0.15235,-0.08798,-0.0129,-9.36272,-2.15165,0.58595,-1.54,-2.21328,0.02825,0.08557,-2.5041,-0.00846,-0.1818,-0.43449,0.04806,-0.24412,-0.00129,0.03286,-0.77313,-0.29834,-12.51735,0.8269,0.10536,0.54464,0.27136,-0.39946,0.69436,0.49513,0.27345,0.10337,0.49002
42.18,-5.18498,1.6162,-0.09112,-0.22002,-0.07827,-0.01358,-8.34113,-1.84003,0.38684,-1.56381,-1.94309,0.02945,0.07727,-2.60757,-0.00618,-0.11837,-0.41108,0.05366,-0.1977,0.00017,0.98902,-0.6447,-0.85473,-13.94554,0.64514,0.10893,0.56751,0.36842,-0.34333,0.88256,0.58507,0.27623,0.11256,0.51461
42.2,-5.50412,1.79581,-0.02673,-0.30415,-0.06241,-0.01314,-7.08409,-1.53279,0.18936,-1.49756,-1.67461,0.02975,0.06679,-2.62496,-0.0026,-0.05779,-0.37684,0.06091,-0.15181,0.00156,1.94933,-0.5349,-1.13769,-14.75811,0.51946,0.10746,0.53163,0.46354,-0.2348,1.12159,0.66495,0.28197,0.11833,0.52655
42.22,-5.85047,1.86795,0.03924,-0.40944,-0.04058,-0.01144,-5.69841,-1.28542,0.00608,-1.34152,-1.41994,0.02845,0.05476,-2.56083,-0.00012,-0.00266,-0.33658,0.06794,-0.10764,0.00268,2.88881,-0.53372,-1.12695,-14.9989,0.45222,0.09656,0.42103,0.58712,-0.06848,1.44237,0.72837,0.289,0.11905,0.52238
42.24,-6.17687,1.8342,0.09348,-0.53173,-0.01996,-0.00919,-4.29516,-1.05301,-0.15687,-1.13756,-1.1769,0.02688,0.04212,-2.4278,0.00108,0.04717,-0.29406,0.07172,-0.06617,0.00337,3.68605,-0.67368,-0.87872,-14.5229,0.42274,0.08658,0.3073,0.73465,0.13753,1.82092,0.76609,0.29519,0.11675,0.50762
42.26,-6.43763,1.69734,0.12379,-0.66174,-0.00369,-0.00696,-2.96218,-0.82027,-0.28798,-0.91607,-0.9451,0.02596,0.02951,-2.24378,-0.00061,0.08898,-0.25187,0.07032,-0.02761,0.00355,4.17973,-0.96002,-0.50298,-13.27043,0.41874,0.08302,0.22079,0.88885,0.36556,2.22034,0.77029,0.29818,0.1128,0.48678
42.28,-6.65503,1.44526,0.12353,-0.79197,0.00948,-0.00483,-1.77085,-0.6093,-0.38135,-0.68873,-0.72923,0.02552,0.01745,-2.03149,-0.00656,0.12135,-0.21217,0.06438,0.00809,0.00329,4.28416,-1.41982,-0.13973,-11.3536,0.43435,0.08332,0.15294,1.05264,0.6109,2.62626,0.73827,0.29534,0.10689,0.46203
42.3,-6.84578,1.03708,0.08884,-0.91974,0.0202,-0.00293,-0.78092,-0.42534,-0.4372,-0.46655,-0.53651,0.02516,0.00643,-1.82162,-0.01716,0.14434,-0.17447,0.05505,0.04084,0.00271,3.98907,-1.85221,0.08027,-9.10617,0.46272,0.08812,0.1052,1.23703,0.86456,3.03869,0.66476,0.28416,0.0981,0.43181
42.32,-7.02247,0.44377,0.02065,-1.04433,0.02855,-0.00135,-0.02909,-0.2704,-0.46028,-0.26166,-0.37193,0.02445,-0.00299,-1.64421,-0.03238,0.15864,-0.13833,0.0443,0.07057,0.00196,3.42826,-1.91615,0.20673,-6.86824,0.49779,0.09786,0.07662,1.4512,1.11132,3.46311,0.54831,0.2623,0.08599,0.39557
42.34,-7.18058,-0.23931,-0.06522,-1.14247,0.03398,-0.0002,0.47743,-0.14675,-0.45581,-0.08554,-0.23523,0.02376,-0.01043,-1.51593,-0.0509,0.1641,-0.10558,0.03494,0.09752,0.00122,2.69233,-1.70464,0.31727,-4.73229,0.53135,0.11019,0.06356,1.67475,1.33232,3.84137,0.39294,0.22699,0.0713,0.36043
42.36,-7.30071,-0.88541,-0.1462,-1.19387,0.03557,0.00047,0.75582,-0.05259,-0.42924,0.05852,-0.12607,0.02342,-0.01594,-1.43992,-0.07062,0.16016,-0.07703,0.02818,0.12231,0.00059,1.87137,-1.40923,0.39111,-2.80249,0.55595,0.12384,0.06402,1.88574,1.51273,4.11395,0.20085,0.17677,0.05458,0.33018
42.38,-7.35353,-1.41851,-0.20552,-1.20137,0.03275,0.00069,0.84585,0.01438,-0.38823,0.17107,-0.04362,0.02319,-0.01972,-1.40649,-0.08927,0.14682,-0.05269,0.02363,0.14591,0.00011,1.11425,-1.02746,0.45837,-1.21222,0.56932,0.13871,0.07606,2.08045,1.64405,4.28117,-0.02636,0.11225,0.03609,0.30261
42.4,-7.3242,-1.77137,-0.23498,-1.16082,0.02617,0.00056,0.79705,0.05665,-0.3385,0.25329,0.01465,0.0231,-0.02204,-1.39114,-0.10424,0.12336,-0.03377,0.02036,0.16947,-0.00022,0.48063,-0.63107,0.51534,-0.00549,0.56673,0.15459,0.09775,2.26124,1.7329,4.29025,-0.28294,0.03487,0.01567,0.27595
42.42,-7.21483,-1.91135,-0.23594,-1.07806,0.01683,0.00026,0.66047,0.07899,-0.28444,0.30774,0.0514,0.02325,-0.02324,-1.3637,-0.1129,0.08974,-0.02126,0.01702,0.19397,-0.00043,0.03165,-0.29455,0.53504,0.85118,0.54545,0.17148,0.12768,2.43064,1.79665,4.09343,-0.54839,-0.05131,-0.00502,0.24826
42.44,-6.96223,-1.8422,-0.2166,-0.98047,0.00553,-1e-05,0.48286,0.08443,-0.22996,0.33547,0.06871,0.02344,-0.02343,-1.30272,-0.11275,0.04711,-0.01536,0.01214,0.21959,-0.00053,-0.19203,-0.04677,0.5261,1.41773,0.51134,0.18907,0.16444,2.57365,1.84387,3.72991,-0.80769,-0.14192,-0.02384,0.21658
42.46,-6.52732,-1.58792,-0.18923,-0.88701,-0.0063,-5e-05,0.29602,0.07535,-0.17736,0.3384,0.0675,0.02347,-0.02264,-1.19814,-0.10292,-0.00201,-0.01582,0.00479,0.24562,-0.0005,-0.24945,0.10496,0.49784,1.74569,0.46912,0.20658,0.20646,2.67598,1.88024,3.23017,-1.05803,-0.23507,-0.04052,0.1789
42.48,-5.95325,-1.19469,-0.16474,-0.80418,-0.01722,0.00028,0.11827,0.05595,-0.12819,0.32136,0.04722,0.02327,-0.02075,-1.05242,-0.0848,-0.05333,-0.02172,-0.00526,0.27014,-0.00032,-0.20685,0.18178,0.45561,1.89824,0.4201,0.22302,0.25203,2.73471,1.91429,2.59932,-1.2935,-0.3293,-0.05508,0.13443
42.5,-5.19991,-0.72536,-0.14696,-0.73218,-0.0261,0.00103,-0.04027,0.02927,-0.08429,0.28984,0.00604,0.02263,-0.01749,-0.88539,-0.06111,-0.09956,-0.03106,-0.01772,0.29096,9e-05,-0.1236,0.19691,0.40483,1.92475,0.36542,0.23844,0.30138,2.74407,1.96044,1.80824,-1.4827,-0.42136,-0.06675,0.08206
42.52,-4.26893,-0.24058,-0.13492,-0.66939,-0.03212,0.00215,-0.17714,-0.00078,-0.04811,0.25028,-0.05896,0.02131,-0.01246,-0.72495,-0.03605,-0.13044,-0.04116,-0.03155,0.30603,0.00084,-0.04526,0.16689,0.35075,1.86117,0.30707,0.25305,0.35578,2.69832,2.03203,0.88623,-1.57868,-0.50659,-0.07427,0.02315
42.54,-3.29814,0.21282,-0.12676,-0.61795,-0.03497,0.00352,-0.29507,-0.03004,-0.02205,0.20967,-0.15103,0.0191,-0.00525,-0.59402,-0.01417,-0.1411,-0.05081,-0.04603,0.3123,0.00214,0.01445,0.12492,0.30187,1.74092,0.24843,0.26449,0.41178,2.58918,2.12066,-0.06962,-1.589,-0.58377,-0.07824,-0.03931
42.56,-2.36607,0.60146,-0.11995,-0.5778,-0.0348,0.00501,-0.40039,-0.05634,-0.00742,0.17385,-0.27276,0.01574,0.00465,-0.50722,0.00167,-0.13188,-0.06046,-0.061,0.30884,0.00442,0.05329,0.08982,0.26575,1.58606,0.1919,0.27081,0.46479,2.41038,2.21006,-1.02295,-1.53933,-0.65352,-0.08001,-0.10412
42.58,-1.48467,0.90992,-0.11205,-0.5454,-0.03206,0.0065,-0.50297,-0.07793,-0.00437,0.14765,-0.42559,0.01094,0.0177,-0.46896,0.01017,-0.10429,-0.07125,-0.07612,0.2989,0.00838,0.07438,0.06342,0.24578,1.41111,0.13884,0.2724,0.51217,2.16219,2.28865,-1.9651,-1.42889,-0.71493,-0.07987,-0.17057
42.6,-0.65974,1.13799,-0.1013,-0.5156,-0.02735,0.00785,-0.6151,-0.09299,-0.01204,0.13485,-0.60731,0.00457,0.03424,-0.47278,0.01104,-0.0653,-0.0853,-0.09104,0.28553,0.01506,0.07816,0.04642,0.23432,1.22605,0.09065,0.26831,0.55387,1.83309,2.3626,-2.83356,-1.25798,-0.76344,-0.0777,-0.23519
42.62,0.07254,1.29546,-0.08746,-0.48443,-0.0213,0.00897,-0.74841,-0.10001,-0.0287,0.13783,-0.81173,-0.00333,0.05431,-0.50544,0.00481,-0.02108,-0.10477,-0.10555,0.27233,0.02524,0.06652,0.03861,0.22375,1.04129,0.04935,0.25814,0.5912,1.42739,2.44749,-3.50526,-1.03035,-0.79324,-0.07338,-0.29177
42.64,0.67675,1.39465,-0.07362,-0.45339,-0.0145,0.00987,-0.90714,-0.09952,-0.05197,0.15711,-1.0328,-0.01242,0.07762,-0.55287,-0.00739,0.02588,-0.13073,-0.11896,0.2652,0.04046,0.05038,0.0377,0.21978,0.86932,0.0169,0.24401,0.61757,0.97966,2.51745,-3.98234,-0.77269,-0.80603,-0.06786,-0.33994
42.66,1.16751,1.44653,-0.06287,-0.4251,-0.0072,0.01059,-1.08597,-0.09381,-0.07888,0.18991,-1.26373,-0.02183,0.10328,-0.6027,-0.02375,0.07183,-0.16257,-0.13068,0.26654,0.06168,0.03653,0.04158,0.22462,0.71735,-0.00613,0.22774,0.62796,0.5169,2.54823,-4.32824,-0.50989,-0.80492,-0.06201,-0.38273
42.68,1.56594,1.46063,-0.05612,-0.40157,0.00063,0.01125,-1.27067,-0.08615,-0.10585,0.22935,-1.49553,-0.03074,0.129,-0.64414,-0.04181,0.11378,-0.19718,-0.14105,0.27355,0.08311,0.02546,0.04866,0.23386,0.58826,-0.02009,0.21067,0.62634,0.05844,2.54974,-4.54221,-0.24306,-0.78956,-0.05586,-0.42041
42.7,1.89039,1.44633,-0.05384,-0.38557,0.00908,0.01194,-1.43158,-0.08293,-0.12869,0.26613,-1.70126,-0.03751,0.15317,-0.6698,-0.05791,0.14974,-0.23016,-0.14648,0.28275,0.11441,0.01556,0.05419,0.24148,0.48482,-0.02567,0.19298,0.60967,-0.36847,2.52845,-4.63308,-0.00494,-0.76162,-0.04968,-0.45298
42.72,2.15617,1.41023,-0.05593,-0.38021,0.01828,0.01272,-1.53218,-0.0911,-0.14324,0.29072,-1.84424,-0.04,0.17507,-0.67519,-0.0677,0.17837,-0.25697,-0.14205,0.29007,0.17598,0.00668,0.05507,0.24328,0.40856,-0.02388,0.17515,0.57611,-0.72533,2.48933,-4.61613,0.17386,-0.72304,-0.0437,-0.48053
42.74,2.37944,1.35176,-0.06165,-0.38942,0.0282,0.01361,-1.5526,-0.11383,-0.14655,0.29494,-1.92712,-0.03937,0.19052,-0.65633,-0.06891,0.19895,-0.27223,-0.13176,0.2891,0.24262,0.00096,0.05453,0.24272,0.35914,-0.01586,0.16001,0.53733,-0.98726,2.43755,-4.5221,0.31464,-0.67595,-0.03787,-0.5043
42.76,2.57715,1.272,-0.07064,-0.41483,0.03859,0.01455,-1.48701,-0.15167,-0.13757,0.27553,-1.96296,-0.03719,0.1964,-0.61325,-0.06158,0.21171,-0.27255,-0.1195,0.27601,0.28659,-0.00165,0.05497,0.24313,0.33413,-0.00295,0.1489,0.50057,-1.14966,2.37845,-4.38471,0.43416,-0.62281,-0.03215,-0.52618
42.78,2.7561,1.17638,-0.08281,-0.45407,0.0491,0.01533,-1.33919,-0.20456,-0.11738,0.23598,-1.94753,-0.0331,0.19449,-0.55171,-0.04739,0.21834,-0.2585,-0.10397,0.25187,0.31573,-0.00244,0.05634,0.24449,0.32873,0.01327,0.14092,0.46442,-1.21252,2.32007,-4.21608,0.52996,-0.5656,-0.02652,-0.54738
42.8,2.91123,1.06447,-0.09739,-0.50398,0.05865,0.01567,-1.1339,-0.26314,-0.08896,0.18413,-1.90591,-0.02792,0.18533,-0.48007,-0.03072,0.22135,-0.23145,-0.08923,0.21857,0.31318,-0.00215,0.05866,0.24606,0.33699,0.03099,0.13548,0.42853,-1.18236,2.25806,-4.0224,0.58429,-0.51088,-0.02109,-0.56238
42.82,3.0311,0.93597,-0.11308,-0.56083,0.06573,0.01529,-0.90164,-0.31006,-0.05665,0.13107,-1.86406,-0.02259,0.17033,-0.40932,-0.01654,0.22366,-0.19502,-0.07848,0.17993,0.26988,-0.00114,0.06195,0.24762,0.35242,0.04851,0.13189,0.39219,-1.07069,2.1888,-3.80785,0.58632,-0.46465,-0.01598,-0.5637
42.84,3.11432,0.80183,-0.12969,-0.61902,0.06995,0.01407,-0.66221,-0.34102,-0.02504,0.08829,-1.80074,-0.01762,0.15477,-0.3519,-0.00878,0.22785,-0.1556,-0.06828,0.14198,0.21954,0.0005,0.06698,0.25221,0.36831,0.06442,0.12853,0.3526,-0.89426,2.12753,-3.58545,0.56034,-0.42582,-0.01097,-0.55513
42.86,3.16106,0.67234,-0.14736,-0.67359,0.07153,0.01211,-0.43035,-0.35608,0.00184,0.06319,-1.6877,-0.01465,0.14151,-0.31809,-0.01027,0.23576,-0.11733,-0.05734,0.10829,0.17944,0.00277,0.07446,0.26194,0.38005,0.07785,0.12438,0.3081,-0.67049,2.08619,-3.36495,0.52323,-0.39355,-0.00592,-0.54151
42.88,3.16351,0.55266,-0.16537,-0.72088,0.07041,0.00966,-0.21486,-0.34911,0.02066,0.05883,-1.50404,-0.01549,0.12978,-0.31585,-0.02223,0.24835,-0.0817,-0.04706,0.07984,0.14545,0.00559,0.08421,0.27559,0.38593,0.08864,0.1194,0.2588,-0.41652,2.06599,-3.14457,0.47497,-0.36921,-0.001,-0.52231
42.9,3.11495,0.44928,-0.18277,-0.7576,0.06653,0.00696,-0.01684,-0.31923,0.02866,0.07507,-1.20168,-0.02081,0.11885,-0.35198,-0.04423,0.26632,-0.04936,-0.03761,0.05684,0.11857,0.00866,0.09521,0.29186,0.38621,0.09706,0.11344,0.20385,-0.15373,2.05764,-2.94096,0.41288,-0.35215,0.00408,-0.4935
42.92,3.00944,0.36751,-0.19832,-0.78078,0.05998,0.00428,0.1675,-0.26679,0.02389,0.10932,-0.7242,-0.02972,0.10746,-0.43127,-0.07432,0.28981,-0.01992,-0.02898,0.03879,0.09842,0.01146,0.10606,0.30933,0.38266,0.10366,0.10671,0.14437,0.09998,2.05086,-2.76798,0.3391,-0.3411,0.00972,-0.45038
42.94,2.84737,0.30906,-0.21043,-0.78699,0.05173,0.00205,0.34489,-0.1934,0.00548,0.15726,-0.0279,-0.03885,0.09327,-0.55481,-0.11085,0.31811,0.00765,-0.02149,0.02481,0.08068,0.01305,0.1169,0.32611,0.37794,0.10924,0.1003,0.08401,0.33321,2.05407,-2.60924,0.26547,-0.33509,0.01521,-0.39861
42.96,2.6314,0.27336,-0.21733,-0.77433,0.04278,0.00054,0.52295,-0.10354,-0.02648,0.21326,0.94511,-0.04195,0.07478,-0.71913,-0.15308,0.35012,0.03457,-0.01527,0.01399,0.06316,0.01242,0.12816,0.34125,0.37458,0.11466,0.09504,0.02419,0.53922,2.07191,-2.45112,0.19786,-0.33281,0.01998,-0.34409
42.98,2.36245,0.25845,-0.21689,-0.74343,0.03363,-0.00022,0.70863,-0.00479,-0.07114,0.27032,2.24089,-0.03096,0.05163,-0.91555,-0.19968,0.3839,0.06183,-0.01049,0.00554,0.04542,0.0089,0.13918,0.3549,0.37482,0.1208,0.09127,-0.03519,0.71792,2.09469,-2.29202,0.13548,-0.33284,0.0242,-0.28593
43,2.06048,0.25954,-0.20563,-0.69678,0.02511,-0.00031,0.90539,0.09341,-0.12892,0.31904,3.93308,0.01356,0.02384,-1.1294,-0.24715,0.41891,0.09078,-0.00768,-0.00116,0.02693,0.00199,0.1488,0.36615,0.38045,0.12844,0.08926,-0.09369,0.87229,2.11588,-2.13296,0.07762,-0.33329,0.02705,-0.22905
43.02,1.74363,0.27095,-0.18164,-0.63785,0.0177,8e-05,1.11225,0.19506,-0.20397,0.35011,6.13003,0.11729,-0.00837,-1.34373,-0.28968,0.4546,0.1237,-0.00729,-0.0065,0.0082,-0.00839,0.15574,0.37417,0.39271,0.13813,0.08917,-0.15014,1.00593,2.12958,-1.9717,0.02449,-0.33227,0.02785,-0.17797
43.04,1.41017,0.2891,-0.14656,-0.56986,0.01134,0.00071,1.32679,0.29857,-0.30015,0.35953,8.86567,0.29688,-0.04475,-1.54567,-0.32407,0.48489,0.16139,-0.00952,-0.0107,-0.0096,-0.02199,0.15924,0.38066,0.41247,0.15015,0.09111,-0.20355,1.12413,2.12731,-1.80058,-0.02345,-0.3291,0.0275,-0.13103
43.06,1.06162,0.31096,-0.10373,-0.49539,0.00607,0.0013,1.54149,0.39085,-0.41751,0.348,12.02144,0.55127,-0.0851,-1.72863,-0.34836,0.50571,0.20367,-0.0142,-0.01382,-0.02545,-0.0384,0.15914,0.38658,0.43943,0.16419,0.09492,-0.25313,1.23046,2.10378,-1.61265,-0.0668,-0.32342,0.02657,-0.0871
43.08,0.70584,0.33329,-0.05752,-0.4168,0.00204,0.0017,1.73389,0.4646,-0.54676,0.31674,15.02333,0.83248,-0.12769,-1.89079,-0.35897,0.51808,0.25115,-0.0208,-0.0157,-0.03822,-0.057,0.15604,0.39084,0.47161,0.17904,0.09989,-0.2975,1.32384,2.05781,-1.40465,-0.10607,-0.31469,0.0251,-0.04603
43.1,0.36725,0.34859,-0.0131,-0.3374,-0.00059,0.00181,1.89375,0.50677,-0.6842,0.28113,18.5755,1.1864,-0.1707,-2.03136,-0.35315,0.52068,0.30384,-0.02822,-0.01605,-0.0456,-0.0763,0.14961,0.39101,0.50576,0.1933,0.10528,-0.33227,1.40437,1.98849,-1.19443,-0.14027,-0.30328,0.02274,-0.01451
43.12,0.04326,0.35623,0.02676,-0.25994,-0.00167,0.00165,2.01662,0.48276,-0.77756,0.26266,23.47076,1.68939,-0.20705,-2.1504,-0.32897,0.51334,0.36138,-0.03496,-0.01452,-0.04475,-0.094,0.14083,0.38454,0.53791,0.20539,0.11029,-0.35159,1.47143,1.89692,-0.99516,-0.16713,-0.28975,0.01945,0.00307
43.14,-0.29577,0.36191,0.06761,-0.1853,-0.00117,0.0013,2.00702,0.40274,-0.7465,0.24124,30.15844,2.15395,-0.22211,-2.25063,-0.28833,0.50166,0.42294,-0.03965,-0.01096,-0.03605,-0.10907,0.13408,0.37055,0.56371,0.213,0.11367,-0.35561,1.51686,1.78925,-0.79555,-0.18615,-0.27413,0.01599,0.01397
43.16,-0.63257,0.36194,0.10696,-0.11393,0.00079,0.00088,1.82869,0.30463,-0.63575,0.21533,37.95282,2.38963,-0.214,-2.33423,-0.23452,0.48868,0.48763,-0.04087,-0.00562,-0.021,-0.12129,0.13234,0.34892,0.57953,0.21444,0.11443,-0.34641,1.53457,1.67059,-0.59299,-0.19774,-0.25656,0.01278,0.02286
43.18,-0.93739,0.35416,0.13742,-0.04643,0.00385,0.00051,1.50736,0.1984,-0.49797,0.19844,49.48579,2.45337,-0.18206,-2.40096,-0.17096,0.47236,0.55536,-0.03696,0.00086,-0.00153,-0.13015,0.13594,0.32023,0.5827,0.20949,0.11216,-0.32436,1.52499,1.54367,-0.39688,-0.20167,-0.23747,0.00979,0.02926
43.2,-1.21739,0.32929,0.14474,0.01645,0.00734,0.00024,1.11004,0.06836,-0.40977,0.20132,55.23411,2.30425,-0.14096,-2.44311,-0.10705,0.45398,0.62584,-0.02545,0.00738,0.01845,-0.13375,0.14466,0.28515,0.57059,0.19815,0.10657,-0.29404,1.48943,1.41232,-0.2201,-0.197,-0.21797,0.00703,0.03104
43.22,-1.53509,0.28825,0.13293,0.07437,0.01011,6e-05,0.67239,-0.07523,-0.34783,0.24211,50.24069,1.95535,-0.11577,-2.4518,-0.049,0.43481,0.69868,-0.00391,0.01272,0.03643,-0.1299,0.15752,0.24574,0.54151,0.18094,0.09761,-0.26036,1.43008,1.28132,-0.06923,-0.18295,-0.19913,0.00456,0.02776
43.24,-1.87653,0.24348,0.11039,0.12749,0.01152,-0.00016,0.18004,-0.19115,-0.28294,0.3171,41.6773,1.59441,-0.09787,-2.43229,0.00281,0.41039,0.77307,0.02907,0.01575,0.04765,-0.12068,0.17285,0.20618,0.4961,0.15919,0.08556,-0.22417,1.3498,1.15484,0.05548,-0.16108,-0.18102,0.00256,0.0233
43.26,-2.2093,0.20143,0.08201,0.17634,0.01145,-0.00049,-0.35783,-0.26856,-0.2239,0.41897,34.18354,1.31488,-0.07965,-2.39534,0.04551,0.37811,0.84906,0.07526,0.01568,0.04628,-0.10887,0.18878,0.1692,0.43696,0.13414,0.07088,-0.18671,1.25265,1.03567,0.1507,-0.13327,-0.1637,0.00104,0.01955
43.28,-2.54193,0.16081,0.05356,0.22221,0.00972,-0.00096,-0.92746,-0.29469,-0.17816,0.54699,26.9068,1.09857,-0.06455,-2.35119,0.07693,0.33964,0.92849,0.13411,0.01213,0.03018,-0.09509,0.20318,0.13577,0.36888,0.10712,0.05439,-0.15021,1.14537,0.92583,0.216,-0.10093,-0.14751,-8e-05,0.016
43.3,-2.88995,0.12287,0.02931,0.26694,0.0064,-0.0015,-1.50806,-0.26705,-0.15007,0.69752,19.99814,0.9466,-0.05297,-2.31643,0.09656,0.29722,1.01054,0.20529,0.00512,-0.00144,-0.08222,0.21397,0.10657,0.29881,0.0796,0.03703,-0.11681,1.0363,0.82553,0.25286,-0.06697,-0.13294,-0.00086,0.01263
43.32,-3.27111,0.08866,0.01173,0.31244,0.0018,-0.00193,-2.0676,-0.18684,-0.14045,0.86658,13.78269,0.85569,-0.04467,-2.30945,0.1048,0.25352,1.09255,0.29017,-0.00509,-0.0442,-0.07299,0.21938,0.08217,0.23516,0.05336,0.02015,-0.0881,0.93637,0.73565,0.26365,-0.03479,-0.12041,-0.00139,0.00954
43.34,-3.67648,0.05452,0.00107,0.35971,-0.0032,-0.00198,-2.58695,-0.05408,-0.14727,1.04513,8.62687,0.80651,-0.03883,-2.34188,0.10267,0.20968,1.17671,0.38071,-0.01813,-0.09124,-0.06661,0.21763,0.06304,0.18608,0.03014,0.00514,-0.06456,0.85896,0.65911,0.25324,-0.00773,-0.10971,-0.00173,0.0067
43.36,-4.08969,0.01638,-0.00419,0.40888,-0.00741,-0.0013,-3.0584,0.12315,-0.16686,1.22015,4.65128,0.78678,-0.0344,-2.41733,0.09147,0.16608,1.26231,0.46422,-0.03348,-0.13806,-0.06249,0.20804,0.04914,0.15679,0.01089,-0.00733,-0.0464,0.81709,0.59664,0.22679,0.01052,-0.10047,-0.00188,0.00423
43.38,-4.50749,-0.02794,-0.00587,0.45934,-0.00944,0.0004,-3.468,0.32604,-0.19358,1.3808,1.6915,0.78924,-0.03124,-2.53209,0.07323,0.12338,1.33956,0.53118,-0.0505,-0.18152,-0.06131,0.19152,0.04002,0.14953,-0.00403,-0.01707,-0.03369,0.82351,0.54669,0.18961,0.01605,-0.09238,-0.00184,0.00235
43.4,-4.95805,-0.07462,-0.00582,0.50973,-0.00726,0.00325,-3.78848,0.54199,-0.22129,1.51902,-0.38329,0.80737,-0.02893,-2.66656,0.04854,0.08102,1.40594,0.57878,-0.06818,-0.21083,-0.06259,0.16852,0.03508,0.1646,-0.01453,-0.02416,-0.02607,0.8915,0.50771,0.14634,0.00493,-0.085,-0.00156,0.00133
43.42,-5.46585,-0.11635,-0.00555,0.55788,0.00061,0.00713,-3.9854,0.78564,-0.2443,1.62751,-1.67197,0.83563,-0.02693,-2.79395,0.01899,0.03921,1.46002,0.609,-0.08543,-0.20882,-0.06562,0.14006,0.03379,0.20087,-0.0207,-0.02888,-0.02319,1.03354,0.47832,0.10205,-0.02682,-0.07782,-0.00097,0.00151
43.44,-5.99443,-0.1518,-0.0059,0.60062,0.01509,0.01172,-4.05284,1.04088,-0.25719,1.68907,-2.30075,0.86666,-0.02491,-2.9033,-0.01213,-0.00077,1.4838,0.60909,-0.10201,-0.18489,-0.07013,0.10814,0.03576,0.25627,-0.02276,-0.03185,-0.02498,1.26052,0.45727,0.06237,-0.08274,-0.07019,-8e-05,0.00295
43.46,-6.49515,-0.17806,-0.00754,0.63503,0.03745,0.01662,-3.99789,1.27397,-0.25675,1.6917,-2.4281,0.89329,-0.02264,-2.98905,-0.04352,-0.03816,1.46227,0.57208,-0.11857,-0.15477,-0.07551,0.07305,0.04072,0.32801,-0.02111,-0.03396,-0.03176,1.57799,0.44363,0.02993,-0.16455,-0.06145,0.00106,0.00537
43.48,-6.91888,-0.18665,-0.01124,0.65875,0.06888,0.02154,-3.82013,1.48959,-0.24274,1.64078,-2.19647,0.91039,-0.02001,-3.04018,-0.07454,-0.07202,1.39387,0.51113,-0.13612,-0.11667,-0.08098,0.03309,0.04851,0.4121,-0.01623,-0.03634,-0.04423,1.98078,0.43676,0.00502,-0.27266,-0.05105,0.00232,0.00807
43.5,-7.3376,-0.1688,-0.01699,0.67219,0.10748,0.02586,-3.54658,1.6831,-0.21731,1.54501,-1.75615,0.91374,-0.01722,-3.05004,-0.10379,-0.10004,1.28702,0.42599,-0.1567,-0.08676,-0.08167,-0.01446,0.05887,0.50321,-0.00873,-0.04035,-0.06343,2.46214,0.43497,-0.01297,-0.40155,-0.03857,0.00352,0.0105
43.52,-7.85824,-0.1239,-0.02382,0.67688,0.14791,0.02889,-3.21169,1.84488,-0.18437,1.41561,-1.23609,0.90072,-0.01449,-3.0138,-0.12911,-0.11891,1.15225,0.32253,-0.18272,-0.07889,-0.07052,-0.07229,0.07122,0.59534,0.00066,-0.04749,-0.09058,3.01542,0.43574,-0.02501,-0.53844,-0.02355,0.00447,0.01257
43.54,-8.36409,-0.06049,-0.02996,0.67175,0.18821,0.03065,-2.82942,1.98659,-0.14774,1.26953,-0.71649,0.86801,-0.01187,-2.93396,-0.15038,-0.12747,0.98887,0.22794,-0.21403,-0.07756,-0.04659,-0.14386,0.08456,0.68275,0.0111,-0.05908,-0.12641,3.61739,0.43565,-0.03029,-0.67725,-0.00517,0.00489,0.01308
43.56,-8.71871,0.00364,-0.03151,0.65762,0.22826,0.03132,-2.41794,2.11392,-0.11077,1.11982,-0.2521,0.8148,-0.0094,-2.82127,-0.1702,-0.12652,0.80086,0.15293,-0.24859,-0.07383,-0.00963,-0.23437,0.0969,0.76087,0.02156,-0.07618,-0.17085,4.24068,0.42728,-0.02492,-0.8181,0.0175,0.00444,0.01069
43.58,-8.8848,0.04376,-0.02224,0.63824,0.23496,0.03101,-2.00366,2.21843,-0.07655,0.97396,0.13176,0.74563,-0.00712,-2.68946,-0.19285,-0.11695,0.60258,0.09423,-0.284,-0.07241,0.04469,-0.34974,0.10454,0.82631,0.03074,-0.09965,-0.22351,4.86353,0.39852,-0.00164,-0.96085,0.04545,0.00285,0.00471
43.6,-9.05808,0.01853,0.00507,0.62353,0.23072,0.02909,-1.61267,2.30697,-0.04788,0.83665,0.44014,0.66149,-0.005,-2.57322,-0.21551,-0.1001,0.40687,0.05023,-0.31359,-0.07042,0.12034,-0.4889,0.10127,0.87659,0.03705,-0.12932,-0.28043,5.46952,0.33299,0.0506,-1.08683,0.07979,-0.00012,-0.00534
43.62,-9.5206,-0.14156,0.05456,0.62431,0.21233,0.02496,-1.26601,2.39406,-0.02667,0.71156,0.69057,0.56524,-0.00299,-2.50895,-0.2282,-0.07776,0.22798,0.0177,-0.32891,-0.06388,0.21903,-0.64322,0.07921,0.91056,0.03867,-0.16413,-0.33484,6.0435,0.21304,0.14481,-1.1679,0.12191,-0.00469,-0.0205
43.64,-10.23269,-0.46905,0.12595,0.64181,0.18599,0.01934,-0.9741,2.45289,-0.01353,0.60385,0.90413,0.4679,-0.00101,-2.50048,-0.24124,-0.05267,0.08025,-0.0071,-0.32878,-0.0563,0.34144,-0.81392,0.03025,0.92685,0.03365,-0.20377,-0.38514,6.54234,0.02284,0.29314,-1.2157,0.17308,-0.01102,-0.0414
43.66,-11.10703,-0.94941,0.21432,0.67446,0.1573,0.01304,-0.74184,2.46397,-0.00813,0.51702,1.09142,0.37485,0.00096,-2.54446,-0.26653,-0.02694,-0.03051,-0.02641,-0.31434,-0.04942,0.48761,-1.00697,-0.05386,0.92445,0.02015,-0.2483,-0.43208,6.92467,-0.2535,0.50344,-1.26021,0.2342,-0.01907,-0.06709
43.68,-12.19289,-1.54454,0.30821,0.7228,0.12673,0.00649,-0.5702,2.4507,-0.00928,0.45336,1.2404,0.28442,0.00287,-2.64073,-0.29465,-0.00173,-0.10289,-0.04191,-0.28559,-0.04145,0.65478,-1.22208,-0.1808,0.90368,-0.00335,-0.29731,-0.47408,7.16818,-0.62963,0.77214,-1.32284,0.30555,-0.02906,-0.10344
43.7,-14.41048,-2.21227,0.38268,0.79683,0.0914,-0.00033,-0.45276,2.37779,-0.01491,0.41892,1.33013,0.19528,0.0046,-2.74609,-0.3352,0.02178,-0.13812,-0.05474,-0.24876,-0.03513,0.83444,-1.43585,-0.35163,0.86486,-0.03805,-0.34703,-0.50811,7.21741,-1.11485,1.09562,-1.35521,0.38836,-0.03964,-0.13087
43.72,-19.08249,-2.87418,0.40601,0.91457,0.05001,-0.00723,-0.38124,2.20581,-0.02208,0.41983,1.3391,0.10614,0.00605,-2.80093,-0.3934,0.04299,-0.13817,-0.06559,-0.21022,-0.03232,1.008,-1.60944,-0.55322,0.80843,-0.08465,-0.39154,-0.53062,7.01835,-1.71249,1.47362,-1.29685,0.48366,-0.04773,-0.10251
43.74,-26.07877,-3.33593,0.36934,1.0781,0.01215,-0.01249,-0.34777,2.00144,-0.02802,0.45904,1.24424,0.01571,0.00706,-2.79851,-0.43631,0.06111,-0.09904,-0.0751,-0.17077,-0.02977,1.15321,-1.73367,-0.77048,0.73255,-0.14345,-0.43039,-0.54232,6.53613,-2.40805,1.87119,-1.2009,0.58838,-0.05269,-0.02817
43.76,-34.96333,-3.41804,0.28219,1.28342,-0.01426,-0.01484,-0.34231,1.80183,-0.03136,0.53533,1.05379,-0.07486,0.00757,-2.74907,-0.43667,0.0752,-0.01575,-0.08374,-0.13213,-0.02628,1.24574,-1.80288,-0.98861,0.63389,-0.21432,-0.4648,-0.5448,5.74927,-3.16376,2.22916,-1.1182,0.69583,-0.05537,0.05789
43.78,-45.82782,-3.0474,0.16263,1.53254,-0.02661,-0.0141,-0.35443,1.56978,-0.03213,0.63913,0.82227,-0.1622,0.00779,-2.64919,-0.38563,0.08464,0.1144,-0.09174,-0.09702,-0.02288,1.25544,-1.79158,-1.18383,0.50904,-0.29611,-0.4936,-0.53689,4.67384,-3.9144,2.48295,-1.05205,0.79395,-0.05721,0.1389
43.8,-59.6959,-2.28636,0.02946,1.8331,-0.01805,-0.01004,-0.36406,1.30885,-0.02975,0.75663,0.62736,-0.23806,0.00819,-2.47916,-0.29975,0.08875,0.29185,-0.09887,-0.06679,-0.0198,1.14234,-1.64007,-1.2902,0.35377,-0.38494,-0.5098,-0.51665,3.31066,-4.56061,2.59992,-0.87527,0.88369,-0.05074,0.24793
43.82,-77.75958,-1.37838,-0.08681,2.2069,-0.00138,-0.00448,-0.34846,1.01892,-0.02366,0.86695,0.55904,-0.28921,0.00937,-2.21973,-0.19926,0.08671,0.51315,-0.10463,-0.04171,-0.0171,0.87027,-1.28744,-1.21774,0.16735,-0.47435,-0.50431,-0.48154,1.77761,-4.97464,2.57084,-0.4705,0.97374,-0.02523,0.43479
43.84,-97.86163,-0.53686,-0.12846,2.6044,0.00769,-0.00044,-0.3064,0.6248,-0.01862,0.93253,0.68445,-0.31068,0.01174,-1.90871,-0.09408,0.07892,0.76484,-0.10876,-0.02123,-0.01472,0.44144,-0.78076,-0.96257,-0.04466,-0.55866,-0.48131,-0.43184,0.2848,-5.09102,2.30575,-0.0018,1.03565,0.00372,0.58406
43.86,-117.60487,-0.02449,-0.05467,2.96453,-0.00124,-0.00083,-0.23399,0.08976,-0.01795,0.925,1.00985,-0.3031,0.0153,-1.578,-0.01032,0.06491,1.02189,-0.11119,-0.00438,-0.01245,-0.12163,-0.1957,-0.56229,-0.26485,-0.63234,-0.44565,-0.36771,-1.03334,-4.92106,1.78933,0.40182,1.04608,0.02178,0.60368
43.88,-135.77624,-0.05529,0.1337,3.2424,-0.02986,-0.00736,-0.11197,-0.59199,-0.01859,0.84097,1.46964,-0.26607,0.01954,-1.22362,0.01173,0.04026,1.24886,-0.11203,0.01014,-0.01003,-0.78813,0.42857,-0.04349,-0.45688,-0.68889,-0.395,-0.28809,-2.09176,-4.46828,1.12436,0.76057,1.02107,0.03039,0.51641
43.9,-152.11462,-0.61609,0.4008,3.39591,-0.06664,-0.01903,0.07973,-1.35143,-0.011,0.69136,1.96293,-0.20493,0.02354,-0.84046,-0.03717,0.01578,1.39762,-0.11096,0.02398,-0.00698,-1.46571,1.01419,0.56015,-0.55786,-0.71405,-0.33228,-0.19677,-2.80506,-3.95874,0.38176,0.99275,0.95132,0.0174,0.24321
43.92,-167.02074,-1.65974,0.70793,3.39993,-0.07039,-0.02979,0.35352,-1.87992,0.00919,0.50434,2.38615,-0.12628,0.02631,-0.43524,-0.07327,0.00899,1.41671,-0.10739,0.03902,-0.00289,-2.0133,1.49705,1.17057,-0.48665,-0.69193,-0.25871,-0.09563,-3.12373,-3.555,-0.29909,1.02921,0.83571,-0.00473,-0.09124
43.94,-177.8203,-2.62322,0.95398,3.15914,0.00039,-0.03351,0.71353,-2.10363,0.03773,0.31262,2.59642,-0.03608,0.02666,-0.07665,-0.08207,0.00689,1.26814,-0.10208,0.057,0.00229,-2.34694,1.84984,1.63951,-0.17191,-0.62696,-0.17626,0.01364,-3.09043,-3.07871,-0.78115,0.96373,0.72376,-0.01285,-0.28777
43.96,-182.32647,-2.88493,1.03431,2.57992,0.13052,-0.02878,1.1539,-2.11731,0.07522,0.14419,2.47389,0.05788,0.02375,0.15536,-0.09303,0.00043,0.94344,-0.0956,0.07927,0.00869,-2.40639,2.06697,1.89431,0.43143,-0.52702,-0.08797,0.12569,-2.70775,-2.48167,-1.05643,0.88889,0.64345,-0.01007,-0.37395
43.98,-180.50553,-2.26265,0.96473,1.62381,0.30785,-0.01708,1.61582,-1.86003,0.10773,0.02449,1.97482,0.14581,0.01749,0.1594,-0.07099,-0.00218,0.46331,-0.08721,0.10691,0.01633,-2.12292,2.16766,1.95206,1.31496,-0.39426,0.00099,0.22661,-1.915,-1.86439,-1.13524,0.8119,0.59283,0.00294,-0.36078
44,-172.4609,-1.1803,0.7978,0.3007,0.47389,-0.00591,2.08464,-1.37558,0.13917,-0.02259,1.08143,0.21902,0.00791,-0.06107,-0.0411,0.00118,-0.12508,-0.07676,0.13985,0.02536,-1.5819,2.18432,1.85305,2.42183,-0.24128,0.08463,0.31991,-0.67201,-1.27452,-1.04092,0.74589,0.57573,0.02104,-0.30436
44.02,-159.61563,-0.40522,0.6459,-1.32164,0.47679,0.00189,2.60651,-0.68169,0.19764,0.02325,-0.16707,0.27272,-0.0044,-0.26003,-0.00113,0.01616,-0.7882,-0.06403,0.1765,0.03643,-0.88653,2.18398,1.67106,3.69777,-0.07377,0.18561,0.43968,1.04392,-0.76662,-0.8121,0.71153,0.5936,0.03492,-0.2795
44.04,-143.0293,-0.0061,0.6263,-3.16607,0.34462,0.00767,3.06704,0.21846,0.25428,0.17437,-1.68376,0.29773,-0.01846,-0.35978,0.07295,0.04297,-1.50214,-0.04829,0.21464,0.04924,-0.07335,2.23368,1.48814,5.04009,0.11027,0.31438,0.56305,3.19139,-0.37096,-0.53839,0.72382,0.63924,0.04905,-0.26016
44.06,-123.25572,0.11728,0.75849,-5.10841,0.14439,0.00839,3.30464,1.23386,0.26154,0.43049,-3.36796,0.28924,-0.03364,-0.45666,0.13764,0.07535,-2.22051,-0.03003,0.25047,0.06238,0.70685,2.36542,1.34216,6.29881,0.30632,0.45534,0.64779,5.65295,-0.07973,-0.3038,0.79393,0.70599,0.06813,-0.22493
44.08,-101.43219,-0.12358,0.98457,-6.99259,-0.09079,0.00427,3.25887,2.11762,0.19996,0.77052,-5.10105,0.25512,-0.04914,-0.57813,0.12621,0.10542,-2.8859,-0.01122,0.27693,0.07326,1.16979,2.57632,1.22321,7.31625,0.50223,0.59897,0.69707,8.25598,0.11295,-0.11405,0.92096,0.78732,0.08858,-0.18974
44.1,-79.18637,-0.84659,1.20738,-7.61244,-0.29695,-0.00583,3.02962,2.9508,0.12194,1.15331,-6.63658,0.20559,-0.06312,-0.54801,0.09034,0.14932,-3.40848,0.00494,0.28595,0.08069,1.19962,2.95165,1.1286,8.14061,0.69594,0.76355,0.69159,10.81422,0.21193,-0.03581,1.18584,0.87981,0.1184,-0.15062
44.12,-58.56002,-2.03245,1.3328,-7.66459,-0.45237,-0.0227,2.7377,4.40811,0.09746,1.52494,-7.62468,0.15428,-0.07299,-0.22071,0.21548,0.23592,-3.66792,0.01511,0.27086,0.08307,1.12502,3.58108,1.03046,8.98349,0.90066,0.98319,0.61827,13.16073,0.23667,-0.07167,1.70168,0.98185,0.1684,-0.10186
44.14,-40.5137,-3.40761,1.3265,-7.63022,-0.43361,-0.03714,2.24347,6.25962,0.06603,1.81776,-8.01358,0.11751,-0.07786,-0.04967,0.45846,0.3408,-3.58119,0.01644,0.22505,0.07321,0.90589,4.32665,0.89926,9.617,1.08722,1.20372,0.4992,15.11494,0.22132,-0.10149,2.41693,1.08026,0.22773,-0.05548
44.16,-25.56621,-4.84943,1.17202,-7.57518,-0.35478,-0.04468,1.57841,7.74698,0.00088,1.98765,-7.88481,0.10278,-0.0776,-0.26041,0.65646,0.42676,-3.15048,0.00821,0.14763,0.049,0.25888,5.04386,0.75063,9.80932,1.21549,1.36172,0.35149,16.58921,0.2096,-0.08981,3.22621,1.16182,0.28289,-0.0177
44.18,-13.98659,-6.31368,0.87968,-7.45782,-0.26393,-0.04641,0.97427,9.02438,-0.03588,2.02735,-7.23772,0.1089,-0.07183,-0.47424,0.86995,0.48427,-2.45102,-0.00727,0.0469,0.01548,-0.59944,5.68058,0.61469,9.66938,1.28836,1.4698,0.1869,17.63576,0.2453,-0.0661,4.1013,1.22277,0.32679,0.01295
44.2,-5.54837,-7.80681,0.52712,-6.41562,-0.16303,-0.03999,0.46323,9.246,-0.06849,1.96228,-6.27314,0.13225,-0.06253,-0.71419,0.95242,0.49948,-1.64784,-0.02559,-0.06265,-0.02104,-1.52558,6.19517,0.5042,9.25594,1.2856,1.48046,0.0188,18.32898,0.28694,-0.04378,4.99189,1.25727,0.36118,0.03049
44.22,0.17364,-9.24777,0.22543,-4.69524,-0.06319,-0.0287,0.09927,7.6025,-0.11968,1.83732,-5.18841,0.16903,-0.05215,-0.96569,0.78395,0.47296,-0.87328,-0.04215,-0.15968,-0.05044,-2.44312,6.57025,0.40541,8.62917,1.19397,1.35869,-0.12143,18.78207,0.27422,-0.02882,5.82802,1.2609,0.39124,0.03335
44.24,3.74376,-10.31016,0.02681,-2.81104,0.02016,-0.01699,6e-05,5.13904,-0.13777,1.67197,-3.99365,0.21292,-0.0409,-0.85714,0.56368,0.40878,-0.13509,-0.0536,-0.22892,-0.06803,-3.14844,6.73551,0.28308,7.89165,1.05543,1.18444,-0.20965,19.11694,0.25078,-0.02126,6.51882,1.23092,0.39104,0.02714
44.26,5.71226,-10.76976,-0.05784,-0.81551,0.0587,-0.00589,0.11293,2.42835,-0.10969,1.47791,-2.73191,0.25774,-0.02913,-0.37822,0.35591,0.30707,0.57529,-0.05832,-0.26637,-0.07632,-3.52658,6.6393,0.10894,7.11113,0.90045,1.01264,-0.24461,19.39014,0.24781,-0.01753,7.00273,1.1658,0.34274,0.01473
44.28,6.53686,-10.63407,-0.02209,1.1962,0.05642,0.00457,0.33998,-0.55099,-0.06208,1.26999,-1.48935,0.30049,-0.01768,0.25917,0.09708,0.1711,1.269,-0.05645,-0.27223,-0.07625,-3.50496,6.29763,-0.12658,6.34474,0.73719,0.8527,-0.22633,19.62384,0.24725,-0.01448,7.27517,1.06897,0.25294,-0.0043
44.3,6.59828,-9.84153,0.12539,3.16866,0.02148,0.01426,0.62077,-3.62219,-0.01849,1.0596,-0.32795,0.33783,-0.00711,0.90693,-0.24825,0.0023,1.96872,-0.04974,-0.25492,-0.07234,-3.00623,5.67141,-0.40883,5.60128,0.57444,0.70969,-0.16316,19.83227,0.23803,-0.01017,7.27809,0.93434,0.10734,-0.02849
44.32,6.21624,-8.44761,0.32326,5.07577,-0.0324,0.0229,0.92356,-6.21037,0.01505,0.85713,0.71764,0.36658,0.00244,1.48258,-0.62549,-0.17968,2.69754,-0.04069,-0.22526,-0.0686,-2.06738,4.75369,-0.68902,4.88648,0.42199,0.59119,-0.06436,20.03662,0.21462,-0.00261,6.97368,0.76101,-0.06368,-0.04185
44.34,5.65495,-6.80928,0.52853,6.88907,-0.09209,0.02982,1.21308,-8.09839,0.03981,0.67173,1.62855,0.38527,0.01101,1.91225,-0.98794,-0.35172,3.43361,-0.03148,-0.18836,-0.06259,-0.89851,3.64112,-0.93021,4.26544,0.2907,0.51952,0.06319,20.18517,0.1887,0.01114,6.43206,0.56544,-0.20989,-0.03914
44.36,5.15363,-5.17461,0.73925,8.09795,-0.15255,0.03026,1.43814,-9.50505,0.04747,0.51233,2.38621,0.39309,0.01843,2.11223,-1.34769,-0.50408,4.12543,-0.0241,-0.14868,-0.05363,0.34928,2.43724,-1.12105,3.78161,0.18482,0.49894,0.20879,20.19814,0.17066,0.03357,5.71749,0.35489,-0.32744,-0.02902
44.38,4.93368,-3.62999,0.9374,8.15738,-0.21023,0.02416,1.54908,-10.44106,0.03312,0.38782,2.98688,0.39028,0.02456,2.03282,-1.67584,-0.62304,4.73657,-0.02003,-0.1108,-0.0435,1.60394,1.23653,-1.2505,3.4385,0.10306,0.50917,0.35397,20.04781,0.157,0.06611,4.86058,0.12673,-0.41841,-0.01197
44.4,5.18015,-2.26987,1.07788,8.23417,-0.24237,0.01856,1.62002,-10.73176,0.01059,0.30657,3.43583,0.37721,0.02946,1.81791,-1.88904,-0.6986,5.22362,-0.01986,-0.07742,-0.03339,2.38517,0.13792,-1.31366,3.24219,0.04334,0.54386,0.4939,19.66572,0.14285,0.11022,3.86371,-0.12039,-0.45874,0.01363
44.42,6.02166,-1.15117,1.10016,8.34276,-0.23452,0.01358,1.79657,-10.15907,0.00834,0.27359,3.74236,0.35481,0.03336,1.72854,-1.88214,-0.72294,5.54373,-0.02343,-0.04975,-0.02422,2.40405,-0.71469,-1.31235,3.19914,0.00242,0.60386,0.64797,19.00272,0.12477,0.16836,2.7684,-0.38217,-0.40674,0.05052
44.44,7.52798,-0.29294,1.02894,8.4303,-0.22466,0.00854,1.9792,-9.07696,0.0205,0.28812,3.91034,0.32597,0.03602,1.68928,-1.70743,-0.69672,5.66244,-0.03005,-0.02779,-0.01672,1.96777,-1.24085,-1.26001,3.30956,-0.0234,0.65834,0.78851,18.07099,0.10489,0.23846,1.67643,-0.65483,-0.30195,0.09222
44.46,9.68396,0.31338,0.90538,8.46432,-0.21895,0.00319,2.05967,-7.81878,0.03411,0.34238,3.94522,0.29312,0.03721,1.59489,-1.44836,-0.63126,5.57239,-0.03879,-0.01119,-0.01119,1.21634,-1.47653,-1.16571,3.56065,-0.03756,0.67935,0.87491,16.86824,0.08485,0.31581,0.64251,-0.93942,-0.19501,0.13066
44.48,12.35517,0.70147,0.71579,8.44368,-0.21441,-0.00244,2.10102,-6.34833,0.06097,0.41994,3.863,0.25715,0.03715,1.56118,-1.10241,-0.53551,5.29696,-0.04844,0.0006,-0.0076,0.08343,-1.47874,-1.01496,3.9133,-0.04323,0.66909,0.91172,15.38787,0.06384,0.3983,-0.31562,-1.23741,-0.07944,0.16698
44.5,15.31294,0.92232,0.52377,8.3568,-0.21495,-0.00838,2.10704,-5.02249,0.08915,0.4986,3.67592,0.21968,0.03584,1.5616,-0.79168,-0.43997,4.86316,-0.0579,0.00834,-0.00564,-1.4022,-1.35229,-0.8667,4.30387,-0.04319,0.61757,0.87944,13.59314,0.04096,0.48668,-1.17001,-1.52451,0.00257,0.19436
44.52,18.28056,1.03277,0.38651,8.19928,-0.22339,-0.01306,2.08625,-4.06591,0.10498,0.55699,3.3981,0.18219,0.03331,1.54525,-0.5951,-0.3685,4.31072,-0.06632,0.01278,-0.00486,-2.88406,-1.20245,-0.82063,4.66179,-0.03973,0.52261,0.76822,11.49259,0.01907,0.58249,-1.87399,-1.75696,0.02142,0.20658
44.54,20.98376,1.0805,0.26609,7.97858,-0.2296,-0.01464,2.04249,-3.22813,0.12019,0.57836,3.0507,0.14501,0.02992,1.53787,-0.43432,-0.30812,3.70056,-0.07269,0.01472,-0.00478,-4.17723,-1.06545,-0.83655,4.91806,-0.0345,0.41015,0.61658,9.1646,0.00388,0.68261,-2.41467,-1.93905,0.02045,0.20949
44.56,23.19821,1.10346,0.14994,7.70377,-0.1908,-0.01481,1.97442,-2.41162,0.14159,0.55544,2.65434,0.10899,0.02598,1.55006,-0.28027,-0.25163,3.07944,-0.07633,0.01488,-0.00499,-5.38582,-0.96264,-0.85383,5.01621,-0.02867,0.2965,0.4504,6.64837,0.00011,0.78442,-2.81913,-2.0901,0.02248,0.2072
44.58,24.73776,1.12773,0.05934,7.1322,-0.1431,-0.01414,1.92311,-1.69108,0.16797,0.49223,2.23171,0.07586,0.02174,1.59677,-0.15632,-0.2044,2.476,-0.07711,0.01385,-0.00526,-6.45205,-0.91497,-0.87232,4.92112,-0.02303,0.18683,0.27906,3.95335,0.01109,0.8885,-3.10563,-2.20666,0.02218,0.19946
44.6,25.51362,1.1836,0.01059,5.61279,-0.08911,-0.01274,1.76336,-1.12642,0.18337,0.40139,1.80533,0.04764,0.01742,1.52464,-0.07352,-0.16333,1.91466,-0.07504,0.0121,-0.00539,-7.23768,-0.93731,-0.91292,4.61037,-0.01796,0.08687,0.11222,1.09736,0.04056,0.99717,-3.28356,-2.26217,0.01623,0.18361
44.62,25.50099,1.29609,-0.00332,4.32119,-0.03774,-0.01043,1.43825,-0.72177,0.17617,0.29808,1.40388,0.02648,0.01333,1.26159,-0.02595,-0.12502,1.41606,-0.07019,0.01,-0.00527,-7.57863,-1.03808,-0.99029,4.08073,-0.01356,0.00316,-0.03321,-1.84457,0.09312,1.10999,-3.35958,-2.22635,0.00701,0.15941
44.64,24.61523,1.44605,-0.00366,3.28988,-0.00268,-0.00801,1.13681,-0.42757,0.16233,0.19339,1.06097,0.01399,0.00991,1.00164,-0.00054,-0.09099,0.99861,-0.06287,0.00786,-0.00486,-7.53647,-1.19473,-1.0504,3.35684,-0.00982,-0.05963,-0.14288,-4.80186,0.16331,1.22073,-3.36851,-2.12761,0.00118,0.13238
44.66,22.86974,1.59768,0.00133,2.51556,0.0142,-0.00595,0.93883,-0.22535,0.15066,0.09622,0.79743,0.01058,0.00742,0.8279,0.00844,-0.06077,0.66865,-0.0534,0.00586,-0.00415,-7.23537,-1.37434,-1.06213,2.47043,-0.00666,-0.10201,-0.21703,-7.76747,0.23907,1.32371,-3.35667,-1.99519,-0.0011,0.10643
44.68,20.4258,1.72775,0.00677,1.98332,0.01646,-0.00396,0.79457,-0.11048,0.1351,0.01363,0.6231,0.01554,0.0059,0.69237,0.0072,-0.03267,0.42183,-0.04214,0.00412,-0.00315,-6.65017,-1.56009,-1.05111,1.45641,-0.00402,-0.12684,-0.25943,-10.73458,0.31256,1.41481,-3.35057,-1.82639,-0.00166,0.08354
44.7,17.48846,1.79877,0.00829,1.65304,0.01048,-0.00222,0.70498,-0.06502,0.11577,-0.04921,0.5442,0.02738,0.00541,0.59321,0.0023,-0.00652,0.25153,-0.0297,0.00268,-0.00195,-5.89165,-1.70023,-0.99798,0.36285,-0.00189,-0.13928,-0.27936,-13.63213,0.36964,1.48411,-3.32149,-1.6314,-0.00137,0.06498
44.72,14.26745,1.7692,0.00462,1.47663,0.00327,-0.00089,0.67139,-0.06953,0.09325,-0.08814,0.56237,0.04438,0.00594,0.52974,-0.00081,0.01783,0.15059,-0.01673,0.00155,-0.00063,-5.08757,-1.72994,-0.88123,-0.75262,-0.00025,-0.14564,-0.28866,-16.33859,0.39378,1.52016,-3.1895,-1.41703,-0.00082,0.05346
44.74,10.92129,1.62626,-0.00238,1.40837,-0.00161,0.00029,0.65986,-0.10595,0.06566,-0.10105,0.67316,0.06492,0.00745,0.483,0.00273,0.04015,0.11142,-0.00386,0.00071,0.00071,-4.23679,-1.66134,-0.73924,-1.83949,0.00088,-0.15088,-0.29363,-18.81371,0.38721,1.52478,-2.95942,-1.1943,-0.00033,0.05322
44.76,7.55503,1.37761,-0.00922,1.40702,-0.00151,0.00148,0.64707,-0.15939,0.03348,-0.08791,0.86386,0.08776,0.00981,0.44159,0.01509,0.05925,0.12554,0.00826,0.0001,0.00196,-3.35514,-1.52794,-0.59755,-2.86281,0.00156,-0.15932,-0.29946,-21.06344,0.35917,1.50555,-2.64548,-0.97239,-0.0001,0.06577
44.78,4.25266,1.03934,-0.01244,1.43711,0.00519,0.00268,0.6238,-0.21879,-0.00102,-0.05034,1.11073,0.11214,0.01283,0.39719,0.03603,0.07366,0.18382,0.01888,-0.00033,0.00299,-2.48767,-1.33553,-0.45135,-3.79081,0.00181,-0.17495,-0.31191,-23.05181,0.31512,1.46767,-2.18391,-0.75077,0.00018,0.0893
44.8,1.09432,0.63668,-0.01044,1.46992,0.01778,0.00391,0.58269,-0.27331,-0.03464,0.00819,1.38284,0.13748,0.01621,0.34373,0.0661,0.08142,0.27707,0.02716,-0.00064,0.00367,-1.73755,-1.11498,-0.30725,-4.5846,0.00172,-0.20036,-0.33356,-24.63837,0.27623,1.41595,-1.58417,-0.56985,0.00012,0.12333
44.82,-1.8556,0.20406,-0.00394,1.48168,0.03348,0.00519,0.52083,-0.31216,-0.06398,0.08184,1.64587,0.16309,0.01963,0.27808,0.1079,0.08061,0.39667,0.03227,-0.00093,0.00385,-1.17424,-0.89629,-0.17306,-5.20302,0.00136,-0.23721,-0.36537,-25.65322,0.2697,1.35564,-0.84299,-0.4495,-0.0002,0.16933
44.84,-4.56142,-0.21975,0.00432,1.4504,0.04928,0.00679,0.43177,-0.33377,-0.08546,0.16186,1.86035,0.18807,0.02269,0.19643,0.15847,0.07028,0.53462,0.03365,-0.00127,0.00344,-0.72569,-0.6835,-0.05337,-5.62657,0.00081,-0.28622,-0.4074,-26.1206,0.29769,1.28673,-0.00035,-0.3536,-8e-05,0.22347
44.86,-7.00919,-0.59514,0.00916,1.35815,0.0631,0.00909,0.31712,-0.34203,-0.09585,0.23609,1.99011,0.21103,0.02502,0.10371,0.21434,0.05085,0.6837,0.03123,-0.00176,0.00242,-0.33894,-0.48149,0.04561,-5.85768,0.00017,-0.34708,-0.45835,-26.09795,0.34819,1.20185,0.86427,-0.26889,0.00037,0.27864
44.88,-9.19035,-0.88416,0.00485,1.19183,0.07302,0.01237,0.19391,-0.34076,-0.09303,0.288,2.00692,0.22979,0.02628,0.01773,0.27881,0.02463,0.83649,0.02552,-0.0025,0.00084,-0.01616,-0.29526,0.11986,-5.90519,-0.00047,-0.41897,-0.51654,-25.5669,0.41155,1.09348,1.71997,-0.20245,0.00071,0.32609
44.9,-11.09585,-1.09592,-0.01225,0.94308,0.08003,0.01719,0.07932,-0.32546,-0.07577,0.29723,1.88811,0.24193,0.02621,-0.03375,0.35687,-0.003,0.98636,0.01739,-0.00358,-0.00121,0.25013,-0.14393,0.15138,-5.80041,-0.001,-0.49477,-0.57132,-24.52096,0.44754,0.94491,2.16494,-0.14627,0.00089,0.37045
44.92,-12.71253,-1.24942,-0.04227,0.60032,0.08677,0.0243,0.00474,-0.2862,-0.04422,0.24087,1.6196,0.2453,0.02464,-0.01668,0.455,-0.02346,1.12798,0.00789,-0.00506,-0.00359,0.46934,-0.04209,0.13317,-5.58232,-0.00131,-0.56326,-0.60761,-22.95947,0.421,0.75733,1.99928,-0.0926,0.00129,0.42492
44.94,-14.0127,-1.31261,-0.07978,0.14389,0.09244,0.03415,0.01576,-0.23983,0.0007,0.09527,1.19571,0.23775,0.02154,0.09863,0.58095,-0.02879,1.25436,-0.00228,-0.00695,-0.00621,0.66676,0.02866,0.08411,-5.26771,-0.00131,-0.62404,-0.62734,-20.96598,0.34582,0.55211,1.56496,-0.03956,0.00175,0.46569
44.96,-14.965,-1.2733,-0.11099,-0.44942,0.09633,0.04708,0.15416,-0.20419,0.05608,-0.16107,0.63414,0.21935,0.01719,0.33656,0.73654,-0.01196,1.36135,-0.01306,-0.00918,-0.00903,0.86649,0.08216,0.01434,-4.86916,-0.00095,-0.68046,-0.63627,-18.63643,0.23559,0.34232,0.99834,0.01692,0.00195,0.47048
44.98,-15.52597,-1.15939,-0.11728,-1.19985,0.0999,0.06352,0.4462,-0.16828,0.11825,-0.54635,-0.01744,0.19348,0.0123,0.68949,0.91182,0.02824,1.45114,-0.02504,-0.0116,-0.01207,1.07663,0.11728,-0.07277,-4.40465,-0.00024,-0.73097,-0.63206,-16.04578,0.09763,0.13818,0.25057,0.07871,0.00214,0.44865
45,-15.7119,-0.99616,-0.07835,-2.13692,0.10068,0.08257,0.94688,-0.18377,0.17515,-1.07915,-0.6843,0.16377,0.00776,1.16894,1.0703,0.08362,1.52477,-0.03917,-0.01391,-0.01533,1.3008,0.13416,-0.16707,-3.8962,0.00079,-0.77458,-0.61911,-13.3413,-0.05229,-0.04543,-0.64751,0.14579,0.00212,0.38596
45.02,-15.5353,-0.81262,0.03351,-3.30748,0.09595,0.08684,1.74245,-0.38616,0.19973,-1.7853,-1.26256,0.13424,0.0046,1.82307,1.12872,0.13748,1.57913,-0.05659,-0.01566,-0.01876,1.53795,0.13479,-0.24857,-3.36082,0.00207,-0.81093,-0.60346,-10.68043,-0.18903,-0.19656,-1.48301,0.22159,0.0016,0.28293
45.04,-14.90186,-0.64853,0.24865,-3.99755,0.08315,0.07631,2.87339,-0.80193,0.18311,-2.67937,-1.67517,0.10853,0.00359,2.58736,1.00723,0.15892,1.60802,-0.07818,-0.01634,-0.02226,1.79246,0.12484,-0.30804,-2.79864,0.00354,-0.84033,-0.58404,-8.17358,-0.29437,-0.30875,-2.13722,0.30201,0.00097,0.17859
45.06,-13.74644,-0.51319,0.59074,-4.18477,0.08023,0.06491,4.28784,-1.43242,0.13368,-3.75653,-1.89078,0.08481,0.0048,3.32792,0.62238,0.09935,1.59161,-0.10433,-0.01529,-0.02548,2.07038,0.10972,-0.34839,-2.20655,0.00513,-0.86362,-0.56015,-5.87852,-0.36148,-0.38065,-2.64815,0.37856,0.00054,0.0884
45.08,-12.10966,-0.40417,1.08624,-4.33788,0.09088,0.05188,5.723,-2.48978,0.0564,-4.99867,-1.8992,0.05536,0.00763,3.93113,-0.16729,-0.12924,1.48722,-0.13505,-0.01169,-0.02766,2.37173,0.09203,-0.36791,-1.5869,0.00678,-0.88135,-0.53348,-3.79591,-0.38688,-0.42053,-2.9702,0.44795,0.00019,0.00948
45.1,-10.23901,-0.2848,1.70775,-4.49821,0.09712,0.03439,7.50515,-3.54941,-0.04295,-6.24316,-1.72271,0.00948,0.011,4.42485,-1.1072,-0.4098,1.2373,-0.16637,-0.00466,-0.0266,2.69188,0.07033,-0.36548,-0.9513,0.0084,-0.8845,-0.50312,-1.89609,-0.37792,-0.44749,-3.14972,0.50832,3e-05,-0.0598
45.12,-8.37219,-0.1315,2.38892,-4.70405,0.08815,0.01037,9.89873,-3.71719,-0.12939,-7.13291,-1.40621,-0.06572,0.01348,4.72077,-1.55011,-0.44262,0.76901,-0.18956,0.00698,-0.01951,3.02384,0.04577,-0.34181,-0.30393,0.00993,-0.86188,-0.46733,-0.12257,-0.34738,-0.48544,-3.26795,0.55936,0.00013,-0.12491
45.14,-6.4905,-0.03139,2.85968,-4.88091,0.09412,-0.01394,11.57654,-3.35416,-0.15862,-7.46105,-1.01266,-0.17912,0.01347,4.52887,-1.51292,-0.31616,0.02459,-0.20105,0.02496,-0.00591,3.36984,0.02434,-0.30269,0.36034,0.01128,-0.82062,-0.42757,1.58396,-0.30439,-0.54961,-3.29328,0.59704,0.00027,-0.18944
45.16,-4.66954,-0.01652,2.85431,-4.99706,0.1248,-0.03355,11.80292,-2.85299,-0.14195,-7.19698,-0.62667,-0.3268,0.00994,3.92984,-1.23555,-0.17207,-0.98139,-0.20167,0.0509,0.01284,3.72887,0.00885,-0.25485,1.03737,0.0124,-0.76761,-0.38468,3.25133,-0.25833,-0.64514,-3.21012,0.61812,0.00028,-0.25417
45.18,-3.05781,-0.04647,2.04438,-5.05777,0.17955,-0.0461,10.97776,-1.989,-0.10526,-6.26906,-0.35577,-0.49513,0.00297,3.31826,-0.6636,0.07453,-2.15627,-0.18905,0.08603,0.03314,4.08567,-0.00055,-0.2009,1.71304,0.01325,-0.70027,-0.33779,4.86451,-0.21765,-0.76922,-3.04394,0.62618,8e-05,-0.32169
45.2,-1.75387,-0.07454,1.31674,-5.081,0.23292,-0.03776,10.46472,-1.05033,-0.06706,-5.17901,-0.32854,-0.65198,-0.00624,2.99155,-0.19384,0.23603,-3.34718,-0.17014,0.12993,0.05185,4.43755,-0.00346,-0.14047,2.37478,0.01377,-0.62419,-0.29067,6.38005,-0.18602,-0.90035,-2.81949,0.62144,-0.00045,-0.38175
45.22,-0.76205,-0.05993,1.34319,-5.10055,0.23971,0.03688,10.21472,-0.04663,0.01597,-4.05292,-0.66576,-0.74493,-0.01594,2.9302,-0.01056,0.18746,-4.44613,-0.15555,0.17997,0.07193,4.78503,0.00208,-0.07179,3.01687,0.01391,-0.5438,-0.24609,7.74967,-0.16483,-1.00706,-2.55676,0.60425,-0.00084,-0.41475
45.24,-0.0498,-0.00152,1.85078,-5.07955,0.22259,0.11158,10.56369,1.22057,0.22977,-2.91661,-1.44358,-0.77019,-0.02472,3.52204,-0.03567,0.04284,-5.43013,-0.15079,0.23099,0.10361,5.09359,0.01461,0.00151,3.60704,0.01364,-0.45747,-0.2015,8.89953,-0.15482,-1.07593,-2.24898,0.58267,-0.0008,-0.42587
45.26,0.43516,0.04776,2.29003,-5.00048,0.20023,0.10304,11.47976,2.47163,0.59517,-1.72721,-2.64207,-0.73978,-0.03246,4.98815,-0.31508,0.01363,-6.42969,-0.16093,0.27593,0.16314,5.33281,0.02974,0.07538,4.108,0.01294,-0.36463,-0.15554,9.77016,-0.15607,-1.10354,-1.89265,0.56246,-0.00054,-0.42586
45.28,0.74222,0.05377,2.36906,-4.85502,0.13169,0.09642,12.65619,2.95124,1.08386,-0.43595,-4.16754,-0.65032,-0.03867,6.58944,-1.19513,0.32144,-7.53409,-0.18339,0.30915,0.24561,5.50122,0.04523,0.15002,4.50505,0.01181,-0.26631,-0.10907,10.35213,-0.16876,-1.08494,-1.50305,0.5439,3e-05,-0.41162
45.3,0.9217,-0.00956,2.06413,-4.69363,0.08057,0.0841,13.12602,3.04,1.48662,0.92457,-5.71328,-0.52679,-0.04731,8.93075,-1.7836,1.3449,-9.38373,-0.23849,0.32368,0.42202,5.56625,0.05722,0.22351,4.79567,0.01029,-0.17228,-0.06549,10.65495,-0.19433,-1.0287,-1.10958,0.52759,0.00092,-0.38915
45.32,1.02395,-0.09123,1.51179,-4.62698,0.14404,0.05103,11.8189,4.82359,1.41517,2.25881,-6.77449,-0.38401,-0.06394,15.79639,1.58383,3.43349,-13.80547,-0.34257,0.32703,0.78958,5.49679,0.06216,0.29274,4.98363,0.00843,-0.08415,-0.02517,10.69766,-0.23536,-0.9474,-0.74227,0.51354,0.00203,-0.36633
45.34,1.02552,0.04704,1.21588,-4.55584,0.24272,0.01023,9.66258,8.75898,1.05065,3.22491,-7.2298,-0.23816,-0.07889,21.8648,8.59846,5.07889,-18.51741,-0.41257,0.38051,1.11848,5.3117,0.06115,0.35563,5.05055,0.00629,0.00612,0.01455,10.49072,-0.292,-0.84322,-0.40281,0.5003,0.00342,-0.34067
45.36,0.92428,0.32225,0.88192,-4.39288,0.31745,-0.02089,8.11976,13.57894,0.70995,3.55961,-7.16087,-0.11675,-0.08369,21.56864,13.65969,5.2727,-19.99417,-0.40218,0.45128,1.2289,5.03201,0.05515,0.41026,4.98279,0.00394,0.09797,0.05334,10.05098,-0.36215,-0.72024,-0.09295,0.48645,0.00501,-0.31092
45.38,0.76345,0.6253,-0.69111,-4.10423,0.42949,-0.04851,6.88152,22.74536,0.45808,3.27807,-6.56785,-0.0353,-0.0786,17.11607,17.10357,4.18331,-18.41175,-0.32826,0.50976,1.15689,4.67076,0.04406,0.45558,4.79285,0.00148,0.18693,0.08993,9.41754,-0.44429,-0.58858,0.17082,0.47061,0.00662,-0.27934
45.4,0.58216,0.82679,-2.94721,-3.46968,0.52098,-0.062,5.94292,31.86662,0.34758,2.59595,-5.74653,0.00503,-0.06586,12.50347,14.72596,2.19615,-14.00574,-0.21771,0.49454,0.90906,4.2081,0.0297,0.48885,4.4966,-0.00098,0.27306,0.12463,8.6269,-0.52514,-0.45933,0.37843,0.45097,0.0084,-0.24632
45.42,0.4231,0.88531,-4.89786,-2.54065,0.51735,-0.06308,5.37467,26.90239,0.30116,1.8153,-5.00609,0.01414,-0.0516,10.70477,9.7203,0.52555,-10.51469,-0.14276,0.40625,0.64865,3.64096,0.01343,0.5069,4.11512,-0.00328,0.3621,0.1592,7.71324,-0.5835,-0.34436,0.52842,0.42607,0.01059,-0.21152
45.44,0.28739,0.91605,-6.5624,-1.73547,0.49352,-0.05949,4.71482,18.91207,0.25141,1.15376,-4.36422,0.00043,-0.03922,8.9388,5.72398,-0.35351,-7.70224,-0.09634,0.30678,0.43946,3.03648,-0.00402,0.51101,3.66795,-0.0053,0.44806,0.19188,6.71172,-0.61609,-0.25322,0.61898,0.39506,0.01254,-0.17663
45.46,0.17792,0.98317,-7.78886,-1.03182,0.50761,-0.05612,3.83287,14.49385,0.19969,0.69726,-3.85047,-0.02948,-0.02945,6.98797,3.56733,-0.63238,-5.33575,-0.06403,0.21985,0.28577,2.43736,-0.02088,0.50342,3.16892,-0.00697,0.52009,0.21955,5.65126,-0.62479,-0.19107,0.65276,0.35769,0.0137,-0.14251
45.48,0.09579,1.09259,-7.68702,-0.49252,0.51667,-0.04858,2.90167,11.04899,0.15913,0.43776,-3.53798,-0.06905,-0.02235,5.17835,2.45286,-0.54795,-3.61925,-0.04525,0.14664,0.17977,1.84702,-0.03556,0.4847,2.63303,-0.00823,0.57696,0.24161,4.56036,-0.6045,-0.15844,0.63907,0.31488,0.01417,-0.10854
45.5,0.03821,1.22891,-6.94153,-0.13335,0.53388,-0.0403,1.94831,9.05003,0.12475,0.32396,-3.37071,-0.11108,-0.01764,3.53028,1.89409,-0.36121,-2.45175,-0.03388,0.09004,0.10736,1.26524,-0.04705,0.45031,2.07484,-0.00907,0.61729,0.2581,3.4662,-0.55773,-0.15087,0.57729,0.26676,0.0134,-0.07951
45.52,-7e-05,1.37559,-6.42474,0.09856,0.57939,-0.03644,1.03725,8.64787,0.09752,0.29842,-3.24951,-0.1467,-0.01473,2.09929,1.63885,-0.19785,-1.68867,-0.02566,0.04878,0.05744,0.70383,-0.05487,0.3976,1.51196,-0.00947,0.64083,0.26949,2.40586,-0.48986,-0.16134,0.47506,0.21486,0.01115,-0.05755
45.54,-0.02414,1.51005,-5.30633,0.26901,0.61965,-0.03288,0.22191,8.73979,0.08535,0.31139,-3.14409,-0.17248,-0.01275,0.91357,1.58733,-0.06822,-1.1797,-0.01986,0.01935,0.02338,0.18366,-0.05922,0.33362,0.96242,-0.00946,0.64493,0.27384,1.42023,-0.40313,-0.1832,0.35643,0.16335,0.00811,-0.03803
45.56,-0.03748,1.61256,-3.52974,0.39249,0.63933,-0.02727,-0.51368,8.8167,0.08851,0.33276,-3.03698,-0.18841,-0.01112,-0.06605,1.64058,0.01014,-0.80772,-0.01532,-0.00049,0.0002,-0.29127,-0.06076,0.26355,0.43676,-0.00907,0.62843,0.27006,0.52775,-0.30244,-0.21026,0.23539,0.11433,0.00464,-0.01898
45.58,-0.04299,1.67832,-1.76063,0.48292,0.65177,-0.02099,-1.18676,9.0653,0.10271,0.35561,-2.90849,-0.19375,-0.00974,-0.88166,1.70622,0.03671,-0.5167,-0.01107,-0.01268,-0.01531,-0.72432,-0.06026,0.18891,-0.05778,-0.0084,0.59784,0.2608,-0.267,-0.19609,-0.2363,0.11629,0.06799,0.00083,-0.00142
45.6,-0.04317,1.70104,-0.3556,0.56142,0.16959,-0.0144,-1.80271,9.15145,0.12203,0.38745,-2.79812,-0.19101,-0.00874,-1.55165,1.64464,0.03121,-0.27844,-0.00687,-0.01914,-0.02495,-1.10942,-0.05978,0.11141,-0.51152,-0.00755,0.55078,0.24568,-0.95892,-0.0939,-0.2544,0.00262,0.02454,-0.0032,0.01405
45.62,-0.03997,1.67434,0.61624,0.64407,-0.24967,-0.0094,-2.3704,8.72005,0.13831,0.44254,-2.76033,-0.18341,-0.0083,-2.08755,1.39872,0.01572,-0.07664,-0.00296,-0.02159,-0.02982,-1.43011,-0.06137,0.0363,-0.91294,-0.00667,0.48789,0.22536,-1.54175,-0.00625,-0.25804,-0.09868,-0.0157,-0.00648,0.03155
45.64,-0.03475,1.60539,1.2215,0.72508,-0.56859,-0.00756,-2.86616,8.19067,0.1438,0.51042,-2.797,-0.17145,-0.00825,-2.49779,1.09075,0.00334,0.09859,0.00017,-0.02135,-0.03094,-1.68636,-0.06491,-0.02958,-1.25514,-0.00584,0.42693,0.20655,-2.01628,0.05917,-0.24506,-0.18316,-0.05263,-0.00854,0.0524
45.66,-0.02855,1.50305,1.50331,0.78782,-0.56938,-0.00459,-3.26061,7.7789,0.13296,0.57319,-2.89159,-0.15562,-0.00842,-2.79584,0.77589,-0.00044,0.2499,0.00209,-0.01942,-0.02933,-1.88971,-0.07002,-0.08394,-1.53833,-0.00514,0.37828,0.19342,-2.39174,0.099,-0.21576,-0.2532,-0.08665,-0.00977,0.07352
45.68,-0.02226,1.36993,1.57679,0.83199,-0.55111,-0.00185,-3.55179,7.26409,0.10312,0.6304,-3.02427,-0.13669,-0.00876,-2.99857,0.43815,0.00546,0.38087,0.00259,-0.0166,-0.02583,-2.04395,-0.07676,-0.12643,-1.76571,-0.00461,0.34137,0.1859,-2.67886,0.11406,-0.17159,-0.31129,-0.11815,-0.01017,0.09479
45.7,-0.01642,1.20892,1.48996,0.86174,-0.52529,6e-05,-3.72245,6.62978,0.05763,0.67381,-3.11853,-0.11474,-0.00904,-3.1137,0.07758,0.01903,0.49601,0.00167,-0.01341,-0.02121,-2.15075,-0.08409,-0.15644,-1.94142,-0.00423,0.31695,0.18454,-2.89053,0.1074,-0.11718,-0.35765,-0.14699,-0.0098,0.11625
45.72,-0.01133,1.02526,1.17386,0.88165,-0.48186,-0.00057,-3.75106,5.86474,0.00317,0.69141,-3.07934,-0.08951,-0.00895,-3.14298,-0.31712,0.03893,0.59852,-0.00051,-0.01022,-0.01608,-2.21152,-0.09038,-0.17343,-2.06966,-0.00401,0.30481,0.18947,-3.03919,0.08373,-0.0584,-0.39088,-0.17257,-0.00872,0.13797
45.74,-0.00716,0.82932,0.66009,0.87487,-0.43019,-0.00511,-3.672,4.64707,-0.05285,0.68643,-2.88325,-0.06062,-0.00845,-3.10419,-0.75617,0.06207,0.69238,-0.00378,-0.00725,-0.0108,-2.23558,-0.09453,-0.17954,-2.15584,-0.00391,0.30265,0.19944,-3.13248,0.04913,-0.00059,-0.41524,-0.19473,-0.0071,0.15905
45.76,-0.00391,0.6306,-0.07843,0.83016,-0.37777,-0.01238,-3.52039,2.84997,-0.10227,0.66143,-2.53326,-0.02848,-0.00753,-3.01386,-1.23028,0.08537,0.77879,-0.00795,-0.00464,-0.0056,-2.23385,-0.09569,-0.17826,-2.20646,-0.00387,0.30836,0.21326,-3.17703,0.00817,0.05149,-0.43656,-0.21343,-0.0052,0.17793
45.78,-0.00152,0.43642,-1.30876,0.75517,-0.31721,-0.02559,-3.29701,0.60989,-0.13824,0.61287,-2.03888,0.00525,-0.00615,-2.87403,-1.7302,0.10943,0.85088,-0.01292,-0.00242,-0.00061,-2.21165,-0.09318,-0.17195,-2.22746,-0.00386,0.31963,0.22972,-3.17972,-0.03602,0.09375,-0.45609,-0.22811,-0.003,0.19444
45.8,0.00013,0.25434,-2.78138,0.6587,-0.26362,-0.03422,-3.06934,-1.85231,-0.15229,0.56244,-1.47104,0.03752,-0.00458,-2.70873,-2.15454,0.12809,0.90615,-0.01845,-0.0006,0.00411,-2.17478,-0.08566,-0.16276,-2.22491,-0.00381,0.33484,0.24834,-3.1454,-0.08075,0.12257,-0.47519,-0.23794,-0.0008,0.20733
45.82,0.0012,0.08934,-3.9042,0.55341,-0.23663,-0.02948,-2.89619,-3.73058,-0.13562,0.52806,-0.89862,0.06448,-0.00299,-2.53866,-2.334,0.13376,0.94015,-0.02406,0.00086,0.00844,-2.12868,-0.07218,-0.15246,-2.2037,-0.00366,0.35295,0.26919,-3.07676,-0.12392,0.13457,-0.49419,-0.24163,0.00108,0.21489
45.84,0.0018,-0.05153,-4.99744,0.45323,-0.22005,-0.0186,-2.73547,-4.63443,-0.0848,0.4993,-0.35182,0.08257,-0.0013,-2.34719,-2.27735,0.13303,0.92827,-0.02944,0.00201,0.01223,-2.07901,-0.05478,-0.14263,-2.16574,-0.00334,0.37133,0.29033,-2.97465,-0.16419,0.12645,-0.511,-0.23759,0.00271,0.21601
45.86,0.00203,-0.16371,-6.42285,0.3705,-0.20098,-0.00698,-2.5786,-4.75558,0.00107,0.4803,0.13927,0.08984,0.00036,-2.13134,-2.04444,0.13225,0.85855,-0.0343,0.00286,0.01528,-2.03079,-0.03584,-0.13436,-2.11107,-0.00281,0.38836,0.31042,-2.83875,-0.20098,0.09522,-0.52154,-0.22384,0.0041,0.20907
45.88,0.00201,-0.24613,-7.78862,0.31391,-0.18664,0.00736,-2.46636,-4.1501,0.12009,0.48522,0.55863,0.08656,0.00188,-1.90887,-1.63975,0.13001,0.74168,-0.03794,0.0034,0.01726,-1.98693,-0.01703,-0.12833,-2.03849,-0.00204,0.4053,0.33063,-2.66837,-0.23408,0.03839,-0.51912,-0.19798,0.00499,0.19152
45.9,0.00182,-0.30472,-9.13719,0.29156,-0.17648,0.0224,-2.41747,-3.21289,0.2655,0.51232,0.90915,0.07492,0.00321,-1.69546,-1.17192,0.13044,0.59518,-0.03982,0.00361,0.01776,-1.95446,-0.00049,-0.12415,-1.94527,-0.00102,0.42183,0.35063,-2.46473,-0.26286,-0.04603,-0.49502,-0.15745,0.00498,0.1598
45.92,0.00151,-0.35371,-10.62795,0.31163,-0.16789,0.03605,-2.45269,-2.26466,0.43319,0.5537,1.20135,0.05851,0.00434,-1.51159,-0.73348,0.13833,0.44415,-0.03942,0.00342,0.0163,-1.94016,0.01377,-0.12121,-1.82647,0.00023,0.43708,0.36942,-2.22646,-0.28627,-0.15925,-0.43836,-0.09958,0.00385,0.11134
45.94,0.00116,-0.39676,-11.84577,0.38226,-0.16444,0.04956,-2.59141,-1.31816,0.61239,0.60656,1.45297,0.04131,0.00537,-1.37993,-0.34729,0.15198,0.31347,-0.03561,0.00274,0.01218,-1.94056,0.02723,-0.12195,-1.67425,0.00167,0.4533,0.38854,-1.94313,-0.30346,-0.30103,-0.33923,-0.02233,0.00145,0.04374
45.96,0.0008,-0.43032,-12.50632,0.51367,-0.16738,0.06311,-2.83413,-0.49261,0.78551,0.66732,1.67894,0.02655,0.00639,-1.31833,-0.05665,0.16968,0.21975,-0.02733,0.00145,0.00465,-1.94987,0.04157,-0.12985,-1.47767,0.00325,0.47067,0.40794,-1.59966,-0.31384,-0.46937,-0.1902,0.0756,-0.00218,-0.0441
45.98,0.00044,-0.44966,-12.61482,0.71882,-0.17444,0.07541,-3.17426,0.05799,0.93879,0.73055,1.88428,0.01657,0.0074,-1.34092,0.10271,0.19115,0.17326,-0.01363,-0.00062,-0.00699,-1.96341,0.0599,-0.14689,-1.2237,0.00488,0.4846,0.42361,-1.1759,-0.31637,-0.66152,0.00718,0.19359,-0.00716,-0.15405
46,0.00011,-0.44862,-12.1778,1.0061,-0.18907,0.08594,-3.5835,0.25002,1.06106,0.79543,2.07007,0.01309,0.0084,-1.4659,0.12249,0.21438,0.18009,0.00654,-0.00364,-0.02335,-1.96823,0.08538,-0.17559,-0.90032,0.00639,0.48968,0.43191,-0.64584,-0.30851,-0.86132,0.238,0.33153,-0.01184,-0.27793
46.02,-0.00021,-0.41612,-11.19687,1.37089,-0.21714,0.0946,-4.02794,0.04221,1.1475,0.86304,2.23263,0.01717,0.00934,-1.71496,0.01161,0.23618,0.24276,0.03404,-0.0078,-0.04488,-1.94832,0.12042,-0.21823,-0.49423,0.00759,0.47852,0.42799,0.01756,-0.2894,-1.04051,0.47892,0.49265,-0.01141,-0.38648
46.04,-0.00052,-0.32889,-9.74203,1.81088,-0.25159,0.10062,-4.50269,-0.56378,1.19243,0.93187,2.35831,0.02911,0.01011,-2.09322,-0.21084,0.25591,0.36205,0.06957,-0.01322,-0.07182,-1.89195,0.16848,-0.27601,0.00803,0.00819,0.43935,0.40184,0.83914,-0.26082,-1.18743,0.69319,0.67476,-0.00259,-0.46967
46.06,-0.0008,-0.17294,-7.89609,2.31213,-0.28958,0.10396,-5.01421,-1.51815,1.19397,0.99979,2.43343,0.04845,0.0106,-2.60401,-0.51835,0.273,0.53833,0.11382,-0.01992,-0.10413,-1.78695,0.23218,-0.34798,0.61557,0.00782,0.35938,0.34331,1.83563,-0.22745,-1.30178,0.82888,0.86909,0.01446,-0.53586
46.08,-0.00108,0.04685,-5.76787,2.80656,-0.34085,0.10557,-5.57002,-2.72906,1.15931,1.06364,2.44854,0.07353,0.01074,-3.27118,-0.88078,0.28231,0.76813,0.16513,-0.02781,-0.14155,-1.62195,0.31169,-0.42921,1.3258,0.00605,0.22564,0.24358,3.00143,-0.19715,-1.38819,0.7958,1.0592,0.03085,-0.59432
46.1,-0.00132,0.31008,-3.74902,3.32616,-0.38598,0.10406,-6.08312,-3.99177,1.09558,1.12484,2.39327,0.10245,0.0105,-4.04975,-1.26405,0.29691,1.05227,0.22463,-0.03651,-0.18241,-1.38914,0.41228,-0.51337,2.13501,0.00235,0.02451,0.09318,4.28806,-0.17046,-1.40734,0.70872,1.25253,0.07734,-0.58692
46.12,-0.00152,0.57577,-2.05802,3.90771,-0.40122,0.08606,-6.42005,-4.97486,1.0085,1.18648,2.25829,0.13363,0.00985,-4.82871,-1.61946,0.33156,1.39169,0.2956,-0.04546,-0.22344,-1.08874,0.53958,-0.58898,3.05337,-0.0038,-0.25442,-0.11447,5.59466,-0.15325,-1.31732,0.89179,1.47362,0.21595,-0.42068
46.14,-0.00161,0.80421,-0.64846,4.10177,-0.40257,0.06607,-6.60457,-5.5531,0.90419,1.23644,2.03513,0.16339,0.00882,-5.56631,-1.89265,0.36324,1.75025,0.3683,-0.05418,-0.2618,-0.73732,0.68977,-0.63522,4.06479,-0.01289,-0.61645,-0.3823,6.80859,-0.15916,-1.19045,1.26504,1.67489,0.409,-0.18027
46.16,-0.00152,0.9589,0.368,4.24283,-0.40507,0.04537,-6.67117,-5.73424,0.79265,1.26253,1.72013,0.18815,0.00739,-6.21594,-2.03613,0.37248,2.07432,0.42949,-0.06221,-0.29522,-0.36218,0.85575,-0.62532,5.1362,-0.02527,-1.06047,-0.70778,7.83323,-0.19124,-1.06079,1.65867,1.80393,0.59835,0.03992
46.18,-0.00116,1.01042,0.88297,4.3654,-0.40173,0.02633,-6.53306,-5.47345,0.68174,1.26451,1.31895,0.20678,0.00562,-6.62671,-2.00416,0.36126,2.3201,0.47283,-0.06895,-0.32103,-0.00193,1.02731,-0.53179,6.24361,-0.04108,-1.59016,-1.09342,8.56223,-0.24627,-0.87408,2.21761,1.87561,0.79522,0.26164
46.2,-0.0004,0.91688,0.95092,4.46706,-0.38171,0.01095,-6.19624,-4.88366,0.58935,1.2345,0.84162,0.2191,0.00349,-6.68177,-1.81803,0.33773,2.4441,0.49554,-0.07347,-0.33247,0.29497,1.20832,-0.33864,7.37169,-0.06003,-2.1337,-1.48119,8.96724,-0.30866,-0.67102,2.72288,1.85004,0.95454,0.39386
46.22,0.00087,0.62915,0.77491,4.55186,-0.33133,0.0016,-5.67296,-4.09596,0.52947,1.16783,0.30967,0.22593,0.00108,-6.2971,-1.51908,0.31505,2.41619,0.49897,-0.07477,-0.32259,0.49299,1.40748,-0.02006,8.49368,-0.08131,-2.55867,-1.75234,9.10966,-0.35608,-0.4851,2.8764,1.69729,1.02436,0.37378
46.24,0.00276,0.17745,0.49412,4.46763,-0.259,0.00042,-4.92671,-3.12262,0.49754,1.07539,-0.24851,0.22807,-0.00148,-5.46237,-1.09718,0.29258,2.22764,0.47905,-0.07274,-0.29689,0.57291,1.59531,0.45685,9.51373,-0.10346,-2.83107,-1.89539,8.98921,-0.38218,-0.27987,2.92291,1.49753,1.04423,0.30875
46.26,0.00536,-0.36945,0.21677,3.70904,-0.16042,0.00629,-3.97585,-2.00941,0.48434,0.96867,-0.80939,0.22623,-0.00413,-4.2645,-0.57828,0.26931,1.90017,0.43506,-0.06799,-0.2622,0.53454,1.73726,1.09271,10.3352,-0.12432,-2.977,-1.94885,8.60177,-0.38346,-0.08249,2.98905,1.29635,1.03791,0.2532
46.28,0.00865,-0.94438,0.05851,2.79914,-0.05473,0.01674,-2.89013,-0.84845,0.47836,0.85607,-1.34789,0.22142,-0.0068,-2.84432,-0.0287,0.25311,1.48465,0.37558,-0.06169,-0.21935,0.40235,1.81745,1.84089,10.90709,-0.14093,-3.09582,-1.93992,8.07736,-0.35083,0.06376,3.0169,1.0982,1.00135,0.19373
46.3,0.01262,-1.40683,0.00087,1.78703,0.01163,0.02767,-1.85376,0.26088,0.46998,0.7448,-1.82615,0.21349,-0.00931,-1.5213,0.48634,0.23347,1.04756,0.30289,-0.05594,-0.17904,0.2404,1.84396,2.66676,11.17961,-0.14858,-2.79413,-1.71608,7.52263,-0.29818,0.14803,2.99123,0.90836,0.92145,0.1316
46.32,0.01721,-1.61563,0.01991,0.7674,0.031,0.03376,-0.97808,1.2681,0.45383,0.64452,-2.19699,0.20219,-0.01141,-0.46216,0.92856,0.20072,0.66123,0.22291,-0.05337,-0.14906,0.11856,1.82869,3.55507,11.11227,-0.14237,-1.69478,-1.10661,7.04152,-0.24697,0.17457,2.92021,0.73273,0.79139,0.06972
46.34,0.02214,-1.57896,0.07555,-0.15142,0.03343,0.03421,-0.25305,2.12413,0.41581,0.56716,-2.43524,0.18836,-0.01295,0.3546,1.25642,0.1649,0.38417,0.15012,-0.05663,-0.12386,0.04149,1.74019,4.33044,10.72088,-0.12183,-0.65415,-0.46958,6.76439,-0.19047,0.16085,2.84179,0.58077,0.62553,0.00909
46.36,0.0269,-1.33902,0.06357,-0.92909,0.03402,0.0303,0.27669,2.7525,0.35026,0.51955,-2.5327,0.17274,-0.01385,0.8593,1.42504,0.12948,0.24697,0.09132,-0.06794,-0.10224,0.00418,1.5812,4.82351,10.07723,-0.08868,-0.02658,-0.0466,6.76883,-0.12266,0.12509,2.79582,0.45627,0.43253,-0.05012
46.38,0.03088,-0.94074,-0.07956,-1.54677,0.03292,0.02308,0.57601,3.12093,0.26799,0.50355,-2.48224,0.15596,-0.01397,1.03791,1.43213,0.09089,0.25408,0.04755,-0.08892,-0.08752,0.00019,1.40012,5.02287,9.25935,-0.04594,0.39866,0.21168,7.07147,-0.05029,0.08076,2.79965,0.35618,0.20931,-0.11022
46.4,0.03331,-0.44718,-0.30305,-1.97434,0.02989,0.0141,0.66754,3.18328,0.17897,0.521,-2.29333,0.13878,-0.01328,0.95323,1.2552,0.04856,0.39151,0.01994,-0.12038,-0.08018,0.00241,1.22312,4.90512,8.39308,0.00054,0.34928,0.13157,7.69389,0.01036,0.0376,2.86032,0.27735,-0.05019,-0.16633
46.42,0.03322,0.02176,-0.47956,-2.17297,0.02462,0.00555,0.61834,2.89703,0.09425,0.57198,-1.9802,0.12232,-0.01178,0.71225,0.89693,0.00771,0.63634,0.0092,-0.16228,-0.07959,0.02539,1.07614,4.46095,7.58112,0.04523,0.0606,-0.02798,8.65125,0.04504,-0.00156,2.98114,0.21685,-0.32131,-0.20243
46.44,0.02944,0.3559,-0.58735,-2.13294,0.01965,0.00041,0.4852,2.26023,0.02519,0.6533,-1.55073,0.10844,-0.00948,0.41815,0.42763,-0.02465,0.96456,0.01498,-0.21305,-0.08459,0.06523,1.00717,3.79782,6.84582,0.08302,-0.0022,0.01399,9.92242,0.06308,-0.03988,3.17193,0.17199,-0.57842,-0.21799
46.46,0.02055,0.53449,-0.61201,-1.86236,0.01549,0.00043,0.32008,1.26262,-0.02346,0.75885,-1.01552,0.09855,-0.00641,0.16098,-0.10206,-0.04634,1.35743,0.03572,-0.26935,-0.09309,0.07934,1.04182,3.10062,6.22901,0.10958,-0.04804,0.08994,11.48353,0.07458,-0.08195,3.43073,0.13973,-0.82568,-0.22135
46.48,0.00483,0.57763,-0.49308,-1.36308,0.00866,0.00657,0.18466,-0.11794,-0.05406,0.87748,-0.39207,0.09329,-0.00265,0.00099,-0.67169,-0.05695,1.80329,0.06856,-0.32647,-0.10298,0.02968,1.17024,2.48367,5.77669,0.12401,-0.3559,0.0886,11.91138,0.10547,-0.1138,2.64335,0.10177,-0.87039,-0.14348
46.5,-0.01997,0.50757,-0.25914,-0.67664,-0.00062,0.01951,0.07916,-1.88698,-0.07007,1.00217,0.29412,0.0935,0.00164,-0.06479,-1.24959,-0.05954,2.32303,0.11066,-0.3751,-0.11048,-0.073,1.38131,1.98073,5.54024,0.12716,-0.97404,-0.11144,9.67214,0.15334,-0.1036,-0.26161,0.05406,-0.37042,0.09425
46.52,-0.0568,0.34879,0.0476,0.17592,-0.00999,0.03932,0.00713,-3.97488,-0.07299,1.1293,1.02403,0.09994,0.00637,-0.01954,-1.77744,-0.05881,2.97631,0.161,-0.40331,-0.11125,-0.17151,1.64668,1.52915,5.5788,0.12076,-0.94908,-0.30181,4.83689,0.19554,-0.05612,-5.03969,0.00732,0.70521,0.45128
46.54,-0.1093,0.16351,0.39597,1.19808,-0.02082,0.0666,-0.01412,-6.31429,-0.07367,1.24034,1.78089,0.11263,0.01149,0.07559,-2.27132,-0.05585,3.78642,0.21591,-0.40769,-0.10641,-0.32784,1.92566,1.16251,5.92678,0.10875,-0.32506,-0.28845,-3.54597,0.24449,0.01534,-12.12399,-0.04005,2.27632,0.88724
46.56,-0.1814,-0.00143,0.71072,2.35621,-0.03131,0.09034,-0.01869,-8.88788,-0.08754,1.31445,2.5441,0.1311,0.01692,0.06845,-2.80429,-0.05167,4.74278,0.26965,-0.3893,-0.09734,-0.57411,2.18812,0.90412,6.60207,0.09387,0.32968,-0.1759,-16.04794,0.29065,0.09503,-21.72613,-0.08681,4.18378,1.36294
46.58,-0.27643,-0.14418,0.92729,3.59613,-0.03262,0.09583,-0.05977,-11.72021,-0.12631,1.33917,3.29448,0.15422,0.02254,-0.1688,-3.43728,-0.0484,5.82508,0.31735,-0.34866,-0.08194,-0.80306,2.40582,0.70273,7.57028,0.07783,1.13593,0.0489,-32.64045,0.31521,0.16428,-33.63582,-0.12762,6.22451,1.83555
46.6,-0.39559,-0.24601,0.99088,4.89523,-0.01105,0.10091,-0.12312,-14.35357,-0.16703,1.30748,4.02232,0.18068,0.02846,-0.58186,-4.00393,-0.04824,7.03593,0.35439,-0.29325,-0.06314,-0.99504,2.5415,0.49078,8.75708,0.06191,1.75554,0.26252,-52.67534,0.29254,0.18469,-46.88797,-0.1526,7.79716,2.12466
46.62,-0.53537,-0.29739,0.86258,6.1312,0.04784,0.10528,-0.10916,-15.96691,-0.16391,1.21383,4.72649,0.20888,0.03499,-0.94392,-4.14079,-0.0525,8.37167,0.37488,-0.23072,-0.04091,-1.12596,2.57128,0.24591,10.06932,0.04701,1.73456,0.32226,-74.79812,0.20702,0.0869,-59.71002,-0.14815,7.60143,1.82218
46.64,-0.68477,-0.32904,0.54194,6.41815,0.15498,0.10821,-0.04931,-16.74096,-0.13035,1.04225,5.37901,0.23578,0.04187,-1.27102,-3.88315,-0.06076,9.63483,0.3698,-0.16301,-0.0101,-1.09747,2.50862,0.00336,11.3565,0.03405,1.46936,0.31612,-96.4175,0.07656,-0.09933,-70.17969,-0.09852,5.47009,0.93273
46.66,-0.82542,-0.36358,0.06661,6.65625,0.31798,0.10848,-0.0271,-17.11479,-0.09324,0.79193,5.95014,0.25887,0.04871,-1.59731,-3.41647,-0.07236,10.62447,0.335,-0.09156,0.02904,-0.88512,2.3819,-0.24028,12.48146,0.02322,1.23399,0.3041,-114.70263,-0.0787,-0.30108,-76.82023,0.01143,2.28753,-0.2524
46.68,-0.92829,-0.40805,-0.47449,6.85809,0.43933,0.10558,-0.00467,-17.07234,-0.04221,0.48634,6.43565,0.27726,0.05547,-1.67937,-2.71359,-0.08679,11.32393,0.27283,-0.01752,0.07481,-0.54266,2.22885,-0.5013,13.36768,0.01402,0.97606,0.2723,-127.96706,-0.23833,-0.55718,-78.94072,0.19395,-1.74496,-1.78574
46.7,-0.95594,-0.46488,-1.03442,7.03194,0.47051,0.09949,0.02319,-16.31487,0.01779,0.16048,6.83416,0.29084,0.06205,-1.58281,-1.78736,-0.10153,11.66322,0.1872,0.05961,0.12626,-0.17101,2.03106,-0.77994,13.96772,0.00569,0.70964,0.21583,-136.00186,-0.39391,-0.70367,-75.93492,0.45759,-4.66201,-3.01672
46.72,-0.86355,-0.53078,-1.57641,7.1948,0.48914,0.08981,0.02037,-14.57754,0.07363,-0.1329,7.14516,0.30011,0.06827,-1.53969,-0.69573,-0.11222,11.56941,0.08609,0.14124,0.18116,0.18765,1.77528,-1.05746,14.27284,-0.00265,0.45816,0.14255,-139.58098,-0.55423,-0.58468,-67.99525,0.80747,-5.01189,-3.27161
46.74,-0.59586,-0.61557,-1.95143,7.33383,0.49389,0.07743,0.02163,-12.47218,0.12448,-0.34509,7.35692,0.30492,0.07385,-1.35888,0.35936,-0.11914,11.17243,-0.01962,0.22782,0.23956,0.51539,1.53541,-1.32022,14.27522,-0.01165,0.24571,0.07701,-139.05694,-0.71102,-0.38853,-57.05121,1.24096,-4.3153,-3.1224
46.76,-0.09378,-0.72688,-2.04414,7.43454,0.48631,0.06387,0.06109,-10.47659,0.16628,-0.44996,7.45916,0.30481,0.07846,-0.91145,1.19249,-0.12483,10.59927,-0.12125,0.31689,0.3008,0.75348,1.3523,-1.56471,13.97988,-0.02135,0.08118,0.02786,-134.94393,-0.85839,-0.23149,-44.78721,1.74515,-3.47748,-3.02024
46.78,0.69983,-0.8485,-1.85263,7.50604,0.45698,0.04838,0.08988,-8.5416,0.19009,-0.43637,7.45721,0.29965,0.08171,-0.36133,1.78449,-0.12829,9.87696,-0.21268,0.40249,0.3532,0.8849,1.21204,-1.78042,13.43797,-0.0312,-0.04285,-0.00794,-128.38291,-1.00292,0.0022,-32.14779,2.29698,-2.36205,-2.87045
46.8,1.8337,-0.99448,-1.47285,7.54057,0.42778,0.03517,0.26106,-6.85066,0.21416,-0.31053,7.3499,0.28865,0.08379,0.28965,2.07697,-0.12877,9.00893,-0.28358,0.47758,0.4092,0.91904,1.09705,-1.9494,12.71427,-0.04001,-0.13084,-0.03199,-120.72741,-1.18075,0.35115,-19.88656,2.86425,-1.06109,-2.60431
46.82,3.33002,-1.1939,-0.99389,7.51736,0.42196,0.02865,0.80369,-5.47526,0.25399,-0.08975,7.1373,0.27116,0.0849,1.06014,2.08896,-0.12388,7.99652,-0.31844,0.53535,0.49542,0.88,0.99214,-2.06223,11.88378,-0.04632,-0.18416,-0.04692,-113.19289,-1.44704,0.80476,-8.87604,3.40965,0.20371,-2.19231
46.84,5.18519,-1.41291,-0.43164,7.43843,0.41489,0.0255,1.51565,-4.29671,0.28269,0.20023,6.82897,0.24714,0.08416,1.73577,1.92206,-0.11123,6.90029,-0.3226,0.56456,0.57387,0.79539,0.89335,-2.13521,11.01096,-0.04915,-0.20839,-0.0546,-106.20076,-1.80344,1.36992,0.06093,3.88675,1.23189,-1.75726
46.86,7.36512,-1.61831,0.15371,7.31948,0.38952,0.02318,2.18558,-3.2437,0.28888,0.52329,6.43271,0.21712,0.08104,2.19209,1.66667,-0.09082,5.78828,-0.30793,0.55816,0.60742,0.6912,0.79497,-2.18457,10.13251,-0.04823,-0.21159,-0.05657,-99.84729,-2.24128,2.01389,6.7395,4.24919,1.99966,-1.38628
46.88,9.7748,-1.8215,0.70099,7.15536,0.35077,0.01728,2.84056,-2.27452,0.28403,0.83371,5.95621,0.18268,0.07593,2.46684,1.39298,-0.06507,4.70235,-0.27506,0.52051,0.60889,0.60152,0.6856,-2.21564,9.26973,-0.04396,-0.19794,-0.05422,-94.18253,-2.78756,2.77652,11.2727,4.45728,2.50929,-1.0518
46.9,12.27878,-2.02603,1.14968,6.93859,0.31834,0.0119,3.36519,-1.5494,0.26233,1.08937,5.39669,0.14592,0.069,2.48568,1.08086,-0.04213,3.63219,-0.23824,0.45666,0.56121,0.52275,0.55491,-2.18861,8.43209,-0.03748,-0.17394,-0.04836,-88.97522,-3.43281,3.33048,13.82771,4.46776,2.73304,-0.76213
46.92,14.72306,-2.24212,1.40543,6.66584,0.31857,0.01264,3.67163,-1.11013,0.22512,1.26519,4.75952,0.10974,0.06063,2.25311,0.76306,-0.03035,2.59924,-0.20898,0.37572,0.45947,0.44121,0.39976,-2.05149,7.61925,-0.03016,-0.14478,-0.03946,-83.81888,-4.15634,3.22735,14.58266,4.241,2.64148,-0.52352
46.94,16.99002,-2.47756,1.46884,6.3504,0.33644,0.01385,3.78051,-0.7676,0.18823,1.33303,4.0719,0.07738,0.05144,1.93091,0.49668,-0.03558,1.72346,-0.18253,0.29285,0.35025,0.38871,0.23109,-1.84119,6.82847,-0.02306,-0.11107,-0.0285,-78.02829,-4.94969,2.7815,13.78832,3.75107,2.31203,-0.33029
46.96,19.03011,-2.72246,1.39939,6.00495,0.35557,0.01347,3.72977,-0.46676,0.15865,1.28049,3.35392,0.0505,0.0419,1.62673,0.26753,-0.06038,1.04461,-0.15963,0.21725,0.25737,0.3804,0.06267,-1.59272,6.05546,-0.0169,-0.07402,-0.01619,-70.86454,-5.80637,2.30622,11.70302,2.99677,1.83331,-0.17614
46.98,20.80202,-2.97024,1.23407,5.602,0.3635,0.01289,3.57566,-0.24706,0.13545,1.12902,2.61905,0.0294,0.03233,1.36248,0.04268,-0.10311,0.53551,-0.14555,0.15202,0.17909,0.39537,-0.08929,-1.28941,5.29537,-0.01202,-0.03598,-0.00308,-61.67922,-6.76175,1.72404,8.52146,2.01089,1.23838,-0.05433
47,22.39252,-3.12002,0.99529,5.20199,0.28182,0.01272,3.16955,-0.1131,0.11225,0.91757,1.88081,0.01383,0.02292,1.12337,-0.1882,-0.15257,0.17337,-0.13859,0.09824,0.11641,0.44118,-0.20699,-0.98634,4.55642,-0.00844,0.00045,0.00983,-49.65353,-7.67095,1.18539,4.59351,0.86121,0.61952,0.03533
47.02,23.97142,-3.07037,0.73818,3.78953,0.19746,0.01433,2.50974,-0.0458,0.08509,0.68459,1.16592,0.00305,0.01401,0.89978,-0.40778,-0.18727,-0.07086,-0.13442,0.05584,0.0681,0.52502,-0.28345,-0.73956,3.85185,-0.00596,0.03414,0.02364,-34.25361,-8.30965,0.77172,0.09699,-0.36056,0.01025,0.11904
47.04,25.45515,-2.81422,0.51316,2.60256,0.11891,0.01831,1.87218,-0.01456,0.055,0.45071,0.50819,-0.00389,0.00601,0.72394,-0.60221,-0.20297,-0.22627,-0.13115,0.024,0.03077,0.60483,-0.31535,-0.51569,3.18462,-0.00429,0.06409,0.03836,-15.06472,-8.77694,0.41004,-4.8968,-1.56548,-0.60807,0.2119
47.06,26.77938,-2.39082,0.32356,1.59571,0.05574,0.02492,1.36615,-0.00133,0.02024,0.22968,-0.0784,-0.00784,-0.00095,0.60522,-0.7686,-0.20594,-0.31727,-0.12668,0.0011,0.00135,0.64909,-0.3038,-0.29738,2.55725,-0.00321,0.08846,0.05212,8.20609,-9.19137,0.07219,-10.17476,-2.67888,-1.19683,0.30253
47.08,28.00391,-1.82243,0.15537,0.77946,0.00931,0.03321,0.95799,0.00236,-0.02167,0.03177,-0.5912,-0.00956,-0.00689,0.52024,-0.89743,-0.19472,-0.36545,-0.11815,-0.01489,-0.02331,0.65816,-0.25948,-0.10272,1.97634,-0.00254,0.10671,0.0645,35.88035,-9.48686,-0.20175,-14.80442,-3.65225,-1.72429,0.3876
47.1,29.13131,-1.19498,-0.00577,0.13604,-0.01693,0.0419,0.64392,0.00275,-0.06996,-0.13873,-1.0268,-0.00974,-0.01182,0.45571,-0.9784,-0.17673,-0.3891,-0.10431,-0.02593,-0.04609,0.61147,-0.19779,0.04572,1.45094,-0.00217,0.11851,0.07485,66.77469,-9.46982,-0.4702,-20.21226,-4.38988,-2.14724,0.47128
47.12,30.139,-0.62303,-0.16708,-0.35659,-0.02069,0.0498,0.42033,0.00357,-0.12136,-0.2813,-1.38069,-0.00894,-0.01573,0.40329,-1.00294,-0.15972,-0.40295,-0.0843,-0.03381,-0.06965,0.50426,-0.13296,0.13556,0.99336,-0.00205,0.12382,0.08257,96.37087,-8.96632,-1.14354,-31.04179,-4.77501,-2.42719,0.56673
47.14,31.00775,-0.21079,-0.33342,-0.72007,-0.00101,0.05522,0.2787,0.00616,-0.17271,-0.3965,-1.6533,-0.00758,-0.01865,0.35131,-0.97385,-0.14016,-0.41721,-0.0569,-0.04011,-0.09587,0.37174,-0.07166,0.1887,0.61293,-0.00215,0.12342,0.08752,122.82736,-8.11758,-2.3174,-46.14431,-4.82718,-2.54017,0.65352
47.16,31.68619,-0.02201,-0.50938,-0.97243,0.04029,0.05721,0.20662,0.0103,-0.22227,-0.48482,-1.84971,-0.00598,-0.02067,0.29205,-0.89933,-0.11612,-0.43796,-0.02165,-0.04608,-0.12573,0.23632,-0.01751,0.22259,0.31028,-0.00246,0.11823,0.08963,146.86463,-7.10126,-3.75078,-61.66172,-4.62022,-2.48712,0.71269
47.18,32.10385,-0.07398,-0.6888,-1.1324,0.09819,0.05629,0.18708,0.01425,-0.26763,-0.54765,-1.97412,-0.00436,-0.02186,0.22218,-0.78706,-0.0893,-0.46771,0.02072,-0.05253,-0.15994,0.10654,0.02649,0.2399,0.07996,-0.00292,0.10937,0.08942,167.57946,-6.00065,-5.24441,-76.55605,-4.20801,-2.32111,0.77098
47.2,32.14156,-0.34442,-0.86548,-1.21525,0.16326,0.05259,0.20244,0.01774,-0.30741,-0.58381,-2.02967,-0.00286,-0.02229,0.13571,-0.65746,-0.06007,-0.5036,0.06836,-0.05987,-0.1956,-0.00722,0.05803,0.24486,-0.08597,-0.0035,0.09767,0.0867,180.0091,-4.91531,-7.45489,-93.64249,-3.61768,-1.97287,0.77334
47.22,31.66179,-0.7931,-1.03097,-1.23308,0.22219,0.04645,0.2361,0.02292,-0.34107,-0.59116,-2.01881,-0.00158,-0.02204,0.03878,-0.53029,-0.0292,-0.53977,0.11918,-0.06814,-0.22718,-0.09208,0.07745,0.24256,-0.19604,-0.00417,0.08417,0.08152,176.87721,-3.98684,-11.47347,-116.92794,-2.89159,-1.43682,0.64613
47.24,30.61242,-1.3712,-1.15522,-1.19997,0.26773,0.03981,0.27375,0.02752,-0.36655,-0.57307,-1.94649,-0.00055,-0.02115,-0.05477,-0.41172,0.00219,-0.57266,0.16989,-0.07702,-0.25358,-0.14117,0.09107,0.23987,-0.25841,-0.00487,0.07053,0.07546,162.07064,-3.37862,-16.25273,-140.21861,-2.17406,-0.91712,0.46955
47.26,28.99263,-2.02138,-1.21127,-1.12768,0.29808,0.03386,0.30614,0.02913,-0.38255,-0.53464,-1.81981,0.00023,-0.01971,-0.13959,-0.30656,0.03348,-0.60008,0.21615,-0.08593,-0.27532,-0.15716,0.10396,0.24131,-0.28012,-0.00557,0.05779,0.06963,142.00618,-3.13721,-20.54029,-157.66422,-1.5586,-0.50967,0.31491
47.28,26.81984,-2.69403,-1.19266,-1.02407,0.3117,0.02848,0.33053,0.02921,-0.38962,-0.48035,-1.64741,0.00077,-0.0178,-0.21075,-0.21867,0.06389,-0.61962,0.25357,-0.09401,-0.29125,-0.14444,0.11639,0.24736,-0.26637,-0.00625,0.04632,0.06413,116.1649,-3.20917,-24.34447,-170.6968,-1.04697,-0.20444,0.16367
47.3,24.23911,-3.31291,-1.10141,-0.89835,0.31293,0.02396,0.3488,0.02645,-0.38751,-0.41869,-1.4436,0.0011,-0.01557,-0.26449,-0.14634,0.09293,-0.63,0.27959,-0.10004,-0.29549,-0.11168,0.12779,0.2565,-0.2206,-0.00686,0.03631,0.05903,90.12167,-3.53588,-27.05548,-176.5307,-0.65999,-0.00751,0.02231
47.32,21.41015,-3.78316,-0.95057,-0.75721,0.30793,0.02045,0.3655,0.02068,-0.37596,-0.35815,-1.22349,0.00125,-0.01316,-0.29879,-0.08562,0.1206,-0.63066,0.29316,-0.10271,-0.28045,-0.06677,0.13702,0.2663,-0.14446,-0.00736,0.0279,0.05433,69.11011,-4.06679,-28.24067,-173.6413,-0.39311,0.08803,-0.0996
47.34,18.3638,-4.0672,-0.76176,-0.6016,0.29867,0.01743,0.38627,0.01577,-0.35712,-0.30291,-0.99742,0.00126,-0.01071,-0.31008,-0.03215,0.14544,-0.62166,0.28931,-0.10112,-0.25286,-0.0127,0.14279,0.27572,-0.03839,-0.0077,0.0211,0.05005,50.67676,-4.7121,-27.90506,-166.19243,-0.2108,0.1006,-0.2003
47.36,15.13106,-4.15534,-0.55334,-0.43312,0.28718,0.01463,0.4149,0.01338,-0.33291,-0.25641,-0.77377,0.00116,-0.00829,-0.29692,0.01832,0.16536,-0.60379,0.26586,-0.09505,-0.22003,0.04762,0.14465,0.28376,0.0972,-0.00787,0.01578,0.04609,33.44067,-5.38892,-26.08933,-156.84382,-0.09119,0.05522,-0.27497
47.38,11.784,-4.03255,-0.33893,-0.25576,0.27628,0.01204,0.45174,0.01282,-0.30427,-0.22198,-0.56069,0.00099,-0.006,-0.26101,0.06899,0.17861,-0.57828,0.22755,-0.08498,-0.18053,0.11131,0.14249,0.28838,0.26076,-0.00782,0.01167,0.04221,18.10263,-6.08582,-23.14791,-146.28787,-0.02009,-0.0264,-0.32636
47.4,8.40146,-3.71947,-0.12999,-0.07471,0.26833,0.00965,0.4978,0.01439,-0.27441,-0.20083,-0.36641,0.00078,-0.00391,-0.20837,0.12169,0.18502,-0.54721,0.17772,-0.07221,-0.14463,0.17765,0.13511,0.28745,0.44896,-0.00755,0.0085,0.03807,7.38138,-6.7048,-19.00234,-134.12699,0.01641,-0.09617,-0.32068
47.42,5.0685,-3.25083,0.0661,0.10335,0.26489,0.00745,0.55383,0.01886,-0.24635,-0.19346,-0.19772,0.00055,-0.0021,-0.14507,0.17742,0.18513,-0.51292,0.12249,-0.05839,-0.1193,0.24892,0.12204,0.27927,0.65684,-0.00708,0.00588,0.03336,2.56996,-7.06466,-14.23871,-120.5987,0.03448,-0.11353,-0.2418
47.44,1.84913,-2.65027,0.24509,0.27273,0.26546,0.00536,0.61466,0.026,-0.22027,-0.20068,-0.05766,0.00032,-0.0006,-0.07355,0.23666,0.17581,-0.47702,0.07152,-0.04488,-0.09617,0.32457,0.10538,0.26324,0.87819,-0.00652,0.0033,0.02783,0.15123,-7.21806,-10.34263,-107.96972,0.04336,-0.09576,-0.12929
47.46,-1.21603,-1.9564,0.40345,0.4303,0.26922,0.00331,0.67496,0.03522,-0.19611,-0.22256,0.05454,0.00012,0.0006,0.00292,0.29967,0.15535,-0.44058,0.02899,-0.03266,-0.0726,0.40161,0.08681,0.239,1.10511,-0.00609,1e-05,0.02123,-1.99171,-7.24998,-8.04776,-97.39792,0.04605,-0.05374,0.00185
47.48,-4.08879,-1.22762,0.53736,0.57425,0.27598,0.00129,0.73293,0.046,-0.17415,-0.25811,0.14326,-7e-05,0.00156,0.08065,0.36624,0.126,-0.4044,-0.0048,-0.02225,-0.05166,0.4779,0.0672,0.20607,1.32668,-0.00613,-0.00496,0.01333,-3.63883,-7.11652,-7.51001,-88.58989,0.04617,0.01692,0.15416
47.5,-6.71853,-0.53266,0.6444,0.70303,0.28557,-0.00073,0.78715,0.05961,-0.15425,-0.30503,0.21532,-0.00024,0.00233,0.15695,0.43586,0.08874,-0.36904,-0.03042,-0.01388,-0.03403,0.55495,0.04768,0.16402,1.52848,-0.0071,-0.01272,0.00392,-4.86847,-6.8983,-8.92797,-81.18801,0.04642,0.10809,0.31778
47.52,-9.04917,0.05094,0.72395,0.81497,0.29796,-0.00271,0.83594,0.07859,-0.13589,-0.35992,0.27782,-0.0004,0.003,0.22995,0.50782,0.04671,-0.33492,-0.04926,-0.00749,-0.01997,0.63558,0.03046,0.11355,1.69511,-0.00952,-0.02442,-0.007,-5.76202,-6.67654,-12.45204,-74.79254,0.04894,0.1936,0.46779
47.54,-11.02826,0.45581,0.77286,0.90815,0.31208,-0.00465,0.87601,0.10063,-0.11807,-0.41989,0.33625,-0.00055,0.00364,0.29814,0.57961,0.0053,-0.30228,-0.06287,-0.00288,-0.00963,0.70991,0.01823,0.05632,1.81362,-0.01381,-0.04109,-0.01937,-6.87624,-6.4194,-18.11706,-69.26576,0.05357,0.25884,0.59464
47.56,-12.62478,0.63837,0.7905,0.98079,0.32678,-0.0065,0.90381,0.12212,-0.10021,-0.48183,0.39264,-0.00069,0.00426,0.36002,0.64833,-0.03322,-0.27109,-0.07286,0.00024,-0.00266,0.76802,0.01307,-0.00616,1.87805,-0.02027,-0.0634,-0.03338,-8.70331,-6.11502,-25.83385,-64.24313,0.05918,0.30438,0.70287
47.58,-13.83162,0.57381,0.7819,1.03077,0.34208,-0.00823,0.91654,0.14229,-0.08258,-0.54108,0.44432,-0.0008,0.00485,0.41379,0.71163,-0.06813,-0.24119,-0.08063,0.00218,0.00149,0.81035,0.01689,-0.07252,1.8905,-0.02898,-0.09161,-0.04915,-10.91951,-5.77568,-35.12364,-58.93801,0.06683,0.315,0.76692
47.6,-14.65133,0.25168,0.75417,1.05504,0.35583,-0.00966,0.9144,0.16099,-0.06621,-0.58992,0.48492,-0.00088,0.00532,0.46054,0.76605,-0.09872,-0.21259,-0.08741,0.00328,0.00339,0.83146,0.03139,-0.13943,1.85925,-0.03974,-0.12505,-0.0666,-14.63681,-5.60719,-46.34687,-52.84968,0.07196,0.31428,0.83708
47.62,-15.097,-0.32548,0.71504,1.0506,0.36524,-0.01056,0.89856,0.17847,-0.05246,-0.6193,0.50645,-0.0009,0.0056,0.50358,0.80785,-0.12451,-0.18559,-0.09416,0.00385,0.00361,0.82726,0.05739,-0.19978,1.79606,-0.05205,-0.16224,-0.08566,-21.79633,-5.82613,-60.70476,-45.46013,0.06603,0.3229,0.98185
47.64,-15.2016,-1.14271,0.66983,1.01761,0.37098,-0.0109,0.86493,0.19175,-0.04244,-0.62593,0.50181,-0.00083,0.00562,0.54055,0.83412,-0.14605,-0.16091,-0.10143,0.00417,0.00268,0.80506,0.09555,-0.25127,1.71261,-0.06509,-0.20051,-0.10502,-31.50768,-6.35766,-76.76443,-36.02105,0.05088,0.29937,1.1242
47.66,-15.02943,-2.16944,0.62315,0.95932,0.37399,-0.01066,0.81226,0.1985,-0.03731,-0.6093,0.4686,-0.00069,0.00533,0.56982,0.84373,-0.16487,-0.13953,-0.10936,0.00449,0.00105,0.77094,0.14665,-0.29575,1.61953,-0.07765,-0.23611,-0.12253,-42.2955,-7.11581,-92.25619,-24.2668,0.0311,0.22148,1.19544
47.68,-14.67696,-3.35027,0.58037,0.88142,0.37381,-0.00986,0.74593,0.19992,-0.03826,-0.56873,0.41064,-0.00047,0.00479,0.59523,0.83779,-0.18233,-0.12283,-0.11776,0.00499,-0.00087,0.72742,0.21004,-0.33319,1.52704,-0.08811,-0.26619,-0.13709,-53.84036,-8.11263,-106.19161,-10.57652,0.00613,0.098,1.1998
47.7,-14.28244,-4.58729,0.5454,0.79586,0.37066,-0.00866,0.67016,0.19355,-0.04624,-0.50969,0.33633,-0.0002,0.00407,0.61966,0.81715,-0.19937,-0.11287,-0.1257,0.00585,-0.00275,0.67613,0.28203,-0.36218,1.44555,-0.09402,-0.27731,-0.13995,-66.3955,-9.39856,-117.83525,4.11398,-0.0249,-0.05833,1.15516
47.72,-13.99121,-5.75454,0.52225,0.71534,0.36534,-0.00732,0.59094,0.17844,-0.06197,-0.43874,0.25705,9e-05,0.00329,0.64576,0.78378,-0.21677,-0.11191,-0.13196,0.00715,-0.00432,0.61968,0.35586,-0.38087,1.38454,-0.09282,-0.25326,-0.12063,-80.26217,-11.04224,-126.45982,18.43907,-0.06284,-0.23716,1.07723
47.74,-13.89746,-6.75357,0.51542,0.64639,0.35822,-0.00608,0.51791,0.15925,-0.08612,-0.35819,0.18411,0.00035,0.00255,0.67725,0.74192,-0.23569,-0.12164,-0.13595,0.00894,-0.00539,0.56466,0.42927,-0.39171,1.35024,-0.08373,-0.20478,-0.08796,-92.87262,-12.74032,-129.82926,30.87279,-0.10201,-0.41745,0.9518
47.76,-14.05789,-7.52759,0.52881,0.59405,0.34981,-0.00518,0.45729,0.1391,-0.11904,-0.27138,0.12547,0.00055,0.00193,0.71691,0.69502,-0.25722,-0.14307,-0.13746,0.01119,-0.00589,0.51541,0.50292,-0.39753,1.34565,-0.06734,-0.14351,-0.0508,-101.48988,-14.0638,-126.41739,39.96157,-0.13563,-0.56794,0.78499
47.78,-14.4987,-8.05545,0.5661,0.56318,0.34123,-0.00484,0.41168,0.11897,-0.1604,-0.18357,0.08579,0.00063,0.00147,0.76634,0.6454,-0.28217,-0.17642,-0.13616,0.01376,-0.0058,0.47245,0.5737,-0.39789,1.3707,-0.04537,-0.0729,-0.01234,-105.31285,-14.81294,-116.65764,44.54065,-0.162,-0.6699,0.60486
47.8,-15.21481,-8.30333,0.6282,0.55722,0.33183,-0.00517,0.38326,0.09757,-0.20843,-0.10096,0.06723,0.00056,0.00115,0.82897,0.5931,-0.30764,-0.22087,-0.13217,0.01642,-0.00523,0.43632,0.64527,-0.39456,1.42197,-0.02143,-0.00787,0.01933,-103.37007,-14.66584,-101.05524,43.98361,-0.17519,-0.70515,0.42715
47.82,-16.17641,-8.25543,0.71368,0.57814,0.32125,-0.00622,0.37304,0.07488,-0.26012,-0.02801,0.06943,0.00029,0.00097,0.90813,0.53796,-0.32927,-0.275,-0.12577,0.01877,-0.00432,0.40735,0.72542,-0.38996,1.49455,0.00084,0.05298,0.05427,-95.74735,-13.44445,-81.45405,38.62143,-0.1722,-0.66957,0.27094
47.84,-17.32796,-7.97569,0.8226,0.62496,0.31146,-0.00799,0.37997,0.05427,-0.31395,0.0335,0.08922,-0.00023,0.00086,1.00255,0.48201,-0.34777,-0.33775,-0.11709,0.02026,-0.0033,0.38534,0.81025,-0.38333,1.58465,0.01877,0.11163,0.09502,-83.74387,-11.30982,-60.85768,29.90939,-0.15851,-0.5851,0.15229
47.86,-18.61417,-7.51604,0.95133,0.69482,0.30292,-0.01044,0.40072,0.03647,-0.36937,0.08298,0.12026,-0.00106,0.00071,1.10893,0.4247,-0.36439,-0.4084,-0.10643,0.02016,-0.00248,0.37013,0.89579,-0.3743,1.69046,0.03056,0.15567,0.12859,-69.19263,-8.61002,-41.823,20.03357,-0.13889,-0.47752,0.07189
47.88,-19.9843,-6.88374,1.08746,0.78366,0.29361,-0.01348,0.42912,0.01979,-0.42478,0.12209,0.15276,-0.00222,0.0004,1.2232,0.36214,-0.37792,-0.48624,-0.09422,0.01752,-0.00222,0.36172,0.98601,-0.36401,1.81147,0.0361,0.18336,0.15456,-54.11327,-5.76875,-25.99495,11.12565,-0.11641,-0.36726,0.02213
47.9,-21.38572,-6.03598,1.21422,0.88382,0.2791,-0.01685,0.45641,0.00276,-0.4783,0.15376,0.17377,-0.00375,-0.00024,1.33983,0.28953,-0.38237,-0.56876,-0.08133,0.01122,-0.00299,0.36001,1.07473,-0.35015,1.9485,0.03651,0.18992,0.16521,-39.9896,-3.04667,-13.8795,4.60373,-0.09387,-0.26737,-0.00617
47.92,-22.75686,-4.95056,1.31268,0.9843,0.25501,-0.02014,0.4708,-0.0162,-0.5278,0.18048,0.16876,-0.00563,-0.00139,1.44957,0.20272,-0.3703,-0.65235,-0.06854,-2e-05,-0.00527,0.36505,1.15033,-0.32972,2.10171,0.03367,0.17327,0.15444,-28.00537,-0.76332,-5.53569,0.93832,-0.07378,-0.1867,-0.02083
47.94,-24.00414,-3.69881,1.35929,1.07202,0.2205,-0.02329,0.45698,-0.03853,-0.57072,0.20346,0.12365,-0.00783,-0.0032,1.53819,0.09953,-0.345,-0.73666,-0.05602,-0.01756,-0.00952,0.37745,1.21522,-0.30476,2.2674,0.02969,0.14754,0.13379,-18.67409,0.82509,-0.5574,-0.12872,-0.05781,-0.12853,-0.02799
47.96,-25.03182,-2.34672,1.3339,1.13097,0.1754,-0.02642,0.39754,-0.06517,-0.60441,0.22046,0.02712,-0.01027,-0.00574,1.5888,-0.02066,-0.31013,-0.82278,-0.0436,-0.04273,-0.01612,0.39715,1.27145,-0.27688,2.43747,0.0259,0.12185,0.11097,-11.80479,1.73223,1.92574,0.74805,-0.04605,-0.0896,-0.03169
47.98,-25.75311,-0.95026,1.22613,1.14249,0.11933,-0.02939,0.27448,-0.09693,-0.62589,0.22457,-0.1284,-0.01279,-0.009,1.58167,-0.15672,-0.26213,-0.91037,-0.03085,-0.07657,-0.02527,0.42278,1.31056,-0.24522,2.5982,0.02266,0.09714,0.08684,-8.18206,1.82004,2.22204,2.1433,-0.04038,-0.07254,-0.03666
48,-26.07411,0.40061,1.0196,1.08561,0.05301,-0.03178,0.07263,-0.13031,-0.62876,0.20604,-0.3463,-0.01517,-0.01285,1.51453,-0.30361,-0.20461,-0.99862,-0.01702,-0.1196,-0.03699,0.45345,1.33443,-0.21177,2.73018,0.01966,0.07487,0.06306,-6.3406,1.48664,1.6859,3.0759,-0.03885,-0.06781,-0.04335
48.02,-25.90911,1.58873,0.71197,0.93971,-0.02131,-0.03293,-0.22011,-0.15699,-0.60657,0.15191,-0.62616,-0.01707,-0.01702,1.3932,-0.45035,-0.14495,-1.08567,-0.00125,-0.17147,-0.05128,0.48816,1.3488,-0.17894,2.8121,0.01622,0.05504,0.04109,-4.73863,1.10304,1.21551,3.96764,-0.03851,-0.06551,-0.04852
48.04,-25.1851,2.52995,0.33838,0.69182,-0.10131,-0.0324,-0.60942,-0.17393,-0.55851,0.0467,-0.96625,-0.01798,-0.02113,1.19684,-0.58816,-0.07736,-1.16949,0.01709,-0.23049,-0.06747,0.52377,1.33916,-0.14632,2.82566,0.01163,0.03597,0.02206,-3.34505,0.69856,0.83573,4.76859,-0.03927,-0.06532,-0.05173
48.06,-23.86676,3.19934,-0.05972,0.33292,-0.18558,-0.02935,-1.08584,-0.17872,-0.48634,-0.12282,-1.36377,-0.01719,-0.02472,0.92309,-0.70977,0.00174,-1.2475,0.03796,-0.2933,-0.08443,0.55716,1.29632,-0.11417,2.76163,0.00553,0.01701,0.00651,-2.14075,0.29702,0.55053,5.43441,-0.0408,-0.06662,-0.05283
48.08,-21.98857,3.59088,-0.43386,-0.1389,-0.27261,-0.02247,-1.64164,-0.16453,-0.39378,-0.36515,-1.81207,-0.0138,-0.02714,0.60288,-0.80181,0.0832,-1.31394,0.06031,-0.35503,-0.10173,0.58617,1.22785,-0.08395,2.62246,-0.00193,-0.00163,-0.00554,-1.15276,-0.0792,0.34853,5.94309,-0.04258,-0.06867,-0.05175
48.1,-19.69652,3.72681,-0.73264,-0.72078,-0.35516,-0.01082,-2.20953,-0.12547,-0.28549,-0.6879,-2.29338,-0.00671,-0.02761,0.25735,-0.84745,0.17726,-1.36502,0.0825,-0.40617,-0.11527,0.60806,1.11861,-0.05638,2.41916,-0.01012,-0.01923,-0.01408,-0.42074,-0.39447,0.21884,6.28614,-0.04389,-0.07009,-0.0487
48.12,-17.17903,3.64049,-0.92669,-1.4418,-0.41888,0.00619,-2.63953,-0.05996,-0.17046,-1.10706,-2.78192,0.00543,-0.02525,-0.06736,-0.82731,0.2935,-1.39894,0.10299,-0.43528,-0.11898,0.62026,0.96207,-0.03209,2.16859,-0.01814,-0.03422,-0.01906,0.09614,-0.60566,0.1477,6.4658,-0.04398,-0.06929,-0.04399
48.14,-14.55444,3.36941,-0.9901,-2.32239,-0.45805,0.02833,-2.89013,0.02138,-0.06259,-1.63222,-3.26448,0.02416,-0.01918,-0.31359,-0.73125,0.40609,-1.41041,0.11907,-0.4394,-0.11545,0.62018,0.78679,-0.01171,1.88931,-0.02515,-0.0456,-0.0208,0.47484,-0.68786,0.12114,6.47212,-0.04227,-0.06572,-0.03803
48.16,-11.91229,2.96928,-0.90826,-3.35325,-0.47301,0.05404,-3.00591,0.099,0.0284,-2.26501,-3.73636,0.05115,-0.00861,-0.46366,-0.56228,0.48942,-1.39809,0.12853,-0.41952,-0.10842,0.60664,0.61035,0.00484,1.59722,-0.03064,-0.05327,-0.01986,0.73574,-0.64312,0.12845,6.30717,-0.03852,-0.05925,-0.0313
48.18,-9.35675,2.51711,-0.65974,-4.21404,-0.46507,0.08057,-2.98805,0.13604,0.09649,-3.01515,-4.18824,0.08808,0.00708,-0.54356,-0.3358,0.52776,-1.36928,0.13181,-0.37637,-0.09674,0.5813,0.43587,0.01786,1.30683,-0.03431,-0.0572,-0.01687,0.90823,-0.49561,0.16148,6.00198,-0.03274,-0.04984,-0.02444
48.2,-7.006,2.10061,-0.35238,-4.44224,-0.43999,0.10376,-2.68149,0.10464,0.13741,-3.8769,-4.60618,0.13625,0.02829,-0.53471,-0.09569,0.53051,-1.3449,0.12898,-0.31709,-0.08416,0.54467,0.26591,0.02758,1.03281,-0.0361,-0.0578,-0.01272,1.01818,-0.29891,0.21553,5.58315,-0.02534,-0.03832,-0.01827
48.22,-4.9498,1.76464,-0.15098,-4.71017,-0.38213,0.11819,-1.83913,0.01959,0.1507,-4.83193,-4.9723,0.19585,0.05512,-0.35835,0.1156,0.52328,-1.35233,0.12086,-0.24939,-0.07335,0.49869,0.11012,0.03425,0.7893,-0.03607,-0.0557,-0.00826,1.08398,-0.11011,0.28985,5.08056,-0.01687,-0.02561,-0.01361
48.24,-3.22317,1.53323,0.00622,-4.97561,-0.29922,0.10298,-0.56738,-0.1401,0.13943,-5.86273,-5.26941,0.26605,0.08701,-0.13132,0.26397,0.4898,-1.41567,0.11078,-0.17593,-0.06082,0.44963,-0.0174,0.038,0.5862,-0.03442,-0.05141,-0.00396,1.12018,0.02803,0.38322,4.53545,-0.00779,-0.01224,-0.01104
48.26,-1.83114,1.38956,0.17587,-5.1993,-0.20375,0.08108,0.89231,-0.41787,0.11035,-6.942,-5.47712,0.34388,0.12212,-0.073,0.30571,0.40789,-1.57196,0.10134,-0.09922,-0.04563,0.40093,-0.11183,0.03887,0.42492,-0.03143,-0.04548,-0.00019,1.1579,0.08571,0.48942,3.91152,0.00148,0.00119,-0.01088
48.28,-0.76383,1.28544,0.28358,-5.3792,-0.11072,0.05502,2.46498,-0.811,0.07231,-8.03397,-5.56734,0.42186,0.15615,-0.28748,0.21774,0.28652,-1.87258,0.09343,-0.02158,-0.02895,0.35178,-0.17201,0.03653,0.29899,-0.02749,-0.03855,0.00291,1.18919,0.05532,0.61114,3.30896,0.01059,0.01416,-0.01309
48.3,0.00777,1.16717,0.22219,-5.54285,-0.03172,0.02309,4.37561,-1.16207,0.03469,-9.06195,-5.48926,0.49129,0.1859,-0.67327,0.05441,0.19651,-2.37674,0.08671,0.05589,-0.01066,0.30037,-0.19688,0.03201,0.19694,-0.02312,-0.03141,0.00539,1.18946,-0.05155,0.75351,2.78651,0.01903,0.02597,-0.01727
48.32,0.53252,1.01414,-0.36936,-5.69711,0,-0.01628,6.45866,-1.21466,0.00376,-9.69008,-5.18609,0.54041,0.20598,-0.91653,-0.03638,0.21725,-3.13559,0.07959,0.13246,0.00832,0.24435,-0.18677,0.02708,0.10499,-0.01886,-0.02479,0.00743,1.15767,-0.21623,0.9176,2.34404,0.02633,0.03613,-0.02281
48.34,0.8519,0.81906,-1.40066,-5.79829,-0.06188,-0.04616,8.23069,-1.06882,-0.01432,-9.79684,-4.65058,0.5527,0.20555,-0.76864,-0.01898,0.2669,-4.12816,0.07144,0.20448,0.0255,0.18091,-0.14823,0.02107,0.0103,-0.01514,-0.01911,0.00922,1.12939,-0.41902,1.10159,1.99031,0.03219,0.04423,-0.02914
48.36,0.99565,0.61422,-1.37188,-5.82171,-0.24227,-0.03157,10.05731,-0.82608,-0.00728,-9.69351,-3.89698,0.51715,0.18298,-0.30227,-0.00826,0.21147,-5.11419,0.06214,0.2591,0.03837,0.10746,-0.0917,0.01328,-0.09635,-0.01222,-0.01463,0.01092,1.12499,-0.63943,1.29942,1.72857,0.03658,0.05009,-0.03582
48.38,1.01454,0.3507,-1.08123,-5.84594,-0.38843,0.05411,12.07068,-0.46417,0.03582,-9.42828,-2.94289,0.42948,0.1426,0.6168,0.00745,0.09784,-6.19107,0.05047,0.29256,0.04746,0.0221,-0.02445,0.00458,-0.21922,-0.01022,-0.01149,0.01255,1.13612,-0.86118,1.50056,1.55348,0.03972,0.05415,-0.04246
48.4,0.95325,0.04132,-0.02294,-5.82139,-0.49581,0.21931,15.07591,-0.08467,0.14244,-9.18122,-1.85553,0.28597,0.08858,2.65061,-0.10038,-0.0596,-7.27186,0.03626,0.29674,0.0573,-0.076,0.04185,-0.00364,-0.35728,-0.00913,-0.00969,0.01406,1.16638,-1.06213,1.6932,1.45694,0.04201,0.05694,-0.04866
48.42,0.8497,-0.26768,1.92117,-5.68436,-0.5634,0.24118,19.81554,0.2659,0.33645,-9.06338,-0.70661,0.08889,0.02996,6.76614,-0.61829,-0.20509,-8.28038,0.01805,0.26493,0.07458,-0.18569,0.09666,-0.01014,-0.50617,-0.00886,-0.00909,0.01538,1.21571,-1.21551,1.86604,1.42647,0.04389,0.05899,-0.05408
48.44,0.724,-0.49927,3.91986,-5.39808,-0.59564,0.25424,25.57055,0.62298,0.59205,-9.08012,0.43558,-0.15198,-0.02162,12.13354,-1.55896,-0.25123,-9.37375,-0.00902,0.19619,0.10857,-0.30647,0.14249,-0.0153,-0.66227,-0.00923,-0.00948,0.01636,1.25702,-1.31742,1.99943,1.44467,0.04572,0.06102,-0.05849
48.46,0.58953,-0.57496,5.16042,-4.98207,-0.60591,0.25932,31.51187,1.08754,0.838,-9.24409,1.47323,-0.43239,-0.0612,17.68491,-2.49176,-0.08825,-10.86457,-0.05342,0.09488,0.16547,-0.43955,0.18229,-0.01976,-0.82441,-0.01006,-0.0106,0.01691,1.2673,-1.37509,2.07759,1.49171,0.04764,0.06337,-0.06177
48.48,0.45511,-0.48418,5.11807,-4.37152,-0.60944,0.25839,37.225,1.49634,0.9811,-9.45818,2.27672,-0.74424,-0.08709,22.59359,-3.37969,0.20866,-12.40914,-0.12204,-0.02977,0.22072,-0.58575,0.21376,-0.02337,-0.99279,-0.01112,-0.01213,0.01708,1.2377,-1.39047,2.10018,1.54546,0.04947,0.06566,-0.06385
48.5,0.33097,-0.22515,3.98824,-3.69245,-0.58376,0.24791,41.84652,2.86432,0.93725,-9.88081,2.72649,-1.08524,-0.09893,28.26199,-2.10952,0.85809,-15.40517,-0.23484,-0.16449,0.30438,-0.74181,0.23918,-0.02547,-1.16758,-0.01215,-0.01369,0.01694,1.15388,-1.37082,2.06235,1.58269,0.05082,0.06741,-0.06465
48.52,0.21726,0.03498,2.12171,-3.26717,-0.48311,0.22233,42.83904,6.99944,0.62462,-10.1727,2.72568,-1.46041,-0.09466,38.40782,3.75032,1.85759,-21.39313,-0.42119,-0.32521,0.41249,-0.90098,0.26166,-0.02547,-1.34875,-0.01289,-0.01489,0.01658,1.00632,-1.32342,1.96205,1.58209,0.05115,0.06795,-0.06416
48.54,0.11779,-0.13567,0.90437,-2.93511,-0.35146,0.18653,38.04405,13.17578,0.08578,-9.469,2.11467,-1.82741,-0.07491,47.20323,11.69782,2.73919,-26.91143,-0.65345,-0.58165,0.41592,-1.06193,0.2769,-0.02411,-1.53727,-0.01313,-0.01544,0.01613,0.79594,-1.25385,1.81252,1.52561,0.04988,0.06611,-0.06256
48.56,0.0432,-0.4594,0.4619,-2.48708,-0.23033,0.15217,30.06867,18.78769,-0.53214,-7.54261,0.81221,-2.10351,-0.04971,48.84001,18.26269,3.05546,-28.04355,-0.8575,-0.9573,0.25807,-1.22623,0.28234,-0.02224,-1.73425,-0.01276,-0.01521,0.01567,0.5256,-1.16656,1.62633,1.40778,0.04658,0.0609,-0.06015
48.58,-0.0035,-0.56248,0.50291,-1.89706,-0.08657,0.12003,19.42342,24.74231,-1.02002,-3.93073,-1.13777,-2.21509,-0.02384,41.55034,24.65141,2.98714,-23.8241,-0.99677,-1.51709,0.0039,-1.39226,0.28026,-0.02021,-1.93912,-0.01176,-0.01413,0.0152,0.2037,-1.05959,1.40971,1.23498,0.04108,0.05194,-0.05736
48.6,-0.02629,-0.3871,0.32376,-1.25486,0.02204,0.10163,11.1673,26.66712,-1.122,0.14254,-3.5908,-2.0406,-0.01295,29.19887,25.8848,2.2866,-15.51695,-0.96808,-1.98205,-0.25054,-1.55149,0.26363,-0.01755,-2.14763,-0.01021,-0.01233,0.01469,-0.15417,-0.94232,1.16792,1.02165,0.03333,0.0388,-0.05489
48.62,-0.03581,-0.21865,0.12753,-0.82649,0.01276,0.09393,8.51027,19.79393,-0.82277,2.16254,-6.14613,-1.59773,-0.01939,22.74463,17.58976,1.175,-8.92316,-0.72628,-1.82655,-0.34947,-1.69215,0.22772,-0.01402,-2.35356,-0.00821,-0.00995,0.01408,-0.51608,-0.82204,0.90802,0.78731,0.02343,0.02135,-0.05351
48.64,-0.03834,-0.06815,0.0319,-0.55749,-0.03779,0.09046,8.26812,12.23174,-0.36043,2.78527,-8.50605,-1.07592,-0.02412,18.15868,10.00916,0.42489,-4.29912,-0.43719,-1.36837,-0.29227,-1.81414,0.18121,-0.01077,-2.55347,-0.00586,-0.00709,0.01327,-0.85598,-0.68545,0.63928,0.54923,0.01148,-0.00025,-0.05399
48.66,-0.03654,0.09174,-0.10433,-0.29957,-0.07049,0.09023,8.69261,7.41773,0.05611,2.90932,-10.56799,-0.63025,-0.02113,14.57855,5.80547,0.09759,-0.86455,-0.20233,-0.95951,-0.18245,-1.92096,0.1283,-0.00856,-2.7461,-0.00318,-0.00377,0.01214,-1.16681,-0.52576,0.36442,0.31425,-0.00257,-0.02629,-0.05704
48.68,-0.0329,0.25983,-0.33165,-0.11515,-0.10436,0.09265,9.70192,4.12376,0.31366,2.88298,-12.16874,-0.29926,-0.01299,12.62854,3.62017,0.02251,0.92555,-0.05345,-0.55629,-0.07159,-2.01102,0.06751,-0.00734,-2.92977,-0.00019,-1e-05,0.01059,-1.44332,-0.34852,0.08071,0.07939,-0.01887,-0.0572,-0.06336
48.7,-0.02841,0.41978,-0.63751,0.00489,-0.1199,0.0971,10.52909,2.18381,0.40009,2.92389,-13.04895,-0.14075,-0.00196,11.407,2.74963,0.02378,1.53657,0.01217,-0.22228,-0.01704,-2.07323,-0.00076,-0.00649,-3.10149,0.00313,0.00423,0.00854,-1.6802,-0.16087,-0.21437,-0.16416,-0.03741,-0.09315,-0.07366
48.72,-0.0235,0.54231,-0.97319,0.07315,-0.07745,0.10323,10.48936,1.14411,0.36505,2.52673,-12.95296,-0.13877,0.00929,10.34791,2.44213,0.01767,1.53691,0.03271,-0.0351,-0.0362,-2.09384,-0.07349,-0.00567,-3.25767,0.00681,0.00895,0.00592,-1.87326,0.03043,-0.52059,-0.42755,-0.05796,-0.13416,-0.08847
48.74,-0.01857,0.61757,-1.25822,0.10342,-0.03158,0.10991,9.75568,0.52189,0.29219,2.11916,-12.09279,-0.18455,0.01923,9.3627,2.1694,0.0205,1.3325,0.0419,0.05229,-0.06689,-2.07958,-0.14717,-0.00522,-3.39766,0.01082,0.01411,0.0027,-2.02637,0.21992,-0.83657,-0.71969,-0.07972,-0.1784,-0.10692
48.76,-0.01393,0.63357,-1.45039,0.10837,0.00655,0.11648,8.62791,0.18236,0.25835,1.99598,-10.73385,-0.21857,0.02741,8.27822,1.829,0.04785,1.20479,0.05342,0.08887,-0.07991,-2.04055,-0.21979,-0.00563,-3.52247,0.01507,0.0196,-0.00105,-2.1476,0.4018,-1.16003,-1.04325,-0.10122,-0.22226,-0.12679
48.78,-0.00978,0.59135,-1.54206,0.09869,0.03135,0.11378,7.25622,0.07188,0.26873,1.93031,-8.92997,-0.22962,0.03354,7.01723,1.42062,0.10111,1.29838,0.07144,0.09973,-0.08634,-1.97603,-0.29049,-0.0076,-3.6325,0.01936,0.02511,-0.00519,-2.24243,0.56875,-1.48604,-1.39149,-0.12024,-0.26286,-0.14539
48.8,-0.0063,0.46244,-1.5653,0.08223,0.04317,0.10615,5.78847,0.13421,0.25178,1.74598,-7.08467,-0.23995,0.03714,5.51018,1.00694,0.1901,1.27086,0.07983,0.07973,-0.0855,-1.88473,-0.34863,-0.00886,-3.72726,0.02342,0.03031,-0.00944,-2.29661,0.71865,-1.79195,-1.74655,-0.13303,-0.28661,-0.15595
48.82,-0.00352,0.22174,-1.55572,0.06381,0.0456,0.10305,4.34608,0.32237,0.14876,1.37243,-5.47309,-0.25783,0.03796,3.85819,0.61108,0.35305,0.77333,0.06404,0.02606,-0.07733,-1.76422,-0.37687,-0.00621,-3.80456,0.02693,0.03494,-0.01344,-2.28774,0.85438,-2.04363,-2.08346,-0.13531,-0.27566,-0.15043
48.84,-0.00139,-0.04483,-1.50161,0.04666,0.04159,0.1011,3.00525,0.59131,0.05197,0.96379,-3.96602,-0.24831,0.03657,2.33081,0.23007,0.56995,0.31622,0.04424,-0.01689,-0.06868,-1.61838,-0.3797,-0.00229,-3.86067,0.02963,0.03856,-0.01693,-2.23053,0.96462,-2.2433,-2.37909,-0.12545,-0.23756,-0.1292
48.86,0.00015,-0.25407,-1.39909,0.03224,0.03379,0.09792,1.80094,0.88953,0.00787,0.61139,-2.56234,-0.20627,0.03378,1.04255,-0.09482,0.76712,0.10384,0.03318,-0.03123,-0.06124,-1.45267,-0.36696,0.00051,-3.88966,0.03148,0.04098,-0.01984,-2.14363,1.03798,-2.40853,-2.616,-0.10355,-0.18218,-0.09511
48.88,0.00117,-0.39464,-1.26806,0.02091,0.02505,0.09292,0.7414,1.17656,-0.01105,0.30989,-1.35893,-0.15,0.03016,-0.00069,-0.33302,0.94363,0.00902,0.02799,-0.03242,-0.05372,-1.26643,-0.33737,0.00332,-3.88201,0.03264,0.04247,-0.02215,-2.02272,1.07586,-2.54331,-2.78093,-0.07077,-0.1111,-0.05074
48.9,0.00176,-0.42016,-1.12033,0.01256,0.01664,0.08533,-0.16332,1.42143,-0.0151,0.0712,-0.37052,-0.09145,0.02611,-0.8003,-0.47647,1.054,-0.0088,0.02264,-0.02612,-0.04661,-1.06572,-0.29552,0.00586,-3.82569,0.03341,0.04335,-0.02397,-1.87437,1.07831,-2.66417,-2.86245,-0.03085,-0.03768,-0.00369
48.92,0.00202,-0.31247,-0.96613,0.0068,0.00934,0.07509,-0.895,1.60244,-0.01066,-0.09969,0.40671,-0.03774,0.02191,-1.37537,-0.53394,1.0359,0.01278,0.0138,-0.01501,-0.04037,-0.85908,-0.24673,0.00781,-3.70754,0.03408,0.04394,-0.02542,-1.70918,1.04747,-2.79277,-2.85091,0.01254,0.03679,0.04232
48.94,0.00204,-0.14813,-0.81378,0.0031,0.0041,0.06396,-1.44475,1.70926,-0.00274,-0.20717,0.98722,0.00767,0.01803,-1.74606,-0.52728,0.95517,0.0452,0.00717,-0.0027,-0.03422,-0.64657,-0.19439,0.00944,-3.51494,0.03489,0.04467,-0.02653,-1.52412,0.98747,-2.92753,-2.74119,0.05643,0.11621,0.08447
48.96,0.00189,0.0141,-0.66476,0.00095,0.001,0.05292,-1.82272,1.73345,0.00541,-0.26229,1.39221,0.0424,0.0146,-1.93682,-0.47912,0.85965,0.07336,0.00475,0.00805,-0.02778,-0.43474,-0.14274,0.01046,-3.23442,0.03579,0.04561,-0.0272,-1.31919,0.90244,-3.06285,-2.5317,0.09749,0.19198,0.1169
48.98,0.00165,0.155,-0.51673,-0.0001,-0.00045,0.04167,-2.04572,1.66383,0.01176,-0.27783,1.63546,0.06602,0.01147,-1.97547,-0.40812,0.73779,0.09018,0.00365,0.0156,-0.02102,-0.23356,-0.09452,0.01043,-2.8671,0.03642,0.04625,-0.02732,-1.10518,0.7996,-3.20241,-2.2249,0.1329,0.25754,0.13733
49,0.00136,0.25877,-0.3656,-0.00044,-0.00078,0.02997,-2.1378,1.49127,0.01583,-0.2653,1.72858,0.07965,0.00848,-1.89011,-0.32866,0.59974,0.09501,0.00363,0.01959,-0.01373,-0.05477,-0.05676,0.00819,-2.4187,0.03616,0.0459,-0.02656,-0.87742,0.68096,-3.28901,-1.83183,0.1604,0.30983,0.14429
49.02,0.00106,0.30987,-0.20753,-0.00041,-0.00045,0.01756,-2.12424,1.21,0.01781,-0.23447,1.68046,0.08492,0.00547,-1.70729,-0.25059,0.45228,0.08926,0.00489,0.02058,-0.00572,0.0935,-0.03159,0.00357,-1.90045,0.03427,0.04375,-0.02453,-0.62964,0.55269,-3.24817,-1.36653,0.17845,0.34895,0.13769
49.04,0.00078,0.28237,-0.04034,-0.00023,0.0002,0.00428,-2.0241,0.8164,0.01815,-0.19417,1.48931,0.0839,0.00233,-1.44814,-0.1803,0.27294,0.07299,0.00622,0.01886,0.00297,0.1854,-0.01373,-0.00256,-1.32783,0.03004,0.03867,-0.02113,-0.40072,0.43028,-3.10422,-0.84207,0.18531,0.36783,0.1199
49.06,0.00054,0.16577,0.13471,-6e-05,0.00087,-0.00964,-1.85093,0.32543,0.01734,-0.15076,1.16495,0.07849,-0.00095,-1.13059,-0.12099,0.05788,0.04867,0.00701,0.01505,0.01211,0.20805,-0.00095,-0.00938,-0.71828,0.02296,0.02985,-0.01636,-0.21543,0.31979,-2.8727,-0.27331,0.18034,0.36066,0.09406
49.08,0.00033,-0.02857,0.31134,4e-05,0.00139,-0.02357,-1.61215,-0.22456,0.01599,-0.10819,0.7384,0.07038,-0.00433,-0.77219,-0.07356,-0.18486,0.0208,0.00755,0.01032,0.02095,0.16798,0.00692,-0.01507,-0.09445,0.01288,0.017,-0.0103,-0.07416,0.21732,-2.5263,0.32075,0.1653,0.33408,0.06436
49.1,0.00017,-0.27524,0.47653,6e-05,0.00169,-0.03619,-1.3137,-0.77105,0.01448,-0.06993,0.24816,0.06109,-0.00764,-0.39085,-0.03769,-0.4258,-0.00638,0.00725,0.00517,0.02878,0.05213,0.01162,-0.01567,0.51398,-4e-05,0.00014,-0.00331,-0.00107,0.1175,-2.1089,0.91727,0.14219,0.28569,0.03495
49.12,4e-05,-0.52758,0.61285,2e-05,0.00171,-0.04555,-0.95764,-1.22173,0.01311,-0.03795,-0.25088,0.05183,-0.01065,-0.00419,-0.01216,-0.55802,-0.02701,0.00574,0.00075,0.03545,-0.08431,0.01801,-0.00644,1.08452,-0.01529,-0.02007,0.00427,0.06101,0.01363,-1.65866,1.49855,0.11409,0.2192,0.01142
49.14,-4e-05,-0.74734,0.70788,-4e-05,0.00154,-0.05099,-0.5412,-1.51988,0.01221,-0.01268,-0.70833,0.04336,-0.01317,0.37409,0.00474,-0.58394,-0.03775,0.004,-0.00178,0.03942,-0.17522,0.02832,0.01465,1.6012,-0.03214,-0.04261,0.01216,0.17512,-0.09917,-1.16868,2.04836,0.08531,0.15539,-0.00155
49.16,-0.0001,-0.91197,0.7562,-0.0001,0.00127,-0.05272,-0.06823,-1.65488,0.01193,0.00572,-1.10036,0.03606,-0.0151,0.73386,0.01463,-0.5599,-0.03939,0.00265,-0.0027,0.03944,-0.22464,0.0425,0.04745,2.05661,-0.04974,-0.06641,0.01994,0.32867,-0.22047,-0.66279,2.55442,0.05856,0.10352,-0.00348
49.18,-0.00013,-0.99818,0.75697,-0.00013,0.00096,-0.05078,0.4461,-1.62978,0.01215,0.01772,-1.4154,0.02999,-0.01636,1.06464,0.01916,-0.48561,-0.0333,0.00156,-0.00247,0.03618,-0.23515,0.06432,0.08668,2.45914,-0.06693,-0.09013,0.02723,0.51942,-0.34371,-0.18823,3.01478,0.03501,0.06262,0.00339
49.2,-0.00014,-1.01115,0.71363,-0.00013,0.00066,-0.04602,0.97656,-1.48265,0.01267,0.02429,-1.6523,0.02492,-0.01693,1.35435,0.0198,-0.40204,-0.02361,0.00081,-0.00175,0.03011,-0.20421,0.09469,0.12442,2.82508,-0.08202,-0.11101,0.0337,0.76601,-0.45832,0.21115,3.4268,0.01533,0.03206,0.01502
49.22,-0.00014,-0.96764,0.6326,-0.0001,0.00043,-0.0394,1.49433,-1.26183,0.01318,0.02671,-1.81689,0.02041,-0.01679,1.59047,0.01785,-0.33424,-0.01422,0.00043,-0.00096,0.02247,-0.12218,0.13231,0.15491,3.16641,-0.09314,-0.1253,0.03901,1.09642,-0.55394,0.51553,3.78624,-0.00027,0.0095,0.02744
49.24,-0.00012,-0.8576,0.5224,-5e-05,0.00025,-0.03144,1.97286,-0.99929,0.01331,0.02672,-1.91703,0.01598,-0.01596,1.76232,0.0145,-0.26265,-0.00536,0.00024,-0,0.01548,0.05397,0.18184,0.16696,3.40422,-0.1,-0.13219,0.04258,1.46591,-0.62113,0.71347,4.09197,-0.01194,-0.00785,0.03675
49.26,-9e-05,-0.68797,0.39067,1e-05,0.00012,-0.0227,2.39479,-0.72264,0.01276,0.0262,-1.96279,0.01106,-0.01446,1.86698,0.0107,-0.18344,0.00203,0.00014,0.00098,0.01019,0.25185,0.23962,0.15252,3.59463,-0.10168,-0.13233,0.0439,1.81464,-0.65594,0.79888,4.34376,-0.02005,-0.02162,0.03993
49.28,-6e-05,-0.49146,0.24431,7e-05,4e-05,-0.01383,2.75496,-0.4555,0.01122,0.02705,-1.9641,0.00512,-0.01237,1.91062,0.00716,-0.10733,0.00699,0.0001,0.00179,0.00665,0.46431,0.30144,0.11295,3.73793,-0.09811,-0.12559,0.04254,2.14145,-0.66194,0.79474,4.53971,-0.02508,-0.03272,0.03669
49.3,-2e-05,-0.28954,0.09153,0.00012,1e-05,-0.00535,3.05266,-0.21433,0.00857,0.0312,-1.93141,-0.00232,-0.00986,1.90288,0.00447,-0.03943,0.00958,0.0001,0.00227,0.00469,0.67306,0.35742,0.05895,3.82814,-0.08987,-0.11351,0.03825,2.41644,-0.64113,0.72264,4.68082,-0.02752,-0.04115,0.0282
49.32,2e-05,-0.10843,-0.05921,0.00015,-0,0.00236,3.28959,-0.00915,0.00479,0.04027,-1.87353,-0.01151,-0.00707,1.85616,0.00311,0.01738,0.01063,0.00012,0.0023,0.0039,0.86079,0.3953,0.00827,3.85712,-0.07789,-0.0979,0.03102,2.61171,-0.59645,0.6085,4.76941,-0.02777,-0.04607,0.01732
49.34,6e-05,0.02695,-0.20069,0.00017,1e-05,0.00912,3.47196,0.15617,-0.00014,0.05523,-1.79512,-0.02244,-0.00403,1.78636,0.00348,0.06169,0.01054,0.00015,0.00178,0.00383,1.02532,0.41389,-0.0314,3.81963,-0.06314,-0.0796,0.02059,2.74729,-0.53873,0.49555,4.80111,-0.02599,-0.04645,0.00792
49.36,9e-05,0.11556,-0.32747,0.00017,3e-05,0.01482,3.60695,0.28253,-0.00585,0.07594,-1.69779,-0.03475,-0.00073,1.70898,0.00596,0.09283,0.0095,0.00018,0.00072,0.00414,1.16433,0.41347,-0.05519,3.71555,-0.04681,-0.05971,0.00751,2.83841,-0.47679,0.4103,4.77518,-0.02205,-0.04087,0.00277
49.38,0.00012,0.16789,-0.43513,0.00016,4e-05,0.01945,3.69948,0.37539,-0.01175,0.10056,-1.58082,-0.0477,0.00277,1.63862,0.01086,0.11185,0.00809,0.00022,-0.00077,0.0046,1.27661,0.39039,-0.05558,3.5526,-0.03035,-0.03983,-0.00674,2.88907,-0.4142,0.36058,4.70031,-0.01557,-0.02757,0.00368
49.4,0.00014,0.19192,-0.5199,0.00015,5e-05,0.02312,3.75253,0.44286,-0.01681,0.12647,-1.44369,-0.06004,0.00646,1.59008,0.01843,0.12053,0.00618,0.00025,-0.00248,0.00505,1.35012,0.35135,-0.0436,3.34355,-0.01565,-0.02232,-0.01985,2.89475,-0.35715,0.35036,4.58408,-0.00589,-0.00453,0.01185
49.42,0.00015,0.19099,-0.57875,0.00013,6e-05,0.02596,3.76626,0.49387,-0.01947,0.15041,-1.28134,-0.07021,0.01024,1.57666,0.02884,0.12115,0.00386,0.00027,-0.00404,0.00537,1.37628,0.30396,-0.02672,3.1046,-0.00442,-0.00883,-0.0281,2.85342,-0.31033,0.3785,4.43521,0.00778,0.03043,0.02796
49.44,0.00014,0.17575,-0.60957,0.0001,6e-05,0.02809,3.73579,0.53696,-0.01949,0.16673,-1.0764,-0.07707,0.01403,1.60684,0.04204,0.11673,0.00166,0.00027,-0.00514,0.00546,1.37007,0.24742,-0.00109,2.85328,0.00215,-0.00017,-0.03018,2.78873,-0.27288,0.43869,4.26674,0.02627,0.07952,0.05232
49.46,0.00011,0.15676,-0.61227,7e-05,5e-05,0.02961,3.65387,0.57853,-0.01747,0.1688,-0.80403,-0.07977,0.01766,1.68024,0.05769,0.1099,-0.00023,0.00023,-0.00547,0.0052,1.34169,0.18472,0.02647,2.6009,0.00367,0.00298,-0.0271,2.71616,-0.24351,0.522,4.08679,0.05028,0.14457,0.08475
49.48,7e-05,0.13685,-0.58898,5e-05,4e-05,0.03065,3.51276,0.62178,-0.01355,0.15045,-0.43474,-0.07725,0.02073,1.78569,0.07506,0.10283,-0.00165,0.00014,-0.00468,0.00449,1.28996,0.12269,0.04897,2.3521,0.00067,0.00095,-0.01999,2.63074,-0.22146,0.61559,3.89749,0.08021,0.2266,0.12435
49.5,4e-05,0.10975,-0.54364,2e-05,3e-05,0.03134,3.29765,0.66849,-0.00861,0.10505,0.0663,-0.06837,0.0229,1.90229,0.09285,0.09659,-0.00228,-2e-05,-0.00236,0.00323,1.34181,0.06832,0.06429,1.89979,-0.00556,-0.00485,-0.01197,2.5311,-0.2054,0.70837,3.69799,0.1159,0.32532,0.16976
49.52,1e-05,0.06475,-0.48007,1e-05,1e-05,0.03181,2.99112,0.71904,-0.00325,0.02609,0.72494,-0.05177,0.02385,2.00351,0.10903,0.09119,-0.00172,-0.00016,0.00189,0.00139,2.02329,0.02498,0.0728,0.40848,-0.01582,-0.01198,-0.00547,2.41646,-0.19347,0.79219,3.48689,0.15602,0.43533,0.21854
49.54,-1e-05,0.00847,-0.39932,-1e-05,1e-05,0.03191,2.58023,0.77055,0.00286,-0.09281,1.55048,-0.02604,0.02278,2.06386,0.12058,0.08646,7e-05,-3e-05,0.00846,-0.00096,2.79591,-0.01929,0.06925,-1.23209,-0.03024,-0.01831,-0.00186,2.27903,-0.18292,0.84966,3.2648,0.19816,0.55137,0.26687
49.56,-1e-05,-0.05464,-0.3003,-1e-05,0,0.03138,2.04635,0.8194,0.01036,-0.25723,2.53201,0.01051,0.01925,2.06327,0.12333,0.07988,0.00301,0.00081,0.01781,-0.00356,3.59411,-0.06018,0.05242,-2.9139,-0.04819,-0.02271,-0.00186,2.11592,-0.17113,0.86668,3.03211,0.23809,0.6629,0.30891
49.58,-0,-0.13978,-0.18044,-1e-05,0,0.02996,1.3648,0.86267,0.02039,-0.47402,3.60156,0.05945,0.01364,1.98821,0.11199,0.06551,0.00649,0.00326,0.02998,-0.00596,4.32901,-0.09315,0.02461,-4.50343,-0.06777,-0.0247,-0.00477,1.93306,-0.15616,0.84308,2.78971,0.26802,0.734,0.33447
49.6,2e-05,-0.24424,-0.03576,-1e-05,0,0.0272,0.51592,0.897,0.03802,-0.74234,4.72341,0.12291,0.00642,1.83082,0.07984,0.03796,0.0107,0.00892,0.04577,-0.00746,4.91505,-0.11821,-0.00609,-5.87929,-0.08592,-0.02447,-0.00842,1.72851,-0.1367,0.77599,2.53948,0.28219,0.78204,0.34119
49.62,4e-05,-0.35832,0.13724,-0,1e-05,0.02264,-0.51418,0.91811,0.06899,-1.05428,5.93145,0.2058,-0.00107,1.58675,0.0191,-0.01051,0.01923,0.01984,0.06736,-0.00732,5.30253,-0.14352,-0.02665,-6.97542,-0.09889,-0.02233,-0.01043,1.50665,-0.11191,0.66711,2.28541,0.27628,0.84779,0.32915
49.64,5e-05,-0.51997,0.33975,0,1e-05,0.01607,-1.72631,0.92452,0.12516,-1.40725,7.10423,0.31124,-0.00724,1.25156,-0.07875,-0.08981,0.03325,0.03919,0.09411,-0.00526,5.47038,-0.17967,-0.03052,-7.78358,-0.10273,-0.0188,-0.01008,1.2882,-0.0817,0.53031,2.03513,0.23834,0.82146,0.27612
49.66,5e-05,-0.7675,0.56826,0,1e-05,0.00742,-3.08969,0.91697,0.21501,-1.80951,8.10341,0.44065,-0.01149,0.82041,-0.22274,-0.20006,0.05131,0.06987,0.12427,-0.0014,5.41708,-0.23496,-0.01658,-8.31743,-0.09466,-0.01449,-0.00752,1.08543,-0.04726,0.37809,1.79323,0.16312,0.60857,0.17045
49.68,4e-05,-1.08442,0.80913,0,1e-05,-0.00306,-4.54952,0.89728,0.29638,-2.31231,8.98346,0.59602,-0.01362,0.28937,-0.42088,-0.34106,0.07678,0.10954,0.15838,0.00378,5.16909,-0.3098,0.01452,-8.57536,-0.07481,-0.00988,-0.00326,0.90103,-0.01153,0.22176,1.56048,0.05813,0.22216,0.02119
49.7,2e-05,-1.499,1.04153,0,0,-0.01475,-5.9226,0.88349,0.47494,-2.7169,9.71877,0.78101,-0.01386,-0.34222,-0.67948,-0.47701,0.11119,0.16562,0.19636,0.00949,4.76569,-0.39204,0.05487,-8.51773,-0.04711,-0.00513,0.00218,0.73486,0.02102,0.07585,1.3406,-0.06436,-0.34124,-0.15593
49.72,1e-05,-2.04122,1.23705,-0,0,-0.02688,-6.87362,0.89125,0.92852,-2.67707,10.24534,0.99569,-0.01294,-1.06426,-1.00266,-0.52884,0.14154,0.25218,0.23712,0.01518,4.24666,-0.46202,0.08005,-8.08049,-0.01804,-0.00083,0.00611,0.58834,0.0473,-0.04247,1.13751,-0.17551,-0.78889,-0.30392
49.74,1e-05,-2.55232,1.36111,0,0,-0.03865,-7.3093,0.91137,1.39072,-2.42387,10.70418,1.22536,-0.01164,-1.85457,-1.38586,-0.5184,0.17166,0.35025,0.28027,0.02008,3.6499,-0.49652,0.08396,-7.22895,0.00621,0.00217,0.0067,0.46734,0.06432,-0.11973,0.95111,-0.25442,-0.96824,-0.39191
49.76,2e-05,-2.88119,1.39791,0,1e-05,-0.04929,-7.30658,0.93299,1.62151,-2.15906,11.17355,1.44697,-0.01041,-2.67746,-1.81524,-0.48542,0.21182,0.43556,0.32368,0.02344,3.00751,-0.48298,0.0776,-6.00167,0.02205,0.00383,0.00497,0.37225,0.06976,-0.15135,0.78085,-0.29904,-0.99729,-0.43046
49.78,5e-05,-3.01678,1.35501,1e-05,2e-05,-0.05847,-6.87106,0.93698,1.65783,-1.78606,11.52101,1.62762,-0.00966,-3.47828,-2.27143,-0.42161,0.19146,0.50751,0.36201,0.02534,2.34711,-0.42879,0.0613,-4.50596,0.02885,0.00428,0.00192,0.2983,0.06453,-0.13977,0.62679,-0.30797,-0.87935,-0.41733
49.8,7e-05,-2.92249,1.25702,1e-05,4e-05,-0.0656,-6.20279,0.89596,1.47341,-1.48288,11.7581,1.76137,-0.00891,-4.15029,-2.70279,-0.36037,0.27177,0.55872,0.39589,0.02571,1.68839,-0.34787,0.0458,-2.86392,0.02802,0.00392,-0.00062,0.24122,0.05106,-0.09468,0.48885,-0.29159,-0.73013,-0.37549
49.82,9e-05,-2.63602,1.13274,1e-05,6e-05,-0.07008,-5.48688,0.78789,1.1539,-1.37417,11.92686,1.86485,-0.00756,-4.56591,-3.0317,-0.32309,0.71245,0.5828,0.42835,0.02452,1.02826,-0.25819,0.03967,-1.15372,0.02154,0.00321,-0.00243,0.19651,0.03297,-0.02837,0.36786,-0.26285,-0.642,-0.32902
49.84,0.00011,-2.28842,1.00128,1e-05,6e-05,-0.0724,-4.69875,0.58383,0.84584,-1.27693,11.70709,1.8873,-0.00616,-4.70992,-3.2136,-0.27627,1.16191,0.58691,0.45299,0.02261,0.34769,-0.18136,0.03445,0.58604,0.0111,0.00235,-0.0036,0.15936,0.01419,0.04869,0.26467,-0.22434,-0.55373,-0.2722
49.86,0.00011,-1.95618,0.87382,1e-05,6e-05,-0.07306,-3.83913,0.27431,0.59777,-1.10386,10.87911,1.7942,-0.00507,-4.6142,-3.23058,-0.20973,1.39242,0.57795,0.46674,0.02055,-0.3593,-0.13763,0.02554,2.30646,-0.00169,0.00151,-0.00339,0.12641,-0.00276,0.12771,0.17851,-0.1791,-0.43797,-0.20437
49.88,0.0001,-1.66133,0.75667,1e-05,6e-05,-0.07196,-2.96816,-0.11749,0.40808,-0.90533,9.56273,1.63165,-0.00408,-4.3019,-3.06926,-0.13676,1.47899,0.5592,0.47732,0.01827,-1.06775,-0.14777,0.01459,3.92418,-0.01484,0.00087,-0.00208,0.09613,-0.01662,0.20254,0.10778,-0.13188,-0.31714,-0.13326
49.9,7e-05,-1.42138,0.64802,1e-05,4e-05,-0.06903,-2.15121,-0.54126,0.26935,-0.69297,7.69682,1.39843,-0.00345,-3.88387,-2.77185,-0.05979,1.39299,0.53056,0.48835,0.016,-1.72191,-0.23308,0.00233,5.33637,-0.02583,0.0005,0.00038,0.06836,-0.02706,0.26944,0.05107,-0.08487,-0.19717,-0.06389
49.92,3e-05,-1.24809,0.54345,0,2e-05,-0.06415,-1.44246,-0.9137,0.17672,-0.49128,5.4118,1.09939,-0.00344,-3.47655,-2.40653,0.01394,1.19292,0.49332,0.50156,0.01395,-2.2522,-0.41184,-0.00912,6.44894,-0.03188,0.00041,0.00267,0.04415,-0.03455,0.32666,0.0071,-0.03902,-0.07939,0.00155
49.94,-2e-05,-1.14219,0.44159,-0,-1e-05,-0.05727,-0.87728,-1.17218,0.12754,-0.33264,3.19773,0.83153,-0.00378,-3.1199,-2.00537,0.07876,0.99146,0.45469,0.526,0.0118,-2.59997,-0.69658,-0.01701,7.19994,-0.03047,0.00063,0.00347,0.02485,-0.03966,0.37366,-0.02587,0.00559,0.03745,0.0629
49.96,-6e-05,-1.09601,0.3408,-1e-05,-3e-05,-0.04848,-0.48884,-1.28823,0.11305,-0.22601,1.27889,0.6373,-0.00424,-2.85138,-1.59505,0.13738,0.83122,0.41897,0.56763,0.00938,-2.7402,-1.0914,-0.01877,7.56832,-0.01975,0.00118,0.00322,0.01138,-0.04306,0.41097,-0.05044,0.04932,0.15392,0.11912
49.98,-0.00011,-1.0958,0.23979,-1e-05,-6e-05,-0.03798,-0.29494,-1.2445,0.12204,-0.16918,-0.30917,0.50414,-0.00489,-2.71253,-1.20388,0.19097,0.70877,0.3857,0.62416,0.00683,-2.69293,-1.5864,-0.01262,7.57316,0.0011,0.0021,0.00228,0.00426,-0.04559,0.44055,-0.06989,0.09261,0.2706,0.17044
50,-0.00016,-1.12518,0.14067,-1e-05,-8e-05,-0.0263,-0.28877,-1.05004,0.14549,-0.15543,-1.53828,0.42808,-0.00562,-2.70631,-0.84817,0.24004,0.6284,0.35458,0.69913,0.00422,-2.51644,-2.15842,0.00359,7.26903,0.03161,0.00335,0.00125,0.00383,-0.04811,0.46444,-0.08783,0.13556,0.38745,0.21676
50.02,-0.00019,-1.16744,0.0464,-2e-05,-9e-05,-0.01413,-0.44808,-0.72424,0.17608,-0.17538,-2.4096,0.40235,-0.00624,-2.81522,-0.53738,0.28476,0.59002,0.32564,0.79588,0.00177,-2.28777,-2.7694,0.02512,6.73122,0.06992,0.00464,0.00064,0.01054,-0.05137,0.48412,-0.1079,0.17716,0.49804,0.25584
50.04,-0.00021,-1.20735,-0.04074,-2e-05,-0.0001,-0.00209,-0.74264,-0.28409,0.20723,-0.21923,-2.94278,0.41403,-0.00671,-3.01837,-0.27564,0.32308,0.58451,0.29937,0.90166,-0.00028,-2.07321,-3.36926,0.04291,6.03685,0.11264,0.00587,0.00029,0.02526,-0.05547,0.50041,-0.13326,0.21543,0.59911,0.28724
50.06,-0.00022,-1.23295,-0.11873,-2e-05,-0.00011,0.00915,-1.13876,0.24643,0.23352,-0.27751,-3.17338,0.45296,-0.00693,-3.28667,-0.06326,0.35332,0.60363,0.27623,1.00141,-0.00179,-1.90406,-3.895,0.05254,5.25558,0.15482,0.0072,0.00011,0.04939,-0.05989,0.5121,-0.16629,0.24656,0.68215,0.30829
50.08,-0.00022,-1.23665,-0.18565,-2e-05,-0.0001,0.01885,-1.59944,0.83269,0.25011,-0.34101,-3.13754,0.50957,-0.00679,-3.58358,0.10052,0.37432,0.63842,0.25646,1.08473,-0.00267,-1.77211,-4.25695,0.05826,4.44879,0.18997,0.00897,4e-05,0.08476,-0.0636,0.51522,-0.20829,0.26327,0.71233,0.30896
50.1,-0.0002,-1.21067,-0.24011,-2e-05,-0.0001,0.02626,-2.07427,1.43734,0.25507,-0.39758,-2.87662,0.57599,-0.00616,-3.85462,0.21647,0.38654,0.67929,0.23985,1.14359,-0.00285,-1.64033,-4.43429,0.03099,3.66761,0.21106,0.01003,1e-05,0.1333,-0.0643,0.50473,-0.25913,0.26025,0.70739,0.2876
50.12,-0.00018,-1.15049,-0.28135,-2e-05,-9e-05,0.03079,-2.50207,2.03519,0.24701,-0.43457,-2.4304,0.6463,-0.00496,-4.03829,0.28587,0.39107,0.7151,0.22634,1.17344,-0.00233,-1.46476,-4.43475,-0.08323,2.94623,0.2129,0.00874,3e-05,0.19635,-0.05917,0.47523,-0.31701,0.23295,0.69455,0.24198
50.14,-0.00015,-1.06264,-0.30769,-1e-05,-7e-05,0.03203,-2.84605,2.59126,0.2198,-0.4516,-1.83356,0.70759,-0.00306,-4.10486,0.31184,0.38614,0.73057,0.21682,1.15858,-0.00119,-1.2204,-4.15746,-0.22767,2.29613,0.19456,0.00739,-3e-05,0.27355,-0.04651,0.42129,-0.37895,0.17006,0.55568,0.14732
50.16,-0.00013,-0.95598,-0.31872,-1e-05,-6e-05,0.03008,-3.08577,3.07282,0.16886,-0.45218,-1.12151,0.75013,-0.00037,-4.04093,0.30055,0.37145,0.7166,0.21119,1.0913,0.0004,-0.91574,-3.5911,-0.33134,1.71164,0.16061,0.00755,0.00016,0.36188,-0.02564,0.34213,-0.44031,0.06846,0.20787,-0.00572
50.18,-0.0001,-0.83807,-0.31694,-1e-05,-5e-05,0.02566,-3.19702,3.47769,0.09318,-0.43715,-0.33681,0.77729,0.0032,-3.83778,0.26178,0.34982,0.67259,0.20754,0.98688,0.00224,-0.58915,-2.86512,-0.39682,1.18623,0.1196,0.00818,0.0009,0.45491,0.00263,0.24352,-0.49374,-0.0633,-0.35656,-0.21022
50.2,-8e-05,-0.72123,-0.3059,-1e-05,-4e-05,0.01983,-3.16927,3.80824,-0.00709,-0.41166,0.46711,0.78877,0.00764,-3.52427,0.20757,0.32192,0.60415,0.20358,0.84324,0.00405,-0.29024,-2.10453,-0.3866,0.72654,0.08049,0.00906,0.00257,0.54316,0.03532,0.13556,-0.5306,-0.20701,-1.06517,-0.43335
50.22,-5e-05,-0.61641,-0.28986,-0,-3e-05,0.01379,-3.00062,4.06787,-0.12964,-0.37858,1.25006,0.7846,0.0129,-3.14071,0.15049,0.28877,0.52124,0.19722,0.66667,0.00562,-0.05802,-1.4278,-0.29901,0.35423,0.04923,0.00938,0.00504,0.61601,0.06862,0.03235,-0.54224,-0.32289,-1.41992,-0.57911
50.24,-4e-05,-0.52767,-0.27316,-0,-2e-05,0.00871,-2.6954,4.26573,-0.26983,-0.33822,1.97666,0.77846,0.01884,-2.70603,0.10105,0.25434,0.431,0.18618,0.49685,0.00672,0.09059,-0.90497,-0.19777,0.09686,0.02759,0.00839,0.0071,0.66413,0.09851,-0.05283,-0.52045,-0.39173,-1.38853,-0.62951
50.26,-2e-05,-0.45632,-0.25851,-0,-1e-05,0.00517,-2.27247,4.40356,-0.41976,-0.29034,2.61376,0.7781,0.02511,-2.23985,0.06541,0.22104,0.33863,0.16944,0.35249,0.0072,0.15901,-0.53644,-0.10839,-0.0278,0.01425,0.00658,0.00771,0.6827,0.12174,-0.11299,-0.4626,-0.41654,-1.22975,-0.62057
50.28,-1e-05,-0.40206,-0.24685,-0,-1e-05,0.00328,-1.76768,4.47181,-0.56899,-0.23412,3.15005,0.77725,0.03066,-1.76707,0.04533,0.1893,0.24895,0.14797,0.23163,0.0071,0.16374,-0.29674,-0.03179,-0.02569,0.00676,0.00456,0.00649,0.67306,0.13696,-0.14676,-0.37351,-0.3954,-0.9309,-0.54667
50.3,-0,-0.362,-0.23735,-0,-0,0.0028,-1.24203,4.46243,-0.69529,-0.17926,3.58302,0.7738,0.03615,-1.31033,0.03914,0.15973,0.16558,0.12288,0.13285,0.00654,0.12806,-0.15296,0.02785,0.0702,0.00282,0.00268,0.00355,0.64019,0.14408,-0.15751,-0.26368,-0.34403,-0.66613,-0.4512
50.32,0,-0.33212,-0.22839,0,0,0.0033,-0.75545,4.36557,-0.7689,-0.13111,3.91652,0.7657,0.04354,-0.88706,0.04308,0.13304,0.09131,0.09634,0.05468,0.00569,0.11694,-0.09173,0.05426,0.15984,0.00087,0.001,-0.00045,0.59184,0.14388,-0.15148,-0.14684,-0.27857,-0.53541,-0.37134
50.34,1e-05,-0.3087,-0.21885,0,0,0.00432,-0.34608,4.15229,-0.7806,-0.08507,4.15732,0.73826,0.05027,-0.50515,0.05306,0.1099,0.02772,0.07183,-0.00477,0.00474,0.14175,-0.06598,0.05809,0.19939,-0.0005,-0.00051,-0.00439,0.53713,0.13788,-0.13489,-0.03518,-0.19891,-0.40982,-0.28308
50.36,1e-05,-0.28894,-0.20811,0,0,0.00547,-0.03794,3.80872,-0.73304,-0.04364,4.31522,0.68303,0.05357,-0.16665,0.06576,0.09055,-0.0251,0.05112,-0.04886,0.00382,0.16303,-0.04638,0.05824,0.22927,-0.00173,-0.00192,-0.00773,0.48277,0.1278,-0.11283,0.06369,-0.10795,-0.23979,-0.17813
50.38,1e-05,-0.27082,-0.19609,0,0,0.00654,0.16468,3.35142,-0.62806,-0.01056,4.40938,0.60602,0.05459,0.13029,0.07895,0.07482,-0.06815,0.03445,-0.08117,0.003,0.18038,-0.03195,0.05568,0.24969,-0.0029,-0.00332,-0.01016,0.43282,0.11554,-0.08905,0.14664,-0.01178,-0.05108,-0.06684
50.4,1e-05,-0.25219,-0.18339,0,0,0.0074,0.27716,2.78953,-0.48446,0.01507,4.45263,0.50852,0.05183,0.39007,0.09124,0.06244,-0.10289,0.02171,-0.10473,0.00232,0.19368,-0.02191,0.05015,0.26267,-0.004,-0.00465,-0.01143,0.39004,0.10295,-0.0659,0.21378,0.08619,0.15351,0.04727
50.42,1e-05,-0.23143,-0.17109,0,0,0.00802,0.32536,2.15469,-0.32464,0.03453,4.45017,0.39756,0.04444,0.61741,0.10192,0.05314,-0.13078,0.0125,-0.12213,0.00179,0.20302,-0.01542,0.04197,0.27111,-0.00499,-0.00582,-0.01142,0.35597,0.09182,-0.04488,0.2672,0.18228,0.36493,0.16019
50.44,1e-05,-0.2087,-0.16057,0,0,0.00843,0.3378,1.51139,-0.162,0.05053,4.41157,0.2924,0.03602,0.81636,0.11091,0.04667,-0.15327,0.00619,-0.13535,0.0014,0.20864,-0.01154,0.03326,0.27761,-0.0058,-0.00675,-0.01021,0.33106,0.0835,-0.02696,0.30965,0.27245,0.57563,0.26747
50.46,1e-05,-0.18356,-0.15264,0,0,0.00869,0.33746,0.90867,-0.01224,0.06574,4.32765,0.20263,0.02849,0.98915,0.11852,0.04275,-0.17137,0.00206,-0.1458,0.00112,0.21081,-0.00946,0.02518,0.28362,-0.0064,-0.0074,-0.00802,0.31467,0.07845,-0.01293,0.3435,0.35091,0.77176,0.36247
50.48,1e-05,-0.15451,-0.14749,0,1e-05,0.00887,0.33901,0.38526,0.10897,0.08031,4.1581,0.12899,0.02158,1.13465,0.12528,0.04105,-0.18531,-0.00066,-0.15425,0.00092,0.20984,-0.00843,0.01786,0.28918,-0.00677,-0.00774,-0.00525,0.30518,0.07622,-0.00359,0.37023,0.40652,0.8911,0.42606
50.5,1e-05,-0.12164,-0.14488,0,1e-05,0.00902,0.35044,-0.01492,0.18837,0.0918,3.86923,0.07146,0.01538,1.24834,0.13192,0.04129,-0.19431,-0.00271,-0.16028,0.00076,0.20597,-0.00773,0.01134,0.29307,-0.00689,-0.00779,-0.0025,0.30041,0.07542,0.00016,0.39007,0.43437,0.99778,0.46859
50.52,1e-05,-0.08484,-0.14436,0,1e-05,0.00923,0.37408,-0.2434,0.21595,0.09611,3.42947,0.02893,0.0099,1.3241,0.13914,0.04322,-0.19711,-0.00477,-0.16289,0.00059,0.19938,-0.00669,0.00587,0.29335,-0.00677,-0.00757,-0.00033,0.29782,0.07433,-0.0025,0.40227,0.43317,1.22602,0.51492
50.54,1e-05,-0.04273,-0.14554,0,1e-05,0.00952,0.40718,-0.27688,0.18946,0.092,2.78542,-0.00049,0.00491,1.35652,0.14746,0.04665,-0.19333,-0.00731,-0.16217,0.00038,0.19026,-0.00473,0.00177,0.28822,-0.00643,-0.00712,0.00082,0.29503,0.07187,-0.01183,0.4063,0.38236,1.35191,0.50207
50.56,1e-05,0.00482,-0.14802,0,1e-05,0.00989,0.44392,-0.12887,0.11535,0.07999,1.93609,-0.01905,0.00036,1.34494,0.15696,0.05138,-0.18334,-0.01051,-0.15852,0.00013,0.17872,-0.00152,-0.00099,0.2767,-0.0059,-0.00651,0.00077,0.29022,0.06746,-0.02728,0.40219,0.27114,1.13141,0.38062
50.58,1e-05,0.05673,-0.15133,0,2e-05,0.01028,0.47606,0.15752,0.00873,0.06043,0.95486,-0.0291,-0.00376,1.29493,0.16722,0.05712,-0.16794,-0.01425,-0.15204,-0.00015,0.1649,0.00285,-0.0026,0.25887,-0.00525,-0.00578,-0.00035,0.28225,0.0609,-0.04722,0.39008,0.11193,0.56239,0.16384
50.6,0,0.11079,-0.15503,0,2e-05,0.0106,0.49212,0.51364,-0.10807,0.03753,-0.05022,-0.03288,-0.00733,1.21533,0.17728,0.06354,-0.14888,-0.01805,-0.14367,-0.00044,0.15138,0.0081,-0.0032,0.232,-0.00458,-0.00502,-0.00214,0.27022,0.05292,-0.06938,0.3715,-0.07904,-0.48849,-0.14142
50.62,0,0.16322,-0.1587,0,2e-05,0.01075,0.48054,0.87493,-0.21021,0.01384,-0.90285,-0.03245,-0.01,1.11682,0.1859,0.07029,-0.12821,-0.02128,-0.13449,-0.00068,0.13564,0.01368,-0.00304,0.20208,-0.00394,-0.00432,-0.00398,0.25341,0.04458,-0.0915,0.34826,-0.24974,-1.28798,-0.40232
50.64,-0,0.21111,-0.16182,0,2e-05,0.01063,0.43517,1.17756,-0.27928,-0.01118,-1.46909,-0.02937,-0.01172,1.0102,0.19196,0.0769,-0.10736,-0.02344,-0.12484,-0.00084,0.11681,0.01875,-0.00239,0.17295,-0.00337,-0.00371,-0.00539,0.23201,0.03641,-0.11112,0.32004,-0.36333,-1.44896,-0.53424
50.66,-0,0.25272,-0.16381,0,2e-05,0.01021,0.35685,1.37168,-0.30791,-0.03546,-1.72483,-0.02485,-0.01261,0.90281,0.1947,0.08292,-0.08732,-0.02431,-0.11489,-0.0009,0.09611,0.02262,-0.0014,0.14468,-0.00288,-0.00319,-0.00614,0.20624,0.02895,-0.12643,0.28695,-0.4222,-1.34965,-0.57626
50.68,-0,0.28663,-0.16402,0,2e-05,0.0095,0.25428,1.44922,-0.29748,-0.05748,-1.69433,-0.01985,-0.01266,0.79861,0.19378,0.08793,-0.06865,-0.02384,-0.10484,-0.00087,0.07473,0.02493,-0.00021,0.11735,-0.00241,-0.0027,-0.00621,0.17661,0.02279,-0.1369,0.25012,-0.42552,-1.01924,-0.52816
50.7,1e-05,0.31143,-0.16168,1e-05,1e-05,0.00858,0.14374,1.41683,-0.25941,-0.07503,-1.47566,-0.01498,-0.01202,0.70014,0.1892,0.09142,-0.05166,-0.02225,-0.09469,-0.00077,0.05389,0.0254,0.00106,0.0913,-0.00188,-0.00214,-0.00583,0.14422,0.01831,-0.14233,0.21058,-0.39411,-0.721,-0.45006
50.72,3e-05,0.326,-0.15602,1e-05,1e-05,0.00753,0.04512,1.29669,-0.20885,-0.0851,-1.18598,-0.0106,-0.0108,0.60874,0.18116,0.09289,-0.03642,-0.01985,-0.08434,-0.00064,0.03484,0.02386,0.00237,0.0671,-0.00117,-0.0014,-0.00532,0.11052,0.01578,-0.14291,0.16961,-0.35117,-0.624,-0.39979
50.74,6e-05,0.33093,-0.14649,1e-05,1e-05,0.00645,-0.02479,1.13186,-0.15629,-0.08885,-0.8986,-0.00685,-0.00894,0.52453,0.17005,0.09208,-0.02283,-0.01691,-0.0736,-0.00049,0.01852,0.0205,0.00363,0.04532,-0.0002,-0.00037,-0.00492,0.07682,0.01538,-0.13951,0.1283,-0.29813,-0.56283,-0.34908
50.76,0.00011,0.32726,-0.13298,1e-05,1e-05,0.0054,-0.05727,0.95401,-0.10982,-0.08827,-0.66835,-0.00367,-0.00634,0.44699,0.15631,0.08894,-0.01073,-0.01364,-0.06238,-0.00035,0.00525,0.01551,0.0048,0.02646,0.00111,0.00101,-0.00475,0.04381,0.01709,-0.133,0.08705,-0.23869,-0.46115,-0.28543
50.78,0.00018,0.31542,-0.11598,1e-05,0,0.00442,-0.05246,0.77878,-0.07431,-0.08349,-0.5266,-0.00082,-0.00292,0.37558,0.14046,0.08376,-2e-05,-0.01017,-0.05079,-0.00021,-0.00516,0.0091,0.00581,0.011,0.00274,0.00276,-0.0048,0.0118,0.02066,-0.12412,0.0459,-0.1814,-0.36233,-0.22403
50.8,0.00026,0.2964,-0.09656,1e-05,-1e-05,0.00352,-0.01821,0.61725,-0.04993,-0.07613,-0.4686,0.00206,0.00139,0.31015,0.12325,0.07707,0.00929,-0.0066,-0.03926,-8e-05,-0.01318,0.00157,0.00666,-0.00052,0.00466,0.00481,-0.0049,-0.01897,0.02574,-0.11388,0.00496,-0.13007,-0.2709,-0.16847
50.82,0.00035,0.27135,-0.07609,1e-05,-2e-05,0.00269,0.03377,0.47609,-0.03456,-0.06784,-0.47471,0.00542,0.0069,0.25091,0.10551,0.06952,0.01709,-0.003,-0.0283,7e-05,-0.01934,-0.00664,0.00732,-0.0077,0.00674,0.00709,-0.00483,-0.04827,0.03192,-0.10334,-0.03552,-0.08668,-0.1889,-0.12035
50.84,0.00044,0.24101,-0.05582,1e-05,-3e-05,0.00192,0.09292,0.35917,-0.02622,-0.0586,-0.53647,0.00966,0.01396,0.19787,0.08789,0.0616,0.02337,0.00058,-0.01817,0.00023,-0.02415,-0.01513,0.00772,-0.01071,0.00887,0.00943,-0.00449,-0.07597,0.03874,-0.09332,-0.07531,-0.05219,-0.12199,-0.08136
50.86,0.00053,0.20634,-0.03647,0,-6e-05,0.00118,0.15289,0.27061,-0.0244,-0.04867,-0.66612,0.01515,0.02285,0.15023,0.07085,0.05359,0.02825,0.00409,-0.00896,0.00041,-0.02792,-0.02362,0.00781,-0.01054,0.01088,0.01166,-0.00388,-0.10207,0.04575,-0.08452,-0.1142,-0.02638,-0.07022,-0.05121
50.88,0.00061,0.16872,-0.01836,-1e-05,-9e-05,0.00044,0.21229,0.21578,-0.0307,-0.03887,-0.89607,0.02212,0.03396,0.10672,0.05471,0.04556,0.03195,0.00741,-0.00064,0.0006,-0.03079,-0.03188,0.00749,-0.00907,0.01259,0.01355,-0.00319,-0.12643,0.05261,-0.0776,-0.15162,-0.00847,-0.03303,-0.02916
50.9,0.00065,0.12996,-0.00158,-2e-05,-0.00012,-0.00031,0.27341,0.20095,-0.04853,-0.02947,-1.28281,0.03061,0.04758,0.06606,0.03981,0.03742,0.03478,0.01037,0.00702,0.00078,-0.03262,-0.03946,0.00676,-0.00892,0.01375,0.01481,-0.00275,-0.14858,0.05902,-0.07318,-0.18644,0.00269,-0.00878,-0.01416
50.92,0.00063,0.09222,0.01388,-3e-05,-0.00015,-0.00111,0.3394,0.23106,-0.08149,-0.02089,-1.89179,0.04037,0.06324,0.02703,0.02641,0.02909,0.03709,0.01282,0.01428,0.00092,-0.03313,-0.04578,0.0056,-0.01276,0.01415,0.0152,-0.00292,-0.16778,0.06479,-0.0717,-0.21724,0.00837,0.0048,-0.00494
50.94,0.00053,0.05762,0.02798,-5e-05,-0.00019,-0.00195,0.41116,0.30597,-0.13041,-0.01401,-2.72871,0.05088,0.08075,-0.01166,0.01458,0.02047,0.03921,0.01467,0.02146,0.00102,-0.03209,-0.05059,0.00392,-0.02244,0.01362,0.01448,-0.00394,-0.18341,0.06952,-0.07312,-0.24295,0.00988,0.01013,-0.0002
50.96,0.00031,0.02815,0.04051,-7e-05,-0.00021,-0.00285,0.48429,0.41684,-0.19139,-0.00935,-3.71474,0.0612,0.0989,-0.05132,0.00409,0.0116,0.04146,0.01598,0.02884,0.00108,-0.02943,-0.05377,0.0017,-0.03829,0.01214,0.01262,-0.00579,-0.19505,0.07295,-0.07682,-0.26318,0.00845,0.00957,0.00128
50.98,-6e-05,0.00587,0.05102,-0.0001,-0.00022,-0.0038,0.54753,0.54364,-0.25571,-0.00722,-4.73328,0.06969,0.11173,-0.093,-0.00552,0.00272,0.04413,0.017,0.03663,0.00111,-0.02524,-0.05509,-0.00095,-0.05891,0.00985,0.00982,-0.00822,-0.20229,0.07512,-0.08157,-0.27805,0.0052,0.00533,0.00065
51,-0.00063,-0.00694,0.0587,-0.00012,-0.00021,-0.00479,0.58471,0.65977,-0.30841,-0.00818,-5.45402,0.07462,0.12331,-0.13722,-0.01483,-0.00571,0.04748,0.01809,0.0449,0.00114,-0.01977,-0.05423,-0.00386,-0.08126,0.00704,0.00643,-0.01066,-0.20471,0.07619,-0.08553,-0.28803,0.00117,-0.00054,-0.00103
51.02,-0.00144,-0.00833,0.06264,-0.00014,-0.00017,-0.00577,0.57945,0.73855,-0.33234,-0.01282,-5.44913,0.07455,0.14207,-0.18402,-0.0245,-0.01312,0.05173,0.01967,0.05366,0.00123,-0.01343,-0.05091,-0.00678,-0.10152,0.00407,0.00295,-0.01233,-0.20196,0.07641,-0.08669,-0.29378,-0.00264,-0.00615,-0.00275
51.04,-0.00252,0.00234,0.06227,-0.00016,-8e-05,-0.00674,0.52089,0.75462,-0.31982,-0.02123,-4.77028,0.06781,0.14896,-0.23328,-0.03516,-0.0191,0.05703,0.02205,0.06281,0.00139,-0.00666,-0.04525,-0.00954,-0.11647,0.00126,-0.00016,-0.01279,-0.1941,0.07597,-0.08378,-0.29603,-0.00528,-0.00958,-0.00348
51.06,-0.00388,0.02375,0.05757,-0.00017,6e-05,-0.00769,0.41104,0.69705,-0.27281,-0.03256,-3.61875,0.05444,0.13158,-0.28476,-0.04742,-0.02354,0.06348,0.02538,0.07224,0.00163,8e-05,-0.03753,-0.01207,-0.1243,-0.00115,-0.00263,-0.01189,-0.1817,0.07509,-0.07652,-0.2955,-0.00573,-0.00878,-0.00205
51.08,-0.00551,0.05244,0.04913,-0.00016,0.00028,-0.00862,0.26806,0.57676,-0.19998,-0.04565,-2.16435,0.03697,0.10026,-0.33769,-0.06172,-0.02665,0.07105,0.02955,0.08172,0.00195,0.00626,-0.02816,-0.01436,-0.12475,-0.00305,-0.00436,-0.00971,-0.16582,0.07407,-0.06577,-0.29287,-0.00298,-0.00154,0.00277
51.1,-0.00737,0.08322,0.03811,-0.00012,0.00058,-0.00957,0.12285,0.41674,-0.12164,-0.05703,-0.82937,0.01911,0.0553,-0.39048,-0.07825,-0.02888,0.07965,0.03427,0.09104,0.00231,0.01128,-0.01818,-0.01629,-0.11894,-0.00441,-0.00536,-0.00669,-0.14827,0.07311,-0.05351,-0.28881,0.00407,0.01456,0.01234
51.12,-0.00935,0.11047,0.02588,-5e-05,0.00097,-0.01052,0.01284,0.24994,-0.05867,-0.06174,0.11763,0.00568,0.01567,-0.44101,-0.09695,-0.03078,0.0891,0.0391,0.09993,0.00266,0.01454,-0.00845,-0.01767,-0.1087,-0.00524,-0.00575,-0.00332,-0.13105,0.0723,-0.04218,-0.28374,0.01649,0.04191,0.02796
51.14,-0.01126,0.13017,0.01355,7e-05,0.00145,-0.01149,-0.03193,0.10871,-0.02558,-0.05941,0.49049,0.00056,0.00195,-0.48757,-0.11763,-0.03285,0.09925,0.04355,0.10794,0.00295,0.01554,0.0007,-0.01864,-0.09586,-0.0056,-0.00566,0,-0.11559,0.07185,-0.03372,-0.27772,0.03522,0.08285,0.05075
51.16,-0.01283,0.14086,0.00173,0.00025,0.002,-0.01243,0.00055,0.00898,-0.03142,-0.05164,0.07778,0.00478,0.00909,-0.52912,-0.13994,-0.03542,0.11006,0.04719,0.11472,0.00312,0.01394,0.00888,-0.01938,-0.08174,-0.00553,-0.0052,0.00298,-0.10266,0.07172,-0.02922,-0.27032,0.06095,0.13929,0.08151
51.18,-0.01369,0.14334,-0.00949,0.0005,0.0026,-0.0133,0.10291,-0.04867,-0.07461,-0.03937,-1.12789,0.01683,0.0258,-0.56501,-0.16316,-0.03864,0.12161,0.04974,0.12019,0.00313,0.00968,0.01592,-0.0198,-0.06716,-0.00513,-0.00451,0.00542,-0.09244,0.07152,-0.02881,-0.26067,0.09389,0.21209,0.12028
51.2,-0.01331,0.14038,-0.02027,0.00082,0.00322,-0.014,0.25062,-0.07507,-0.14186,-0.02632,-2.87084,0.03339,0.046,-0.59457,-0.18607,-0.04244,0.13389,0.05101,0.1243,0.00295,0.00288,0.02182,-0.0199,-0.05252,-0.00449,-0.0037,0.00729,-0.08451,0.07081,-0.03172,-0.24756,0.13357,0.30169,0.1666
51.22,-0.01105,0.13544,-0.03062,0.00122,0.0038,-0.01442,0.41161,-0.08752,-0.21159,-0.01542,-4.47038,0.0508,0.08446,-0.61668,-0.20714,-0.04671,0.14673,0.05087,0.12698,0.00253,-0.00598,0.02654,-0.01971,-0.03776,-0.00368,-0.00288,0.00864,-0.07813,0.06912,-0.0367,-0.22977,0.17827,0.40367,0.21839
51.24,-0.00613,0.13109,-0.03978,0.00167,0.00425,-0.01449,0.55549,-0.10225,-0.26604,-0.0075,-5.53291,0.06519,0.13456,-0.62929,-0.22477,-0.0514,0.1597,0.0492,0.12825,0.00185,-0.01593,0.03011,-0.01921,-0.02225,-0.0028,-0.00213,0.00964,-0.07246,0.06589,-0.04243,-0.20653,0.22506,0.5141,0.27263
51.26,0.00235,0.12902,-0.04571,0.00214,0.00444,-0.01419,0.66195,-0.13035,-0.29572,-0.00368,-6.0433,0.07361,0.1735,-0.62916,-0.23743,-0.05665,0.17193,0.046,0.12811,0.00086,-0.02538,0.03233,-0.01847,-0.00477,-0.00191,-0.00153,0.01055,-0.06671,0.06083,-0.04779,-0.1779,0.2691,0.62301,0.32387
51.28,0.01535,0.13018,-0.04478,0.00259,0.00421,-0.01356,0.72558,-0.17662,-0.29591,-0.00437,-5.9269,0.07553,0.20124,-0.61185,-0.24358,-0.06277,0.18197,0.04138,0.12656,-0.00042,-0.03194,0.0326,-0.01769,0.01637,-0.00106,-0.00112,0.01174,-0.06019,0.05421,-0.05194,-0.14509,0.30152,0.68818,0.35812
51.3,0.03377,0.13459,-0.03159,0.00295,0.00331,-0.01269,0.75124,-0.23929,-0.27055,-0.00875,-5.41205,0.07147,0.20583,-0.57209,-0.24147,-0.07019,0.18788,0.03557,0.12367,-0.002,-0.0324,0.03039,-0.01705,0.04308,-0.00032,-0.00095,0.0136,-0.05237,0.04638,-0.05411,-0.11045,0.31643,0.74653,0.37976
51.32,0.05833,0.14211,0.00099,0.00313,0.00138,-0.01169,0.75056,-0.31095,-0.22759,-0.01523,-4.76695,0.06303,0.18042,-0.5062,-0.22912,-0.07942,0.18757,0.02885,0.1197,-0.00381,-0.02341,0.02512,-0.01669,0.07707,0.00026,-0.00103,0.01639,-0.04288,0.0381,-0.05368,-0.07705,0.30981,0.87089,0.4002
51.34,0.08937,0.15355,0.06163,0.00304,-0.00206,-0.01061,0.73763,-0.38047,-0.17235,-0.02252,-4.00272,0.05271,0.1456,-0.41557,-0.20434,-0.09088,0.17904,0.02158,0.11503,-0.00575,-0.0027,0.01568,-0.01683,0.11921,0.00065,-0.00137,0.02025,-0.03136,0.03066,-0.05059,-0.04772,0.26759,0.91385,0.37872
51.36,0.12652,0.1714,0.15969,0.0026,-0.00768,-0.00947,0.72115,-0.4335,-0.11028,-0.03029,-3.16458,0.04237,0.11357,-0.30837,-0.16495,-0.10482,0.16131,0.01411,0.11048,-0.00768,0.03045,0.00157,-0.01751,0.16899,0.00083,-0.00198,0.02495,-0.01753,0.02527,-0.0451,-0.02456,0.18327,0.73545,0.28664
51.38,0.16837,0.20089,0.30394,0.00178,-0.01627,-0.00819,0.70219,-0.45173,-0.04715,-0.03892,-2.35436,0.03301,0.0848,-0.20009,-0.10916,-0.12118,0.13491,0.00682,0.10732,-0.00934,0.07455,-0.01698,-0.01844,0.22397,0.00081,-0.00281,0.02964,-0.00126,0.02297,-0.03773,-0.00887,0.0655,0.34598,0.13499
51.4,0.21208,0.25151,0.50028,0.00055,-0.02871,-0.00664,0.67519,-0.41259,0.01225,-0.04968,-1.61915,0.02532,0.06102,-0.1125,-0.03611,-0.13928,0.10172,0.00019,0.10711,-0.01041,0.1265,-0.03865,-0.01969,0.27978,0.00059,-0.00382,0.03349,0.01737,0.02513,-0.02963,-0.00159,-0.07223,-0.30164,-0.06898
51.42,0.25303,0.33805,0.74848,-0.00103,-0.04579,-0.00471,0.62752,-0.29104,0.06433,-0.06503,-0.98654,0.01961,0.04285,-0.06949,0.0533,-0.15783,0.06506,-0.00516,0.11164,-0.01049,0.18332,-0.05984,-0.02156,0.33117,0.00013,-0.00503,0.0358,0.03796,0.03333,-0.02223,-0.00372,-0.19522,-0.80824,-0.24758
51.44,0.28447,0.48003,1.03874,-0.00294,-0.06776,-0.00245,0.54034,-0.06353,0.10718,-0.08925,-0.47575,0.01595,0.02979,-0.09173,0.1555,-0.17553,0.02966,-0.00852,0.12307,-0.00908,0.24153,-0.07902,-0.02365,0.37344,-0.00078,-0.00656,0.03498,0.05984,0.04911,-0.01707,-0.01694,-0.27914,-0.95461,-0.34693
51.46,0.29744,0.69944,1.34713,-0.00526,-0.09396,-9e-05,0.39292,0.28885,0.14051,-0.12892,-0.09721,0.01418,0.02131,-0.19194,0.26323,-0.19115,0.00067,-0.00914,0.14356,-0.00567,0.29845,-0.09702,-0.02557,0.40369,-0.00251,-0.00875,0.02993,0.08194,0.07397,-0.01617,-0.04385,-0.32344,-0.92857,-0.38472
51.48,0.28111,1.01697,1.63182,-0.00833,-0.12229,0.00182,0.17158,0.77519,0.16519,-0.19303,0.13919,0.01399,0.01664,-0.37179,0.3647,-0.20337,-0.0169,-0.00621,0.17517,0.00029,0.35401,-0.11373,-0.02767,0.42086,-0.00566,-0.01212,0.02071,0.10264,0.10949,-0.02202,-0.08795,-0.32723,-0.7452,-0.36167
51.5,0.22339,1.44112,1.83613,-0.01299,-0.14834,0.00242,-0.11774,1.39194,0.18217,-0.29255,0.22207,0.01487,0.0149,-0.62151,0.44366,-0.21116,-0.01953,0.00106,0.22,0.00937,0.40859,-0.13156,-0.02971,0.42522,-0.01099,-0.01733,0.00769,0.11947,0.15691,-0.03734,-0.15327,-0.30407,-0.5613,-0.31317
51.52,0.11205,1.96281,1.8929,-0.02079,-0.1655,0.00068,-0.43722,2.12198,0.19047,-0.43972,0.13924,0.01621,0.01515,-0.92332,0.48011,-0.21353,-0.00722,0.01274,0.27932,0.02192,0.46244,-0.15456,-0.0311,0.4175,-0.01941,-0.02514,-0.00774,0.12871,0.21658,-0.065,-0.24427,-0.26989,-0.48701,-0.2735
51.54,-0.0639,2.56101,1.74268,-0.03366,-0.16657,-0.00443,-0.70858,2.92885,0.18554,-0.64685,-0.12035,0.01724,0.01621,-1.25686,0.45295,-0.209,0.01583,0.02755,0.35466,0.03831,0.51605,-0.18278,-0.03243,0.39801,-0.03189,-0.03634,-0.02366,0.12486,0.28814,-0.10789,-0.3657,-0.22752,-0.42773,-0.22973
51.56,-0.31294,3.19801,1.36202,-0.05341,-0.14512,-0.01362,-0.81236,3.75439,0.15781,-0.92299,-0.56055,0.01705,0.01659,-1.60781,0.34321,-0.19574,0.04042,0.04268,0.4456,0.05907,0.56847,-0.215,-0.03413,0.36598,-0.0494,-0.05165,-0.03839,0.10008,0.36982,-0.16873,-0.52259,-0.18062,-0.3414,-0.17783
51.58,-0.64015,3.81542,0.80024,-0.08092,-0.09802,-0.02705,-0.60607,4.515,0.09258,-1.26934,-1.17488,0.01461,0.01434,-1.98297,0.13803,-0.17253,0.05338,0.05294,0.54354,0.08252,0.61588,-0.25186,-0.03561,0.31965,-0.0727,-0.0715,-0.05026,0.0442,0.45595,-0.24948,-0.71851,-0.13526,-0.25625,-0.12759
51.6,-1.04776,4.29223,0.23976,-0.11466,-0.02891,-0.04403,0.03127,5.14637,-0.01967,-1.64584,-1.93953,0.00879,0.00701,-2.4247,-0.16339,-0.13676,0.03787,0.05344,0.65186,0.11338,0.65395,-0.28497,-0.0378,0.25626,-0.10228,-0.09616,-0.05633,-0.05524,0.54578,-0.35168,-0.95445,-0.09433,-0.17715,-0.08231
51.62,-1.53632,4.46631,-0.03627,-0.14797,0.04801,-0.0628,1.09614,5.60204,-0.18192,-1.95697,-2.81041,-0.0017,-0.0083,-3.03819,-0.54256,-0.0891,-0.00365,0.03998,0.78192,0.16147,0.67655,-0.30141,-0.04199,0.17125,-0.13808,-0.12597,-0.05334,-0.21196,0.64262,-0.47683,-1.23005,-0.05934,-0.10683,-0.04363
51.64,-2.10709,4.26958,0.34718,-0.16624,0.10981,-0.08113,2.3926,5.77586,-0.39092,-2.0948,-3.73063,-0.01836,-0.03484,-4.04085,-0.94664,-0.04177,-0.02874,0.0074,0.90473,0.21973,0.67128,-0.30283,-0.04683,0.05693,-0.17813,-0.15893,-0.04274,-0.43996,0.73677,-0.62305,-1.54773,-0.03092,-0.04866,-0.01228
51.66,-2.76393,3.69829,1.82613,-0.14472,0.11862,-0.09672,3.5175,5.57735,-0.6226,-1.9153,-4.6292,-0.04287,-0.07602,-5.78525,-1.29915,-0.00889,0.05378,-0.04157,0.98697,0.27568,0.62531,-0.2942,-0.05094,-0.09785,-0.21827,-0.19128,-0.02739,-0.75233,0.81727,-0.78495,-1.91305,-0.00894,-0.00279,0.01229
51.68,-3.50989,2.73338,4.7132,-0.04839,0.05914,-0.09438,3.81263,4.98135,-0.82764,-1.19696,-5.42596,-0.07716,-0.13554,-8.75844,-1.54212,0.00206,0.39306,-0.09783,1.02653,0.31861,0.52847,-0.275,-0.05431,-0.30697,-0.25325,-0.22146,-0.01004,-1.16091,0.88208,-0.95584,-2.33184,0.00711,0.03149,0.03139
51.7,-4.35568,1.19503,8.98858,0.17932,0.02769,-0.08531,2.13065,3.91752,-0.89685,0.49014,-5.94045,-0.1238,-0.21725,-13.80201,-1.58283,-0.00055,1.31229,-0.14576,1.01235,0.35868,0.36894,-0.24561,-0.05706,-0.58536,-0.27139,-0.23485,0.00443,-1.66385,0.93953,-1.11619,-2.8077,0.01797,0.05593,0.04686
51.72,-5.24568,-1.05285,15.00759,0.60241,0.037,-0.07821,-2.19628,2.33199,-0.75998,2.7989,-5.95483,-0.17904,-0.31831,-22.12385,-1.34111,0.02254,3.38956,-0.16567,0.93816,0.42316,0.13885,-0.20729,-0.05907,-0.94689,-0.2593,-0.2124,0.01423,-2.24276,1.00006,-1.23897,-3.34509,0.0245,0.07279,0.06058
51.74,-6.05837,-3.87531,22.88449,1.31725,0.09389,-0.07511,-7.90203,0.22791,-0.19815,5.06182,-5.4886,-0.23754,-0.42115,-34.79195,-1.06161,0.16042,7.11239,-0.16308,0.81932,0.48256,-0.16496,-0.16417,-0.06009,-1.4013,-0.21799,-0.16807,0.01633,-2.89338,1.05353,-1.31688,-3.95514,0.02769,0.08451,0.07454
51.76,-6.48947,-6.49684,26.62734,2.45653,0.19907,-0.0775,-14.49081,-2.67909,1.04014,7.67052,-4.63594,-0.30349,-0.51651,-44.98299,-1.58438,0.49495,11.68503,-0.1578,0.62137,0.48755,-0.543,-0.1205,-0.05998,-1.9506,-0.15303,-0.11591,0.0073,-3.61926,1.08725,-1.34952,-4.65548,0.02863,0.09335,0.09026
51.78,-5.82422,-9.40385,22.28069,2.62434,0.31576,-0.07396,-21.12227,-6.99697,3.01758,10.35288,-3.45473,-0.37806,-0.59884,-55.13598,-3.49894,1.01209,17.73832,-0.16387,0.40654,0.46291,-0.99246,-0.07884,-0.0589,-2.58593,-0.07081,-0.05767,-0.01169,-4.40785,1.09688,-1.3333,-5.46723,0.02856,0.10136,0.10817
51.8,-3.13352,-11.51115,7.43134,3.03387,0.42583,-0.06402,-26.71361,-13.7142,5.60003,12.39527,-2.17034,-0.45423,-0.61973,-62.73457,-6.77626,1.54436,24.78929,-0.17911,0.19293,0.35972,-1.48541,-0.03835,-0.06035,-3.2778,0.01391,-0.0078,-0.03483,-5.2324,1.07561,-1.27726,-6.30943,0.02883,0.11042,0.12896
51.82,3.11111,-11.03048,-8.41548,4.39755,0.47065,-0.03284,-29.40104,-23.38526,7.6125,14.64999,-0.94926,-0.51231,-0.5787,-66.36651,-10.55636,2.03711,32.50614,-0.17661,-0.00432,0.15322,-1.96239,-0.00062,-0.06886,-3.98231,0.09324,0.03986,-0.04839,-6.05704,1.01567,-1.19778,-7.03601,0.03065,0.12182,0.15332
51.84,14.60388,-8.02731,-23.36416,5.9615,0.41904,0.01844,-27.76446,-34.70244,7.96324,17.07951,0.19077,-0.54523,-0.5627,-65.37585,-14.71604,2.1179,40.39528,-0.13805,-0.18659,-0.12545,-2.39769,0.02217,-0.08506,-4.67213,0.16002,0.0923,-0.04736,-6.82951,0.90661,-1.11236,-7.70576,0.0346,0.13585,0.17967
51.86,31.90926,-4.14529,-38.92203,7.10336,0.28935,0.0796,-22.79837,-46.33437,6.84022,18.3288,1.18387,-0.55158,-0.58483,-60.02334,-19.29984,1.01957,47.28215,-0.04964,-0.35046,-0.47313,-2.79058,0.01992,-0.10979,-5.33344,0.20396,0.13684,-0.03525,-7.53208,0.73627,-1.03156,-8.30044,0.04077,0.1523,0.20607
51.88,54.51488,-0.05703,-50.69454,7.65907,0.03723,0.15196,-14.71537,-58.93451,4.68001,17.81848,1.98473,-0.51666,-0.59608,-50.77813,-23.34833,-1.18517,51.47545,0.08771,-0.49381,-0.85435,-3.12507,-0.01465,-0.1462,-5.94963,0.22497,0.17205,-0.01527,-8.09341,0.50586,-0.97268,-8.78315,0.04846,0.16868,0.22983
51.9,78.90404,2.80526,-53.66172,7.94277,-0.27487,0.23,-5.23925,-62.68019,2.23316,14.82624,2.56723,-0.46689,-0.5596,-36.6589,-24.32973,-5.47327,50.64111,0.25262,-0.58412,-1.21147,-3.34209,-0.08743,-0.18801,-6.50841,0.22401,0.19076,0.00466,-8.38343,0.21866,-0.94375,-9.11398,0.05641,0.18496,0.25038
51.92,99.76394,2.70659,-49.13246,8.68166,-0.59085,0.30776,4.93188,-47.02335,0.15056,10.51771,2.92618,-0.42613,-0.51449,-20.48702,-20.85439,-11.53103,44.79285,0.42271,-0.57674,-1.4526,-3.36361,-0.18633,-0.22118,-7.00084,0.20523,0.18637,0.0232,-8.24287,-0.10839,-0.94632,-9.25124,0.06319,0.20226,0.26805
51.94,114.40153,-0.07962,-36.57109,8.70587,-0.70802,0.35108,12.62482,-29.07778,-0.8232,6.30333,3.10107,-0.35232,-0.42858,-9.49488,-13.82848,-13.38071,34.34025,0.49597,-0.49975,-1.35789,-3.21913,-0.30224,-0.24404,-7.41645,0.1814,0.17401,0.03826,-7.63901,-0.45234,-0.97926,-9.17072,0.06736,0.21419,0.2766
51.96,125.17723,-3.08816,-21.24164,8.08395,0.14545,0.36528,15.7836,-16.05585,-0.81499,3.17748,3.12858,-0.25522,-0.30796,-3.57884,-6.8133,-10.37703,22.31284,0.44663,-0.41288,-0.98346,-2.96771,-0.43546,-0.25789,-7.74834,0.16052,0.16387,0.0432,-6.54557,-0.79969,-1.03286,-8.86419,0.06815,0.21559,0.27118
51.98,132.96891,-4.59522,-8.8122,6.83935,0.76528,0.33095,16.33229,-6.31019,-0.28022,1.27672,3.03205,-0.16216,-0.19081,2.40398,-2.16627,-5.52363,11.52103,0.3264,-0.3483,-0.479,-2.61729,-0.57147,-0.25693,-7.99163,0.14359,0.15385,0.03712,-4.90442,-1.13986,-1.08766,-8.33085,0.06596,0.20878,0.25381
52,143.47344,-3.35972,-2.45031,5.5277,0.87935,0.26957,12.80466,-2.63456,0.03655,0.4497,2.83546,-0.0889,-0.099,8.02426,-1.00572,-2.07073,5.75375,0.22091,-0.31486,-0.12809,-2.17008,-0.69693,-0.24104,-8.13381,0.13066,0.14573,0.01976,-2.85651,-1.46446,-1.12421,-7.61816,0.06185,0.1929,0.22352
52.02,150.8194,-0.76032,9e-05,4.78473,0.69191,0.23495,6.97179,-2.12727,-0.00538,0.26084,2.57703,-0.04052,-0.04464,7.0773,-0.68224,-0.72206,3.36181,0.16235,-0.27818,-0.03103,-1.62639,-0.79944,-0.21229,-8.16069,0.12012,0.14063,-0.0031,-0.45334,-1.77617,-1.12899,-6.78566,0.05736,0.16945,0.1823
52.04,149.23913,1.76836,1.05509,4.17592,0.35925,0.20405,2.74389,-1.74488,-0.06705,0.30791,2.26907,-0.00708,-0.01001,3.30912,-0.33621,-0.18251,2.02373,0.12569,-0.23254,-0.01713,-1.04532,-0.86242,-0.17188,-8.07054,0.10836,0.13236,-0.02271,2.34233,-2.08182,-1.09812,-5.85928,0.05407,0.1475,0.1391
52.06,139.46551,3.83498,1.31072,1.63665,0.01833,0.16246,0.69593,-1.03436,-0.03627,0.46204,1.92565,0.016,0.0135,1.07283,-0.05452,0.10696,1.28898,0.10002,-0.18133,-0.00971,-0.48613,-0.88004,-0.12374,-7.86753,0.09308,0.11716,-0.0364,5.37468,-2.39349,-1.03735,-4.87351,0.05292,0.13223,0.09906
52.08,123.63732,5.26718,1.22871,-0.13011,-0.21931,0.12502,-0.27817,-0.3494,0.0005,0.7097,1.57719,0.03054,0.02845,-0.16598,-0.01963,0.13964,0.72106,0.08506,-0.13067,-0.01202,0.04423,-0.8518,-0.07318,-7.55818,0.074,0.09615,-0.04319,10.001,-2.29514,-0.67165,-2.24261,0.05892,0.13227,0.06673
52.1,105.85612,6.1615,0.83495,-0.8684,-0.34169,0.09197,-0.71628,0.1897,0.00836,1.00174,1.25486,0.038,0.03642,-0.56737,-0.22101,0.01826,0.11223,0.07768,-0.08628,-0.01306,0.4754,-0.7937,-0.02708,-7.1618,0.05147,0.06897,-0.04455,19.49927,-1.29919,0.06942,1.70999,0.07498,0.15203,0.0394
52.12,89.23439,6.78513,0.11827,-1.02356,-0.37775,0.06149,-1.10433,0.53308,-0.03435,1.2663,0.99611,0.03979,0.03869,-0.84692,-0.50657,-0.16224,-0.47831,0.07447,-0.05048,-0.00913,0.75076,-0.73483,0.01206,-6.70043,0.02695,0.03768,-0.04309,34.5155,0.48974,0.91021,4.8334,0.09686,0.18621,0.01168
52.14,74.14875,7.34816,-0.69565,-0.91286,-0.36043,0.0214,-1.46981,0.68781,-0.12079,1.47652,0.83812,0.03744,0.03723,-1.2047,-0.78405,-0.335,-0.93335,0.07268,-0.0229,-0.00338,0.9163,-0.67889,0.04421,-6.18761,0.00243,0.00693,-0.03938,54.97676,3.1334,1.914,6.87541,0.12281,0.23498,-0.01771
52.16,60.48213,7.99182,-1.39511,-0.71624,-0.32429,0.00266,-1.68799,0.68722,-0.23159,1.61673,0.79547,0.0324,0.03383,-1.52745,-1.0086,-0.45388,-1.20848,0.07071,-0.00283,0.00191,1.01175,-0.62669,0.06705,-5.63388,-0.02089,-0.02143,-0.03411,80.36631,6.59355,3.25678,8.15807,0.1508,0.29795,-0.05034
52.18,48.40837,8.78711,-1.80491,-0.52841,-0.31522,-0.00162,-1.69057,0.60871,-0.33926,1.68629,0.85926,0.026,0.02979,-1.66084,-1.16319,-0.48537,-1.30817,0.06852,0.0107,0.00542,1.0453,-0.59329,0.0795,-5.05075,-0.04225,-0.04682,-0.02847,109.18624,10.78867,5.26956,9.7654,0.17758,0.37457,-0.08825
52.2,38.44393,9.46655,-1.8338,-0.38429,-0.31958,-0,-1.55734,0.50217,-0.42886,1.69358,1.00996,0.01927,0.02596,-1.62359,-1.23091,-0.40888,-1.28474,0.06628,0.01884,0.00705,0.9987,-0.5679,0.07841,-4.45997,-0.06095,-0.0686,-0.02347,137.6586,15.29955,8.31814,13.6037,0.19713,0.45552,-0.13231
52.22,30.92374,9.65001,-1.49692,-0.27684,-0.30505,0.00337,-1.38789,0.39399,-0.49138,1.6585,1.22461,0.01289,0.02284,-1.47738,-1.205,-0.21698,-1.21274,0.06471,0.02286,0.0075,0.87411,-0.53659,0.06113,-3.88118,-0.07632,-0.08609,-0.01987,159.21007,19.28344,12.57872,22.06863,0.20126,0.52013,-0.17987
52.24,24.96853,9.52599,-0.94328,-0.18458,-0.25662,0.00668,-1.12791,0.32454,-0.51335,1.60495,1.47854,0.00712,0.02057,-1.12493,-1.11925,0.08434,-1.12362,0.0648,0.02378,0.00754,0.72852,-0.51249,0.02977,-3.31609,-0.0879,-0.09906,-0.01798,169.48124,22.38887,18.15555,37.24739,0.18822,0.55783,-0.23015
52.26,19.83341,9.34284,-0.33631,-0.09482,-0.20613,0.00829,-0.78754,0.30303,-0.49488,1.54628,1.75698,0.00201,0.01921,-0.63215,-0.99241,0.48319,-1.02276,0.06689,0.02249,0.00751,0.59252,-0.5053,-0.0141,-2.763,-0.09542,-0.10763,-0.0178,167.8841,24.65982,25.02643,59.99281,0.16187,0.56696,-0.28519
52.28,15.34344,9.06929,0.20529,-0.0037,-0.15481,0.00784,-0.44354,0.31517,-0.44622,1.49348,2.0618,-0.00245,0.01877,-0.16294,-0.8147,0.95608,-0.9144,0.07105,0.01974,0.00758,0.46416,-0.51331,-0.06928,-2.22341,-0.09858,-0.11162,-0.01911,154.18828,25.94803,32.76672,89.26212,0.12644,0.54434,-0.34525
52.3,11.5454,8.64347,0.60389,0.08693,-0.10501,0.00594,-0.14137,0.33059,-0.38472,1.44223,2.40029,-0.00634,0.01929,0.19618,-0.57902,1.4787,-0.7817,0.07698,0.01617,0.00767,0.33989,-0.51698,-0.13149,-1.70079,-0.09703,-0.11032,-0.02107,130.34782,26.16918,40.38927,121.91686,0.08241,0.4777,-0.40119
52.32,8.37658,8.01222,0.83635,0.18001,-0.06037,0.00357,0.11709,0.33132,-0.32557,1.39061,2.78056,-0.00974,0.02077,0.43196,-0.27948,2.03693,-0.60655,0.08393,0.01221,0.00769,0.22158,-0.49691,-0.19273,-1.19881,-0.09042,-0.10293,-0.02255,98.19464,25.32523,46.39604,153.18716,0.0296,0.35883,-0.43459
52.34,5.4894,7.27925,0.90161,0.27156,-0.02529,0.00065,0.34692,0.33907,-0.26768,1.36367,3.21368,-0.01264,0.02318,0.5596,0.08762,2.58322,-0.38408,0.09098,0.00815,0.00763,0.11688,-0.46712,-0.24835,-0.71792,-0.07887,-0.09009,-0.02303,61.26178,23.72653,50.1383,178.67688,-0.02093,0.21778,-0.44944
52.36,2.75252,6.55781,0.8165,0.35146,-0.00069,-0.00291,0.55004,0.37095,-0.20819,1.37798,3.70135,-0.01496,0.02641,0.5982,0.51488,3.0577,-0.10856,0.09653,0.00418,0.0074,0.0257,-0.44056,-0.29771,-0.25821,-0.06279,-0.07266,-0.02236,24.05135,21.72565,51.76311,195.59794,-0.06072,0.08581,-0.45932
52.38,0.20068,5.87096,0.62096,0.41563,0.01444,-0.00643,0.73514,0.43014,-0.14857,1.43028,4.22374,-0.01649,0.0302,0.59429,0.97497,3.42818,0.21849,0.09792,0.00043,0.0068,-0.05617,-0.41377,-0.33964,0.17781,-0.04299,-0.05127,-0.02048,-11.59035,19.4515,51.18778,201.94591,-0.09,-0.01407,-0.46032
52.4,-2.16178,5.25312,0.36138,0.46828,0.02098,-0.00963,0.92212,0.52765,-0.08533,1.51767,4.76551,-0.01695,0.03421,0.56613,1.42788,3.66898,0.58123,0.09222,-0.00304,0.00551,-0.13061,-0.37511,-0.3705,0.583,-0.02096,-0.02807,-0.01792,-40.22714,17.25894,48.71464,198.09628,-0.10585,-0.04826,-0.45396
52.42,-4.39634,4.75704,0.09098,0.5172,0.01973,-0.01238,1.13499,0.66983,-0.01494,1.6313,5.31281,-0.01591,0.03806,0.51766,1.83533,3.77422,0.95405,0.0767,-0.00616,0.00325,-0.19653,-0.31343,-0.38568,0.94534,0.00181,-0.00437,-0.01534,-58.69537,15.31487,44.76365,185.63362,-0.10875,0.02281,-0.43446
52.44,-6.53178,4.43449,-0.14206,0.56033,0.01155,-0.01428,1.38038,0.85708,0.06589,1.7506,5.81238,-0.01276,0.0413,0.48928,2.13851,3.75117,1.30048,0.04951,-0.00894,8e-05,-0.25159,-0.23603,-0.38686,1.24888,0.02418,0.01958,-0.01301,-69.25897,13.51536,39.90039,165.80002,-0.10257,0.23659,-0.39268
52.46,-8.55486,4.30696,-0.29595,0.5954,-0.00287,-0.01504,1.65201,1.08137,0.16012,1.84913,6.21474,-0.00679,0.04362,0.50358,2.2784,3.61874,1.58312,0.01216,-0.01144,-0.00368,-0.29179,-0.15005,-0.37659,1.47451,0.04526,0.0428,-0.01114,-73.74001,11.86868,34.70787,140.44985,-0.0901,0.62475,-0.31027
52.48,-10.49806,4.37066,-0.33742,0.62677,-0.02283,-0.01455,1.94036,1.30624,0.26428,1.89361,6.50444,0.00278,0.04493,0.55252,2.22876,3.4141,1.76819,-0.03063,-0.01372,-0.00748,-0.30917,-0.0539,-0.35412,1.59887,0.06456,0.06459,-0.00986,-73.61531,10.42585,29.35304,111.65643,-0.07316,1.28936,-0.11992
52.5,-12.45542,4.57636,-0.26383,0.6631,-0.04742,-0.01268,2.27256,1.55444,0.39464,1.84884,6.65703,0.01672,0.04504,0.65159,1.98995,3.19761,1.82941,-0.07132,-0.01583,-0.01039,-0.29017,0.06997,-0.31298,1.5939,0.08183,0.08467,-0.00906,-64.78819,9.23353,24.71026,85.91533,-0.04907,2.0087,0.06515
52.52,-14.56412,4.85636,-0.08981,0.71307,-0.07582,-0.00937,2.68617,1.88579,0.58133,1.67596,6.64633,0.03587,0.04369,0.81565,1.59666,3.04087,1.75287,-0.09834,-0.01773,-0.01103,-0.22019,0.24111,-0.2461,1.42999,0.09704,0.10293,-0.00854,-47.38341,8.22272,21.48444,67.57829,-0.01951,2.27435,0.0414
52.54,-16.86313,5.16165,0.13916,0.77777,-0.10648,-0.00463,3.13351,2.21317,0.82208,1.32461,6.45567,0.06087,0.04099,1.02093,1.08889,2.94827,1.54723,-0.10754,-0.01918,-0.00899,-0.09781,0.43452,-0.16409,1.08253,0.11028,0.11915,-0.00828,-30.19462,7.38156,19.06135,53.38863,0.00991,2.04814,-0.13597
52.56,-19.3533,5.39982,0.33831,0.85505,-0.12213,0.0013,3.55564,2.43522,1.10479,0.76089,6.06421,0.09201,0.03715,1.23785,0.54447,2.90765,1.23876,-0.10289,-0.01965,-0.00518,0.07162,0.62249,-0.07916,0.53992,0.12176,0.1329,-0.00837,-16.29383,6.68845,16.92024,42.14707,0.03836,1.56226,-0.30933
52.58,-22.08828,5.42327,0.4049,0.94312,-0.11332,0.00764,3.92406,2.55712,1.41982,-0.02937,5.44814,0.12894,0.03234,1.43091,0.04589,2.92538,0.85969,-0.08727,-0.01831,-0.00064,0.27082,0.79558,0.0053,-0.19253,0.13189,0.14382,-0.00898,-4.71164,6.01879,14.92518,34.93341,0.06516,1.32068,-0.26295
52.6,-25.2132,5.03265,0.29629,1.06277,-0.10169,0.01349,4.29749,2.53953,1.83259,-1.04197,4.57417,0.17145,0.02663,1.63256,-0.35655,2.92352,0.4478,-0.06927,-0.01402,0.00196,0.48725,0.90525,0.07201,-1.0932,0.14114,0.15214,-0.0105,4.66649,5.50952,13.38752,31.38074,0.08836,-0.52567,-0.75362
52.62,-28.8251,4.08923,0.09798,1.23304,-0.08893,0.01851,4.75472,2.34645,2.45871,-2.19474,3.42415,0.21891,0.02022,1.89984,-0.54955,2.83708,-0.00655,-0.05514,-0.00522,0.00135,0.75303,0.90516,0.10804,-2.1335,0.15001,0.15829,-0.01337,12.15018,5.30185,12.58436,30.73834,0.10617,-7.17208,-2.94426
52.64,-32.78746,2.61818,-0.13279,1.43453,-0.06597,0.02101,5.19546,2.00941,3.22515,-3.39449,1.99993,0.26659,0.01385,2.1473,-0.50269,2.68694,-0.56201,-0.04269,0.01023,-0.00026,1.0659,0.77377,0.11841,-3.29438,0.15886,0.16105,-0.01779,18.12874,5.06576,11.66649,32.46332,0.11774,-15.50591,-5.6209
52.66,-36.94472,0.77875,-0.37006,1.64802,-0.02883,0.01892,5.50552,1.56409,3.99685,-4.59403,0.31612,0.30608,0.00829,2.27985,-0.31816,2.48026,-1.27144,-0.03089,0.03483,-0.00013,1.38965,0.49115,0.10639,-4.57085,0.16807,0.15948,-0.02364,23.08696,4.589,10.09335,36.09493,0.12285,-21.91053,-7.5796
52.68,-41.16999,-1.13832,-0.51975,1.86895,0.01959,0.01156,5.65049,1.04597,4.75667,-5.74767,-1.59795,0.32541,0.00398,2.26704,-0.07933,2.19777,-2.20967,-0.02135,0.07132,0.0051,1.71744,0.05063,0.07271,-5.96161,0.17805,0.15404,-0.03068,27.52054,3.96919,8.08754,41.35517,0.12216,-27.03975,-9.18416
52.7,-45.44134,-2.96699,-0.47337,2.09129,0.08155,-0.00101,5.67826,0.48489,5.4396,-6.59716,-3.65614,0.30988,0.00129,2.13679,0.2592,1.80579,-3.34745,-0.01801,0.12278,0.02211,2.09001,-0.51928,0.01826,-7.47086,0.18899,0.14457,-0.03799,31.79809,3.12765,5.56414,48.19961,0.11618,-28.09518,-9.50618
52.72,-49.64456,-4.55524,-0.15838,2.30783,0.16007,-0.0178,5.64644,-0.02975,5.96292,-6.76295,-5.66075,0.23816,6e-05,1.90833,0.87153,1.29843,-4.52363,-0.02597,0.19262,0.06031,2.57201,-1.07879,-0.04192,-9.11242,0.20069,0.13115,-0.04415,36.1724,2.10974,2.77623,56.75175,0.10514,-24.23574,-8.14014
52.74,-53.19624,-5.5467,0.31845,2.49708,0.24934,-0.03691,5.38173,-0.40475,6.25447,-6.33146,-7.53544,0.08013,-0.00025,1.47208,1.55578,0.72796,-5.71851,-0.05013,0.28137,0.12283,3.11889,-1.52964,-0.09147,-10.89076,0.21245,0.11468,-0.04865,40.92916,1.16546,0.25994,67.04754,0.09177,-19.2208,-6.41017
52.76,-55.59547,-5.78997,0.81223,2.63966,0.34173,-0.05497,4.73041,-0.62821,6.30369,-5.52715,-9.33775,-0.19146,-0.00019,0.79187,2.01825,0.13188,-6.93069,-0.09175,0.38421,0.20545,3.65028,-1.87166,-0.12881,-12.81185,0.22272,0.09554,-0.05145,46.27396,0.38203,-1.81199,78.98314,0.07786,-14.83716,-4.95106
52.78,-56.54817,-5.37998,1.27861,2.72416,0.43416,-0.06818,3.70369,-0.70916,6.18225,-4.38766,-11.0754,-0.59431,-0.00018,-0.07859,2.4058,-0.47835,-8.05846,-0.14932,0.49173,0.29188,4.13945,-2.0698,-0.14991,-14.8879,0.2289,0.07378,-0.05218,52.17494,-0.24948,-3.38916,92.27009,0.06345,-10.85576,-3.64241
52.8,-55.71422,-4.39307,1.51954,2.75525,0.52816,-0.07549,2.34987,-0.68972,5.80958,-2.85106,-12.76891,-1.13203,-0.00047,-1.07033,2.34416,-1.07619,-8.93875,-0.20852,0.59119,0.39703,4.63771,-2.1687,-0.15691,-17.12082,0.22703,0.04861,-0.05094,58.05592,-0.73263,-4.45084,106.22432,0.04826,-7.43736,-2.52613
52.82,-52.78623,-3.0043,1.37543,2.74467,0.44935,-0.07691,0.78165,-0.62449,5.0939,-1.00491,-14.45532,-1.796,-0.0019,-2.02505,1.53269,-1.63633,-9.56775,-0.24275,0.66965,0.55408,5.22436,-2.25284,-0.15504,-19.4962,0.21151,0.01973,-0.04791,62.96703,-1.08576,-5.04129,119.82656,0.0317,-4.67621,-1.62568
52.84,-47.66306,-1.41177,1.02058,2.68249,0.28484,-0.0703,-0.82749,-0.53602,4.31948,0.76211,-16.13687,-2.51774,-0.00616,-2.84959,0.66509,-2.17109,-10.00805,-0.24843,0.7122,0.69832,5.80451,-2.30542,-0.13708,-21.97131,0.17493,-0.01279,-0.04315,66.33867,-1.31977,-5.18267,131.93341,0.01305,-2.54662,-0.92178
52.86,-40.3009,0.31643,0.61446,2.5506,0.10557,-0.05573,-2.25658,-0.45222,3.70082,2.11163,-17.82418,-3.14868,-0.01487,-3.55567,0.15603,-2.68574,-10.16313,-0.23154,0.71064,0.76968,6.25342,-2.31037,-0.09828,-24.4978,0.10755,-0.05086,-0.03678,67.72609,-1.44207,-4.9378,141.30483,-0.00799,-0.98331,-0.39088
52.88,-30.88426,2.19013,0.30779,2.3502,-0.0588,-0.03589,-3.40658,-0.3754,3.22027,3.49143,-19.53933,-3.74624,-0.02872,-4.15589,-0.07207,-3.17688,-9.89364,-0.18813,0.66912,0.78209,6.53561,-2.29993,-0.04342,-27.01208,-0.00262,-0.09704,-0.02887,66.49865,-1.45256,-4.40561,146.5567,-0.03086,0.12789,0.00402
52.9,-19.46874,4.20229,0.105,2.06474,-0.18272,-0.01336,-4.16308,-0.3389,2.83705,4.55242,-20.93926,-3.97555,-0.05216,-4.60178,-0.09475,-3.57185,-9.40542,-0.13294,0.59493,0.71593,6.69299,-2.27452,0.01855,-29.39187,-0.16867,-0.15467,-0.01994,61.35567,-1.38174,-3.70082,146.32992,-0.05368,0.89092,0.29402
52.92,-6.49818,6.35612,0.00267,1.68554,-0.24211,0.00818,-4.29132,-0.3914,2.48625,4.22468,-21.57737,-3.12897,-0.09728,-4.79956,0.03688,-3.80994,-8.94892,-0.07272,0.50041,0.57089,6.77434,-2.21669,0.07071,-31.42221,-0.40544,-0.22976,-0.01009,51.28989,-1.2741,-2.93318,139.68055,-0.07304,1.3865,0.50044
52.94,7.32228,8.71678,0.04292,1.2271,-0.23513,0.02564,-3.83305,-0.56963,2.21874,2.96226,-21.60597,-1.67817,-0.15841,-4.83,0.2697,-3.92917,-8.34009,0.00161,0.40081,0.40782,6.66462,-2.13227,0.09606,-32.88141,-0.725,-0.3228,0.00127,37.68831,-1.12733,-2.16072,126.43943,-0.08462,1.65412,0.62963
52.96,21.59189,11.32805,0.19422,0.69846,-0.17558,0.03816,-3.09109,-0.91096,2.14403,1.90677,-21.19486,-0.37214,-0.21657,-4.82423,0.51236,-3.95051,-7.47184,0.08527,0.30477,0.25723,6.26762,-2.02542,0.087,-33.59406,-1.13345,-0.42979,0.01428,22.62669,-0.95848,-1.43127,107.73975,-0.08459,1.70444,0.67897
52.98,35.9482,14.13619,0.39176,0.10653,-0.08292,0.04626,-2.2803,-1.49085,2.27233,1.54131,-20.23104,0.71735,-0.26142,-4.81584,0.72912,-3.90233,-6.44516,0.16857,0.21491,0.11887,5.5907,-1.88483,0.04348,-33.37774,-1.63922,-0.55649,0.02877,7.68779,-0.81844,-0.80539,85.7903,-0.07124,1.55012,0.65044
53,49.58484,16.89812,0.55758,-0.53182,0.01705,0.05061,-1.72201,-2.30993,2.63606,1.6499,-18.70313,1.17849,-0.27748,-4.75991,0.90351,-3.76846,-5.47001,0.24547,0.13124,-0.0032,4.77125,-1.69624,-0.02519,-32.07709,-2.1986,-0.66334,0.04446,-5.60346,-0.74196,-0.3072,62.76289,-0.04597,1.19574,0.54559
53.02,61.23415,19.29699,0.66085,-1.18034,0.09507,0.05185,-1.5061,-3.22038,3.14143,1.15387,-16.71108,1.00388,-0.26625,-4.59213,1.01374,-3.52587,-4.68621,0.31338,0.05165,-0.11025,4.01722,-1.4451,-0.10182,-29.57593,-2.73133,-0.67708,0.06069,-16.15441,-0.75204,0.04948,40.5681,-0.01303,0.70105,0.38923
53.04,70.36225,21.21355,0.72861,-1.80351,0.13404,0.05184,-1.48735,-4.13445,3.59092,0.59085,-14.4726,0.6844,-0.23969,-4.40639,1.09772,-3.2543,-3.97738,0.36352,-0.02736,-0.20323,3.23479,-1.15952,-0.16388,-26.03102,-3.19487,-0.62372,0.07647,-23.37263,-0.84487,0.2539,20.74012,0.02114,0.17638,0.2266
53.06,76.98591,22.57939,0.76801,-2.37808,0.13476,0.05197,-1.64112,-4.99069,3.79238,0.47812,-12.12048,0.42711,-0.20274,-4.33192,1.1753,-2.98575,-3.27814,0.38611,-0.10964,-0.27919,2.42976,-0.87391,-0.19543,-21.78695,-3.5741,-0.54872,0.09056,-27.32896,-0.99499,0.32736,4.09775,0.04882,-0.30759,0.08527
53.08,80.84765,23.25318,0.76546,-2.86089,0.10783,0.05211,-2.00644,-5.66118,3.71344,0.48724,-9.64327,0.23988,-0.15802,-4.41706,1.16805,-2.64958,-2.6312,0.37968,-0.19847,-0.34141,1.81498,-0.59589,-0.18989,-17.15695,-3.93198,-0.44668,0.10107,-28.45609,-1.16803,0.31001,-9.13628,0.0621,-0.7045,-0.01904
53.1,81.79184,23.03739,0.72154,-3.22412,0.0708,0.05253,-2.45365,-5.97465,3.11339,0.44305,-7.44739,0.10067,-0.11418,-4.48093,1.16331,-2.33332,-2.11864,0.34621,-0.2958,-0.37711,1.14862,-0.39015,-0.14821,-12.82793,-3.86973,-0.33185,0.10799,-26.5327,-1.31487,0.23186,-15.03928,0.05001,-0.84444,-0.04444
53.12,79.75902,21.74817,0.62894,-3.1036,0.03998,0.05289,-2.79011,-5.8153,1.89313,0.30763,-5.705,-0.00986,-0.07512,-4.26642,1.34639,-2.14725,-1.77478,0.28786,-0.4024,-0.3581,0.44503,-0.28794,-0.08145,-9.30829,-2.97012,-0.21844,0.11249,-23.14627,-1.3654,0.1612,-15.82962,0.01556,-0.78195,-0.0171
53.14,75.19574,19.55756,0.45305,-2.77776,0.02493,0.0521,-3.10791,-5.24178,0.31294,0.17651,-4.06221,-0.06353,-0.03649,-3.94643,1.53927,-1.94998,-1.51938,0.20548,-0.51653,-0.30439,0.04127,-0.23164,0.00101,-6.48232,-1.9648,-0.11885,0.1107,-19.71623,-1.29221,0.11901,-16.58046,-0.03859,-0.69231,0.01486
53.16,68.81985,16.80557,0.19506,-2.41769,0.02577,0.04971,-3.5612,-4.33014,-1.50947,0.07975,-2.39883,-0.06302,0.00146,-3.70669,1.55579,-1.65109,-1.30968,0.10472,-0.63484,-0.24579,-0.14422,-0.20251,0.09001,-4.27796,-1.20683,-0.04053,0.09943,-16.41012,-1.10631,0.087,-17.30462,-0.11657,-0.59071,0.04955
53.18,61.09344,13.81767,-0.10667,-2.03579,0.0358,0.04591,-4.15637,-3.12534,-3.60559,-0.02977,-0.78084,-0.03485,0.03649,-3.46307,1.47517,-1.31985,-1.14771,-0.00542,-0.75376,-0.17817,-0.41067,-0.21406,0.1677,-2.71559,-0.55932,0.02348,0.08008,-13.35076,-0.84022,0.04538,-17.96983,-0.22194,-0.4927,0.08336
53.2,53.07104,10.84043,-0.40603,-1.67702,0.04651,0.04138,-4.63562,-1.8494,-5.60734,-0.16775,0.80833,0.00809,0.06809,-3.27306,1.27544,-0.9857,-1.01996,-0.11539,-0.86198,-0.12417,-0.7845,-0.23818,0.22187,-1.76562,-0.21194,0.04364,0.052,-10.75974,-0.51163,-0.02161,-18.39903,-0.35666,-0.36389,0.12298
53.22,45.71704,8.06758,-0.64382,-1.38416,0.05173,0.03706,-4.73265,-0.63934,-6.54291,-0.28945,2.39776,0.0624,0.09663,-3.21614,0.93517,-0.67436,-0.90701,-0.20117,-0.94418,-0.10047,-0.93336,-0.26553,0.25095,-1.3297,-0.0205,0.02184,0.01804,-8.84482,-0.15204,-0.11541,-18.32855,-0.52092,-0.16001,0.17815
53.24,38.85992,5.79215,-0.79121,-1.13416,0.04924,0.03328,-4.66085,0.50987,-6.64623,-0.40475,4.0184,0.12904,0.1213,-3.25475,0.58114,-0.42216,-0.77782,-0.25061,-1.00155,-0.0837,-1.14133,-0.32127,0.23045,-1.25566,0.28428,0.0049,-0.0156,-7.55866,0.15353,-0.21926,-17.75496,-0.71081,0.0417,0.23684
53.26,32.38433,4.12428,-0.86821,-0.91142,0.04072,0.03009,-4.56359,1.48358,-6.4948,-0.56956,5.6759,0.20552,0.1406,-3.33109,0.30054,-0.23753,-0.61288,-0.27191,-1.0427,-0.06261,-1.84419,-0.42292,0.14172,-1.50005,0.6139,0.00039,-0.04769,-6.794,0.34866,-0.30601,-16.74781,-0.91805,0.18741,0.28808
53.28,26.52899,2.95518,-0.89126,-0.73012,0.02919,0.02738,-4.30897,2.18372,-6.07865,-0.79627,7.29298,0.28628,0.15368,-3.35855,0.11022,-0.11423,-0.42462,-0.26667,-1.06872,-0.04112,-2.98013,-0.58272,-0.00743,-2.14155,0.90549,0.00011,-0.0783,-6.46729,0.42685,-0.35123,-15.25617,-1.13573,0.30629,0.33565
53.3,21.59931,2.16475,-0.88916,-0.5975,0.01811,0.02477,-3.91586,2.56625,-5.34393,-1.04792,8.94735,0.37776,0.16009,-3.41709,-0.01711,-0.03985,-0.18102,-0.23966,-1.08857,-0.02579,-4.42701,-0.77479,-0.17183,-3.20326,1.06256,0.00124,-0.10905,-6.51292,0.38439,-0.33959,-13.3591,-1.32283,0.32538,0.36771
53.32,17.82233,1.63618,-0.87712,-0.51881,0.00977,0.02174,-3.49027,2.63681,-4.30546,-1.26605,10.84912,0.49124,0.15991,-3.56014,-0.10661,-0.00291,0.15765,-0.19999,-1.11449,-0.02044,-6.13069,-0.93456,-0.27878,-4.64417,0.98329,0.0015,-0.14532,-6.80293,0.23923,-0.27101,-11.17422,-1.41807,0.22552,0.37487
53.34,14.94153,1.2778,-0.84543,-0.49341,0.00397,0.01767,-3.03247,2.46184,-3.26821,-1.45002,12.76775,0.60825,0.15449,-3.55991,-0.13436,0.00775,0.50043,-0.15257,-1.14019,-0.01817,-8.11426,-1.03158,-0.31992,-6.52689,0.75738,0.00091,-0.18667,-7.10993,0.046,-0.17287,-8.84201,-1.43204,0.12466,0.36832
53.36,12.6873,1.02124,-0.78337,-0.5169,0.00045,0.01252,-2.51982,2.13111,-2.37761,-1.59533,14.36014,0.71165,0.14648,-3.27658,-0.10285,0.00476,0.7553,-0.10445,-1.15844,-0.01539,-10.22335,-1.05644,-0.31454,-8.86021,0.46646,-0.00039,-0.23021,-7.21435,-0.12872,-0.08009,-6.50108,-1.3896,0.05948,0.35619
53.38,10.9914,0.81209,-0.67641,-0.58795,-0.00039,0.00686,-1.9706,1.74153,-1.58963,-1.66594,15.58968,0.7999,0.13864,-2.75464,-0.04391,-0.00292,0.93004,-0.07067,-1.17746,-0.01416,-12.1122,-0.99043,-0.26931,-11.42277,0.14925,-0.00316,-0.28373,-6.98357,-0.23696,-0.01181,-4.14277,-1.27661,0.01473,0.3418
53.4,9.82657,0.59014,-0.53587,-0.65526,0.00199,0.00147,-1.48565,1.35249,-1.03339,-1.63631,16.36044,0.89227,0.13057,-2.1306,0.01687,-0.00948,1.00043,-0.03636,-1.16501,-0.01295,-13.75291,-0.85456,-0.20476,-13.80517,-0.15197,-0.00543,-0.31724,-6.52226,-0.24205,0.01298,-2.29287,-1.12319,-0.01185,0.32087
53.42,9.17001,0.32469,-0.37911,-0.68719,0.00811,-0.00233,-1.13901,0.99504,-0.75006,-1.52358,16.60727,1.0163,0.11958,-1.53428,0.06194,-0.01054,0.95107,0.02292,-1.07876,-0.00988,-15.20195,-0.68655,-0.1336,-15.45936,-0.33705,0.00263,-0.27515,-5.91974,-0.16377,0.00481,-1.15102,-0.95646,-0.02282,0.29205
53.44,8.83279,0.02727,-0.21682,-0.70104,0.01812,-0.00387,-0.84305,0.69764,-0.60456,-1.35121,16.22459,1.15109,0.10712,-0.98231,0.06981,-0.00563,0.85404,0.0667,-0.96582,-0.00703,-15.98421,-0.5306,-0.07548,-15.97537,-0.37915,0.0197,-0.18333,-4.91535,-0.07721,-0.00602,-0.43365,-0.77199,-0.0219,0.27283
53.46,8.64413,-0.29599,-0.07566,-0.69602,0.03231,-0.0035,-0.52027,0.45938,-0.52337,-1.12107,15.16112,1.26852,0.09434,-0.50338,0.0132,0.00307,0.75042,0.07427,-0.86363,-0.00535,-15.75581,-0.41567,-0.03862,-15.13714,-0.33902,0.03739,-0.08301,-3.42216,-0.02291,-0.01137,-0.02901,-0.57034,-0.01391,0.27139
53.48,8.54165,-0.64806,0.01388,-0.67281,0.05092,-0.00193,-0.17281,0.26535,-0.49682,-0.83546,13.62292,1.3651,0.07973,-0.15996,-0.13802,0.01562,0.61752,0.07259,-0.75429,-0.00395,-14.54941,-0.3221,-0.01068,-12.87015,-0.24521,0.0554,0.02859,-1.65676,-0.00123,-0.01738,0.04221,-0.36039,-0.00268,0.27879
53.5,8.5192,-0.99872,0.03684,-0.63447,0.07096,-0.00041,0.12002,0.11173,-0.51482,-0.50841,11.43747,1.42701,0.06315,-0.00084,-0.38007,0.03281,0.47865,0.04731,-0.67475,-0.00328,-12.50448,-0.27291,3e-05,-9.97724,-0.15538,0.06762,0.13341,0.02706,0.00931,-0.02959,-0.06906,-0.16249,0.00788,0.29532
53.52,8.5851,-1.30675,-0.00208,-0.58848,0.08672,4e-05,0.29067,0.0098,-0.54656,-0.16635,8.68183,1.4384,0.04505,-0.01948,-0.67711,0.05931,0.36995,0.00238,-0.66492,-0.00272,-9.93147,-0.26276,-0.00155,-7.3454,-0.08901,0.06887,0.21555,1.55005,0.03811,-0.05152,0.15375,0.01548,0.01992,0.32314
53.54,8.65177,-1.55941,-0.08216,-0.55189,0.09637,-0.001,0.4146,-0.02376,-0.55426,0.18104,6.13891,1.39027,0.02434,-0.18821,-1.0397,0.10868,0.25532,-0.02151,-0.68423,-0.00103,-7.02123,-0.23106,0.00431,-4.95692,-0.01606,0.06375,0.2672,2.84119,0.1037,-0.08288,0.7453,0.16994,0.03319,0.34527
53.56,8.6456,-1.74393,-0.17686,-0.53674,0.09868,-0.004,0.54196,0.01696,-0.53059,0.52423,4.14551,1.28454,0.00084,-0.50463,-1.48195,0.19976,0.09975,-0.02236,-0.7051,0.00167,-3.98698,-0.17431,0.01358,-2.96498,0.06338,0.05573,0.28421,3.57315,0.20871,-0.11781,1.41823,0.28475,0.04217,0.34437
53.58,8.55325,-1.8356,-0.25625,-0.54205,0.09085,-0.00908,0.65132,0.12162,-0.48234,0.83715,2.65019,1.13719,-0.02454,-0.96132,-1.97407,0.35102,-0.08234,-0.01657,-0.74703,0.00497,-1.17827,-0.11727,0.01815,-1.6168,0.13842,0.04554,0.27635,3.58039,0.33069,-0.14816,2.1888,0.35103,0.04437,0.31102
53.6,8.36217,-1.76744,-0.31824,-0.5664,0.07322,-0.01573,0.74587,0.26605,-0.42914,1.08742,1.63212,0.94974,-0.04917,-1.50394,-2.41382,0.57118,-0.24589,-0.01003,-0.77944,0.00862,1.0564,-0.06451,0.00363,-0.88882,0.19799,0.03321,0.22366,2.98643,0.4422,-0.1641,2.80318,0.36469,0.03637,0.23637
53.62,8.06438,-1.4962,-0.39133,-0.60683,0.04886,-0.02292,0.82996,0.43225,-0.38997,1.2482,1.02304,0.73688,-0.0665,-2.0414,-2.65753,0.84308,-0.33157,-0.00539,-0.75251,0.0127,2.66915,-0.01997,-0.05372,-0.63911,0.22993,0.02016,0.13557,2.11987,0.53014,-0.15847,3.0277,0.32673,0.01646,0.11197
53.64,7.65193,-1.0706,-0.46484,-0.65028,0.02226,-0.02963,0.90083,0.59321,-0.36007,1.30923,0.72996,0.53967,-0.0748,-2.55907,-2.71423,1.15855,-0.35087,-0.00273,-0.68784,0.01737,3.69013,0.00065,-0.15889,-0.69413,0.23075,0.00957,0.06404,1.00964,0.55831,-0.12653,2.86672,0.24624,-0.01494,-0.07613
53.66,7.12268,-0.53582,-0.5178,-0.68496,-0.00163,-0.03497,0.96311,0.71779,-0.33561,1.27608,0.67809,0.37559,-0.07588,-3.07001,-2.62876,1.51756,-0.32897,-8e-05,-0.61011,0.02279,4.07061,-0.02168,-0.3073,-0.8932,0.20111,0.00228,0.02054,-0.29653,0.49968,-0.06906,2.28725,0.13291,-0.05605,-0.32634
53.68,6.48719,0.06852,-0.55779,-0.70713,-0.0188,-0.03811,1.0229,0.79782,-0.32033,1.16349,0.80224,0.24132,-0.06945,-3.54247,-2.35569,1.89186,-0.2271,0.00467,-0.50884,0.02932,3.93525,-0.10741,-0.4969,-1.11438,0.1465,-0.00226,-0.00354,-1.49756,0.3772,0.0013,1.22184,-0.00376,-0.1081,-0.64252
53.7,5.7979,0.66653,-0.57955,-0.71574,-0.02666,-0.03855,1.07088,0.8302,-0.30939,0.96024,1.04235,0.13338,-0.05861,-3.93447,-2.0407,2.29774,-0.10666,0.01357,-0.40796,0.03748,3.48455,-0.26125,-0.69295,-1.26342,0.07445,-0.00463,-0.01405,-2.39619,0.20761,0.06216,-0.41456,-0.15305,-0.15723,-0.95053
53.72,5.1001,1.14955,-0.59016,-0.71196,-0.02442,-0.03631,1.1013,0.81672,-0.29832,0.68508,1.34377,0.04676,-0.04649,-4.23188,-1.85204,2.74818,-0.04894,0.02955,-0.32779,0.04795,2.92851,-0.45677,-0.82722,-1.2691,0.001,-0.00562,-0.01921,-2.98795,0.04772,0.07664,-2.31319,-0.30272,-0.16706,-1.06015
53.74,4.3911,1.44748,-0.59373,-0.69714,-0.01386,-0.03191,1.13314,0.76293,-0.28833,0.39546,1.65629,-0.02483,-0.03292,-4.43026,-1.71514,3.19233,-0.00142,0.05591,-0.25592,0.06088,2.34641,-0.65786,-0.87952,-1.13823,-0.05644,-0.00564,-0.02127,-3.29043,-0.02519,0.04092,-4.22184,-0.44084,-0.14507,-1.00062
53.76,3.66783,1.55709,-0.57887,-0.67317,0.00164,-0.02612,1.18276,0.67289,-0.2798,0.1151,1.93101,-0.08783,-0.01858,-4.48823,-1.55911,3.59958,0.08677,0.0943,-0.18876,0.07551,1.78935,-0.82765,-0.85953,-0.92257,-0.09136,-0.00478,-0.01966,-3.23048,-0.01024,-0.01378,-6.14491,-0.55783,-0.11488,-0.87936
53.78,2.93741,1.50059,-0.54473,-0.64408,0.01802,-0.01974,1.25573,0.55259,-0.27205,-0.1578,2.11791,-0.14812,-0.0048,-4.34416,-1.38818,3.96118,0.23137,0.13989,-0.12912,0.08952,1.36723,-0.92742,-0.764,-0.65919,-0.10143,-0.00307,-0.01433,-2.77548,0.05723,-0.057,-7.87758,-0.64741,-0.07027,-0.67578
53.8,2.27339,1.30991,-0.49474,-0.61702,0.03092,-0.01336,1.34053,0.40343,-0.25827,-0.4201,2.16374,-0.20991,0.00772,-3.9773,-1.24318,4.28704,0.3183,0.19413,-0.08679,0.10202,1.02009,-0.92385,-0.62911,-0.40336,-0.08905,-0.00023,-0.00243,-1.96205,0.13095,-0.06608,-9.28309,-0.69334,-0.02961,-0.47178
53.82,1.70831,1.01957,-0.44274,-0.59848,0.03689,-0.00763,1.42131,0.22992,-0.23012,-0.65199,2.01074,-0.27566,0.01853,-3.40247,-1.12015,4.70328,0.27868,0.26527,-0.06168,0.1129,0.68178,-0.809,-0.49606,-0.17804,-0.0585,0.00387,0.01682,-0.82996,0.17366,-0.03798,-10.27559,-0.67732,-0.01058,-0.34004
53.84,1.18833,0.6847,-0.38909,-0.58988,0.03562,-0.00328,1.50927,0.04208,-0.18679,-0.85259,1.59617,-0.34669,0.02739,-2.63222,-0.92136,5.34181,0.24761,0.32557,-0.04199,0.11631,0.42918,-0.61685,-0.36975,0.03362,-0.01277,0.00917,0.04151,0.55256,0.17518,0.01475,-10.67467,-0.6155,0.00041,-0.23432
53.86,0.7055,0.34378,-0.32392,-0.59207,0.02908,-0.00064,1.60942,-0.15405,-0.12596,-1.04107,0.85568,-0.4234,0.03398,-1.70258,-0.62827,6.18455,0.26132,0.34438,-0.025,0.10807,0.2756,-0.38244,-0.25362,0.23299,0.04409,0.01573,0.07176,2.03259,0.13584,0.07038,-10.40682,-0.52797,0.01001,-0.13472
53.88,0.28211,0.00583,-0.24608,-0.6064,0.01959,0.00037,1.70106,-0.35287,-0.04233,-1.22711,-0.27271,-0.50604,0.03787,-0.67871,-0.28933,7.66815,0.27506,0.32348,-0.0124,0.08976,0.16824,-0.1213,-0.15566,0.41242,0.10651,0.02268,0.09999,3.40703,0.06001,0.10497,-9.50849,-0.4209,0.01499,-0.05532
53.9,-0.06456,-0.31272,-0.15686,-0.63471,0.00993,-0.0001,1.75583,-0.54137,0.06625,-1.37292,-1.83903,-0.58277,0.03887,0.34237,0.0568,8.12969,0.231,0.25779,-0.00454,0.06387,0.07553,0.10709,-0.08499,0.57287,0.1694,0.0307,0.13504,4.53156,-0.00169,0.11589,-8.32252,-0.31989,0.01062,-0.01457
53.92,-0.33717,-0.59904,-0.06065,-0.67759,0.00183,-0.00151,1.7465,-0.69821,0.1876,-1.40064,-3.87598,-0.63308,0.03669,1.3655,0.36361,5.21584,0.12295,0.15852,0.00044,0.03478,-0.00891,0.24678,-0.0393,0.72594,0.2301,0.04247,0.20993,5.39847,0.02256,0.1312,-7.23892,-0.24177,0.00151,0.01122
53.94,-0.53242,-0.83352,0.03808,-0.72956,-0.00498,-0.00332,1.6573,-0.81455,0.30913,-1.32756,-6.36522,-0.65594,0.03014,2.39716,0.60887,1.68813,0.0059,0.05772,0.00402,0.00631,-0.07899,0.33808,-0.00436,0.8393,0.28266,0.05572,0.30874,5.91923,0.10563,0.14804,-6.2215,-0.18126,-0.00308,0.05405
53.96,-0.63404,-0.98911,0.1315,-0.78247,-0.01119,-0.00523,1.4824,-0.89309,0.43008,-1.20569,-9.22117,-0.65945,0.0182,3.33572,0.77817,-1.30374,-0.11432,-0.02843,0.00646,-0.0191,-0.12727,0.41745,0.02546,0.87165,0.3209,0.06721,0.40173,6.00752,0.19931,0.15138,-5.23787,-0.14058,-0.00352,0.10358
53.98,-0.64184,-1.0482,0.21248,-0.82695,-0.01722,-0.00696,1.22558,-0.93261,0.54356,-0.99923,-12.40306,-0.64736,0.00055,4.08439,0.8529,-4.11173,-0.25315,-0.09457,0.00833,-0.03951,-0.13855,0.47447,0.04771,0.81486,0.34484,0.07826,0.50267,5.75816,0.30046,0.15042,-4.40686,-0.12521,-0.00089,0.15494
54,-0.56679,-1.01078,0.27623,-0.85045,-0.0235,-0.00836,0.89406,-0.9448,0.65153,-0.77263,-15.31815,-0.60181,-0.02255,4.69046,0.84469,-6.00257,-0.40173,-0.13579,0.01038,-0.05379,-0.10224,0.52263,0.06001,0.64744,0.35334,0.0872,0.59309,5.26914,0.38157,0.14025,-3.7035,-0.13091,0.00319,0.19849
54.02,-0.42706,-0.88643,0.32102,-0.83882,-0.03011,-0.0094,0.51077,-0.94735,0.76935,-0.63908,-16.92784,-0.49745,-0.05057,5.28838,0.77868,-5.26744,-0.52652,-0.14671,0.01347,-0.06136,-0.01317,0.5731,0.06096,0.37352,0.34548,0.09165,0.64259,4.63154,0.42357,0.11496,-3.06008,-0.14833,0.00669,0.22312
54.04,-0.23897,-0.69413,0.34988,-0.77568,-0.03654,-0.01004,0.10436,-0.94232,0.8973,-0.53483,-17.4469,-0.37156,-0.08188,5.70929,0.62619,-3.34438,-0.6427,-0.13536,0.01895,-0.06192,0.13238,0.59737,0.03886,0.02693,0.32534,0.09527,0.68761,3.94106,0.43599,0.0868,-2.48702,-0.17053,0.00916,0.22945
54.06,-0.01882,-0.46234,0.36623,-0.64932,-0.0422,-0.01032,-0.31179,-0.9278,1.0247,-0.39761,-17.37436,-0.26156,-0.11381,5.80697,0.37764,-1.72925,-0.78698,-0.11492,0.0281,-0.05653,0.32951,0.57083,-0.01601,-0.37415,0.29492,0.10016,0.75467,3.26529,0.42383,0.06342,-1.98757,-0.19229,0.01031,0.21839
54.08,0.21794,-0.21763,0.37355,-0.45706,-0.04667,-0.01032,-0.73145,-0.90741,1.14958,-0.25396,-16.59168,-0.157,-0.14452,5.66706,0.05517,-0.34505,-0.96375,-0.08922,0.0412,-0.04681,0.56674,0.48805,-0.10145,-0.82053,0.25202,0.10338,0.81505,2.66567,0.38936,0.04451,-1.54408,-0.20834,0.01029,0.19205
54.1,0.45778,0.01626,0.37583,-0.20148,-0.04957,-0.01012,-1.14324,-0.88406,1.26177,-0.11454,-15.37978,-0.08433,-0.16828,5.33039,-0.30145,0.65309,-1.13527,-0.06684,0.05912,-0.03625,0.82995,0.33978,-0.19399,-1.26948,0.19567,0.10636,0.89932,2.17284,0.33593,0.02974,-1.15226,-0.21687,0.00806,0.14661
54.12,0.68705,0.22584,0.3733,0.10213,-0.05071,-0.00978,-1.53229,-0.85992,1.34801,0.00907,-14.023,-0.06139,-0.17799,4.83103,-0.6369,1.25899,-1.2353,-0.05133,0.08364,-0.02757,1.10221,0.1406,-0.25412,-1.62819,0.12422,0.11092,1.0588,1.79618,0.26938,0.01871,-0.80853,-0.21795,0.00406,0.08595
54.14,0.90124,0.40458,0.36971,0.43206,-0.05043,-0.00931,-1.89802,-0.83524,1.40318,0.10875,-12.47783,-0.05251,-0.17597,4.2501,-0.91838,1.593,-1.2769,-0.03559,0.11365,-0.02035,1.35769,-0.07475,-0.28174,-1.87569,0.03382,0.10913,1.22003,1.53971,0.19899,0.01148,-0.51833,-0.21123,0.00065,0.02473
54.16,1.10435,0.55144,0.37072,0.77048,-0.04924,-0.00876,-2.24429,-0.81098,1.42097,0.19265,-10.76057,-0.03793,-0.16593,3.66651,-1.12803,1.71875,-1.28019,-0.01709,0.14616,-0.01442,1.57378,-0.28468,-0.28886,-2.0382,-0.0748,0.09594,1.31383,1.39666,0.13034,0.0074,-0.28633,-0.19721,-0.00165,-0.03204
54.18,1.30276,0.67339,0.37868,1.09899,-0.04769,-0.0081,-2.56341,-0.79096,1.39988,0.27191,-8.94632,-0.0205,-0.14716,3.13464,-1.24555,1.7033,-1.21241,0.00259,0.1786,-0.01014,1.74341,-0.47441,-0.2673,-2.09553,-0.19791,0.07353,1.35721,1.35426,0.06513,0.00538,-0.10217,-0.17722,-0.00303,-0.08436
54.2,1.49535,0.77749,0.38867,1.38655,-0.04621,-0.00729,-2.83141,-0.77903,1.34062,0.30675,-7.27097,-0.00994,-0.12518,2.62168,-1.2607,1.55871,-1.08777,0.02185,0.21294,-0.0072,1.85923,-0.63239,-0.22422,-2.07414,-0.32279,0.04138,1.30222,1.35761,0.00429,0.00476,0.02101,-0.15348,-0.00354,-0.13054
54.22,1.67658,0.86672,0.39085,1.59317,-0.04508,-0.00623,-3.01583,-0.77952,1.24237,0.26857,-5.86927,-0.00947,-0.10528,2.09958,-1.18062,1.322,-0.93801,0.04003,0.25279,-0.00528,1.9189,-0.75105,-0.17033,-2.01907,-0.42286,0.00548,1.12035,1.35731,-0.05081,0.00524,0.07604,-0.12817,-0.00337,-0.16747
54.24,1.8562,0.94467,0.38472,1.70954,-0.0446,-0.00499,-3.10267,-0.79372,1.10435,0.21213,-4.60164,-0.00872,-0.0848,1.62075,-1.03712,1.06793,-0.76204,0.05485,0.28932,-0.00422,1.93441,-0.82939,-0.11138,-1.92504,-0.49187,-0.02494,0.88736,1.36324,-0.09932,0.0067,0.09349,-0.10239,-0.00248,-0.19494
54.26,2.04497,1.01184,0.37312,1.74606,-0.0447,-0.00374,-3.07691,-0.82083,0.93314,0.16858,-3.41794,-0.00529,-0.06291,1.19757,-0.85921,0.83287,-0.56374,0.0634,0.31351,-0.00385,1.91669,-0.87007,-0.05597,-1.7907,-0.53646,-0.04794,0.6473,1.37781,-0.14134,0.00924,0.09662,-0.07701,-0.00092,-0.21546
54.28,2.23895,1.06188,0.35473,1.70625,-0.04478,-0.00264,-2.91205,-0.86054,0.74439,0.13023,-2.37178,-0.00247,-0.04155,0.80557,-0.66111,0.62338,-0.35954,0.0657,0.32553,-0.00397,1.87094,-0.87123,-0.01258,-1.63155,-0.55378,-0.06319,0.40445,1.38389,-0.17592,0.01303,0.0931,-0.05295,0.0008,-0.23107
54.3,2.4251,1.07753,0.3288,1.60383,-0.04416,-0.0018,-2.64029,-0.89838,0.51514,0.07992,-1.49084,-0.00089,-0.02185,0.43645,-0.48068,0.44396,-0.20048,0.06177,0.31958,-0.00431,1.7968,-0.84481,0.00385,-1.4659,-0.54996,-0.07158,0.16579,1.35329,-0.20145,0.01831,0.07366,-0.03092,0.00398,-0.23441
54.32,2.58487,1.03807,0.2952,1.45613,-0.04233,-0.00123,-2.2972,-0.91664,0.25123,0.02323,-0.77879,-0.00025,-0.00413,0.10178,-0.34035,0.30283,-0.11235,0.05261,0.29131,-0.00455,1.69735,-0.81024,-0.00154,-1.30761,-0.53326,-0.07497,-0.04928,1.27608,-0.2162,0.02519,0.03926,-0.01141,0.01087,-0.21388
54.34,2.71327,0.9493,0.25845,1.27916,-0.03911,-0.00122,-1.85726,-0.91906,0.01772,-0.01789,-0.21964,-5e-05,0.01179,-0.17746,-0.22532,0.20144,-0.0581,0.04129,0.24687,-0.00449,1.58073,-0.7627,-0.0128,-1.15341,-0.50406,-0.07428,-0.22255,1.18517,-0.21908,0.03368,0.01362,0.00541,0.01957,-0.17866
54.36,2.81156,0.82875,0.22244,1.08814,-0.03463,-0.00191,-1.3224,-0.91044,-0.17148,-0.04684,0.19788,1e-05,0.02581,-0.39528,-0.1268,0.13095,-0.01854,0.02997,0.19187,-0.00393,1.45455,-0.69783,-0.02881,-1.00149,-0.46365,-0.07053,-0.35553,1.10254,-0.2105,0.0436,0.00236,0.01964,0.02785,-0.13998
54.38,2.87095,0.68794,0.18665,0.89366,-0.02915,-0.003,-0.73411,-0.88543,-0.32576,-0.07093,0.48813,3e-05,0.03764,-0.55264,-0.04912,0.08126,0.00145,0.01971,0.12908,-0.00265,1.32764,-0.62673,-0.04607,-0.85774,-0.41509,-0.06472,-0.45196,1.03078,-0.19219,0.05415,-0.00111,0.03156,0.03627,-0.09565
54.4,2.89143,0.54134,0.15412,0.71264,-0.02305,-0.00438,-0.14551,-0.84068,-0.4386,-0.08982,0.67148,-4e-05,0.04735,-0.65555,-0.00818,0.04841,-0.00016,0.01133,0.0595,-0.00047,1.19813,-0.54956,-0.06378,-0.7292,-0.36324,-0.05786,-0.51757,0.97364,-0.16704,0.06511,-0.00054,0.04158,0.04385,-0.05128
54.42,2.87633,0.40386,0.1269,0.557,-0.01668,-0.00593,0.40963,-0.7729,-0.48958,-0.09909,0.76901,-0.00031,0.05522,-0.71448,0.00142,0.02841,-0.00806,0.00564,-0.01097,0.00276,1.06741,-0.46337,-0.08482,-0.62165,-0.31172,-0.05081,-0.55964,0.93426,-0.13819,0.07644,0.0014,0.05019,0.04943,-0.0136
54.44,2.82032,0.28544,0.09991,0.42312,-0.01024,-0.00712,0.90679,-0.68208,-0.4988,-0.1042,0.80162,-0.00086,0.06067,-0.7405,-0.01138,0.01491,-0.00839,0.00319,-0.07537,0.00715,0.95433,-0.37792,-0.10611,-0.53171,-0.26013,-0.04384,-0.58353,0.91565,-0.1086,0.08624,0.00264,0.05796,0.05419,0.02148
54.46,2.72154,0.19087,0.06809,0.30808,-0.004,-0.00758,1.31417,-0.56922,-0.4944,-0.1106,0.78776,-0.00164,0.06311,-0.74566,-0.06301,0.00547,-0.00494,0.00389,-0.13373,0.01274,0.86779,-0.30006,-0.12529,-0.45385,-0.20867,-0.03723,-0.59471,0.91485,-0.08112,0.09309,0.00189,0.06551,0.0589,0.05659
54.48,2.58308,0.12153,0.02872,0.21258,0.00177,-0.0073,1.61738,-0.4352,-0.47619,-0.11451,0.74337,-0.00259,0.06272,-0.74163,-0.17203,3e-05,-0.00047,0.00713,-0.18759,0.01932,0.80295,-0.22927,-0.14433,-0.38585,-0.15916,-0.03129,-0.59739,0.9204,-0.05783,0.09731,-0.0009,0.07356,0.06327,0.08972
54.5,2.41912,0.07013,-0.02145,0.13771,0.00664,-0.00615,1.81815,-0.28876,-0.45171,-0.11464,0.68126,-0.00353,0.05971,-0.73953,-0.33363,-0.00132,0.01601,0.01199,-0.23455,0.02679,0.75581,-0.17185,-0.15737,-0.32724,-0.11483,-0.02648,-0.59377,0.92044,-0.03988,0.09884,-0.00478,0.08275,0.06744,0.12119
54.52,2.24328,0.032,-0.08644,0.0826,0.00899,-0.00418,1.93098,-0.13793,-0.42586,-0.10955,0.61128,-0.00418,0.05439,-0.74921,-0.52215,0.00056,0.06463,0.01745,-0.26894,0.03526,0.72079,-0.13215,-0.15631,-0.27729,-0.07773,-0.02312,-0.58511,0.90353,-0.02756,0.09807,-0.00713,0.09356,0.07153,0.15182
54.54,2.05145,0.00963,-0.16917,0.04411,0.00799,-0.00172,1.96095,0.01183,-0.39443,-0.09663,0.54081,-0.00445,0.04701,-0.77761,-0.74946,0.00429,0.13273,0.02212,-0.29402,0.0441,0.69153,-0.104,-0.14743,-0.23103,-0.04747,-0.02108,-0.5725,0.85575,-0.01999,0.09621,-0.007,0.10613,0.07513,0.17916
54.56,1.84299,0.00071,-0.26872,0.02032,0.00416,0.00101,1.91503,0.1514,-0.35614,-0.07524,0.47419,-0.00432,0.03788,-0.8295,-1.03071,0.00882,0.19722,0.02465,-0.31604,0.05249,0.66156,-0.08346,-0.136,-0.18467,-0.0241,-0.02017,-0.55627,0.77026,-0.01606,0.09428,-0.00522,0.1201,0.07792,0.20167
54.58,1.62614,0.00047,-0.37995,0.00951,-0.00213,0.0038,1.81603,0.2701,-0.31179,-0.04679,0.41316,-0.00381,0.02746,-0.90779,-1.34317,0.01286,0.25755,0.02408,-0.33485,0.06,0.62227,-0.0708,-0.11926,-0.13893,-0.00757,-0.02019,-0.53608,0.65115,-0.01506,0.09328,-0.00222,0.13429,0.07974,0.22016
54.6,1.41344,0.00591,-0.49108,0.00927,-0.01114,0.00636,1.66936,0.36207,-0.26823,-0.01533,0.35792,-0.00311,0.01596,-1.00923,-1.64616,0.01509,0.3124,0.01992,-0.34843,0.06632,0.56989,-0.06214,-0.10458,-0.0937,0.00314,-0.02059,-0.50902,0.50336,-0.01545,0.09277,0.00091,0.14735,0.08015,0.23058
54.62,1.21286,0.01592,-0.58347,0.01682,-0.02333,0.00833,1.47946,0.42921,-0.23008,0.01655,0.30767,-0.00245,0.00384,-1.12711,-1.88594,0.01462,0.36147,0.01232,-0.35354,0.07117,0.50262,-0.05357,-0.09936,-0.04841,0.00928,-0.0207,-0.47161,0.33863,-0.01537,0.09198,0.00472,0.15789,0.07887,0.2301
54.64,1.0237,0.02801,-0.6397,0.02908,-0.03564,0.00952,1.26441,0.46771,-0.19342,0.04686,0.26098,-0.00186,-0.00835,-1.25731,-2.0405,0.01148,0.39736,0.00198,-0.35133,0.07375,0.41172,-0.04645,-0.09727,-0.00853,0.01222,-0.02032,-0.42618,0.17494,-0.01484,0.09254,0.00997,0.16379,0.07579,0.22295
54.66,0.84717,0.03905,-0.64704,0.04256,-0.04475,0.00985,1.03455,0.47487,-0.15652,0.07197,0.21645,-0.00139,-0.02043,-1.3936,-2.09452,0.00663,0.415,-0.00952,-0.34318,0.07327,0.29534,-0.0415,-0.0948,0.022,0.01308,-0.01939,-0.37509,0.02208,-0.01433,0.09525,0.01587,0.16369,0.07102,0.21235
54.68,0.68584,0.0486,-0.60054,0.05361,-0.05024,0.00922,0.79659,0.45805,-0.12085,0.08924,0.1731,-0.00105,-0.03233,-1.5242,-2.01714,0.00177,0.42332,-0.02044,-0.32654,0.06942,0.16153,-0.03696,-0.09525,0.04455,0.01264,-0.01778,-0.31836,-0.11589,-0.01298,0.0983,0.02214,0.1578,0.06502,0.19925
54.7,0.55354,0.05501,-0.50695,0.05832,-0.05008,0.00804,0.5582,0.42355,-0.08718,0.09959,0.13062,-0.00082,-0.04329,-1.62326,-1.84142,-0.00088,0.41049,-0.02822,-0.30323,0.06173,0.01857,-0.03308,-0.09488,0.05032,0.01137,-0.01579,-0.26289,-0.23559,-0.01116,0.10144,0.02847,0.14659,0.05737,0.1813
54.72,0.46038,0.05797,-0.38281,0.05333,-0.04391,0.00688,0.34261,0.37717,-0.05464,0.10694,0.08924,-0.00064,-0.05189,-1.65782,-1.61226,0.00043,0.36868,-0.02867,-0.27518,0.05005,-0.11361,-0.03054,-0.08845,0.03863,0.00947,-0.01373,-0.21412,-0.33434,-0.00984,0.10506,0.03467,0.13107,0.0482,0.15784
54.74,0.39636,0.06162,-0.2504,0.03758,-0.03539,0.00553,0.18202,0.32335,-0.02108,0.11083,0.04929,-0.0005,-0.05788,-1.61671,-1.32677,0.00689,0.32033,-0.02277,-0.24141,0.03471,-0.21783,-0.02771,-0.07982,0.02481,0.00703,-0.0116,-0.16949,-0.41116,-0.00804,0.10629,0.03988,0.11307,0.03934,0.13482
54.76,0.35359,0.06916,-0.12763,0.01192,-0.02692,0.00392,0.09192,0.26444,0.01495,0.1102,0.01077,-0.0004,-0.06156,-1.4962,-1.00154,0.01842,0.27916,-0.01429,-0.20228,0.01637,-0.29194,-0.02358,-0.07193,0.01447,0.00411,-0.00942,-0.12843,-0.46683,-0.00512,0.10333,0.04322,0.09397,0.03165,0.11511
54.78,0.32933,0.08138,-0.02544,-0.02105,-0.01922,0.00244,0.07287,0.20315,0.05419,0.10806,-0.02643,-0.00035,-0.06258,-1.29315,-0.67686,0.03348,0.24521,-0.00332,-0.15934,-0.00385,-0.33533,-0.01882,-0.06283,0.00648,0.00082,-0.00732,-0.09298,-0.50254,-0.00192,0.09766,0.04492,0.07463,0.02488,0.09723
54.8,0.31835,0.09566,0.05058,-0.05782,-0.01273,0.00121,0.11409,0.14008,0.09701,0.10516,-0.06209,-0.00031,-0.06136,-1.03263,-0.39752,0.05054,0.2049,0.00677,-0.12008,-0.0241,-0.35445,-0.01299,-0.05459,0.00093,-0.00269,-0.00535,-0.06431,-0.51885,0.00232,0.08889,0.04392,0.05588,0.0189,0.08053
54.82,0.31442,0.10678,0.10059,-0.09786,-0.00778,0.00035,0.19662,0.07884,0.14321,0.10125,-0.09572,-0.00023,-0.05856,-0.74532,-0.18232,0.06962,0.15411,0.01171,-0.08878,-0.04125,-0.35886,-0.00587,-0.04897,-0.00264,-0.00622,-0.00353,-0.04293,-0.51624,0.00848,0.0771,0.03963,0.03849,0.01352,0.06433
54.84,0.30877,0.11467,0.127,-0.13882,-0.00472,-5e-05,0.29861,0.02572,0.19165,0.09759,-0.12678,-0.00015,-0.05428,-0.44811,-0.02252,0.08831,0.10919,0.01461,-0.0612,-0.05361,-0.35115,0.00091,-0.04327,-0.00476,-0.00959,-0.00187,-0.02843,-0.49749,0.01466,0.06585,0.03373,0.02314,0.00848,0.04722
54.86,0.2947,0.12072,0.13389,-0.17628,-0.00329,-0.0001,0.40019,-0.01702,0.24011,0.09461,-0.15463,-0.0001,-0.04878,-0.16121,0.08406,0.10326,0.07478,0.01831,-0.03671,-0.06126,-0.33372,0.00624,-0.03623,-0.00575,-0.01266,-0.00037,-0.02017,-0.46595,0.0195,0.05695,0.02736,0.01015,0.00362,0.02876
54.88,0.27115,0.12267,0.12666,-0.20878,-0.00295,2e-05,0.48765,-0.04905,0.28536,0.09196,-0.17839,-5e-05,-0.04255,0.0953,0.14295,0.11358,0.04656,0.0209,-0.01717,-0.06408,-0.31061,0.01017,-0.02852,-0.00595,-0.01531,0.00096,-0.01713,-0.42442,0.02326,0.04983,0.02081,-0.00043,-0.00101,0.0094
54.9,0.23888,0.12043,0.11099,-0.23513,-0.00321,0.0002,0.5522,-0.07087,0.32491,0.08793,-0.19665,2e-05,-0.0362,0.3075,0.16554,0.11884,0.02294,0.02401,-0.0027,-0.0634,-0.28439,0.01241,-0.02115,-0.00558,-0.01737,0.00206,-0.01777,-0.37714,0.02536,0.04447,0.01413,-0.00859,-0.00524,-0.00979
54.92,0.20081,0.11463,0.09167,-0.25431,-0.00372,0.0004,0.58927,-0.0839,0.35694,0.0812,-0.20776,0.00011,-0.03023,0.46757,0.16361,0.11878,0.00428,0.02973,0.00693,-0.06082,-0.25669,0.01276,-0.01476,-0.00483,-0.01867,0.00292,-0.02027,-0.32827,0.02526,0.04073,0.00789,-0.01435,-0.00865,-0.02624
54.94,0.16268,0.10429,0.07154,-0.26447,-0.00414,0.00054,0.59725,-0.08917,0.37559,0.07322,-0.21041,0.00019,-0.02476,0.57093,0.14742,0.11281,-0.0088,0.03412,0.01231,-0.05636,-0.22812,0.01166,-0.0092,-0.0039,-0.01912,0.00348,-0.02313,-0.28011,0.02352,0.03765,0.00297,-0.01783,-0.01098,-0.03805
54.96,0.13001,0.08942,0.05259,-0.26352,-0.00423,0.00056,0.57626,-0.08774,0.37527,0.06483,-0.20383,0.00025,-0.01984,0.61626,0.1244,0.10125,-0.01674,0.03431,0.01437,-0.05021,-0.19871,0.00955,-0.00467,-0.00295,-0.01865,0.00373,-0.02518,-0.23393,0.02057,0.03456,-0.00045,-0.01922,-0.01218,-0.0449
54.98,0.10538,0.07118,0.03616,-0.25079,-0.00396,0.00048,0.52821,-0.08089,0.35517,0.05566,-0.18791,0.00029,-0.01552,0.60761,0.0999,0.0855,-0.02021,0.031,0.01404,-0.043,-0.16846,0.00676,-0.00145,-0.00206,-0.01727,0.00367,-0.02566,-0.19034,0.0166,0.03117,-0.00253,-0.01879,-0.01223,-0.04659
55,0.08313,0.05515,0.02257,-0.23635,-0.00366,0.00041,0.48066,-0.07351,0.33466,0.04567,-0.17201,0.00032,-0.01125,0.59908,0.07785,0.07101,-0.02382,0.0278,0.01361,-0.03591,-0.13841,0.00439,0.00174,-0.00115,-0.01589,0.00361,-0.02613,-0.14725,0.01296,0.02769,-0.0045,-0.01835,-0.01227,-0.04819
