T,M1x,M1y,M1z,M2x,M2y,M2z,M3x,M3y,M3z,M4x,M4y,M4z,M5x,M5y,M5z,M6x,M6y,M6z,M7x,M7y,M7z,M8x,M8y,M8z,M9x,M9y,M9z,M10x,M10y,M10z,M11x,M11y,M11z,M12x,M12y,M12z,M13x,M13y,M13z,M14x,M14y,M14z,M15x,M15y,M15z,M16x,M16y,M16z,M17x,M17y,M17z,M18x,M18y,M18z,M19x,M19y,M19z,M20x,M20y,M20z
0,0,0.57926,0,0.01423,0.74232,0.00263,-0.01441,0.81527,-0.0264,0.04408,0.71569,-0.06216,0.0241,0.6436,-0.1111,-0.01055,0.57316,-0.16854,-0.03721,0.52939,-0.20815,-0.03212,0.72038,0.05894,-0.07338,0.64131,0.05296,-0.12428,0.55945,0.03989,-0.15762,0.50468,0.03073,-0.00379,0.5549,-0.0345,-0.00086,0.40858,-0.01415,0.01847,0.26446,0.01559,-0.02766,0.20742,-0.02086,-0.02916,0.55228,0.01481,-0.02716,0.40526,0.02938,-0.00886,0.25891,0.04604,-0.07475,0.21153,0.05716
0.02,-0.00062,0.57922,0.0005,0.01386,0.74226,0.00325,-0.01488,0.81519,-0.02573,0.0436,0.71564,-0.0616,0.02358,0.64345,-0.11037,-0.01099,0.57283,-0.16765,-0.03755,0.52884,-0.20708,-0.03246,0.72035,0.05958,-0.07415,0.64151,0.05344,-0.12579,0.5602,0.0399,-0.16012,0.50609,0.03042,-0.00433,0.55487,-0.03401,-0.00157,0.40852,-0.0139,0.01811,0.26445,0.01588,-0.02796,0.20747,-0.02073,-0.02981,0.55224,0.01525,-0.0276,0.40521,0.0297,-0.00914,0.25886,0.04623,-0.07498,0.21145,0.05741
0.04,-0.00124,0.57918,0.001,0.01348,0.74219,0.00385,-0.01535,0.81511,-0.02506,0.04312,0.71558,-0.06104,0.02305,0.64329,-0.10966,-0.01145,0.57252,-0.16678,-0.03791,0.52832,-0.20605,-0.03281,0.72031,0.06022,-0.07493,0.64171,0.0539,-0.12731,0.56096,0.03989,-0.16262,0.50754,0.03009,-0.00487,0.55484,-0.03352,-0.00228,0.40845,-0.01366,0.01774,0.26443,0.01617,-0.02827,0.20751,-0.0206,-0.03045,0.55219,0.01568,-0.02803,0.40515,0.03003,-0.00942,0.25881,0.04642,-0.07522,0.21135,0.05765
0.06,-0.00185,0.57913,0.00149,0.01311,0.74212,0.00446,-0.01581,0.81502,-0.02441,0.04265,0.71551,-0.06049,0.02254,0.64314,-0.10897,-0.01192,0.57224,-0.16595,-0.03831,0.52787,-0.20508,-0.03315,0.72026,0.06085,-0.07571,0.64192,0.05434,-0.12884,0.56174,0.03983,-0.16516,0.50907,0.0297,-0.00541,0.5548,-0.03304,-0.00299,0.40837,-0.01342,0.01739,0.26441,0.01645,-0.02857,0.20755,-0.02047,-0.03109,0.55214,0.0161,-0.02845,0.40509,0.03035,-0.00969,0.25876,0.04662,-0.07546,0.21126,0.0579
0.08,-0.00248,0.5791,0.00204,0.01273,0.74206,0.00512,-0.01632,0.81496,-0.02365,0.04213,0.71547,-0.05989,0.02199,0.64295,-0.10813,-0.01227,0.57173,-0.16484,-0.03845,0.52697,-0.20365,-0.0335,0.72023,0.06156,-0.07643,0.6421,0.05497,-0.13022,0.56241,0.04016,-0.16736,0.51035,0.02985,-0.00597,0.55478,-0.03251,-0.00366,0.40831,-0.01312,0.01703,0.26441,0.01675,-0.02888,0.2076,-0.02033,-0.03176,0.5521,0.01658,-0.0289,0.40504,0.0307,-0.00997,0.25872,0.04683,-0.07569,0.21117,0.05817
0.1,-0.00307,0.57904,0.00245,0.01238,0.74198,0.00564,-0.01672,0.81485,-0.02314,0.04172,0.71538,-0.0594,0.02153,0.64287,-0.10762,-0.0129,0.57175,-0.16436,-0.03917,0.52711,-0.20325,-0.03384,0.72017,0.06209,-0.07728,0.64234,0.05516,-0.13194,0.5634,0.03963,-0.17025,0.51229,0.02885,-0.00649,0.55472,-0.0321,-0.00441,0.40822,-0.01296,0.01669,0.26439,0.017,-0.02916,0.20765,-0.02024,-0.03236,0.55203,0.01694,-0.02929,0.40498,0.03099,-0.01023,0.25866,0.04702,-0.07592,0.21108,0.05839
0.12,-0.00347,0.5789,0.00256,0.01213,0.74182,0.0058,-0.01681,0.81464,-0.02327,0.04155,0.71521,-0.0592,0.02138,0.64304,-0.10795,-0.01409,0.573,-0.16539,-0.04124,0.52977,-0.20526,-0.03421,0.72005,0.06217,-0.07836,0.64272,0.05429,-0.13437,0.56511,0.03693,-0.17467,0.51587,0.02483,-0.00687,0.55455,-0.03198,-0.00534,0.40801,-0.01312,0.01644,0.26435,0.01716,-0.02936,0.2077,-0.0203,-0.0328,0.55192,0.01705,-0.02951,0.40487,0.03113,-0.01042,0.25856,0.04719,-0.07613,0.21097,0.05846
0.14,-0.00382,0.57873,0.00255,0.01194,0.74164,0.00581,-0.01678,0.81438,-0.02366,0.04149,0.71499,-0.05911,0.02132,0.64335,-0.10862,-0.01559,0.57486,-0.16701,-0.04392,0.53365,-0.20818,-0.03457,0.71992,0.06206,-0.07956,0.64321,0.05297,-0.13709,0.56728,0.0333,-0.17963,0.52039,0.01959,-0.00722,0.55434,-0.03197,-0.00634,0.40776,-0.01341,0.01621,0.2643,0.01727,-0.02952,0.20777,-0.02043,-0.03317,0.55179,0.01704,-0.02967,0.40475,0.0312,-0.01059,0.25845,0.04735,-0.07633,0.21086,0.05848
0.16,-0.00421,0.57858,0.00256,0.01173,0.74147,0.00588,-0.01679,0.81414,-0.02396,0.0414,0.71479,-0.05897,0.02119,0.64365,-0.1092,-0.01707,0.57662,-0.16839,-0.04644,0.53732,-0.21069,-0.03493,0.7198,0.06202,-0.08074,0.64372,0.05177,-0.13969,0.56949,0.02995,-0.18422,0.52497,0.01475,-0.0076,0.55416,-0.03193,-0.0073,0.40753,-0.01365,0.01598,0.26427,0.01738,-0.02969,0.20784,-0.02056,-0.03358,0.55166,0.01707,-0.02988,0.40464,0.03129,-0.01079,0.25834,0.0475,-0.07654,0.21076,0.05851
0.18,-0.00456,0.57842,0.00267,0.01146,0.7413,0.00601,-0.01683,0.81394,-0.02412,0.04124,0.7146,-0.05879,0.02123,0.64375,-0.10949,-0.01795,0.57772,-0.16922,-0.04832,0.53993,-0.21217,-0.03531,0.71966,0.06207,-0.0817,0.64406,0.05089,-0.14172,0.57126,0.02726,-0.18788,0.529,0.01054,-0.00793,0.55396,-0.03179,-0.00829,0.4073,-0.01385,0.01576,0.26424,0.01753,-0.02984,0.20794,-0.02067,-0.03396,0.55154,0.01718,-0.03003,0.40452,0.03145,-0.01095,0.25823,0.04772,-0.07673,0.21065,0.05858
0.2,-0.00497,0.57827,0.00256,0.01133,0.74111,0.00597,-0.01678,0.81363,-0.02463,0.04126,0.71437,-0.05874,0.02098,0.64432,-0.11044,-0.02012,0.58039,-0.17115,-0.05164,0.54524,-0.2155,-0.03565,0.71955,0.06188,-0.08309,0.64484,0.04927,-0.14475,0.57434,0.02301,-0.19294,0.53511,0.00473,-0.00834,0.55378,-0.03189,-0.00924,0.40709,-0.01418,0.01552,0.26422,0.01754,-0.03002,0.208,-0.02086,-0.03439,0.55141,0.01708,-0.03028,0.40441,0.03143,-0.01116,0.25813,0.04778,-0.07695,0.21055,0.05854
0.22,-0.00559,0.5781,0.00189,0.01155,0.74086,0.00555,-0.01652,0.81296,-0.02605,0.04177,0.71401,-0.05899,0.01996,0.64623,-0.11304,-0.02536,0.58735,-0.17582,-0.05856,0.55829,-0.22324,-0.03591,0.7195,0.06113,-0.08564,0.64684,0.04565,-0.1502,0.58098,0.01473,-0.20136,0.5468,-0.00553,-0.009,0.55359,-0.03253,-0.01008,0.4069,-0.01482,0.01518,0.26419,0.01722,-0.03031,0.20795,-0.0212,-0.03501,0.55127,0.01646,-0.03075,0.40429,0.03097,-0.01152,0.25804,0.04748,-0.0773,0.21045,0.05824
0.24,-0.00628,0.57794,0.00101,0.01192,0.74057,0.00496,-0.01614,0.81216,-0.0278,0.04246,0.71359,-0.05937,0.01886,0.64876,-0.11621,-0.03131,0.59637,-0.18102,-0.06695,0.57591,-0.23109,-0.03612,0.71947,0.06015,-0.08845,0.64948,0.04135,-0.15598,0.58959,0.00507,-0.2101,0.56212,-0.01756,-0.00973,0.55341,-0.0334,-0.01086,0.40673,-0.01559,0.01481,0.26417,0.01677,-0.03063,0.20785,-0.0216,-0.03569,0.55112,0.01562,-0.03134,0.40416,0.03031,-0.01191,0.25797,0.04703,-0.07767,0.21035,0.05783
0.26,-0.00692,0.57778,0.00021,0.01224,0.74029,0.00444,-0.01577,0.8114,-0.02939,0.04307,0.71317,-0.05969,0.01808,0.65115,-0.11903,-0.03628,0.60503,-0.1852,-0.07458,0.59344,-0.23614,-0.03632,0.71944,0.05926,-0.09088,0.65207,0.03746,-0.16066,0.59822,-0.00369,-0.21682,0.57797,-0.02883,-0.01041,0.55322,-0.03418,-0.01166,0.40656,-0.01631,0.01446,0.26415,0.01638,-0.03093,0.20778,-0.02198,-0.03633,0.55098,0.01487,-0.03192,0.40403,0.02972,-0.01227,0.25789,0.04663,-0.07801,0.21025,0.05745
0.28,-0.00762,0.57762,-0.00055,0.01248,0.74002,0.00394,-0.01545,0.81059,-0.03106,0.04365,0.71276,-0.05997,0.01741,0.6538,-0.12182,-0.04034,0.61366,-0.18902,-0.08165,0.61125,-0.23886,-0.03663,0.71942,0.05837,-0.09325,0.65496,0.03328,-0.16449,0.60696,-0.01236,-0.22134,0.594,-0.04057,-0.01117,0.55305,-0.03492,-0.01251,0.40639,-0.01699,0.01409,0.26415,0.01601,-0.03125,0.20773,-0.02234,-0.03701,0.55085,0.01416,-0.03231,0.40393,0.02924,-0.01269,0.25781,0.0463,-0.07844,0.21018,0.05713
0.3,-0.00822,0.57744,-0.00144,0.01291,0.7397,0.00333,-0.01495,0.8098,-0.03265,0.04431,0.71229,-0.06039,0.01704,0.65636,-0.12457,-0.04483,0.62352,-0.19207,-0.08891,0.63103,-0.23893,-0.03669,0.71938,0.05742,-0.09531,0.65787,0.02963,-0.16795,0.61737,-0.02082,-0.22492,0.61372,-0.05142,-0.01178,0.55285,-0.03579,-0.01324,0.4062,-0.01778,0.01376,0.26411,0.01554,-0.03153,0.20763,-0.02276,-0.03761,0.55068,0.0133,-0.03314,0.40377,0.02848,-0.01299,0.25774,0.04578,-0.07867,0.21003,0.05665
0.32,-0.00853,0.57714,-0.0026,0.01379,0.73923,0.00249,-0.014,0.80914,-0.03391,0.04517,0.71169,-0.0612,0.01724,0.65828,-0.12722,-0.05079,0.63607,-0.1931,-0.0954,0.65513,-0.23602,-0.0361,0.71919,0.05641,-0.09681,0.66024,0.02756,-0.17071,0.63115,-0.0286,-0.22716,0.64144,-0.05865,-0.012,0.55255,-0.03696,-0.01367,0.40592,-0.01883,0.01359,0.26395,0.01484,-0.03167,0.20735,-0.02334,-0.03796,0.55038,0.01206,-0.03507,0.40341,0.02703,-0.01295,0.25773,0.04491,-0.0784,0.20973,0.05591
0.34,-0.00873,0.57681,-0.00388,0.01484,0.73871,0.00154,-0.01291,0.80853,-0.03506,0.04609,0.71104,-0.06216,0.01764,0.66003,-0.12983,-0.05628,0.64995,-0.19225,-0.09909,0.68061,-0.22997,-0.03528,0.71896,0.05536,-0.09809,0.6625,0.02605,-0.17163,0.64657,-0.03559,-0.22464,0.67196,-0.06282,-0.01208,0.55222,-0.03826,-0.01397,0.40561,-0.01997,0.01347,0.26376,0.01403,-0.03177,0.20703,-0.02398,-0.03822,0.55004,0.01067,-0.03746,0.40301,0.02529,-0.01284,0.25784,0.04401,-0.07798,0.20947,0.05519
0.36,-0.00899,0.5765,-0.0051,0.01581,0.7382,0.00063,-0.0119,0.80789,-0.03625,0.04696,0.71041,-0.06305,0.01803,0.66193,-0.13236,-0.06015,0.66336,-0.19022,-0.0998,0.70413,-0.22123,-0.03456,0.71875,0.05433,-0.09937,0.66495,0.02436,-0.17063,0.66162,-0.04176,-0.21711,0.70014,-0.06527,-0.01223,0.55191,-0.03949,-0.01433,0.40532,-0.02105,0.01332,0.26359,0.01328,-0.03189,0.20675,-0.02459,-0.03852,0.54973,0.00936,-0.03968,0.40267,0.02364,-0.01282,0.25802,0.04328,-0.07768,0.20931,0.05465
0.38,-0.00924,0.57615,-0.00636,0.0168,0.73765,-0.00021,-0.01083,0.80719,-0.03743,0.04788,0.70975,-0.06389,0.01882,0.66381,-0.13485,-0.06238,0.67651,-0.18689,-0.09704,0.72606,-0.21011,-0.03384,0.71847,0.05332,-0.10045,0.66735,0.02264,-0.16747,0.67624,-0.04729,-0.20466,0.72616,-0.06518,-0.01236,0.55157,-0.04076,-0.0147,0.405,-0.02223,0.01317,0.26341,0.01249,-0.03201,0.20643,-0.02522,-0.03881,0.54938,0.008,-0.04169,0.40232,0.02205,-0.01281,0.25822,0.04279,-0.07752,0.20937,0.05445
0.4,-0.00947,0.57587,-0.00755,0.01776,0.73716,-0.00117,-0.00988,0.80661,-0.03855,0.0487,0.7091,-0.06485,0.01912,0.66576,-0.13722,-0.06384,0.68946,-0.18213,-0.09223,0.74571,-0.19715,-0.03308,0.71829,0.05228,-0.1016,0.66999,0.02125,-0.16292,0.6912,-0.05122,-0.1894,0.74923,-0.06249,-0.01248,0.55128,-0.04196,-0.01502,0.40474,-0.02322,0.01304,0.26325,0.01174,-0.03211,0.20616,-0.02583,-0.0391,0.5491,0.00671,-0.04425,0.40205,0.02026,-0.01291,0.25865,0.04221,-0.07722,0.20933,0.05407
0.42,-0.00967,0.57575,-0.00851,0.01861,0.73687,-0.00244,-0.00928,0.80637,-0.03954,0.04926,0.70852,-0.06612,0.01792,0.66795,-0.13935,-0.06529,0.70254,-0.17598,-0.08694,0.76317,-0.18314,-0.03226,0.71841,0.05113,-0.10309,0.67321,0.02063,-0.15768,0.70749,-0.05222,-0.17394,0.76995,-0.05771,-0.01258,0.55115,-0.04292,-0.01525,0.40468,-0.02365,0.01299,0.26317,0.01111,-0.03215,0.20603,-0.02639,-0.03934,0.549,0.00568,-0.04821,0.40202,0.01799,-0.01319,0.25969,0.04131,-0.0764,0.20895,0.05308
0.44,-0.00986,0.5757,-0.0094,0.01941,0.73666,-0.00382,-0.00882,0.80626,-0.04047,0.04972,0.70796,-0.06751,0.01625,0.67032,-0.14137,-0.06551,0.71527,-0.1689,-0.07967,0.77847,-0.16867,-0.03142,0.71865,0.04994,-0.10461,0.67671,0.02033,-0.1509,0.72346,-0.05132,-0.15718,0.78792,-0.05116,-0.01269,0.55107,-0.0438,-0.01544,0.40469,-0.02389,0.01293,0.26312,0.01052,-0.03221,0.20596,-0.02694,-0.03959,0.54897,0.00472,-0.0527,0.40219,0.01551,-0.01366,0.26118,0.04048,-0.07549,0.20875,0.05216
0.46,-0.01008,0.57562,-0.01032,0.02022,0.7364,-0.00514,-0.0083,0.80608,-0.04142,0.0502,0.70739,-0.06884,0.01495,0.67277,-0.14334,-0.06384,0.72694,-0.16125,-0.0697,0.79103,-0.15394,-0.03061,0.71882,0.04877,-0.10591,0.68024,0.01993,-0.14231,0.73766,-0.04965,-0.13847,0.80199,-0.04315,-0.01282,0.55097,-0.04471,-0.01568,0.40466,-0.02424,0.01282,0.26306,0.00991,-0.03233,0.20587,-0.0275,-0.03986,0.54891,0.00373,-0.05694,0.40244,0.01311,-0.01425,0.26285,0.03995,-0.07481,0.20897,0.05173
0.48,-0.01018,0.57551,-0.01124,0.02113,0.73611,-0.00645,-0.00768,0.80591,-0.04228,0.05076,0.70679,-0.07017,0.01393,0.67522,-0.14526,-0.06037,0.73759,-0.1526,-0.05718,0.80072,-0.13848,-0.02966,0.71895,0.04762,-0.10693,0.68363,0.01982,-0.13169,0.75031,-0.04653,-0.11781,0.81218,-0.03328,-0.01282,0.55085,-0.04563,-0.01582,0.40464,-0.02448,0.01274,0.26296,0.00929,-0.03242,0.20577,-0.02809,-0.04,0.54881,0.00273,-0.06111,0.40278,0.01069,-0.01479,0.26482,0.03986,-0.07408,0.20959,0.05182
0.5,-0.01054,0.57548,-0.01215,0.0218,0.7359,-0.00778,-0.00731,0.80574,-0.04327,0.05112,0.70624,-0.0715,0.01261,0.67799,-0.14706,-0.05605,0.74685,-0.14454,-0.04428,0.8075,-0.12507,-0.029,0.71918,0.04643,-0.1081,0.68753,0.01936,-0.12108,0.76093,-0.04314,-0.09887,0.81864,-0.02384,-0.0131,0.55078,-0.04651,-0.01616,0.40465,-0.0249,0.01249,0.26294,0.00871,-0.03269,0.20573,-0.02863,-0.04042,0.54883,0.00178,-0.06549,0.40335,0.00822,-0.01586,0.26703,0.03954,-0.07381,0.21046,0.05184
0.52,-0.01159,0.57567,-0.01299,0.02185,0.73587,-0.00911,-0.00762,0.80554,-0.04463,0.05098,0.70582,-0.07273,0.01047,0.68157,-0.14864,-0.05235,0.75518,-0.13877,-0.03379,0.81293,-0.11605,-0.02906,0.71967,0.04515,-0.10981,0.69282,0.01777,-0.11296,0.77012,-0.04119,-0.08519,0.82368,-0.01762,-0.0141,0.55083,-0.04725,-0.01702,0.40466,-0.0258,0.01188,0.26312,0.00825,-0.03328,0.20584,-0.02901,-0.04158,0.54915,0.00095,-0.07039,0.4043,0.00569,-0.01798,0.26929,0.03816,-0.07432,0.21125,0.05102
0.54,-0.01291,0.57595,-0.01381,0.02166,0.73591,-0.01044,-0.00819,0.80535,-0.04611,0.05063,0.70544,-0.07393,0.00818,0.68554,-0.15004,-0.04863,0.76281,-0.1338,-0.02422,0.81731,-0.10871,-0.02942,0.72026,0.04383,-0.11152,0.69863,0.01587,-0.10564,0.77831,-0.03962,-0.0736,0.82769,-0.01258,-0.01538,0.55092,-0.04795,-0.01808,0.4047,-0.02687,0.0111,0.26338,0.00785,-0.03403,0.20602,-0.02932,-0.04303,0.54959,0.00017,-0.07546,0.40546,0.0031,-0.02052,0.27165,0.03635,-0.07518,0.21213,0.04976
0.56,-0.01413,0.57618,-0.01465,0.02156,0.73591,-0.01175,-0.00864,0.80514,-0.04753,0.05035,0.70504,-0.07513,0.00635,0.68948,-0.15137,-0.04398,0.76947,-0.12834,-0.01381,0.81987,-0.10106,-0.02966,0.72078,0.04252,-0.11284,0.70421,0.01427,-0.09743,0.78521,-0.03735,-0.06147,0.82956,-0.00675,-0.01655,0.55099,-0.04868,-0.01905,0.40473,-0.02786,0.01037,0.2636,0.00744,-0.03475,0.20618,-0.02966,-0.04437,0.54997,-0.00065,-0.08038,0.40667,0.0005,-0.02297,0.27416,0.03477,-0.076,0.21331,0.04869
0.58,-0.01524,0.57643,-0.01546,0.02159,0.73591,-0.01305,-0.00903,0.80493,-0.04888,0.05018,0.70464,-0.07632,0.00477,0.69382,-0.15256,-0.03837,0.77559,-0.1223,-0.00245,0.82093,-0.09315,-0.02974,0.72132,0.04126,-0.11375,0.7102,0.01279,-0.08825,0.7913,-0.03448,-0.04891,0.82976,-0.0003,-0.01762,0.55108,-0.04936,-0.01996,0.40477,-0.02888,0.00965,0.26384,0.00706,-0.03546,0.20635,-0.02994,-0.04561,0.55039,-0.00142,-0.08539,0.40809,-0.00211,-0.0252,0.27711,0.0333,-0.07629,0.21482,0.04807
0.6,-0.01665,0.57665,-0.01634,0.02126,0.73588,-0.01437,-0.00962,0.8047,-0.05035,0.04972,0.70422,-0.0775,0.00338,0.6977,-0.15367,-0.03336,0.78016,-0.11745,0.00695,0.82074,-0.08705,-0.03025,0.72181,0.03991,-0.11471,0.71554,0.01128,-0.08069,0.79568,-0.03211,-0.03904,0.82874,0.00486,-0.019,0.55115,-0.05013,-0.02107,0.4048,-0.02986,0.00877,0.26407,0.00665,-0.03631,0.20651,-0.03029,-0.04714,0.55076,-0.00227,-0.09016,0.40942,-0.00477,-0.02806,0.27961,0.0316,-0.07781,0.21629,0.0466
0.62,-0.01882,0.57675,-0.01743,0.02003,0.73576,-0.01577,-0.01063,0.80446,-0.05216,0.04859,0.70373,-0.07867,0.00199,0.70001,-0.15487,-0.03088,0.78274,-0.11566,0.01137,0.82066,-0.08448,-0.03182,0.72215,0.03832,-0.11639,0.71907,0.00952,-0.07752,0.79822,-0.03155,-0.03461,0.82794,0.0068,-0.02116,0.55113,-0.05114,-0.02268,0.40481,-0.03063,0.00753,0.26422,0.00613,-0.03742,0.2066,-0.03085,-0.04939,0.55096,-0.00334,-0.09434,0.41027,-0.00754,-0.03235,0.28057,0.02939,-0.08243,0.21718,0.04286
0.64,-0.0213,0.5768,-0.0186,0.01842,0.7356,-0.0172,-0.01185,0.8042,-0.05411,0.04717,0.70322,-0.07984,0.00057,0.70173,-0.15611,-0.02948,0.78464,-0.11506,0.01382,0.82078,-0.0832,-0.03381,0.72245,0.03663,-0.11837,0.72189,0.00763,-0.07611,0.80017,-0.03173,-0.03232,0.82743,0.00745,-0.02362,0.55109,-0.05223,-0.02448,0.40482,-0.03136,0.00615,0.26436,0.00557,-0.03863,0.20665,-0.03149,-0.05193,0.55112,-0.00448,-0.0983,0.41094,-0.01034,-0.03726,0.28089,0.02694,-0.08828,0.21781,0.03822
0.66,-0.02365,0.57687,-0.01973,0.01695,0.73545,-0.01861,-0.01301,0.80394,-0.05599,0.04584,0.70272,-0.081,-0.00073,0.70369,-0.15729,-0.02758,0.78651,-0.1139,0.01701,0.8204,-0.08137,-0.03564,0.72276,0.03498,-0.12012,0.72495,0.00583,-0.07399,0.80201,-0.03151,-0.02941,0.82639,0.00866,-0.02596,0.55106,-0.05328,-0.02621,0.40483,-0.03211,0.00482,0.26452,0.00502,-0.03982,0.20673,-0.03209,-0.05436,0.55129,-0.00559,-0.10232,0.41173,-0.0131,-0.042,0.28147,0.02461,-0.09365,0.21859,0.03401
0.68,-0.02595,0.57697,-0.02088,0.01563,0.7353,-0.02001,-0.01401,0.80367,-0.05786,0.04465,0.7022,-0.08215,-0.00186,0.70587,-0.15841,-0.0253,0.78838,-0.11253,0.02054,0.81983,-0.07929,-0.03732,0.72309,0.03334,-0.12162,0.7283,0.00405,-0.07142,0.80384,-0.03112,-0.02613,0.82503,0.01005,-0.02825,0.55105,-0.05435,-0.0279,0.40487,-0.03283,0.00353,0.2647,0.00449,-0.04097,0.20683,-0.03267,-0.05673,0.55149,-0.0067,-0.1064,0.41265,-0.01601,-0.04641,0.28244,0.02245,-0.09852,0.21969,0.02992
0.7,-0.02843,0.57699,-0.022,0.01389,0.73512,-0.02143,-0.01538,0.80338,-0.05976,0.0431,0.70168,-0.08329,-0.00314,0.70746,-0.15958,-0.02399,0.78957,-0.11176,0.02274,0.81905,-0.07795,-0.03941,0.72335,0.03166,-0.1235,0.73081,0.00225,-0.0702,0.80501,-0.03114,-0.02451,0.82369,0.01081,-0.03071,0.55099,-0.05541,-0.02973,0.40485,-0.03359,0.00213,0.26483,0.00394,-0.04222,0.20689,-0.03328,-0.05929,0.55161,-0.00782,-0.11025,0.41334,-0.01863,-0.05171,0.28252,0.01993,-0.10464,0.22025,0.02541
0.72,-0.03132,0.57687,-0.02301,0.01116,0.73495,-0.02288,-0.01764,0.80311,-0.06175,0.04072,0.70121,-0.08441,-0.00499,0.70764,-0.16097,-0.02507,0.78952,-0.11244,0.022,0.81814,-0.07837,-0.04248,0.72347,0.02993,-0.12651,0.73124,0.00042,-0.07214,0.80502,-0.03217,-0.0265,0.82285,0.01019,-0.03349,0.5508,-0.05638,-0.03185,0.4047,-0.0344,0.00052,0.26485,0.00335,-0.04368,0.20683,-0.03391,-0.06226,0.55154,-0.00891,-0.11361,0.41348,-0.02048,-0.05924,0.28039,0.01641,-0.11388,0.21947,0.01984
0.74,-0.0344,0.57667,-0.02399,0.00802,0.73477,-0.02435,-0.02028,0.80282,-0.06376,0.038,0.70074,-0.08552,-0.00709,0.70724,-0.16243,-0.02715,0.78902,-0.11373,0.02001,0.81728,-0.07948,-0.04596,0.72352,0.02817,-0.12999,0.73084,-0.00144,-0.07538,0.80462,-0.03365,-0.02993,0.82228,0.00899,-0.03642,0.55056,-0.05734,-0.03412,0.40448,-0.03523,-0.00119,0.26484,0.00276,-0.04524,0.20673,-0.03455,-0.06543,0.55138,-0.01001,-0.11677,0.41335,-0.02204,-0.06771,0.27757,0.0124,-0.12437,0.21844,0.01373
0.76,-0.03742,0.57649,-0.02499,0.00504,0.73458,-0.02581,-0.02278,0.80252,-0.06577,0.0354,0.70026,-0.08663,-0.00909,0.70709,-0.16386,-0.02884,0.78869,-0.11475,0.01848,0.8164,-0.08027,-0.04929,0.72359,0.0264,-0.13329,0.7308,-0.00332,-0.07808,0.80438,-0.03496,-0.03277,0.82158,0.00801,-0.0393,0.55034,-0.05831,-0.03635,0.4043,-0.03606,-0.00287,0.26484,0.00217,-0.04678,0.20665,-0.03519,-0.06854,0.55125,-0.01113,-0.12,0.41332,-0.02374,-0.07585,0.27531,0.00842,-0.13431,0.21794,0.0077
0.78,-0.04033,0.57635,-0.02596,0.00222,0.73441,-0.02727,-0.02506,0.80225,-0.06774,0.03294,0.69978,-0.08773,-0.01097,0.70694,-0.16527,-0.03031,0.78838,-0.11571,0.01729,0.81541,-0.08108,-0.05243,0.72369,0.02466,-0.13642,0.7308,-0.00512,-0.08059,0.80415,-0.03619,-0.0354,0.82085,0.00711,-0.0421,0.55014,-0.05925,-0.03849,0.40414,-0.03684,-0.0045,0.26488,0.00164,-0.04827,0.20661,-0.03575,-0.07154,0.55117,-0.01219,-0.12327,0.41339,-0.02546,-0.08395,0.27345,0.00454,-0.14405,0.21787,0.00173
0.8,-0.04351,0.57612,-0.02699,-0.00103,0.7342,-0.02874,-0.02785,0.8019,-0.06975,0.03012,0.69931,-0.08883,-0.01314,0.70665,-0.16671,-0.03248,0.78792,-0.11688,0.01508,0.81463,-0.08195,-0.05603,0.7237,0.02287,-0.13998,0.73053,-0.00709,-0.08379,0.8038,-0.03766,-0.03878,0.82022,0.00593,-0.04511,0.54988,-0.06025,-0.04085,0.40392,-0.0377,-0.00627,0.26487,0.00102,-0.04988,0.20651,-0.03641,-0.07481,0.55097,-0.01336,-0.1264,0.4132,-0.02705,-0.09248,0.27127,0.0001,-0.15435,0.2178,-0.00462
0.82,-0.0473,0.57571,-0.02816,-0.00533,0.73392,-0.03023,-0.03189,0.80134,-0.07187,0.02646,0.69887,-0.0899,-0.01605,0.70617,-0.1682,-0.03625,0.78727,-0.11844,0.01048,0.81442,-0.08274,-0.06075,0.72346,0.02094,-0.14456,0.72977,-0.0095,-0.08843,0.80324,-0.03972,-0.04379,0.81983,0.00419,-0.04864,0.54949,-0.06146,-0.04371,0.40357,-0.03875,-0.00839,0.26477,0.00018,-0.05175,0.20625,-0.03732,-0.07869,0.55054,-0.01479,-0.1292,0.41234,-0.02831,-0.10212,0.26821,-0.00547,-0.16617,0.21752,-0.0115
0.84,-0.05137,0.57521,-0.0294,-0.01008,0.7336,-0.03175,-0.03644,0.80069,-0.07404,0.02242,0.69844,-0.09096,-0.01927,0.70554,-0.16972,-0.04071,0.78648,-0.12021,0.00488,0.8144,-0.08363,-0.06593,0.7231,0.01894,-0.14958,0.72874,-0.01209,-0.09375,0.80256,-0.04203,-0.04954,0.81953,0.00216,-0.05239,0.54904,-0.06274,-0.0468,0.40317,-0.03988,-0.01067,0.26463,-0.00075,-0.05373,0.20594,-0.03831,-0.08286,0.55,-0.01634,-0.13191,0.41124,-0.02942,-0.11234,0.26522,-0.01134,-0.17867,0.21767,-0.01831
0.86,-0.05535,0.57474,-0.03061,-0.01466,0.73328,-0.03327,-0.04076,0.80007,-0.0762,0.01852,0.69799,-0.09203,-0.02237,0.70494,-0.17122,-0.04491,0.78571,-0.12192,-0.00035,0.81424,-0.08456,-0.07093,0.72278,0.01695,-0.15442,0.72778,-0.01461,-0.09882,0.80188,-0.04426,-0.05501,0.81918,0.00021,-0.05607,0.5486,-0.06399,-0.04981,0.40278,-0.04096,-0.0129,0.26451,-0.00162,-0.05569,0.20566,-0.03923,-0.08692,0.54949,-0.01784,-0.13468,0.41025,-0.03059,-0.12251,0.26296,-0.01687,-0.19089,0.21857,-0.02475
0.88,-0.05917,0.57433,-0.03181,-0.01903,0.733,-0.03482,-0.0449,0.79946,-0.07839,0.01481,0.69758,-0.09311,-0.02528,0.7045,-0.17272,-0.04883,0.78508,-0.12358,-0.00535,0.81417,-0.08539,-0.07572,0.72252,0.01494,-0.15902,0.727,-0.01718,-0.10355,0.80134,-0.04649,-0.06015,0.81885,-0.00171,-0.05961,0.54821,-0.06521,-0.05272,0.40245,-0.04199,-0.01506,0.26445,-0.00241,-0.05759,0.20544,-0.04008,-0.09084,0.54906,-0.01932,-0.13735,0.40935,-0.03165,-0.13306,0.26129,-0.02216,-0.20349,0.22035,-0.03063
0.9,-0.06339,0.57377,-0.03305,-0.02394,0.73261,-0.03634,-0.04951,0.79878,-0.08053,0.01062,0.69709,-0.09416,-0.02865,0.70367,-0.1742,-0.05346,0.78409,-0.12543,-0.01111,0.81391,-0.08653,-0.08105,0.72208,0.01291,-0.16419,0.72578,-0.01972,-0.1091,0.80047,-0.04883,-0.06612,0.81844,-0.00382,-0.06351,0.54771,-0.06649,-0.05592,0.40201,-0.0431,-0.01742,0.2643,-0.00329,-0.05966,0.20512,-0.041,-0.09513,0.54844,-0.02087,-0.14022,0.40824,-0.03283,-0.14333,0.25995,-0.02737,-0.21549,0.2223,-0.03651
0.92,-0.06855,0.57281,-0.03437,-0.0301,0.73189,-0.03784,-0.05522,0.79792,-0.0825,0.00531,0.69639,-0.09515,-0.03315,0.70175,-0.17567,-0.05976,0.78207,-0.12769,-0.01859,0.81312,-0.08849,-0.08767,0.72117,0.01084,-0.17075,0.72342,-0.02209,-0.11664,0.79877,-0.05136,-0.07411,0.81777,-0.00635,-0.06828,0.54688,-0.06791,-0.05975,0.40125,-0.04443,-0.02021,0.2639,-0.00441,-0.06214,0.20451,-0.04213,-0.10033,0.54735,-0.02259,-0.14357,0.40655,-0.03439,-0.15258,0.25841,-0.03267,-0.2259,0.22347,-0.04324
0.94,-0.0741,0.5717,-0.03572,-0.03681,0.73105,-0.03932,-0.06141,0.79698,-0.08441,-0.00048,0.69562,-0.09609,-0.03809,0.69942,-0.1771,-0.06671,0.77965,-0.13014,-0.02679,0.81208,-0.09077,-0.09484,0.72007,0.00874,-0.17785,0.72061,-0.02443,-0.12496,0.7967,-0.05402,-0.08293,0.81695,-0.00909,-0.07342,0.54594,-0.06938,-0.06388,0.40038,-0.04582,-0.0232,0.26343,-0.00558,-0.06479,0.2038,-0.04331,-0.10592,0.54608,-0.02437,-0.14713,0.40466,-0.03607,-0.16147,0.25694,-0.03773,-0.23571,0.22453,-0.04981
0.96,-0.07953,0.57067,-0.03707,-0.04332,0.73027,-0.04082,-0.06742,0.79608,-0.08635,-0.00611,0.69489,-0.09706,-0.04282,0.69728,-0.17853,-0.07335,0.77737,-0.13255,-0.03469,0.81108,-0.09299,-0.10182,0.71905,0.00662,-0.18471,0.71799,-0.02683,-0.13294,0.79473,-0.05669,-0.09141,0.81612,-0.01182,-0.07844,0.54505,-0.07083,-0.06793,0.39959,-0.04715,-0.02614,0.26304,-0.00668,-0.0674,0.20317,-0.0444,-0.11137,0.5449,-0.02614,-0.15064,0.40292,-0.03767,-0.17056,0.25591,-0.04236,-0.24572,0.2262,-0.05563
0.98,-0.08476,0.56961,-0.03839,-0.0496,0.72943,-0.04239,-0.07319,0.79511,-0.08838,-0.01152,0.69409,-0.09806,-0.04737,0.69508,-0.17995,-0.07973,0.77501,-0.13494,-0.04234,0.80999,-0.09526,-0.10854,0.718,0.00445,-0.19132,0.71541,-0.0292,-0.14063,0.79275,-0.05939,-0.0996,0.8153,-0.01463,-0.08328,0.54415,-0.07227,-0.07178,0.39878,-0.04841,-0.02896,0.26263,-0.00768,-0.06992,0.20255,-0.04539,-0.11661,0.54367,-0.02787,-0.15389,0.40114,-0.03914,-0.18015,0.25526,-0.04678,-0.25625,0.22868,-0.06132
1,-0.09048,0.56858,-0.03976,-0.05646,0.72865,-0.04388,-0.07953,0.79425,-0.09025,-0.01747,0.69341,-0.09898,-0.05227,0.6929,-0.18132,-0.08664,0.77262,-0.13743,-0.05059,0.80885,-0.09764,-0.11587,0.71693,0.00229,-0.19845,0.71262,-0.03166,-0.14896,0.7906,-0.06218,-0.10851,0.8143,-0.01749,-0.08857,0.54327,-0.07372,-0.07612,0.398,-0.04977,-0.0321,0.26232,-0.00875,-0.07267,0.20196,-0.04644,-0.12235,0.54251,-0.02967,-0.15772,0.39948,-0.04079,-0.18875,0.25466,-0.05055,-0.26551,0.2305,-0.06582
1.02,-0.09736,0.56764,-0.04119,-0.06476,0.72801,-0.04516,-0.08732,0.79364,-0.09172,-0.02469,0.69303,-0.09965,-0.058,0.69078,-0.18258,-0.0949,0.77019,-0.1402,-0.0603,0.80759,-0.10021,-0.12469,0.71582,0.00021,-0.20689,0.70927,-0.03431,-0.15889,0.78804,-0.06518,-0.1192,0.81281,-0.02038,-0.09492,0.54242,-0.07519,-0.08169,0.39719,-0.05139,-0.03599,0.26217,-0.01003,-0.07593,0.20142,-0.04774,-0.12931,0.54147,-0.03162,-0.16306,0.39806,-0.04291,-0.19457,0.25341,-0.05352,-0.27153,0.22956,-0.06825
1.04,-0.10472,0.56675,-0.04267,-0.07366,0.72742,-0.0464,-0.09571,0.79315,-0.09307,-0.03247,0.69277,-0.10026,-0.06407,0.68872,-0.18378,-0.10365,0.76771,-0.14309,-0.07055,0.80626,-0.10291,-0.13411,0.71471,-0.00187,-0.21579,0.70572,-0.03705,-0.16941,0.7853,-0.0683,-0.13056,0.81113,-0.02337,-0.10172,0.54161,-0.07668,-0.08776,0.39641,-0.0531,-0.04018,0.26216,-0.01137,-0.07939,0.20093,-0.04909,-0.13677,0.5405,-0.03364,-0.16899,0.39676,-0.04519,-0.19934,0.25189,-0.05617,-0.27631,0.2275,-0.06996
1.06,-0.1119,0.56585,-0.04412,-0.08232,0.72682,-0.04771,-0.10388,0.79261,-0.09452,-0.04006,0.69247,-0.10093,-0.06997,0.68669,-0.18497,-0.1121,0.76521,-0.14595,-0.0805,0.80486,-0.10564,-0.14327,0.7136,-0.00401,-0.22441,0.70227,-0.03977,-0.17958,0.78257,-0.07146,-0.14154,0.80945,-0.02644,-0.10837,0.5408,-0.07814,-0.09365,0.39565,-0.05473,-0.04426,0.26218,-0.01261,-0.08276,0.20048,-0.0503,-0.14403,0.53953,-0.03562,-0.17469,0.39546,-0.04733,-0.20459,0.25054,-0.05882,-0.28162,0.22592,-0.07188
1.08,-0.11891,0.56484,-0.04559,-0.09081,0.72607,-0.04912,-0.11184,0.79194,-0.09607,-0.04745,0.69201,-0.10164,-0.07562,0.68441,-0.18614,-0.12028,0.76242,-0.14897,-0.09025,0.80323,-0.10862,-0.15225,0.71237,-0.00627,-0.23281,0.69869,-0.04253,-0.18956,0.77964,-0.07474,-0.15236,0.80758,-0.02967,-0.11481,0.53989,-0.07962,-0.09928,0.39482,-0.05629,-0.04818,0.26211,-0.01376,-0.08601,0.20003,-0.0515,-0.1511,0.53842,-0.03763,-0.18016,0.39403,-0.04947,-0.20972,0.24908,-0.06148,-0.28689,0.22445,-0.07362
1.1,-0.1264,0.5641,-0.04704,-0.09982,0.72559,-0.05044,-0.12039,0.79153,-0.0975,-0.05542,0.69188,-0.10232,-0.08178,0.68268,-0.18724,-0.12887,0.76005,-0.15175,-0.10034,0.80184,-0.11131,-0.1617,0.71135,-0.00841,-0.24157,0.69537,-0.04525,-0.19982,0.77691,-0.07797,-0.16348,0.80589,-0.03286,-0.12177,0.53921,-0.08105,-0.10556,0.39418,-0.05791,-0.0525,0.26238,-0.01495,-0.08953,0.19974,-0.05256,-0.15866,0.53762,-0.03959,-0.18622,0.39295,-0.05151,-0.21484,0.24783,-0.06379,-0.29189,0.22253,-0.07527
1.12,-0.13509,0.56411,-0.04847,-0.11013,0.72586,-0.05151,-0.13039,0.79186,-0.09861,-0.0648,0.69263,-0.10289,-0.08929,0.6824,-0.18825,-0.13862,0.75887,-0.15388,-0.11143,0.80124,-0.11313,-0.17233,0.71097,-0.01019,-0.25131,0.69277,-0.0479,-0.21092,0.77484,-0.081,-0.17547,0.80486,-0.03586,-0.13005,0.53916,-0.08238,-0.11342,0.3941,-0.05971,-0.05779,0.26351,-0.01637,-0.09368,0.19987,-0.05341,-0.16748,0.53768,-0.04141,-0.19372,0.39276,-0.05332,-0.22025,0.24722,-0.06535,-0.29648,0.21963,-0.07704
1.14,-0.14425,0.56439,-0.04988,-0.12095,0.7264,-0.0525,-0.14098,0.79245,-0.09963,-0.07476,0.69371,-0.10345,-0.09738,0.68268,-0.18923,-0.14883,0.75815,-0.15577,-0.12287,0.80093,-0.11465,-0.18341,0.71081,-0.01183,-0.2614,0.69047,-0.05049,-0.22228,0.77301,-0.08394,-0.18775,0.80405,-0.03878,-0.13883,0.53935,-0.08366,-0.12194,0.39423,-0.06162,-0.06346,0.265,-0.01793,-0.09802,0.20021,-0.05422,-0.17679,0.53805,-0.04317,-0.2018,0.39291,-0.05504,-0.2257,0.24688,-0.06653,-0.30076,0.21643,-0.07864
1.16,-0.15321,0.56456,-0.05127,-0.13155,0.72681,-0.05357,-0.15137,0.7929,-0.10073,-0.08451,0.69462,-0.10406,-0.10529,0.68274,-0.1902,-0.15881,0.75722,-0.15778,-0.1341,0.80046,-0.11637,-0.19427,0.71055,-0.01355,-0.27125,0.6881,-0.05306,-0.23341,0.77107,-0.08692,-0.19979,0.8031,-0.04177,-0.14741,0.53945,-0.08493,-0.13021,0.39427,-0.06348,-0.06897,0.26643,-0.01946,-0.10222,0.20059,-0.05507,-0.18588,0.5383,-0.04493,-0.20965,0.39294,-0.05675,-0.23112,0.24649,-0.06771,-0.30509,0.21353,-0.08001
1.18,-0.16212,0.56468,-0.05276,-0.14218,0.72714,-0.05476,-0.16167,0.7933,-0.10196,-0.09421,0.69548,-0.10471,-0.1129,0.68266,-0.19118,-0.16865,0.75602,-0.16001,-0.1454,0.7998,-0.11831,-0.20517,0.7102,-0.01548,-0.28099,0.68542,-0.05583,-0.24455,0.76882,-0.09016,-0.21192,0.80193,-0.04504,-0.15592,0.53948,-0.08629,-0.13819,0.39432,-0.0652,-0.0743,0.26788,-0.02092,-0.10626,0.20112,-0.05601,-0.19493,0.53849,-0.0468,-0.2174,0.39292,-0.05845,-0.23664,0.24611,-0.0688,-0.30936,0.21052,-0.08125
1.2,-0.17124,0.56497,-0.05405,-0.15289,0.72763,-0.05582,-0.17232,0.79379,-0.10304,-0.10421,0.69646,-0.1054,-0.12127,0.68303,-0.19211,-0.1788,0.75538,-0.16181,-0.15655,0.79946,-0.11989,-0.21603,0.71004,-0.01705,-0.29082,0.68342,-0.05816,-0.25551,0.76713,-0.09293,-0.22376,0.80114,-0.04786,-0.16468,0.5397,-0.08745,-0.14689,0.39442,-0.06721,-0.08009,0.26959,-0.02264,-0.1105,0.20168,-0.05686,-0.20417,0.53886,-0.04845,-0.22548,0.39311,-0.06007,-0.24205,0.24592,-0.06966,-0.31356,0.20798,-0.08216
1.22,-0.18085,0.56572,-0.05472,-0.16377,0.72851,-0.05645,-0.18386,0.79452,-0.10362,-0.11493,0.69775,-0.10612,-0.13168,0.68453,-0.19293,-0.18986,0.75626,-0.1624,-0.16726,0.80011,-0.12043,-0.2267,0.71043,-0.01758,-0.30097,0.68323,-0.05925,-0.26614,0.76701,-0.09433,-0.23489,0.80153,-0.0493,-0.17397,0.54039,-0.08801,-0.15734,0.39469,-0.06991,-0.08701,0.27198,-0.0249,-0.11523,0.20225,-0.0573,-0.21388,0.53967,-0.04943,-0.2344,0.39384,-0.06151,-0.24711,0.24621,-0.07017,-0.31775,0.20667,-0.08258
1.24,-0.19065,0.56664,-0.05518,-0.17469,0.72954,-0.05692,-0.19569,0.79531,-0.10403,-0.12591,0.69914,-0.10687,-0.14283,0.68642,-0.19372,-0.20125,0.75768,-0.16256,-0.17782,0.8011,-0.12059,-0.23729,0.71101,-0.01773,-0.31123,0.68372,-0.0599,-0.27662,0.76748,-0.09524,-0.24572,0.80236,-0.05025,-0.18347,0.54125,-0.08836,-0.16847,0.39506,-0.07297,-0.09443,0.27476,-0.0274,-0.12005,0.20308,-0.05764,-0.22376,0.54063,-0.05018,-0.24362,0.39477,-0.06289,-0.252,0.24678,-0.07051,-0.32189,0.20587,-0.0828
1.26,-0.20033,0.56745,-0.05575,-0.18554,0.73047,-0.0575,-0.20733,0.79602,-0.10456,-0.13673,0.70043,-0.10763,-0.15362,0.68807,-0.19454,-0.21245,0.7588,-0.16295,-0.18843,0.8019,-0.12099,-0.24787,0.71148,-0.01809,-0.3214,0.68389,-0.06079,-0.2871,0.76765,-0.09641,-0.25661,0.80295,-0.05146,-0.19286,0.54201,-0.08883,-0.17927,0.39544,-0.07596,-0.10171,0.27761,-0.02982,-0.12465,0.20423,-0.05807,-0.23353,0.54151,-0.05104,-0.25265,0.39559,-0.06429,-0.25694,0.24737,-0.07082,-0.326,0.20503,-0.08299
1.28,-0.21014,0.56838,-0.05624,-0.19659,0.73151,-0.05811,-0.21923,0.79678,-0.10513,-0.14777,0.70182,-0.10845,-0.16465,0.68976,-0.1954,-0.22387,0.75996,-0.16337,-0.19916,0.80274,-0.12147,-0.25859,0.71205,-0.01842,-0.33171,0.68414,-0.0616,-0.29775,0.76787,-0.09761,-0.26769,0.80365,-0.05275,-0.20235,0.54287,-0.0892,-0.18989,0.39601,-0.07874,-0.10884,0.28076,-0.03208,-0.1292,0.20582,-0.05814,-0.24343,0.5425,-0.05186,-0.26182,0.39654,-0.06565,-0.26192,0.24821,-0.07099,-0.33007,0.20439,-0.08301
1.3,-0.21973,0.56912,-0.05684,-0.20724,0.73232,-0.0587,-0.23065,0.79737,-0.10567,-0.15842,0.70297,-0.10923,-0.17539,0.69136,-0.19623,-0.23492,0.76108,-0.16371,-0.20959,0.8035,-0.12183,-0.26897,0.71246,-0.01878,-0.34174,0.6844,-0.06247,-0.30795,0.76812,-0.09869,-0.27822,0.8042,-0.05385,-0.21168,0.54356,-0.0897,-0.20091,0.39639,-0.08214,-0.11656,0.2839,-0.03461,-0.13372,0.20754,-0.05879,-0.25309,0.54327,-0.05273,-0.27072,0.39727,-0.06703,-0.26679,0.24896,-0.0712,-0.33413,0.20387,-0.08307
1.32,-0.22875,0.56928,-0.05775,-0.21693,0.73254,-0.05921,-0.24075,0.79749,-0.10611,-0.16801,0.70351,-0.10983,-0.18514,0.6927,-0.1969,-0.24488,0.76199,-0.16386,-0.21928,0.80404,-0.12176,-0.27856,0.71232,-0.01932,-0.35105,0.68452,-0.06364,-0.31704,0.76828,-0.09955,-0.28745,0.80424,-0.05453,-0.22054,0.54373,-0.09058,-0.21304,0.3962,-0.08723,-0.12581,0.28683,-0.03764,-0.13826,0.20919,-0.06058,-0.26212,0.54344,-0.0538,-0.27888,0.39737,-0.0685,-0.27142,0.24916,-0.07162,-0.33826,0.20333,-0.08345
1.34,-0.23753,0.56924,-0.05878,-0.22622,0.73255,-0.0597,-0.25034,0.79745,-0.1065,-0.17719,0.70383,-0.11039,-0.19456,0.69397,-0.19752,-0.25444,0.76287,-0.16392,-0.22865,0.8045,-0.12153,-0.28781,0.712,-0.0199,-0.36007,0.68464,-0.06485,-0.32569,0.76846,-0.10027,-0.29615,0.80413,-0.05498,-0.22922,0.54372,-0.09159,-0.22555,0.39601,-0.09294,-0.136,0.28985,-0.0406,-0.14342,0.21122,-0.06231,-0.2709,0.54338,-0.05493,-0.28676,0.39725,-0.06999,-0.27596,0.24923,-0.07212,-0.34242,0.20284,-0.08392
1.36,-0.24639,0.5693,-0.05977,-0.23566,0.73264,-0.06022,-0.26014,0.79748,-0.10693,-0.18654,0.70425,-0.11101,-0.20415,0.69525,-0.19819,-0.26417,0.76375,-0.16402,-0.23813,0.80499,-0.1214,-0.29716,0.71177,-0.02047,-0.36919,0.68478,-0.06601,-0.33451,0.76865,-0.10102,-0.30504,0.8041,-0.05551,-0.23797,0.54379,-0.09257,-0.23781,0.39615,-0.09839,-0.14631,0.29314,-0.0432,-0.14912,0.2138,-0.06337,-0.27976,0.54341,-0.05604,-0.29474,0.39723,-0.07147,-0.28055,0.24949,-0.07253,-0.34658,0.20247,-0.08429
1.38,-0.25536,0.56933,-0.06068,-0.24529,0.73272,-0.06069,-0.27011,0.79746,-0.10735,-0.19599,0.70466,-0.1115,-0.21373,0.69656,-0.19874,-0.27401,0.76459,-0.16409,-0.24784,0.80543,-0.12116,-0.30675,0.7115,-0.02106,-0.37847,0.68483,-0.06728,-0.34346,0.76872,-0.10189,-0.31413,0.80398,-0.05616,-0.24677,0.54382,-0.09344,-0.25024,0.39649,-0.10399,-0.1569,0.29713,-0.04529,-0.15461,0.21718,-0.06294,-0.28875,0.54345,-0.05712,-0.30282,0.39721,-0.07292,-0.2852,0.24984,-0.07284,-0.35078,0.20219,-0.08457
1.4,-0.26405,0.56937,-0.06179,-0.25441,0.73278,-0.06126,-0.27958,0.79749,-0.10777,-0.20512,0.70503,-0.11224,-0.22324,0.6978,-0.19948,-0.28352,0.76549,-0.16418,-0.25699,0.80593,-0.1211,-0.31575,0.71126,-0.0216,-0.38733,0.68509,-0.06832,-0.35202,0.76905,-0.10246,-0.32266,0.80401,-0.05651,-0.25541,0.54391,-0.09457,-0.26229,0.39706,-0.10943,-0.16811,0.3004,-0.04764,-0.16218,0.22034,-0.06389,-0.29741,0.54344,-0.05827,-0.31061,0.39716,-0.07442,-0.28977,0.25022,-0.07326,-0.35495,0.20201,-0.08493
1.42,-0.27206,0.56945,-0.06341,-0.26227,0.73285,-0.0621,-0.28784,0.79769,-0.10821,-0.2135,0.70532,-0.1137,-0.23265,0.69882,-0.20077,-0.29227,0.7665,-0.16435,-0.26473,0.8066,-0.12158,-0.32325,0.71116,-0.02197,-0.39513,0.68595,-0.06875,-0.35961,0.77008,-0.10227,-0.32982,0.80443,-0.05614,-0.26368,0.54416,-0.09639,-0.27341,0.3978,-0.11421,-0.18001,0.30122,-0.05113,-0.17394,0.22173,-0.06994,-0.30526,0.54335,-0.05962,-0.31781,0.39706,-0.07614,-0.29413,0.25055,-0.07412,-0.35906,0.20197,-0.08568
1.44,-0.27978,0.56953,-0.06524,-0.26958,0.7329,-0.06305,-0.29556,0.79793,-0.10866,-0.22153,0.70558,-0.11542,-0.24196,0.69977,-0.20226,-0.30064,0.76756,-0.16455,-0.27186,0.80732,-0.12228,-0.33011,0.71111,-0.0223,-0.40247,0.68704,-0.06894,-0.36675,0.77135,-0.10177,-0.33636,0.80499,-0.05551,-0.27178,0.54446,-0.09849,-0.28425,0.39862,-0.11867,-0.19224,0.30106,-0.05507,-0.18728,0.22253,-0.07782,-0.31276,0.54322,-0.06106,-0.32473,0.39692,-0.07793,-0.29844,0.25087,-0.07518,-0.36317,0.20201,-0.08661
1.46,-0.28761,0.56962,-0.067,-0.27708,0.73295,-0.06398,-0.30345,0.79816,-0.10912,-0.22967,0.70585,-0.11706,-0.25128,0.70076,-0.20365,-0.30911,0.76861,-0.16474,-0.2792,0.80801,-0.12292,-0.33717,0.71104,-0.02267,-0.40994,0.68804,-0.06921,-0.374,0.7725,-0.10141,-0.34308,0.80547,-0.05502,-0.27996,0.54475,-0.10047,-0.2953,0.39955,-0.12312,-0.20454,0.30135,-0.05871,-0.20013,0.22375,-0.08458,-0.3204,0.54312,-0.06247,-0.33175,0.39682,-0.07971,-0.30282,0.25128,-0.0762,-0.36734,0.20211,-0.08752
1.48,-0.29553,0.56968,-0.06869,-0.28466,0.73297,-0.06487,-0.31141,0.79833,-0.10956,-0.23788,0.70608,-0.1186,-0.26066,0.70165,-0.20493,-0.31764,0.76956,-0.16487,-0.28663,0.80862,-0.12355,-0.34436,0.71093,-0.02304,-0.41751,0.68905,-0.06952,-0.38127,0.77363,-0.10107,-0.3498,0.8059,-0.05456,-0.28819,0.54502,-0.10239,-0.30656,0.40059,-0.12757,-0.21701,0.3022,-0.06177,-0.21285,0.22572,-0.09079,-0.32811,0.54297,-0.06387,-0.33895,0.39669,-0.08162,-0.30723,0.25176,-0.07732,-0.37154,0.20228,-0.08853
1.5,-0.30319,0.56981,-0.07056,-0.29185,0.73304,-0.0659,-0.319,0.79861,-0.11005,-0.24585,0.70636,-0.1204,-0.26986,0.70272,-0.20644,-0.32583,0.77069,-0.1651,-0.29362,0.80936,-0.12432,-0.35104,0.7109,-0.02342,-0.42467,0.69012,-0.06965,-0.38823,0.77483,-0.1006,-0.35619,0.80643,-0.05401,-0.29628,0.54534,-0.10449,-0.31752,0.40166,-0.13163,-0.22956,0.30189,-0.06577,-0.22643,0.22658,-0.09784,-0.33557,0.54293,-0.06534,-0.34572,0.39662,-0.08334,-0.31167,0.25224,-0.07839,-0.37579,0.2025,-0.08951
1.52,-0.31025,0.57012,-0.07287,-0.29816,0.73328,-0.06729,-0.32574,0.7992,-0.11063,-0.2533,0.7068,-0.12283,-0.27855,0.70429,-0.20855,-0.33322,0.77233,-0.1656,-0.29957,0.8104,-0.12542,-0.35664,0.71107,-0.02386,-0.43091,0.69124,-0.06948,-0.39451,0.77616,-0.09991,-0.36194,0.80719,-0.05331,-0.304,0.54574,-0.10699,-0.32766,0.40258,-0.13485,-0.24219,0.29851,-0.07244,-0.24213,0.22432,-0.10714,-0.34245,0.54316,-0.06703,-0.3513,0.39672,-0.08458,-0.31606,0.25263,-0.07936,-0.38003,0.20269,-0.0904
1.54,-0.31705,0.5705,-0.07535,-0.30406,0.73355,-0.06884,-0.33208,0.79989,-0.11127,-0.26052,0.70728,-0.12552,-0.28706,0.70602,-0.21087,-0.34022,0.77414,-0.1662,-0.30504,0.81154,-0.12671,-0.36171,0.7113,-0.02434,-0.43671,0.69241,-0.06917,-0.40042,0.77754,-0.09913,-0.3673,0.80804,-0.05256,-0.31158,0.54618,-0.10964,-0.33745,0.40343,-0.13768,-0.25514,0.29417,-0.08009,-0.259,0.22126,-0.11721,-0.34907,0.5435,-0.06879,-0.35638,0.39689,-0.08568,-0.32036,0.253,-0.08039,-0.38421,0.20288,-0.09138
1.56,-0.32395,0.57085,-0.07775,-0.31005,0.73379,-0.07039,-0.33848,0.8005,-0.11194,-0.2678,0.70771,-0.12812,-0.29563,0.70763,-0.21307,-0.34727,0.77584,-0.16677,-0.31061,0.81259,-0.12802,-0.36688,0.71149,-0.02487,-0.44257,0.69357,-0.06892,-0.40632,0.77887,-0.09843,-0.37264,0.80881,-0.0519,-0.31922,0.54659,-0.11219,-0.34741,0.40434,-0.14052,-0.26838,0.29061,-0.08715,-0.27581,0.21919,-0.12654,-0.35576,0.54378,-0.0705,-0.36163,0.39706,-0.08693,-0.32464,0.25342,-0.08158,-0.38834,0.20311,-0.09253
1.58,-0.33091,0.57122,-0.08019,-0.31609,0.73404,-0.07194,-0.34484,0.80114,-0.11264,-0.27508,0.70818,-0.13066,-0.30402,0.7093,-0.21523,-0.35424,0.77751,-0.1674,-0.31619,0.81361,-0.12939,-0.37215,0.71168,-0.0255,-0.44846,0.69473,-0.06886,-0.41219,0.7802,-0.09784,-0.378,0.80956,-0.05132,-0.32689,0.54704,-0.11478,-0.35753,0.40532,-0.14326,-0.28216,0.28738,-0.09388,-0.29319,0.21764,-0.13539,-0.36252,0.54409,-0.07231,-0.36688,0.39728,-0.08838,-0.32884,0.25391,-0.08303,-0.39238,0.2034,-0.09401
1.6,-0.33768,0.57155,-0.08257,-0.32182,0.73423,-0.07363,-0.351,0.80169,-0.11341,-0.28228,0.70853,-0.13342,-0.31267,0.71083,-0.21746,-0.36105,0.7792,-0.16798,-0.32148,0.8146,-0.13088,-0.37693,0.71186,-0.02608,-0.454,0.69591,-0.06847,-0.41772,0.78149,-0.09713,-0.3829,0.81032,-0.05075,-0.33448,0.54741,-0.11728,-0.36731,0.4062,-0.14579,-0.29585,0.28406,-0.101,-0.31062,0.21617,-0.14438,-0.36906,0.54436,-0.07396,-0.37194,0.39746,-0.08961,-0.33304,0.25432,-0.08439,-0.39646,0.20365,-0.09533
1.62,-0.34404,0.57172,-0.0847,-0.32691,0.73426,-0.07559,-0.35688,0.80205,-0.11422,-0.28941,0.70859,-0.13669,-0.32215,0.71208,-0.2198,-0.36764,0.78096,-0.16834,-0.32616,0.81556,-0.13259,-0.38065,0.71202,-0.02644,-0.45878,0.69714,-0.06724,-0.4226,0.7827,-0.09608,-0.38686,0.81113,-0.05015,-0.34184,0.54762,-0.11951,-0.37627,0.40678,-0.148,-0.30896,0.28032,-0.10919,-0.32768,0.21442,-0.15408,-0.37513,0.54451,-0.0752,-0.37661,0.39752,-0.09016,-0.33727,0.25449,-0.08528,-0.40068,0.20375,-0.09596
1.64,-0.35021,0.57184,-0.08675,-0.33174,0.73424,-0.07772,-0.36259,0.80232,-0.11511,-0.29654,0.70854,-0.14016,-0.33191,0.7132,-0.22213,-0.37404,0.7827,-0.16868,-0.33059,0.81645,-0.1345,-0.38388,0.71217,-0.0268,-0.46317,0.69838,-0.06573,-0.42712,0.78386,-0.09498,-0.39034,0.81194,-0.04965,-0.34911,0.54775,-0.12163,-0.38491,0.40724,-0.15003,-0.3222,0.27666,-0.11765,-0.34503,0.2129,-0.16371,-0.38098,0.54461,-0.07628,-0.38106,0.39754,-0.09051,-0.34144,0.25457,-0.0861,-0.40488,0.2038,-0.09644
1.66,-0.35646,0.57196,-0.08884,-0.33665,0.73421,-0.07989,-0.36828,0.8026,-0.11606,-0.30371,0.70851,-0.14356,-0.34153,0.71433,-0.22434,-0.38038,0.78436,-0.16912,-0.33508,0.81727,-0.13655,-0.38722,0.71229,-0.02735,-0.46756,0.69961,-0.06445,-0.43158,0.785,-0.09407,-0.39382,0.81272,-0.04933,-0.35643,0.5479,-0.12375,-0.39371,0.40774,-0.15201,-0.33606,0.27355,-0.12558,-0.36293,0.21208,-0.17258,-0.38688,0.54472,-0.07744,-0.38553,0.3976,-0.09111,-0.34552,0.25473,-0.08721,-0.40896,0.2039,-0.09726
1.68,-0.36273,0.57215,-0.09095,-0.34159,0.73423,-0.08211,-0.37392,0.80293,-0.11703,-0.31092,0.70855,-0.1469,-0.35108,0.71558,-0.22646,-0.38655,0.78607,-0.16958,-0.33946,0.8181,-0.13873,-0.39055,0.71245,-0.028,-0.47185,0.70084,-0.0633,-0.43598,0.78617,-0.09322,-0.39731,0.81352,-0.04905,-0.36375,0.5481,-0.12585,-0.40263,0.40833,-0.15386,-0.35074,0.27082,-0.13318,-0.3817,0.21184,-0.18085,-0.39278,0.54488,-0.07864,-0.38984,0.39775,-0.09186,-0.34949,0.25495,-0.08858,-0.41292,0.20407,-0.0984
1.7,-0.36892,0.5722,-0.09299,-0.3464,0.73412,-0.08449,-0.37947,0.8031,-0.11815,-0.31815,0.7084,-0.15036,-0.36078,0.71653,-0.22852,-0.39271,0.78753,-0.17019,-0.34394,0.81869,-0.14112,-0.39361,0.71251,-0.02879,-0.47592,0.70206,-0.06207,-0.44009,0.7872,-0.09256,-0.40035,0.81421,-0.04912,-0.37105,0.54817,-0.12786,-0.4113,0.40874,-0.15565,-0.36508,0.26851,-0.1405,-0.39997,0.21207,-0.18852,-0.39855,0.54492,-0.07975,-0.39428,0.39778,-0.09256,-0.35348,0.2551,-0.08989,-0.41692,0.20417,-0.09943
1.72,-0.37497,0.57195,-0.09487,-0.35097,0.73369,-0.08718,-0.38492,0.80289,-0.11949,-0.32544,0.70781,-0.15409,-0.37099,0.71676,-0.23048,-0.39914,0.78844,-0.17106,-0.34884,0.81879,-0.14378,-0.39619,0.7124,-0.02973,-0.47965,0.70335,-0.06047,-0.44368,0.78798,-0.0922,-0.40246,0.81465,-0.04995,-0.37838,0.54792,-0.12964,-0.41942,0.40874,-0.15752,-0.37785,0.2666,-0.14765,-0.41628,0.21255,-0.19573,-0.40409,0.54466,-0.08054,-0.39918,0.39751,-0.0929,-0.35765,0.25503,-0.09071,-0.42111,0.20405,-0.09978
1.74,-0.38094,0.57156,-0.09671,-0.35549,0.73313,-0.09008,-0.39033,0.80252,-0.121,-0.33279,0.70704,-0.15792,-0.38135,0.7167,-0.23235,-0.40562,0.7891,-0.1721,-0.35392,0.81868,-0.14665,-0.39856,0.71219,-0.03088,-0.48313,0.70462,-0.05885,-0.44704,0.7886,-0.09213,-0.40423,0.81495,-0.05128,-0.3857,0.54754,-0.13132,-0.42734,0.40858,-0.15939,-0.39022,0.26495,-0.15461,-0.43203,0.21327,-0.20247,-0.40949,0.54428,-0.08126,-0.40419,0.3971,-0.09317,-0.36179,0.25487,-0.09142,-0.42528,0.20383,-0.09995
1.76,-0.38693,0.57123,-0.09859,-0.36009,0.73262,-0.09304,-0.39572,0.80221,-0.12257,-0.34021,0.70634,-0.1617,-0.39157,0.71675,-0.23412,-0.41199,0.78979,-0.17322,-0.35895,0.81858,-0.14966,-0.40099,0.712,-0.03221,-0.48651,0.70585,-0.05749,-0.45041,0.78922,-0.09224,-0.40613,0.81526,-0.05278,-0.39299,0.5472,-0.13299,-0.4354,0.4085,-0.16118,-0.40328,0.26359,-0.16118,-0.44849,0.21439,-0.20855,-0.41487,0.54395,-0.08208,-0.40905,0.39676,-0.09362,-0.36581,0.25478,-0.09239,-0.42932,0.20368,-0.10043
1.78,-0.39299,0.57093,-0.10038,-0.36475,0.73211,-0.09607,-0.40117,0.8019,-0.12413,-0.3478,0.70564,-0.16543,-0.40207,0.71684,-0.23558,-0.4184,0.79057,-0.17428,-0.36406,0.81854,-0.15281,-0.40336,0.71185,-0.03365,-0.48979,0.70724,-0.05602,-0.45368,0.78992,-0.09238,-0.40788,0.8156,-0.05445,-0.40037,0.5469,-0.13453,-0.44367,0.4085,-0.16286,-0.4171,0.26254,-0.16738,-0.46571,0.21607,-0.21413,-0.42028,0.54365,-0.08281,-0.41378,0.39646,-0.09403,-0.36976,0.25471,-0.0935,-0.43329,0.20356,-0.10105
1.8,-0.39888,0.57053,-0.10234,-0.36943,0.73152,-0.09928,-0.40649,0.8015,-0.12599,-0.3553,0.70488,-0.1692,-0.41198,0.71676,-0.23729,-0.42464,0.791,-0.17572,-0.36921,0.81821,-0.15614,-0.40579,0.71157,-0.03542,-0.49291,0.70826,-0.05518,-0.45699,0.79033,-0.09307,-0.40988,0.81577,-0.0566,-0.40753,0.5465,-0.13619,-0.45163,0.40835,-0.16453,-0.43026,0.26173,-0.17319,-0.48206,0.21767,-0.21885,-0.4255,0.54325,-0.08376,-0.41861,0.39606,-0.09472,-0.37362,0.25462,-0.09469,-0.43713,0.20339,-0.10177
1.82,-0.40428,0.56987,-0.10468,-0.37404,0.73073,-0.10268,-0.41144,0.80089,-0.12847,-0.36236,0.70401,-0.17302,-0.42027,0.71633,-0.24,-0.43041,0.79057,-0.17797,-0.37432,0.81721,-0.15954,-0.40834,0.71096,-0.03764,-0.49583,0.70825,-0.05577,-0.46053,0.79007,-0.09478,-0.41265,0.81559,-0.05939,-0.41403,0.54582,-0.13822,-0.45867,0.4078,-0.1663,-0.44123,0.26093,-0.17872,-0.49582,0.21828,-0.22243,-0.43028,0.5426,-0.08523,-0.42379,0.39538,-0.09595,-0.37729,0.25442,-0.09579,-0.4407,0.203,-0.10244
1.84,-0.40951,0.56912,-0.10722,-0.37866,0.72988,-0.10623,-0.41628,0.80019,-0.13124,-0.36929,0.70309,-0.17689,-0.42804,0.71572,-0.24307,-0.43607,0.78981,-0.18055,-0.37946,0.81594,-0.16301,-0.41098,0.71024,-0.04013,-0.49874,0.70788,-0.05696,-0.46419,0.78956,-0.09693,-0.41572,0.81526,-0.06249,-0.4203,0.54505,-0.14042,-0.46537,0.40709,-0.16812,-0.45144,0.26017,-0.18393,-0.50857,0.2185,-0.22527,-0.43489,0.54187,-0.08695,-0.42908,0.39459,-0.09736,-0.38087,0.25422,-0.09684,-0.44414,0.20257,-0.10307
1.86,-0.41484,0.56841,-0.10972,-0.38335,0.72905,-0.10982,-0.42122,0.79952,-0.13401,-0.37634,0.70218,-0.18072,-0.43612,0.71515,-0.24591,-0.44185,0.78916,-0.18305,-0.38467,0.81475,-0.16657,-0.41362,0.70958,-0.04271,-0.50167,0.70768,-0.05804,-0.46783,0.78914,-0.09904,-0.41871,0.81498,-0.06565,-0.42667,0.54433,-0.14254,-0.47224,0.40646,-0.16988,-0.46226,0.25957,-0.18872,-0.52187,0.21904,-0.22763,-0.43957,0.54118,-0.08864,-0.43425,0.39386,-0.09871,-0.3844,0.25406,-0.09799,-0.44752,0.20218,-0.10378
1.88,-0.42006,0.56768,-0.11198,-0.388,0.7282,-0.11321,-0.42609,0.79882,-0.13658,-0.38347,0.70128,-0.1843,-0.4441,0.71461,-0.24863,-0.44751,0.78848,-0.18545,-0.38983,0.81354,-0.16995,-0.41606,0.70887,-0.04512,-0.50434,0.70742,-0.0591,-0.47132,0.78869,-0.10114,-0.42161,0.81472,-0.06879,-0.43297,0.54359,-0.14439,-0.4791,0.40585,-0.17149,-0.47365,0.25913,-0.19324,-0.53568,0.21981,-0.2295,-0.4441,0.54046,-0.09009,-0.43935,0.3931,-0.0999,-0.38777,0.25393,-0.09908,-0.45076,0.20184,-0.10443
1.9,-0.42547,0.56697,-0.11479,-0.39286,0.72737,-0.11716,-0.43116,0.79813,-0.13976,-0.39052,0.70036,-0.18832,-0.45224,0.7139,-0.25156,-0.45345,0.78771,-0.18822,-0.39526,0.81226,-0.17385,-0.41899,0.70822,-0.04825,-0.50751,0.70718,-0.06065,-0.47519,0.78822,-0.10367,-0.42485,0.81435,-0.07238,-0.43933,0.54285,-0.14679,-0.48593,0.40517,-0.17334,-0.48422,0.25868,-0.19717,-0.54834,0.22027,-0.23065,-0.44885,0.53977,-0.09218,-0.44448,0.39237,-0.10149,-0.39124,0.25383,-0.1004,-0.45404,0.20148,-0.10534
1.92,-0.43144,0.56632,-0.11904,-0.39828,0.72659,-0.12252,-0.43678,0.79747,-0.1444,-0.39732,0.69934,-0.19362,-0.46102,0.71277,-0.25489,-0.46015,0.78682,-0.19182,-0.40138,0.81087,-0.17905,-0.42324,0.70776,-0.05309,-0.51207,0.70713,-0.06313,-0.48,0.78782,-0.10699,-0.42885,0.81371,-0.07684,-0.44602,0.54213,-0.15066,-0.49278,0.40426,-0.17593,-0.4924,0.25788,-0.20047,-0.55806,0.21978,-0.23121,-0.45433,0.53919,-0.09584,-0.44978,0.39174,-0.10416,-0.39508,0.25377,-0.10228,-0.45759,0.20105,-0.10699
1.94,-0.43761,0.56569,-0.12384,-0.40393,0.72582,-0.12842,-0.44261,0.79681,-0.14962,-0.40403,0.69829,-0.19942,-0.46989,0.7115,-0.2584,-0.46706,0.78588,-0.19577,-0.40775,0.80945,-0.18473,-0.42801,0.70736,-0.05858,-0.51709,0.70711,-0.06605,-0.48514,0.78742,-0.11069,-0.43316,0.81297,-0.08169,-0.4528,0.54141,-0.15511,-0.49956,0.40327,-0.17881,-0.49954,0.25693,-0.20361,-0.56645,0.21884,-0.23156,-0.46006,0.53864,-0.10014,-0.45511,0.39114,-0.10727,-0.399,0.25376,-0.10441,-0.46117,0.20063,-0.10894
1.96,-0.44369,0.56505,-0.12845,-0.40953,0.72505,-0.13413,-0.44838,0.79614,-0.15465,-0.41081,0.69726,-0.20501,-0.47858,0.71032,-0.26183,-0.47382,0.78496,-0.19963,-0.41404,0.80806,-0.19024,-0.4326,0.70692,-0.06386,-0.52186,0.70707,-0.06891,-0.49011,0.787,-0.11436,-0.43737,0.81226,-0.08651,-0.45951,0.54069,-0.15933,-0.5063,0.40232,-0.18157,-0.50707,0.25604,-0.20674,-0.57516,0.21804,-0.2318,-0.46567,0.53808,-0.10422,-0.46035,0.39054,-0.11027,-0.40275,0.2538,-0.10655,-0.46458,0.20025,-0.11088
1.98,-0.44977,0.56441,-0.13284,-0.41511,0.72424,-0.13978,-0.45414,0.79545,-0.15955,-0.41765,0.69615,-0.21051,-0.48749,0.709,-0.2648,-0.48062,0.78401,-0.20324,-0.42037,0.80657,-0.19573,-0.4371,0.70651,-0.06906,-0.52646,0.7071,-0.07143,-0.49495,0.78659,-0.11779,-0.44139,0.81153,-0.09124,-0.46624,0.53996,-0.16331,-0.51299,0.40136,-0.18423,-0.51484,0.25516,-0.20977,-0.58409,0.21746,-0.23193,-0.47124,0.53751,-0.10808,-0.4655,0.38995,-0.1131,-0.40638,0.25388,-0.10863,-0.46786,0.19992,-0.1128
2,-0.4559,0.56379,-0.13781,-0.42088,0.72351,-0.14573,-0.46004,0.7948,-0.16491,-0.42443,0.69519,-0.21633,-0.49585,0.70791,-0.26857,-0.48732,0.78312,-0.20747,-0.42676,0.80528,-0.20143,-0.44199,0.70607,-0.07467,-0.53138,0.707,-0.07486,-0.50008,0.78615,-0.12193,-0.44587,0.8108,-0.09644,-0.47293,0.53927,-0.16791,-0.51962,0.40041,-0.18717,-0.52181,0.25424,-0.21283,-0.59185,0.21631,-0.23197,-0.47692,0.53697,-0.11258,-0.47067,0.38939,-0.11646,-0.41002,0.25403,-0.1111,-0.4711,0.19961,-0.11505
2.02,-0.4621,0.56326,-0.1442,-0.42701,0.72295,-0.1523,-0.46618,0.79429,-0.17132,-0.431,0.69465,-0.22288,-0.50277,0.70746,-0.27462,-0.49373,0.7824,-0.21325,-0.43313,0.80454,-0.20751,-0.44772,0.70551,-0.08112,-0.5371,0.70647,-0.08055,-0.50597,0.78562,-0.12774,-0.4515,0.81008,-0.10262,-0.47949,0.53867,-0.17404,-0.5262,0.39948,-0.19067,-0.52694,0.25326,-0.21614,-0.59694,0.21376,-0.23192,-0.48282,0.5365,-0.11866,-0.47598,0.38892,-0.1211,-0.41381,0.25431,-0.11437,-0.47438,0.19929,-0.11796
2.04,-0.46834,0.56278,-0.15116,-0.43329,0.72248,-0.15913,-0.47242,0.79384,-0.17816,-0.43748,0.69428,-0.22974,-0.50918,0.70726,-0.28153,-0.50004,0.78175,-0.21965,-0.43951,0.80403,-0.21376,-0.45379,0.70494,-0.08792,-0.54318,0.7058,-0.08712,-0.51217,0.78508,-0.13419,-0.45758,0.80939,-0.10919,-0.48602,0.53813,-0.18078,-0.5327,0.39861,-0.19446,-0.53135,0.25236,-0.21976,-0.60088,0.21088,-0.2322,-0.48882,0.53607,-0.12537,-0.48133,0.3885,-0.12626,-0.41765,0.25469,-0.11798,-0.47766,0.19903,-0.12114
2.06,-0.47457,0.56228,-0.15787,-0.43951,0.72198,-0.16586,-0.47863,0.79337,-0.18483,-0.444,0.69384,-0.23648,-0.51582,0.70696,-0.28807,-0.5064,0.78109,-0.22579,-0.44588,0.80342,-0.21994,-0.45972,0.70439,-0.09459,-0.5491,0.70521,-0.09331,-0.51825,0.78455,-0.14037,-0.46347,0.8087,-0.11561,-0.49256,0.53758,-0.18726,-0.53913,0.39778,-0.19817,-0.53612,0.25156,-0.22352,-0.60513,0.20842,-0.23277,-0.49478,0.53563,-0.13182,-0.48663,0.3881,-0.13122,-0.4214,0.25513,-0.12151,-0.48083,0.19883,-0.12427
2.08,-0.4808,0.5617,-0.16457,-0.4457,0.72139,-0.17257,-0.48478,0.79282,-0.19145,-0.45052,0.69332,-0.24319,-0.52245,0.70658,-0.29457,-0.51273,0.78032,-0.23189,-0.45223,0.80272,-0.2261,-0.4656,0.70374,-0.10121,-0.55497,0.70454,-0.09945,-0.52425,0.78394,-0.1465,-0.46929,0.8079,-0.12199,-0.49911,0.53692,-0.19369,-0.54557,0.39688,-0.20164,-0.54101,0.25079,-0.22742,-0.60931,0.20594,-0.2332,-0.50073,0.53512,-0.13823,-0.49184,0.38765,-0.13615,-0.42506,0.25556,-0.12506,-0.48393,0.19866,-0.12741
2.1,-0.48703,0.56133,-0.17142,-0.45198,0.72104,-0.17938,-0.49105,0.79247,-0.19825,-0.45701,0.69303,-0.25001,-0.52896,0.70643,-0.30133,-0.51906,0.77979,-0.23822,-0.4586,0.80227,-0.23235,-0.47166,0.70332,-0.10798,-0.56102,0.70403,-0.10589,-0.53044,0.78352,-0.15287,-0.47534,0.80734,-0.12854,-0.50562,0.53652,-0.20034,-0.55177,0.39625,-0.20566,-0.54564,0.25024,-0.23159,-0.6131,0.20388,-0.23466,-0.50671,0.53478,-0.14486,-0.49716,0.38738,-0.1413,-0.42879,0.25623,-0.12876,-0.48699,0.19864,-0.1307
2.12,-0.4933,0.56153,-0.17856,-0.45852,0.72129,-0.18644,-0.49766,0.79265,-0.20544,-0.4635,0.69331,-0.25708,-0.53532,0.70685,-0.30856,-0.52547,0.77985,-0.24502,-0.46508,0.80241,-0.2388,-0.47817,0.70351,-0.11505,-0.56753,0.70401,-0.11286,-0.53711,0.78365,-0.1597,-0.48194,0.80738,-0.13542,-0.51209,0.53681,-0.20743,-0.55748,0.39625,-0.21115,-0.54947,0.25014,-0.23604,-0.61621,0.20271,-0.23826,-0.51278,0.53488,-0.15195,-0.50275,0.38755,-0.14692,-0.43277,0.25743,-0.13275,-0.49007,0.19892,-0.13419
2.14,-0.49955,0.56194,-0.18582,-0.46514,0.72179,-0.19358,-0.50439,0.79304,-0.21277,-0.46996,0.69383,-0.26425,-0.54156,0.7075,-0.316,-0.53188,0.78014,-0.25204,-0.47157,0.8028,-0.24532,-0.48484,0.70393,-0.12223,-0.57421,0.70415,-0.12008,-0.54394,0.78397,-0.16672,-0.48876,0.80766,-0.14243,-0.51852,0.53737,-0.2147,-0.56298,0.39648,-0.21719,-0.55291,0.25025,-0.24055,-0.61897,0.20188,-0.24257,-0.51888,0.53516,-0.15923,-0.50848,0.38791,-0.15273,-0.43687,0.25888,-0.13686,-0.49314,0.19937,-0.13775
2.16,-0.50578,0.56226,-0.19301,-0.47171,0.72219,-0.20066,-0.51105,0.79334,-0.22002,-0.47641,0.69425,-0.27135,-0.54779,0.70807,-0.32335,-0.53824,0.78035,-0.25896,-0.47802,0.80309,-0.25179,-0.49143,0.70424,-0.12933,-0.58079,0.70422,-0.12722,-0.55068,0.78421,-0.17365,-0.49547,0.80785,-0.14937,-0.52493,0.53781,-0.22187,-0.56851,0.39663,-0.22296,-0.55644,0.25035,-0.24502,-0.62178,0.20098,-0.24653,-0.52493,0.53537,-0.16641,-0.51416,0.38822,-0.15845,-0.44091,0.26033,-0.14094,-0.49615,0.19985,-0.14129
2.18,-0.51216,0.56255,-0.20028,-0.47838,0.72254,-0.20784,-0.51777,0.79362,-0.22734,-0.48297,0.69463,-0.27854,-0.55424,0.70857,-0.33067,-0.54477,0.78049,-0.26587,-0.48462,0.80329,-0.2583,-0.49812,0.70453,-0.13653,-0.58748,0.70427,-0.13429,-0.55751,0.7844,-0.18057,-0.50224,0.80794,-0.15636,-0.5315,0.53823,-0.22913,-0.5742,0.39678,-0.2289,-0.55997,0.2505,-0.24964,-0.62452,0.20009,-0.25067,-0.53113,0.53553,-0.17369,-0.51967,0.38852,-0.16424,-0.44487,0.26177,-0.14506,-0.49918,0.20045,-0.14485
2.2,-0.51821,0.56295,-0.20741,-0.48482,0.72303,-0.21482,-0.52435,0.79398,-0.23451,-0.48927,0.69516,-0.28554,-0.5602,0.70927,-0.33808,-0.55094,0.78081,-0.27283,-0.4909,0.80372,-0.26473,-0.50459,0.70492,-0.14354,-0.59396,0.7044,-0.14151,-0.56414,0.78474,-0.18754,-0.5089,0.80827,-0.16324,-0.53773,0.53875,-0.23623,-0.57942,0.397,-0.23465,-0.56327,0.25073,-0.254,-0.62714,0.19945,-0.2546,-0.53703,0.53583,-0.18079,-0.52553,0.38892,-0.16994,-0.44898,0.26347,-0.14919,-0.50205,0.20108,-0.14837
2.22,-0.52343,0.56364,-0.21416,-0.49067,0.72387,-0.22127,-0.53058,0.79451,-0.24132,-0.49487,0.69608,-0.29204,-0.56483,0.71048,-0.34581,-0.55613,0.78154,-0.27996,-0.49632,0.80476,-0.27099,-0.51051,0.70558,-0.15007,-0.59989,0.70468,-0.14922,-0.57024,0.7854,-0.19469,-0.51537,0.80918,-0.16981,-0.5431,0.53947,-0.24291,-0.58345,0.39736,-0.23984,-0.5661,0.25104,-0.25772,-0.62964,0.19935,-0.25785,-0.5421,0.5365,-0.18748,-0.53233,0.38957,-0.17533,-0.45348,0.26576,-0.15328,-0.50448,0.20169,-0.15182
2.24,-0.52833,0.56444,-0.22074,-0.49629,0.72483,-0.22751,-0.53664,0.79511,-0.24796,-0.50022,0.69714,-0.29834,-0.56896,0.71186,-0.35355,-0.56095,0.78243,-0.28708,-0.50144,0.806,-0.27715,-0.51619,0.70632,-0.15637,-0.60557,0.70504,-0.15703,-0.57611,0.7862,-0.20185,-0.52171,0.81029,-0.17623,-0.54815,0.54027,-0.24938,-0.58702,0.39779,-0.2448,-0.56871,0.25141,-0.26118,-0.63206,0.19949,-0.26087,-0.54687,0.5373,-0.19396,-0.53949,0.39033,-0.18056,-0.45814,0.26836,-0.15744,-0.50671,0.20244,-0.15526
2.26,-0.53335,0.56519,-0.22733,-0.50198,0.72572,-0.2338,-0.54273,0.79566,-0.2546,-0.50566,0.69813,-0.30467,-0.57332,0.71314,-0.36114,-0.56593,0.78325,-0.29411,-0.5067,0.80712,-0.2833,-0.52192,0.70702,-0.16273,-0.61128,0.70539,-0.16469,-0.582,0.78693,-0.20892,-0.52803,0.81129,-0.18268,-0.55331,0.54102,-0.25588,-0.59076,0.39822,-0.24984,-0.57134,0.25183,-0.26475,-0.63443,0.19959,-0.26401,-0.55174,0.53803,-0.20047,-0.54649,0.3911,-0.1858,-0.46273,0.27096,-0.16171,-0.50893,0.20339,-0.15873
2.28,-0.53845,0.56597,-0.23419,-0.50779,0.72666,-0.24023,-0.54893,0.79624,-0.26145,-0.51114,0.69919,-0.31117,-0.57747,0.71454,-0.36911,-0.57088,0.78409,-0.30143,-0.51201,0.80837,-0.28955,-0.52785,0.70771,-0.16926,-0.61716,0.70567,-0.17279,-0.58808,0.78766,-0.2163,-0.53461,0.81233,-0.1893,-0.55856,0.54182,-0.26266,-0.59453,0.3987,-0.2551,-0.57398,0.25232,-0.26851,-0.63679,0.19976,-0.26735,-0.55673,0.5388,-0.20725,-0.55334,0.39197,-0.19115,-0.46722,0.27373,-0.16599,-0.51099,0.20459,-0.16247
2.3,-0.5433,0.56669,-0.24046,-0.51328,0.72751,-0.2463,-0.55483,0.79676,-0.26782,-0.51649,0.70011,-0.31728,-0.58187,0.7157,-0.37622,-0.57577,0.78489,-0.30812,-0.51714,0.80939,-0.29554,-0.53331,0.7084,-0.17536,-0.62255,0.7061,-0.17997,-0.59368,0.78841,-0.22302,-0.54058,0.8133,-0.19553,-0.56357,0.54254,-0.26881,-0.59806,0.39915,-0.25988,-0.57646,0.2528,-0.27189,-0.63904,0.19997,-0.27032,-0.56141,0.53952,-0.21342,-0.56051,0.39277,-0.19617,-0.47191,0.27649,-0.17052,-0.51313,0.20586,-0.1659
2.32,-0.54748,0.56718,-0.24518,-0.51799,0.72808,-0.25147,-0.56001,0.79706,-0.27293,-0.52155,0.70055,-0.32238,-0.58711,0.71619,-0.38111,-0.58065,0.7855,-0.31315,-0.52183,0.80972,-0.30094,-0.53752,0.70903,-0.18038,-0.62679,0.70688,-0.18468,-0.5981,0.78914,-0.22794,-0.54487,0.81405,-0.20071,-0.56802,0.54304,-0.27334,-0.60106,0.39937,-0.26338,-0.57859,0.25306,-0.27429,-0.64102,0.20008,-0.27235,-0.56533,0.54001,-0.21797,-0.56857,0.39334,-0.20035,-0.47711,0.27911,-0.17556,-0.51541,0.20706,-0.1684
2.34,-0.55141,0.56761,-0.24931,-0.5224,0.72856,-0.25629,-0.56492,0.79731,-0.27755,-0.52649,0.70083,-0.32709,-0.59265,0.71643,-0.38515,-0.58552,0.78604,-0.31757,-0.52637,0.80981,-0.3061,-0.54128,0.70966,-0.18498,-0.63059,0.7078,-0.18847,-0.60209,0.78989,-0.23219,-0.54856,0.81474,-0.2055,-0.57226,0.54346,-0.27723,-0.60383,0.39952,-0.2664,-0.58056,0.25327,-0.27635,-0.64289,0.20019,-0.27405,-0.56896,0.54043,-0.2219,-0.57693,0.39397,-0.20412,-0.48258,0.28178,-0.18086,-0.51778,0.20851,-0.17079
2.36,-0.55545,0.56806,-0.25367,-0.52695,0.72908,-0.26123,-0.56994,0.79758,-0.28232,-0.53148,0.70118,-0.33193,-0.59807,0.71674,-0.38951,-0.59041,0.78658,-0.32224,-0.53101,0.81001,-0.31134,-0.54526,0.71029,-0.18974,-0.63459,0.70865,-0.19261,-0.6063,0.79061,-0.23671,-0.55254,0.81544,-0.21045,-0.57659,0.54391,-0.28138,-0.60669,0.39973,-0.26965,-0.58255,0.25355,-0.27861,-0.64476,0.20034,-0.27598,-0.57273,0.54089,-0.22608,-0.58508,0.39478,-0.20791,-0.48803,0.28461,-0.18617,-0.52012,0.2103,-0.1736
2.38,-0.55947,0.5685,-0.25817,-0.53154,0.7296,-0.26626,-0.57505,0.7978,-0.28724,-0.53653,0.70154,-0.33688,-0.60344,0.71723,-0.39404,-0.59525,0.78721,-0.32698,-0.53558,0.81019,-0.31661,-0.54923,0.71089,-0.1946,-0.63858,0.70949,-0.19699,-0.61047,0.79137,-0.24135,-0.55652,0.81616,-0.21544,-0.5809,0.54436,-0.28565,-0.60948,0.39995,-0.27304,-0.58447,0.25386,-0.28102,-0.64654,0.20051,-0.27806,-0.57643,0.54132,-0.2304,-0.59345,0.39575,-0.21167,-0.49335,0.288,-0.19165,-0.52161,0.2126,-0.17664
2.4,-0.56349,0.56896,-0.26225,-0.53601,0.7301,-0.27097,-0.57993,0.79812,-0.29169,-0.54144,0.70184,-0.34148,-0.60897,0.71729,-0.39797,-0.60023,0.78766,-0.33138,-0.54033,0.81034,-0.32172,-0.55313,0.71154,-0.19913,-0.6425,0.71039,-0.20066,-0.61462,0.79205,-0.24556,-0.5604,0.81683,-0.22025,-0.58519,0.5448,-0.28951,-0.61229,0.40017,-0.27611,-0.5864,0.2542,-0.28318,-0.64836,0.20071,-0.27992,-0.58019,0.5418,-0.2343,-0.60134,0.39683,-0.21511,-0.49913,0.29073,-0.19707,-0.52465,0.21481,-0.17992
2.42,-0.56762,0.56951,-0.26538,-0.54017,0.7306,-0.275,-0.58421,0.79873,-0.2951,-0.54599,0.70202,-0.34534,-0.61493,0.71621,-0.40046,-0.60562,0.78764,-0.33508,-0.54562,0.81049,-0.32657,-0.55691,0.71238,-0.20299,-0.6463,0.71149,-0.20261,-0.61881,0.79255,-0.24883,-0.56404,0.81736,-0.22475,-0.58944,0.54523,-0.29244,-0.61528,0.40043,-0.27842,-0.5885,0.25457,-0.28468,-0.65034,0.20098,-0.28116,-0.58417,0.54246,-0.23724,-0.60797,0.3979,-0.21804,-0.50594,0.29128,-0.20214,-0.532,0.21595,-0.1833
2.44,-0.57176,0.57007,-0.2681,-0.54422,0.73108,-0.27871,-0.58825,0.79943,-0.29806,-0.5504,0.70213,-0.34887,-0.62095,0.71466,-0.40231,-0.61118,0.78741,-0.33849,-0.55112,0.81058,-0.33128,-0.56063,0.71326,-0.20652,-0.64998,0.71266,-0.2039,-0.62299,0.79297,-0.25169,-0.56762,0.81783,-0.22907,-0.59366,0.54564,-0.29496,-0.61831,0.40068,-0.28041,-0.59064,0.25496,-0.2859,-0.65239,0.20128,-0.28212,-0.58821,0.54315,-0.23977,-0.61414,0.39894,-0.22074,-0.51321,0.29098,-0.207,-0.54098,0.21668,-0.18659
2.46,-0.57589,0.5706,-0.27098,-0.54833,0.73155,-0.28251,-0.59237,0.80007,-0.30118,-0.55487,0.70226,-0.35249,-0.62682,0.71327,-0.40439,-0.61667,0.78722,-0.34202,-0.55659,0.81065,-0.33601,-0.56437,0.71408,-0.21015,-0.65364,0.71376,-0.20551,-0.62718,0.79339,-0.25471,-0.5713,0.8183,-0.23343,-0.5979,0.54604,-0.29763,-0.62131,0.40093,-0.28252,-0.59274,0.25536,-0.28726,-0.65438,0.20157,-0.28323,-0.5922,0.54381,-0.24246,-0.62049,0.40003,-0.22348,-0.52038,0.29107,-0.21188,-0.54924,0.21764,-0.18986
2.48,-0.58007,0.57121,-0.27397,-0.55246,0.73207,-0.28654,-0.59658,0.80075,-0.30446,-0.55938,0.70239,-0.35633,-0.63286,0.71186,-0.40635,-0.62227,0.78709,-0.3456,-0.56217,0.81078,-0.34094,-0.56815,0.71502,-0.214,-0.65727,0.7151,-0.20705,-0.63132,0.79395,-0.25776,-0.57485,0.81877,-0.23801,-0.60215,0.5465,-0.30042,-0.62431,0.40126,-0.28475,-0.59485,0.25584,-0.28868,-0.6564,0.20196,-0.28442,-0.59626,0.54455,-0.24525,-0.62695,0.40126,-0.22634,-0.52743,0.29153,-0.21697,-0.55718,0.21901,-0.19321
2.5,-0.58415,0.57167,-0.27664,-0.55653,0.73247,-0.29,-0.60054,0.80137,-0.30732,-0.5638,0.70251,-0.35963,-0.6384,0.7103,-0.40828,-0.62774,0.78671,-0.34904,-0.56769,0.81073,-0.34543,-0.57187,0.71573,-0.21732,-0.66084,0.71601,-0.20861,-0.63556,0.79421,-0.26065,-0.57875,0.81921,-0.24212,-0.60634,0.54685,-0.30288,-0.62729,0.40148,-0.28668,-0.59693,0.25623,-0.28996,-0.65835,0.20224,-0.28543,-0.60019,0.54513,-0.24773,-0.63306,0.40231,-0.22888,-0.53497,0.29117,-0.22148,-0.56608,0.21971,-0.19628
2.52,-0.58796,0.57176,-0.27856,-0.56041,0.73256,-0.29198,-0.60389,0.80184,-0.30919,-0.56805,0.70264,-0.36159,-0.64262,0.7085,-0.41054,-0.63277,0.78573,-0.35223,-0.57291,0.81022,-0.34867,-0.57538,0.71578,-0.21923,-0.66434,0.7156,-0.21041,-0.64015,0.79365,-0.26319,-0.58366,0.81958,-0.24495,-0.61037,0.54688,-0.30457,-0.63021,0.40142,-0.28792,-0.59888,0.25637,-0.29093,-0.66012,0.2022,-0.28598,-0.60375,0.54526,-0.24948,-0.63836,0.40285,-0.23064,-0.54369,0.28871,-0.22447,-0.57738,0.21865,-0.19867
2.54,-0.59167,0.57171,-0.28018,-0.56422,0.73255,-0.29339,-0.60699,0.80224,-0.31066,-0.57218,0.70277,-0.36302,-0.64631,0.70662,-0.41283,-0.63757,0.78452,-0.35524,-0.57795,0.80953,-0.35137,-0.57883,0.71561,-0.2206,-0.66783,0.71477,-0.21224,-0.64481,0.79278,-0.26558,-0.58889,0.8199,-0.24733,-0.61432,0.54681,-0.30595,-0.63311,0.40125,-0.28887,-0.60078,0.25642,-0.29178,-0.66181,0.20205,-0.28637,-0.60718,0.54523,-0.25092,-0.64332,0.40321,-0.23206,-0.55297,0.28557,-0.22677,-0.58968,0.21719,-0.20059
2.56,-0.59542,0.57172,-0.2819,-0.56806,0.73258,-0.29504,-0.6102,0.80267,-0.31228,-0.57634,0.70289,-0.36467,-0.65018,0.70481,-0.41502,-0.64239,0.78339,-0.35822,-0.58298,0.80888,-0.35422,-0.58234,0.71554,-0.2222,-0.67134,0.71419,-0.21401,-0.6494,0.79205,-0.26803,-0.59393,0.82019,-0.24995,-0.61829,0.54679,-0.30745,-0.63601,0.40114,-0.28996,-0.6027,0.25653,-0.29271,-0.66351,0.20197,-0.28688,-0.61068,0.54528,-0.25248,-0.6484,0.40368,-0.23357,-0.56215,0.28296,-0.22917,-0.60156,0.21632,-0.20242
2.58,-0.59921,0.57174,-0.28373,-0.57189,0.73262,-0.29674,-0.61336,0.8031,-0.31402,-0.58063,0.70306,-0.36638,-0.65394,0.70308,-0.41753,-0.64731,0.78221,-0.36136,-0.58816,0.80823,-0.35692,-0.58571,0.71545,-0.22385,-0.67473,0.71337,-0.21595,-0.65407,0.79121,-0.2705,-0.59916,0.82047,-0.25248,-0.62233,0.54678,-0.30902,-0.63889,0.40105,-0.29111,-0.60459,0.25666,-0.29375,-0.66519,0.20192,-0.28744,-0.61416,0.54533,-0.25413,-0.65362,0.4042,-0.23517,-0.57153,0.2806,-0.23168,-0.61363,0.21586,-0.20436
2.6,-0.60288,0.57172,-0.28528,-0.5757,0.73262,-0.29819,-0.61653,0.80347,-0.31544,-0.58458,0.70313,-0.36783,-0.65758,0.70127,-0.41938,-0.65182,0.78105,-0.36403,-0.59284,0.80747,-0.35959,-0.58933,0.71537,-0.22528,-0.67836,0.71295,-0.21757,-0.65852,0.79046,-0.27289,-0.60406,0.82067,-0.25508,-0.62619,0.54672,-0.31037,-0.64177,0.40092,-0.2921,-0.60648,0.25678,-0.29464,-0.66684,0.20182,-0.28798,-0.61762,0.54533,-0.25554,-0.65845,0.40462,-0.23643,-0.58092,0.27808,-0.23351,-0.62551,0.21534,-0.2055
2.62,-0.60626,0.57158,-0.28619,-0.57944,0.73255,-0.29912,-0.61983,0.80372,-0.31609,-0.58765,0.70293,-0.36879,-0.6613,0.699,-0.4193,-0.65549,0.77991,-0.36561,-0.59644,0.80637,-0.36268,-0.59363,0.71537,-0.2263,-0.68264,0.71372,-0.21823,-0.6624,0.78999,-0.27511,-0.60797,0.82066,-0.25801,-0.62958,0.54654,-0.31122,-0.64464,0.40073,-0.29266,-0.60835,0.25683,-0.29507,-0.66842,0.20155,-0.28838,-0.62096,0.54524,-0.2564,-0.66233,0.40473,-0.23692,-0.59016,0.27507,-0.2339,-0.63675,0.21426,-0.20491
2.64,-0.60953,0.57141,-0.28683,-0.58315,0.73244,-0.29979,-0.62316,0.80391,-0.31642,-0.59037,0.70264,-0.36949,-0.66486,0.69656,-0.41854,-0.65879,0.77877,-0.3669,-0.59964,0.80514,-0.36593,-0.59819,0.71537,-0.22712,-0.68718,0.71489,-0.21862,-0.66609,0.7896,-0.27722,-0.61156,0.82055,-0.26097,-0.63279,0.54632,-0.31187,-0.64751,0.40051,-0.29305,-0.61022,0.25686,-0.29532,-0.66997,0.20122,-0.28873,-0.62429,0.54511,-0.25703,-0.66582,0.40471,-0.23713,-0.59941,0.27202,-0.23366,-0.64777,0.21314,-0.2036
2.66,-0.61286,0.57125,-0.28757,-0.58688,0.73236,-0.30053,-0.62649,0.80411,-0.31687,-0.59322,0.7024,-0.37025,-0.66829,0.69421,-0.41809,-0.66221,0.77765,-0.36846,-0.60302,0.80393,-0.3691,-0.60267,0.71536,-0.228,-0.69163,0.71585,-0.21921,-0.6699,0.78916,-0.27935,-0.61534,0.82044,-0.26385,-0.63608,0.54613,-0.31261,-0.65038,0.40031,-0.29351,-0.61212,0.25692,-0.29564,-0.67155,0.20094,-0.28911,-0.62765,0.545,-0.25775,-0.66947,0.40474,-0.23746,-0.60878,0.26935,-0.23357,-0.65887,0.21249,-0.20246
2.68,-0.61613,0.57109,-0.2884,-0.59061,0.73226,-0.30147,-0.62982,0.80434,-0.31734,-0.5962,0.70213,-0.37118,-0.672,0.69145,-0.41735,-0.66597,0.77626,-0.37011,-0.60678,0.80244,-0.37279,-0.60701,0.71536,-0.22905,-0.69588,0.71686,-0.21952,-0.67373,0.78859,-0.28137,-0.61909,0.82023,-0.26693,-0.63937,0.54591,-0.31337,-0.65323,0.40009,-0.29396,-0.61394,0.25698,-0.29597,-0.67305,0.20065,-0.28943,-0.63088,0.54488,-0.25852,-0.67318,0.40483,-0.23779,-0.61851,0.26691,-0.23337,-0.67034,0.21227,-0.20116
2.7,-0.6195,0.57095,-0.28898,-0.59432,0.73217,-0.30193,-0.63317,0.80448,-0.31766,-0.59883,0.70192,-0.37167,-0.67488,0.68941,-0.41695,-0.66899,0.77533,-0.37174,-0.60978,0.80131,-0.37563,-0.61169,0.71534,-0.22973,-0.70056,0.71785,-0.2204,-0.67754,0.78825,-0.28346,-0.62289,0.8201,-0.26953,-0.64263,0.54573,-0.31402,-0.65615,0.39991,-0.2944,-0.61591,0.25705,-0.29622,-0.67472,0.2004,-0.28983,-0.63439,0.54477,-0.25913,-0.6767,0.40478,-0.23807,-0.62775,0.26475,-0.23297,-0.68095,0.21209,-0.19972
2.72,-0.62323,0.5709,-0.28896,-0.59803,0.73218,-0.30115,-0.63661,0.80445,-0.31771,-0.60061,0.70196,-0.371,-0.67578,0.68954,-0.41777,-0.67,0.77578,-0.37314,-0.61061,0.80147,-0.37598,-0.61729,0.71527,-0.22945,-0.70638,0.71882,-0.22302,-0.68121,0.78859,-0.28595,-0.6268,0.82037,-0.27093,-0.64587,0.54568,-0.31443,-0.65923,0.39984,-0.29486,-0.61828,0.25718,-0.29631,-0.67689,0.20026,-0.29044,-0.63868,0.54473,-0.25939,-0.67977,0.40439,-0.23822,-0.63569,0.26279,-0.23229,-0.68957,0.21143,-0.19811
2.74,-0.62708,0.57087,-0.28869,-0.60177,0.73221,-0.2999,-0.64007,0.80435,-0.31763,-0.6021,0.70207,-0.36983,-0.67592,0.69047,-0.41888,-0.67022,0.77672,-0.37427,-0.61064,0.80209,-0.37526,-0.62325,0.71518,-0.22886,-0.71249,0.71979,-0.22626,-0.68468,0.78918,-0.28851,-0.63063,0.82075,-0.27184,-0.64909,0.54566,-0.31472,-0.66238,0.3998,-0.29528,-0.62079,0.25732,-0.29627,-0.67922,0.20015,-0.29105,-0.64325,0.54469,-0.25952,-0.6827,0.4039,-0.23825,-0.64307,0.26103,-0.23133,-0.69736,0.2107,-0.19627
2.76,-0.63087,0.57082,-0.28852,-0.60552,0.73221,-0.29886,-0.6435,0.80426,-0.3176,-0.60375,0.70212,-0.36879,-0.67637,0.69103,-0.41972,-0.67075,0.77739,-0.37532,-0.61103,0.80247,-0.3748,-0.62905,0.71509,-0.22849,-0.71826,0.72074,-0.22926,-0.68806,0.78963,-0.29094,-0.63435,0.82102,-0.27289,-0.65231,0.54561,-0.31503,-0.6655,0.39972,-0.29567,-0.62324,0.25744,-0.29621,-0.68147,0.20003,-0.29158,-0.64768,0.54464,-0.25972,-0.68573,0.40349,-0.23826,-0.65069,0.25948,-0.23028,-0.70544,0.21031,-0.19431
2.78,-0.63466,0.57082,-0.28842,-0.60934,0.73227,-0.29787,-0.64699,0.80423,-0.3176,-0.60543,0.70225,-0.36774,-0.67679,0.69161,-0.42053,-0.67116,0.77812,-0.3764,-0.61133,0.80286,-0.3744,-0.63491,0.71504,-0.22824,-0.72394,0.72181,-0.23255,-0.69129,0.79013,-0.29361,-0.63797,0.82139,-0.27423,-0.65551,0.54562,-0.3154,-0.66855,0.39971,-0.29609,-0.62569,0.25761,-0.29611,-0.68371,0.19994,-0.29205,-0.6521,0.54463,-0.26,-0.68867,0.40314,-0.23818,-0.65893,0.25803,-0.22884,-0.71424,0.21029,-0.19182
2.8,-0.63849,0.57073,-0.2881,-0.61311,0.73222,-0.29666,-0.65036,0.80408,-0.31749,-0.60707,0.70226,-0.36641,-0.67702,0.69237,-0.42119,-0.67152,0.77883,-0.37694,-0.61167,0.80331,-0.37321,-0.64073,0.7149,-0.22785,-0.72946,0.72263,-0.23551,-0.6944,0.79055,-0.29567,-0.6415,0.82155,-0.27477,-0.65871,0.54553,-0.31556,-0.67174,0.39961,-0.29635,-0.62818,0.25772,-0.29592,-0.68601,0.19982,-0.29245,-0.65658,0.54454,-0.2601,-0.69183,0.40275,-0.23806,-0.66594,0.25697,-0.2276,-0.7215,0.21016,-0.18978
2.82,-0.64245,0.57035,-0.28724,-0.61673,0.73183,-0.29494,-0.65343,0.80359,-0.31703,-0.60854,0.7019,-0.36448,-0.67682,0.6934,-0.42154,-0.67198,0.77938,-0.37632,-0.61229,0.80383,-0.37033,-0.64649,0.7145,-0.22702,-0.73489,0.72276,-0.23744,-0.69752,0.79072,-0.29615,-0.6451,0.82117,-0.27333,-0.66198,0.54517,-0.31521,-0.67535,0.39925,-0.29627,-0.63076,0.25768,-0.29557,-0.68844,0.1996,-0.29277,-0.66124,0.54414,-0.25971,-0.69561,0.40209,-0.23802,-0.66951,0.25636,-0.22748,-0.72454,0.20905,-0.1895
2.84,-0.64645,0.56988,-0.28616,-0.6203,0.73134,-0.29299,-0.65637,0.803,-0.31641,-0.60998,0.70142,-0.36225,-0.67642,0.69456,-0.42166,-0.67248,0.77989,-0.37513,-0.61312,0.80438,-0.36668,-0.65218,0.71401,-0.22604,-0.74021,0.72262,-0.23899,-0.70065,0.7908,-0.29597,-0.6488,0.8206,-0.27109,-0.66525,0.54473,-0.31464,-0.67905,0.39879,-0.29604,-0.63334,0.25759,-0.29514,-0.69089,0.19935,-0.29302,-0.66594,0.54366,-0.25914,-0.69959,0.40135,-0.23794,-0.67174,0.25593,-0.22766,-0.72597,0.20763,-0.18977
2.86,-0.65041,0.56948,-0.28516,-0.62392,0.73091,-0.29113,-0.65934,0.80246,-0.31582,-0.61152,0.701,-0.36005,-0.67607,0.69566,-0.42166,-0.67304,0.78039,-0.37398,-0.61405,0.80488,-0.36319,-0.65784,0.71359,-0.22519,-0.74542,0.72258,-0.24069,-0.70374,0.79091,-0.29597,-0.65253,0.8201,-0.26913,-0.66849,0.54434,-0.31412,-0.68263,0.3984,-0.29585,-0.63587,0.25754,-0.29467,-0.69328,0.19913,-0.29321,-0.67056,0.54324,-0.25865,-0.70346,0.40071,-0.23779,-0.67457,0.25548,-0.22751,-0.72812,0.20646,-0.18959
2.88,-0.65448,0.56898,-0.28422,-0.62764,0.73039,-0.2892,-0.66229,0.80186,-0.31521,-0.61297,0.70051,-0.35769,-0.67536,0.69678,-0.4216,-0.67338,0.7809,-0.3728,-0.6149,0.80537,-0.3595,-0.66378,0.71307,-0.22445,-0.75075,0.7226,-0.24279,-0.7068,0.79102,-0.29617,-0.65636,0.81958,-0.26728,-0.67176,0.54386,-0.31369,-0.68642,0.39793,-0.29573,-0.63847,0.25748,-0.29418,-0.69571,0.19888,-0.29344,-0.67535,0.54272,-0.2583,-0.70731,0.39993,-0.23777,-0.67741,0.25491,-0.2275,-0.73017,0.20517,-0.1894
2.9,-0.65832,0.56865,-0.28309,-0.63121,0.73003,-0.28731,-0.66521,0.80137,-0.3145,-0.61472,0.70015,-0.35539,-0.67523,0.69786,-0.42116,-0.67427,0.78132,-0.3712,-0.61635,0.8058,-0.3557,-0.66909,0.71273,-0.22356,-0.75556,0.72245,-0.24402,-0.70991,0.79108,-0.29566,-0.66018,0.81902,-0.26497,-0.67493,0.54354,-0.31294,-0.68973,0.39758,-0.29538,-0.64085,0.25745,-0.29358,-0.69795,0.19872,-0.29341,-0.67976,0.54237,-0.25765,-0.71122,0.39944,-0.23736,-0.6799,0.25473,-0.22701,-0.73203,0.20422,-0.18905
2.92,-0.66155,0.56882,-0.28148,-0.63431,0.73019,-0.28562,-0.66811,0.80128,-0.3137,-0.61721,0.70023,-0.35351,-0.67675,0.69882,-0.42018,-0.6765,0.78153,-0.36897,-0.61903,0.80613,-0.35204,-0.67279,0.71298,-0.2222,-0.75927,0.72198,-0.24296,-0.71319,0.79107,-0.2936,-0.66388,0.81842,-0.26172,-0.6779,0.54371,-0.31147,-0.69176,0.39758,-0.29454,-0.64268,0.25752,-0.29281,-0.69981,0.19882,-0.29287,-0.68321,0.54256,-0.25622,-0.71536,0.39975,-0.23611,-0.6817,0.25559,-0.22541,-0.73366,0.20415,-0.18848
2.94,-0.66453,0.56916,-0.27966,-0.63722,0.7305,-0.28397,-0.671,0.80129,-0.31282,-0.61998,0.70044,-0.35178,-0.67894,0.69972,-0.41897,-0.67929,0.78162,-0.36648,-0.62222,0.80637,-0.34844,-0.67585,0.7134,-0.22062,-0.76254,0.72134,-0.24097,-0.71653,0.79102,-0.29088,-0.66749,0.81775,-0.25808,-0.68079,0.54403,-0.30969,-0.69332,0.3977,-0.29347,-0.64428,0.25762,-0.29195,-0.70148,0.199,-0.2921,-0.68629,0.5429,-0.25446,-0.71957,0.40033,-0.23451,-0.68322,0.25687,-0.22331,-0.73513,0.20445,-0.1877
2.96,-0.66761,0.5694,-0.27792,-0.64021,0.73073,-0.28229,-0.6739,0.80123,-0.31194,-0.62266,0.70058,-0.34998,-0.6809,0.70061,-0.4178,-0.68192,0.78171,-0.36409,-0.62529,0.80659,-0.34486,-0.67915,0.71372,-0.21911,-0.76595,0.72076,-0.23932,-0.71984,0.79096,-0.28839,-0.67112,0.81708,-0.25462,-0.68371,0.54426,-0.30803,-0.69507,0.39777,-0.29244,-0.64594,0.25771,-0.29109,-0.70319,0.19914,-0.29137,-0.6895,0.54316,-0.25283,-0.72374,0.40079,-0.23302,-0.68492,0.25801,-0.22128,-0.73668,0.20469,-0.18682
2.98,-0.67077,0.56972,-0.27624,-0.6432,0.73101,-0.28064,-0.67669,0.80122,-0.31122,-0.62515,0.70075,-0.34814,-0.6824,0.70159,-0.41679,-0.68426,0.78187,-0.3619,-0.62819,0.80683,-0.34118,-0.68265,0.71413,-0.21773,-0.7695,0.72027,-0.23797,-0.72317,0.79092,-0.28618,-0.67486,0.81634,-0.25131,-0.68663,0.54456,-0.30646,-0.69683,0.39791,-0.29155,-0.64767,0.25787,-0.2903,-0.70498,0.19935,-0.29073,-0.69286,0.54349,-0.2513,-0.72795,0.40129,-0.23182,-0.68643,0.25934,-0.21932,-0.73787,0.20497,-0.18604
3,-0.67371,0.56992,-0.27439,-0.64615,0.73122,-0.27895,-0.67969,0.80113,-0.31013,-0.62811,0.70089,-0.34643,-0.68499,0.70237,-0.41537,-0.68737,0.78181,-0.35929,-0.63167,0.80691,-0.33777,-0.68559,0.71439,-0.21602,-0.77262,0.71957,-0.23575,-0.72644,0.79081,-0.28323,-0.67831,0.81563,-0.2477,-0.68954,0.54476,-0.30462,-0.69843,0.39797,-0.29029,-0.64916,0.25796,-0.2893,-0.70652,0.19949,-0.28979,-0.69582,0.5437,-0.24947,-0.73205,0.40179,-0.22996,-0.68836,0.26055,-0.21686,-0.73973,0.20546,-0.18468
3.02,-0.67607,0.5698,-0.27219,-0.64901,0.73116,-0.27724,-0.68331,0.80084,-0.30812,-0.63222,0.7009,-0.34507,-0.69035,0.70268,-0.41296,-0.69234,0.78118,-0.35555,-0.63639,0.8066,-0.33506,-0.68715,0.71423,-0.21355,-0.77463,0.71834,-0.23148,-0.72946,0.79053,-0.27848,-0.68093,0.81508,-0.2433,-0.69238,0.54466,-0.30219,-0.69968,0.39775,-0.2882,-0.65008,0.25786,-0.28792,-0.70747,0.19942,-0.28825,-0.69779,0.54355,-0.24695,-0.73591,0.40229,-0.22634,-0.6913,0.26133,-0.21335,-0.74342,0.20631,-0.18227
3.04,-0.67824,0.56956,-0.26981,-0.65185,0.73101,-0.27546,-0.68718,0.80047,-0.30568,-0.63683,0.70085,-0.34375,-0.6968,0.7028,-0.41002,-0.69796,0.78032,-0.35127,-0.6416,0.80614,-0.3325,-0.68818,0.7139,-0.21076,-0.77615,0.71689,-0.22634,-0.73232,0.79015,-0.27296,-0.68316,0.81455,-0.23856,-0.6952,0.54446,-0.29947,-0.70081,0.39744,-0.28582,-0.65082,0.25769,-0.28643,-0.70823,0.19926,-0.28654,-0.69938,0.54328,-0.24413,-0.73957,0.40283,-0.22196,-0.6946,0.26194,-0.20939,-0.74774,0.20737,-0.17927
3.06,-0.68052,0.56938,-0.26748,-0.65474,0.73091,-0.27365,-0.69096,0.80014,-0.30333,-0.64129,0.70084,-0.34231,-0.7028,0.70299,-0.40714,-0.70323,0.77953,-0.34711,-0.6466,0.80574,-0.32973,-0.68945,0.71365,-0.20811,-0.77781,0.71555,-0.22153,-0.73515,0.78979,-0.26771,-0.68544,0.81396,-0.23395,-0.69806,0.5443,-0.29683,-0.70205,0.39719,-0.28361,-0.6517,0.25758,-0.28507,-0.70913,0.19917,-0.28499,-0.70116,0.54307,-0.24142,-0.74316,0.40339,-0.21781,-0.69772,0.26262,-0.20557,-0.75171,0.20844,-0.17627
3.08,-0.68265,0.56919,-0.2653,-0.65751,0.73081,-0.27198,-0.69464,0.79977,-0.30115,-0.64559,0.70081,-0.34095,-0.70855,0.70318,-0.40437,-0.70817,0.77864,-0.34299,-0.6513,0.80524,-0.32705,-0.69061,0.7134,-0.20564,-0.77927,0.71417,-0.21701,-0.73771,0.78939,-0.26259,-0.68747,0.81332,-0.22944,-0.70075,0.54415,-0.29433,-0.70313,0.39696,-0.28159,-0.65254,0.25744,-0.28392,-0.71004,0.1991,-0.28365,-0.70278,0.54285,-0.23887,-0.74691,0.40411,-0.21363,-0.70033,0.2637,-0.20158,-0.75521,0.20964,-0.17375
3.1,-0.68507,0.56898,-0.26276,-0.66056,0.73067,-0.26993,-0.6986,0.79944,-0.29835,-0.65038,0.70078,-0.33922,-0.71501,0.70332,-0.40093,-0.71366,0.77783,-0.33841,-0.6566,0.80486,-0.32396,-0.69184,0.71311,-0.20276,-0.78079,0.71283,-0.21173,-0.7405,0.78896,-0.25693,-0.68961,0.81267,-0.22462,-0.70377,0.54397,-0.29144,-0.70455,0.39672,-0.27924,-0.65353,0.25738,-0.2825,-0.711,0.19901,-0.28205,-0.70464,0.54261,-0.23595,-0.75009,0.4046,-0.2091,-0.70385,0.26402,-0.19767,-0.75954,0.21079,-0.16985
3.12,-0.68828,0.56873,-0.25944,-0.66429,0.73048,-0.26702,-0.70324,0.79927,-0.29415,-0.65631,0.70077,-0.33667,-0.72312,0.7034,-0.39601,-0.72064,0.77734,-0.33285,-0.66347,0.80486,-0.31984,-0.69336,0.71272,-0.19892,-0.78257,0.71161,-0.20464,-0.74399,0.7885,-0.25005,-0.69224,0.81204,-0.21902,-0.70768,0.54373,-0.28766,-0.70688,0.39643,-0.2761,-0.65488,0.25748,-0.28033,-0.71208,0.19886,-0.27975,-0.7072,0.54236,-0.23216,-0.75188,0.40435,-0.20407,-0.71017,0.26226,-0.19395,-0.76622,0.21179,-0.16201
3.14,-0.69181,0.56845,-0.25576,-0.6683,0.73026,-0.26373,-0.70812,0.79913,-0.28934,-0.66271,0.70073,-0.3337,-0.73183,0.70341,-0.39033,-0.72812,0.77692,-0.32672,-0.67088,0.80495,-0.31516,-0.69496,0.71227,-0.19471,-0.78431,0.71041,-0.19686,-0.74763,0.78799,-0.24266,-0.69494,0.8114,-0.21314,-0.71192,0.54346,-0.28347,-0.70957,0.39611,-0.27265,-0.6564,0.25764,-0.27793,-0.71325,0.19868,-0.27726,-0.71002,0.54207,-0.22801,-0.75316,0.40379,-0.19888,-0.71755,0.25998,-0.18989,-0.77319,0.213,-0.1524
3.16,-0.69521,0.56818,-0.25217,-0.6722,0.73004,-0.26053,-0.71282,0.79897,-0.28468,-0.66893,0.70069,-0.33072,-0.74015,0.70342,-0.38467,-0.73519,0.77641,-0.32056,-0.67791,0.80492,-0.31044,-0.6965,0.71185,-0.19069,-0.78585,0.7092,-0.18943,-0.75097,0.78747,-0.23546,-0.69742,0.81072,-0.20741,-0.71601,0.54319,-0.27938,-0.71216,0.39582,-0.26935,-0.65794,0.25781,-0.27575,-0.71448,0.19855,-0.27501,-0.71272,0.5418,-0.22398,-0.75462,0.40335,-0.19382,-0.7244,0.25828,-0.18542,-0.77921,0.21448,-0.14316
3.18,-0.6985,0.56796,-0.24886,-0.67603,0.72987,-0.25756,-0.71746,0.79883,-0.28022,-0.67511,0.70072,-0.3279,-0.74838,0.70352,-0.37904,-0.74212,0.77593,-0.31439,-0.68485,0.8049,-0.30563,-0.6979,0.71145,-0.18698,-0.78711,0.70799,-0.18225,-0.75395,0.78696,-0.22835,-0.69957,0.81,-0.20176,-0.71999,0.54297,-0.27553,-0.71464,0.39559,-0.26636,-0.65951,0.25799,-0.27386,-0.7158,0.1985,-0.27306,-0.71529,0.54157,-0.22023,-0.75597,0.40302,-0.18892,-0.73149,0.25688,-0.18034,-0.78478,0.21664,-0.13291
3.2,-0.70212,0.56763,-0.24488,-0.6801,0.72959,-0.25395,-0.72217,0.79864,-0.27507,-0.68152,0.7006,-0.32435,-0.75667,0.70339,-0.37267,-0.74905,0.77532,-0.30764,-0.69183,0.80477,-0.30033,-0.69958,0.71098,-0.18272,-0.7885,0.70678,-0.17458,-0.75719,0.78635,-0.22095,-0.70201,0.8093,-0.19599,-0.72425,0.54265,-0.27103,-0.71751,0.39527,-0.2628,-0.66127,0.2582,-0.27162,-0.71721,0.19838,-0.2708,-0.71819,0.54124,-0.21586,-0.75736,0.40241,-0.18384,-0.73818,0.25548,-0.17517,-0.78953,0.21825,-0.12334
3.22,-0.70655,0.56696,-0.23922,-0.68479,0.72892,-0.24876,-0.72713,0.79828,-0.2683,-0.68843,0.70003,-0.31912,-0.76523,0.70259,-0.3648,-0.75614,0.77436,-0.29978,-0.69902,0.8044,-0.29421,-0.70202,0.71023,-0.17698,-0.79056,0.70549,-0.16562,-0.76151,0.78541,-0.21286,-0.70558,0.80864,-0.18988,-0.72925,0.542,-0.2649,-0.72128,0.39463,-0.25773,-0.66341,0.25837,-0.26835,-0.71876,0.19799,-0.26759,-0.722,0.54054,-0.20988,-0.75898,0.40102,-0.17827,-0.74389,0.25356,-0.17077,-0.79359,0.21764,-0.11647
3.24,-0.71128,0.56619,-0.23288,-0.68973,0.72815,-0.24295,-0.73216,0.79788,-0.26089,-0.69555,0.69932,-0.31319,-0.77385,0.70157,-0.35626,-0.76327,0.77331,-0.29143,-0.70633,0.80396,-0.28769,-0.70475,0.70941,-0.17069,-0.79281,0.70422,-0.1562,-0.76619,0.78438,-0.20444,-0.70961,0.80804,-0.18359,-0.73451,0.54127,-0.25811,-0.72545,0.39391,-0.25208,-0.66578,0.2586,-0.26472,-0.72043,0.19759,-0.26407,-0.72613,0.53975,-0.20326,-0.76073,0.39942,-0.17256,-0.74923,0.25157,-0.16637,-0.79734,0.21636,-0.1102
3.26,-0.71588,0.5655,-0.22681,-0.69457,0.72746,-0.23738,-0.73709,0.79752,-0.25375,-0.70257,0.69871,-0.30743,-0.7823,0.70067,-0.34781,-0.77025,0.77232,-0.28313,-0.71354,0.80355,-0.28115,-0.70736,0.70865,-0.16471,-0.79481,0.70297,-0.14708,-0.77057,0.78341,-0.19611,-0.71342,0.80743,-0.17734,-0.73964,0.5406,-0.25157,-0.7295,0.39327,-0.24668,-0.6682,0.25889,-0.26134,-0.72218,0.1973,-0.2608,-0.7301,0.53904,-0.1969,-0.76252,0.39801,-0.16701,-0.75461,0.2499,-0.16138,-0.80085,0.21565,-0.10309
3.28,-0.7205,0.56468,-0.2209,-0.69944,0.72664,-0.23195,-0.74198,0.79705,-0.24671,-0.70968,0.69797,-0.30175,-0.79077,0.69967,-0.33933,-0.77721,0.7712,-0.27483,-0.72081,0.80306,-0.2746,-0.70993,0.70775,-0.15893,-0.79664,0.70159,-0.13812,-0.7749,0.78231,-0.18785,-0.71724,0.80671,-0.17123,-0.74479,0.53982,-0.24517,-0.7335,0.39254,-0.24154,-0.6707,0.25908,-0.25816,-0.72416,0.19702,-0.2578,-0.73409,0.53818,-0.19072,-0.7641,0.39643,-0.16175,-0.7602,0.24817,-0.15608,-0.80419,0.21518,-0.09537
3.3,-0.72514,0.56411,-0.2145,-0.70434,0.72607,-0.22606,-0.74685,0.79679,-0.23932,-0.71667,0.69746,-0.29554,-0.79896,0.69883,-0.33044,-0.78394,0.7703,-0.26618,-0.72787,0.8027,-0.26766,-0.71265,0.70713,-0.15277,-0.79857,0.70049,-0.12899,-0.77919,0.78144,-0.17933,-0.72114,0.8062,-0.16478,-0.74992,0.53925,-0.23829,-0.73783,0.39201,-0.23581,-0.67339,0.25964,-0.25469,-0.72605,0.1969,-0.25448,-0.73811,0.5376,-0.18407,-0.76625,0.39526,-0.15613,-0.76498,0.24695,-0.15049,-0.80704,0.21447,-0.08816
3.32,-0.72976,0.56422,-0.2069,-0.70927,0.72618,-0.21901,-0.7518,0.79711,-0.23103,-0.72333,0.69755,-0.28815,-0.80659,0.69847,-0.32069,-0.79027,0.76999,-0.2568,-0.73448,0.80275,-0.25992,-0.71574,0.70726,-0.14553,-0.8009,0.70018,-0.11928,-0.7835,0.78123,-0.17017,-0.72514,0.80627,-0.15744,-0.75497,0.53928,-0.23013,-0.74281,0.39203,-0.22848,-0.67633,0.26115,-0.25036,-0.72747,0.19716,-0.25018,-0.74213,0.53779,-0.17614,-0.76997,0.39519,-0.14928,-0.76809,0.24684,-0.14508,-0.80967,0.21276,-0.08328
3.34,-0.73437,0.56459,-0.19883,-0.71421,0.72654,-0.2115,-0.75676,0.79764,-0.2224,-0.72986,0.69787,-0.28029,-0.81396,0.69829,-0.3106,-0.79641,0.7699,-0.24715,-0.7409,0.80295,-0.25187,-0.71898,0.70766,-0.13788,-0.80338,0.70016,-0.10938,-0.78781,0.78127,-0.16078,-0.72921,0.80656,-0.14976,-0.75997,0.53953,-0.22151,-0.74811,0.39225,-0.22054,-0.67951,0.26306,-0.24573,-0.72883,0.19767,-0.24568,-0.74616,0.53827,-0.16776,-0.77424,0.39551,-0.14199,-0.77063,0.24714,-0.13976,-0.81225,0.21076,-0.07932
3.36,-0.73898,0.56485,-0.191,-0.71916,0.7268,-0.2042,-0.76169,0.79809,-0.21395,-0.73643,0.6981,-0.27259,-0.82132,0.69805,-0.30061,-0.80255,0.76973,-0.23759,-0.74738,0.80309,-0.24389,-0.72219,0.70794,-0.13049,-0.80573,0.70002,-0.09969,-0.79207,0.7812,-0.15152,-0.73328,0.80676,-0.14224,-0.76496,0.53969,-0.21313,-0.75335,0.39239,-0.21287,-0.68285,0.26492,-0.24132,-0.73045,0.19826,-0.24155,-0.75019,0.53862,-0.15963,-0.77828,0.39567,-0.13495,-0.77353,0.24732,-0.13442,-0.8149,0.20906,-0.07498
3.38,-0.74364,0.56507,-0.18304,-0.72417,0.72702,-0.19682,-0.76662,0.7985,-0.20537,-0.74313,0.69828,-0.26474,-0.82879,0.69769,-0.29032,-0.80873,0.76947,-0.22781,-0.75398,0.80315,-0.23579,-0.72535,0.7082,-0.12304,-0.80795,0.69984,-0.08988,-0.7963,0.78107,-0.14212,-0.73737,0.80691,-0.1347,-0.77002,0.5398,-0.20456,-0.75833,0.39251,-0.20509,-0.68617,0.26679,-0.23701,-0.73219,0.19903,-0.23746,-0.75419,0.53895,-0.15136,-0.78254,0.39588,-0.1277,-0.77652,0.24758,-0.1289,-0.81768,0.20731,-0.07065
3.4,-0.74818,0.56543,-0.17526,-0.72909,0.72738,-0.1895,-0.77148,0.79902,-0.197,-0.74952,0.69862,-0.25698,-0.83578,0.69762,-0.28042,-0.8146,0.76944,-0.21833,-0.76025,0.80341,-0.22772,-0.72865,0.70858,-0.11571,-0.81033,0.69983,-0.08046,-0.80045,0.78112,-0.13295,-0.74144,0.8072,-0.12714,-0.77488,0.54008,-0.19628,-0.76395,0.39273,-0.19737,-0.69003,0.26893,-0.23259,-0.73413,0.19992,-0.23369,-0.75821,0.53939,-0.14334,-0.78654,0.39614,-0.12082,-0.77935,0.24791,-0.12369,-0.82027,0.20587,-0.06653
3.42,-0.75244,0.56616,-0.16798,-0.73373,0.72814,-0.18243,-0.77621,0.7998,-0.18925,-0.75507,0.69938,-0.24963,-0.84168,0.69832,-0.27175,-0.8198,0.77002,-0.20976,-0.76571,0.8042,-0.21985,-0.73224,0.70932,-0.10866,-0.81325,0.70024,-0.07197,-0.80446,0.78168,-0.12444,-0.74544,0.8079,-0.11955,-0.77925,0.54081,-0.18886,-0.77124,0.39327,-0.18989,-0.69489,0.27172,-0.22767,-0.736,0.20093,-0.23035,-0.76229,0.54013,-0.136,-0.78964,0.39645,-0.11505,-0.78179,0.24829,-0.11943,-0.82234,0.20518,-0.06281
3.44,-0.75658,0.56704,-0.16092,-0.73827,0.72905,-0.17547,-0.78089,0.80067,-0.18175,-0.7603,0.7003,-0.24245,-0.84716,0.6993,-0.26356,-0.82474,0.77083,-0.20157,-0.77084,0.80518,-0.21211,-0.73594,0.71018,-0.10174,-0.81637,0.70082,-0.06386,-0.80842,0.78242,-0.11621,-0.74939,0.80875,-0.112,-0.78343,0.5417,-0.18178,-0.77916,0.39401,-0.18251,-0.70011,0.27488,-0.22238,-0.73779,0.2023,-0.22699,-0.76639,0.54098,-0.12895,-0.79243,0.39681,-0.10969,-0.78403,0.24874,-0.11556,-0.82418,0.20477,-0.05932
3.46,-0.76076,0.56785,-0.15382,-0.74284,0.7299,-0.1685,-0.78556,0.8015,-0.17418,-0.76566,0.70115,-0.23522,-0.8528,0.70015,-0.25517,-0.82975,0.77154,-0.19324,-0.77608,0.80607,-0.20434,-0.73958,0.71099,-0.09481,-0.81936,0.70133,-0.05566,-0.81235,0.78308,-0.10791,-0.75333,0.80953,-0.10449,-0.78769,0.54253,-0.17459,-0.78678,0.39477,-0.17509,-0.70519,0.27808,-0.217,-0.73958,0.20402,-0.22344,-0.77046,0.54178,-0.12182,-0.79535,0.3972,-0.10419,-0.78636,0.24924,-0.11155,-0.82611,0.20432,-0.05578
3.48,-0.76498,0.56867,-0.14645,-0.74745,0.73074,-0.16133,-0.79026,0.80234,-0.16641,-0.77104,0.70198,-0.22777,-0.85843,0.70099,-0.24657,-0.83479,0.77222,-0.1847,-0.78137,0.80697,-0.19634,-0.74326,0.71183,-0.08768,-0.82236,0.70185,-0.04725,-0.8163,0.78374,-0.0994,-0.7573,0.81034,-0.09676,-0.79196,0.54335,-0.16717,-0.79446,0.39561,-0.16744,-0.71018,0.28161,-0.21136,-0.74079,0.20609,-0.21963,-0.77461,0.5426,-0.11444,-0.79832,0.39762,-0.09855,-0.78871,0.24977,-0.10745,-0.82804,0.20386,-0.05218
3.5,-0.7691,0.56949,-0.1397,-0.75197,0.7316,-0.15462,-0.79489,0.80318,-0.15913,-0.77631,0.70287,-0.22081,-0.86393,0.70191,-0.23851,-0.83966,0.77299,-0.1767,-0.78644,0.80786,-0.18884,-0.74689,0.71262,-0.08105,-0.82534,0.70238,-0.03943,-0.82014,0.78442,-0.09143,-0.76115,0.81111,-0.08955,-0.79617,0.5442,-0.16033,-0.80215,0.39657,-0.16025,-0.71545,0.28497,-0.20563,-0.74294,0.20848,-0.21576,-0.77861,0.54339,-0.10767,-0.80114,0.39806,-0.09335,-0.791,0.25035,-0.10369,-0.82994,0.20364,-0.04881
3.52,-0.77299,0.57031,-0.13452,-0.7563,0.7325,-0.1491,-0.79936,0.80402,-0.15307,-0.78134,0.70394,-0.21509,-0.86916,0.70303,-0.23178,-0.84417,0.77392,-0.17005,-0.791,0.80872,-0.18259,-0.75035,0.71328,-0.07565,-0.82822,0.70285,-0.033,-0.82375,0.78508,-0.08478,-0.76473,0.81174,-0.08367,-0.80029,0.54512,-0.15496,-0.80978,0.39767,-0.15427,-0.72131,0.28761,-0.19999,-0.74767,0.21101,-0.21208,-0.7822,0.54411,-0.10248,-0.80365,0.39852,-0.08924,-0.79318,0.25091,-0.10075,-0.8319,0.2039,-0.04598
3.54,-0.77678,0.57112,-0.12996,-0.76052,0.7334,-0.14405,-0.80375,0.80485,-0.14749,-0.78625,0.70508,-0.20988,-0.87425,0.70422,-0.2256,-0.84852,0.77493,-0.16395,-0.79533,0.80957,-0.17686,-0.75373,0.71389,-0.07075,-0.83105,0.7033,-0.02716,-0.82724,0.78572,-0.07867,-0.76818,0.81231,-0.07832,-0.80436,0.54606,-0.15017,-0.81734,0.39888,-0.1487,-0.7274,0.28993,-0.19422,-0.75337,0.2135,-0.20814,-0.78564,0.5448,-0.09793,-0.80605,0.39898,-0.08559,-0.79534,0.25148,-0.09816,-0.8339,0.20435,-0.04338
3.56,-0.78061,0.57193,-0.12516,-0.76479,0.73428,-0.13882,-0.80815,0.80567,-0.14173,-0.7912,0.70616,-0.20447,-0.87937,0.70537,-0.21919,-0.85291,0.77589,-0.15764,-0.79974,0.8104,-0.17095,-0.75713,0.71451,-0.06568,-0.83388,0.70375,-0.02113,-0.83075,0.78636,-0.07238,-0.77167,0.8129,-0.07278,-0.80846,0.54698,-0.14516,-0.82483,0.40015,-0.14286,-0.73339,0.29239,-0.1882,-0.75864,0.21604,-0.20374,-0.78915,0.5455,-0.09313,-0.80855,0.39946,-0.08179,-0.79757,0.25208,-0.09548,-0.83594,0.20474,-0.04074
3.58,-0.78443,0.57278,-0.12021,-0.76901,0.73522,-0.13339,-0.81251,0.80654,-0.13577,-0.79612,0.70731,-0.19885,-0.88445,0.70657,-0.21259,-0.85727,0.77689,-0.15112,-0.8041,0.81128,-0.16478,-0.76051,0.71517,-0.06042,-0.83667,0.70422,-0.01491,-0.83421,0.78704,-0.06587,-0.7751,0.81351,-0.06705,-0.81254,0.54795,-0.13998,-0.83257,0.4016,-0.13678,-0.73903,0.29546,-0.18167,-0.76304,0.21914,-0.1992,-0.79265,0.54624,-0.08818,-0.81101,0.39998,-0.07796,-0.79986,0.25272,-0.09278,-0.83806,0.20521,-0.03807
3.6,-0.78827,0.57353,-0.11572,-0.77326,0.73604,-0.12845,-0.81689,0.80729,-0.13029,-0.80105,0.70834,-0.19371,-0.88953,0.70767,-0.20647,-0.86158,0.7778,-0.14513,-0.80845,0.81206,-0.15925,-0.76391,0.71573,-0.05566,-0.83949,0.70462,-0.00923,-0.83769,0.78761,-0.05994,-0.77859,0.81406,-0.06184,-0.81665,0.54881,-0.13526,-0.8397,0.40293,-0.13104,-0.74531,0.29738,-0.17553,-0.76919,0.22124,-0.19401,-0.79616,0.54688,-0.0837,-0.81361,0.40045,-0.07438,-0.80217,0.25333,-0.09028,-0.84017,0.20564,-0.03559
3.62,-0.79218,0.57403,-0.11232,-0.77759,0.7366,-0.12472,-0.82137,0.80778,-0.12592,-0.80606,0.70906,-0.18975,-0.89468,0.70856,-0.20148,-0.86584,0.77853,-0.14037,-0.81285,0.81264,-0.15533,-0.7674,0.71608,-0.0521,-0.84244,0.70488,-0.00482,-0.84131,0.78798,-0.05537,-0.78228,0.81453,-0.05788,-0.82082,0.54941,-0.13159,-0.84521,0.40378,-0.12624,-0.75338,0.29609,-0.17096,-0.7802,0.22056,-0.18786,-0.79971,0.54729,-0.08029,-0.81654,0.40077,-0.07133,-0.80448,0.2538,-0.08824,-0.84218,0.20588,-0.03355
3.64,-0.79613,0.57441,-0.10938,-0.78196,0.73705,-0.12146,-0.82588,0.80814,-0.12201,-0.8111,0.70964,-0.18626,-0.89985,0.70934,-0.19696,-0.87008,0.77916,-0.13613,-0.81726,0.81311,-0.15205,-0.77092,0.71633,-0.04902,-0.84543,0.70506,-0.00094,-0.84498,0.78824,-0.05137,-0.78605,0.81494,-0.05443,-0.82504,0.54989,-0.12837,-0.85011,0.40442,-0.12182,-0.76218,0.29365,-0.16686,-0.79297,0.21911,-0.18116,-0.80329,0.54759,-0.07734,-0.81962,0.401,-0.06852,-0.8068,0.25421,-0.0864,-0.84417,0.20604,-0.0317
3.66,-0.80006,0.57483,-0.10627,-0.78629,0.73752,-0.11802,-0.83035,0.80854,-0.11793,-0.81611,0.71026,-0.18257,-0.90498,0.71015,-0.19227,-0.87431,0.77981,-0.1317,-0.82167,0.81361,-0.1485,-0.77442,0.71661,-0.04577,-0.84839,0.70525,0.00313,-0.84861,0.78852,-0.04715,-0.78977,0.81536,-0.05078,-0.82923,0.5504,-0.12497,-0.85522,0.40515,-0.11723,-0.77068,0.29182,-0.16238,-0.80482,0.21835,-0.17442,-0.80686,0.54792,-0.07422,-0.82266,0.40126,-0.06564,-0.80916,0.25466,-0.08454,-0.84622,0.20625,-0.02984
3.68,-0.80396,0.57535,-0.10304,-0.7906,0.7381,-0.11441,-0.83478,0.80904,-0.11363,-0.8211,0.711,-0.17871,-0.91007,0.71107,-0.18734,-0.87846,0.78057,-0.12707,-0.82603,0.81421,-0.14482,-0.77788,0.71698,-0.04236,-0.8513,0.70553,0.00734,-0.85219,0.7889,-0.04277,-0.79344,0.81585,-0.04696,-0.8334,0.55102,-0.12145,-0.86037,0.40602,-0.11246,-0.77919,0.29023,-0.15755,-0.81661,0.21801,-0.16721,-0.81041,0.54834,-0.07099,-0.82562,0.4016,-0.06274,-0.81154,0.25519,-0.08265,-0.8483,0.20653,-0.02797
3.7,-0.80795,0.57562,-0.10016,-0.79496,0.73843,-0.11124,-0.83926,0.80928,-0.10986,-0.82612,0.71145,-0.17527,-0.91518,0.71171,-0.18295,-0.88271,0.78107,-0.12297,-0.83047,0.81456,-0.14156,-0.78142,0.71713,-0.03939,-0.85428,0.70562,0.01111,-0.85583,0.78906,-0.03887,-0.79719,0.81617,-0.04363,-0.83765,0.55138,-0.11827,-0.86522,0.40658,-0.10807,-0.78785,0.28817,-0.15306,-0.82853,0.21743,-0.1601,-0.81403,0.54854,-0.06811,-0.82883,0.40175,-0.05998,-0.81398,0.25557,-0.08095,-0.85043,0.20668,-0.02627
3.72,-0.81213,0.57533,-0.09816,-0.79945,0.73817,-0.10907,-0.84389,0.80894,-0.10735,-0.83124,0.71128,-0.17282,-0.92035,0.71174,-0.17998,-0.88723,0.78093,-0.12016,-0.83508,0.81431,-0.13918,-0.78514,0.71676,-0.03741,-0.85751,0.70515,0.01376,-0.85967,0.78865,-0.03609,-0.80119,0.816,-0.04138,-0.84207,0.55112,-0.1159,-0.86938,0.40635,-0.10463,-0.79685,0.28488,-0.14951,-0.84082,0.21589,-0.15357,-0.8178,0.54822,-0.06606,-0.83258,0.40145,-0.05756,-0.81647,0.25557,-0.07967,-0.85257,0.20651,-0.02491
3.74,-0.81639,0.57479,-0.0965,-0.804,0.73766,-0.10734,-0.84858,0.80833,-0.10537,-0.83641,0.71081,-0.1708,-0.92555,0.71146,-0.17753,-0.89186,0.78052,-0.11788,-0.83976,0.81379,-0.13723,-0.78893,0.71617,-0.03586,-0.86082,0.7045,0.01598,-0.86358,0.78802,-0.0338,-0.80528,0.81565,-0.03963,-0.84658,0.5506,-0.11385,-0.87328,0.40579,-0.10159,-0.80593,0.28124,-0.14609,-0.85301,0.21422,-0.1469,-0.82164,0.54767,-0.06434,-0.83655,0.40095,-0.05526,-0.81897,0.25542,-0.07856,-0.8547,0.2062,-0.0237
3.76,-0.82064,0.57434,-0.0947,-0.80852,0.73723,-0.10546,-0.85322,0.80781,-0.10318,-0.84156,0.71043,-0.16861,-0.93074,0.71126,-0.17483,-0.89644,0.7802,-0.11539,-0.84443,0.81337,-0.13515,-0.79269,0.71567,-0.03416,-0.86406,0.70397,0.01839,-0.86742,0.7875,-0.03133,-0.80931,0.81539,-0.03774,-0.85106,0.55016,-0.11167,-0.8773,0.40536,-0.09839,-0.81485,0.27803,-0.14219,-0.86472,0.2131,-0.13974,-0.82547,0.5472,-0.06249,-0.84045,0.40051,-0.05291,-0.82147,0.25536,-0.0774,-0.85683,0.20597,-0.02244
3.78,-0.82479,0.57402,-0.09287,-0.81301,0.73695,-0.10336,-0.85787,0.80742,-0.10082,-0.84666,0.71025,-0.16623,-0.93585,0.71135,-0.17214,-0.90097,0.78004,-0.11276,-0.84897,0.81308,-0.13276,-0.79641,0.71524,-0.03228,-0.86738,0.70327,0.02075,-0.87133,0.78696,-0.02869,-0.81338,0.8151,-0.03547,-0.85544,0.54987,-0.10944,-0.88109,0.40506,-0.09519,-0.82417,0.27477,-0.13781,-0.8769,0.21238,-0.13179,-0.82919,0.54685,-0.06062,-0.84416,0.40019,-0.05058,-0.8239,0.25541,-0.0762,-0.8589,0.20587,-0.02115
3.8,-0.82918,0.57334,-0.09118,-0.81758,0.73628,-0.1018,-0.86252,0.80668,-0.09892,-0.85187,0.70956,-0.16432,-0.9411,0.71072,-0.1695,-0.9056,0.77946,-0.11054,-0.85377,0.81242,-0.13112,-0.80025,0.71458,-0.0309,-0.87052,0.70288,0.0231,-0.87509,0.7864,-0.02654,-0.81737,0.8148,-0.03413,-0.86005,0.5492,-0.10736,-0.88522,0.4044,-0.09211,-0.83252,0.27199,-0.13359,-0.88722,0.21173,-0.12438,-0.83316,0.54616,-0.05889,-0.84828,0.39957,-0.04822,-0.82647,0.25524,-0.07512,-0.86106,0.20553,-0.01998
3.82,-0.83419,0.5718,-0.0899,-0.82241,0.73465,-0.10164,-0.86719,0.80513,-0.09817,-0.85741,0.70761,-0.16363,-0.94674,0.70835,-0.1669,-0.91049,0.77789,-0.10936,-0.85928,0.81087,-0.13139,-0.80436,0.71335,-0.0308,-0.8731,0.70327,0.02545,-0.8785,0.7859,-0.0256,-0.82119,0.81452,-0.03515,-0.86524,0.54762,-0.10567,-0.8904,0.40295,-0.08921,-0.83844,0.27024,-0.13065,-0.89326,0.21043,-0.11939,-0.83777,0.54466,-0.05752,-0.85334,0.39819,-0.04581,-0.82941,0.25452,-0.07436,-0.86353,0.20463,-0.01908
3.84,-0.83945,0.56989,-0.08875,-0.82738,0.7326,-0.10205,-0.87191,0.8032,-0.0979,-0.86311,0.70511,-0.16342,-0.9525,0.70523,-0.16433,-0.91552,0.77588,-0.10862,-0.86514,0.8089,-0.13242,-0.80863,0.71188,-0.03122,-0.8754,0.70399,0.02769,-0.88178,0.78538,-0.0252,-0.82501,0.81418,-0.03718,-0.87066,0.54565,-0.10412,-0.89592,0.40115,-0.08641,-0.8434,0.26879,-0.12826,-0.89769,0.20881,-0.11545,-0.84263,0.54281,-0.05629,-0.85879,0.39651,-0.04333,-0.83246,0.25363,-0.07368,-0.86604,0.20354,-0.01824
3.86,-0.84462,0.56809,-0.08752,-0.83234,0.73066,-0.10225,-0.87665,0.80136,-0.09746,-0.86878,0.70276,-0.16302,-0.95816,0.70234,-0.16171,-0.92054,0.77398,-0.10772,-0.87097,0.80701,-0.13315,-0.81289,0.71046,-0.03145,-0.87771,0.7046,0.02983,-0.88512,0.78484,-0.02466,-0.82895,0.81378,-0.03891,-0.87597,0.54379,-0.10249,-0.90124,0.39944,-0.08357,-0.84868,0.26716,-0.12563,-0.90271,0.20733,-0.11113,-0.8474,0.54106,-0.05497,-0.86409,0.39493,-0.04081,-0.83541,0.25288,-0.07291,-0.86845,0.20258,-0.01734
3.88,-0.84973,0.56652,-0.0864,-0.83728,0.72897,-0.10231,-0.88135,0.79977,-0.09691,-0.87445,0.70076,-0.16249,-0.96378,0.69989,-0.15916,-0.92553,0.77237,-0.10677,-0.87676,0.80543,-0.13368,-0.81708,0.70918,-0.03161,-0.87997,0.70501,0.03178,-0.88845,0.78435,-0.02386,-0.83293,0.81345,-0.04017,-0.88126,0.54219,-0.10094,-0.90655,0.39802,-0.08069,-0.85421,0.26573,-0.12298,-0.90779,0.20602,-0.10648,-0.85207,0.53952,-0.05379,-0.86911,0.39354,-0.03855,-0.8383,0.2523,-0.07217,-0.87085,0.20194,-0.01638
3.9,-0.855,0.56438,-0.08507,-0.8424,0.72663,-0.1028,-0.8862,0.79755,-0.09675,-0.88022,0.69787,-0.16231,-0.9694,0.69634,-0.15643,-0.9307,0.77,-0.10605,-0.88294,0.80301,-0.13478,-0.82154,0.70754,-0.03209,-0.88203,0.70588,0.0337,-0.89177,0.78372,-0.02381,-0.83706,0.81281,-0.04267,-0.88662,0.53996,-0.09926,-0.91186,0.39594,-0.07792,-0.8589,0.264,-0.12053,-0.91218,0.20435,-0.10284,-0.85699,0.53746,-0.05238,-0.87472,0.39172,-0.03571,-0.84127,0.25156,-0.07129,-0.87315,0.20082,-0.01545
3.92,-0.8607,0.56089,-0.08306,-0.8479,0.7227,-0.10426,-0.89139,0.79375,-0.09744,-0.88615,0.69278,-0.16292,-0.97496,0.69016,-0.15306,-0.93621,0.76587,-0.10585,-0.88989,0.79848,-0.13726,-0.82663,0.70506,-0.03331,-0.88352,0.70811,0.03558,-0.89505,0.78289,-0.02555,-0.84149,0.81141,-0.04821,-0.89216,0.53622,-0.09718,-0.91723,0.39224,-0.07545,-0.86165,0.26148,-0.11836,-0.91526,0.20186,-0.10162,-0.86268,0.5342,-0.05018,-0.88184,0.38889,-0.03147,-0.84445,0.25055,-0.07013,-0.87515,0.19862,-0.01473
3.94,-0.86653,0.55682,-0.08084,-0.85348,0.71803,-0.1061,-0.89656,0.78925,-0.09848,-0.89209,0.68676,-0.1638,-0.98025,0.68303,-0.14945,-0.94173,0.76099,-0.10584,-0.89711,0.793,-0.14019,-0.83189,0.7021,-0.03483,-0.88446,0.71063,0.03697,-0.89818,0.78177,-0.02794,-0.84608,0.80936,-0.05479,-0.89774,0.53186,-0.09497,-0.92264,0.38787,-0.07308,-0.86363,0.25871,-0.11628,-0.91774,0.19907,-0.10129,-0.86862,0.53042,-0.04773,-0.88963,0.38568,-0.02668,-0.84787,0.24962,-0.06877,-0.87717,0.19621,-0.01402
3.96,-0.87225,0.55295,-0.07875,-0.85897,0.71351,-0.10774,-0.90157,0.78493,-0.09939,-0.89797,0.68103,-0.1645,-0.98529,0.67643,-0.14591,-0.94711,0.75637,-0.10574,-0.90419,0.78773,-0.14276,-0.83701,0.69915,-0.03625,-0.88517,0.71266,0.03784,-0.9012,0.7805,-0.03,-0.85071,0.8071,-0.06066,-0.90327,0.52772,-0.09285,-0.92801,0.38374,-0.07066,-0.86596,0.25611,-0.11411,-0.92044,0.19648,-0.10047,-0.87439,0.5268,-0.04544,-0.89723,0.3827,-0.02208,-0.85136,0.24899,-0.06735,-0.87929,0.19425,-0.0132
3.98,-0.87818,0.54935,-0.07651,-0.86444,0.70913,-0.10938,-0.90649,0.78076,-0.10016,-0.90389,0.67546,-0.16514,-0.99011,0.6703,-0.14212,-0.9523,0.75217,-0.10564,-0.91118,0.78258,-0.14538,-0.84215,0.69637,-0.03769,-0.88542,0.71491,0.0383,-0.90386,0.77965,-0.03192,-0.85523,0.80505,-0.06634,-0.90896,0.52383,-0.09061,-0.93348,0.37985,-0.06823,-0.86832,0.25375,-0.1116,-0.92312,0.19408,-0.09953,-0.88041,0.52348,-0.043,-0.90457,0.37988,-0.01795,-0.85456,0.24873,-0.0662,-0.88127,0.19292,-0.01252
4,-0.88372,0.54505,-0.07452,-0.86982,0.70401,-0.11104,-0.91126,0.77593,-0.10127,-0.90963,0.66919,-0.16583,-0.9946,0.66335,-0.1387,-0.95753,0.74695,-0.10557,-0.91831,0.77663,-0.14772,-0.84718,0.69283,-0.0392,-0.88564,0.71592,0.03812,-0.90671,0.77759,-0.0341,-0.86007,0.80179,-0.07197,-0.91432,0.51928,-0.08856,-0.93876,0.37534,-0.06583,-0.87049,0.25102,-0.10957,-0.92565,0.19142,-0.09882,-0.88598,0.51942,-0.04082,-0.91267,0.37681,-0.01286,-0.85869,0.24847,-0.06426,-0.88378,0.19115,-0.0114
4.02,-0.88818,0.53892,-0.07336,-0.87507,0.69725,-0.11282,-0.91594,0.76954,-0.10336,-0.915,0.66129,-0.16678,-0.99877,0.65391,-0.13646,-0.96314,0.73898,-0.10555,-0.92599,0.76882,-0.14943,-0.85204,0.68745,-0.04091,-0.88649,0.71413,0.03715,-0.91066,0.77238,-0.03691,-0.86604,0.79572,-0.07766,-0.91876,0.51301,-0.08717,-0.94344,0.36926,-0.06357,-0.87235,0.24717,-0.10909,-0.92804,0.18802,-0.09868,-0.89025,0.51344,-0.03954,-0.92263,0.37343,-0.00516,-0.86496,0.24844,-0.06068,-0.88703,0.18814,-0.00982
4.04,-0.89224,0.5321,-0.07244,-0.8803,0.68982,-0.11461,-0.92064,0.76248,-0.10577,-0.92026,0.65272,-0.16776,-1.00275,0.64357,-0.13456,-0.96886,0.72999,-0.1055,-0.93388,0.76023,-0.15085,-0.85688,0.68138,-0.04265,-0.88762,0.71123,0.03581,-0.91508,0.76599,-0.03975,-0.87258,0.78852,-0.08313,-0.92286,0.50609,-0.08597,-0.94791,0.36257,-0.06133,-0.87411,0.24301,-0.10917,-0.9304,0.18442,-0.0988,-0.89405,0.50672,-0.03852,-0.93297,0.37049,0.00341,-0.87212,0.2491,-0.05651,-0.89071,0.18562,-0.0082
4.06,-0.89645,0.52562,-0.07135,-0.88557,0.68264,-0.11631,-0.92539,0.75565,-0.10795,-0.92557,0.64441,-0.16862,-1.0066,0.63377,-0.1324,-0.97445,0.72151,-0.10536,-0.94165,0.75189,-0.15223,-0.86176,0.67557,-0.04432,-0.8886,0.70851,0.03433,-0.91931,0.76007,-0.04223,-0.87907,0.78172,-0.08813,-0.92709,0.49948,-0.08462,-0.95245,0.35619,-0.05904,-0.87599,0.23917,-0.10895,-0.93284,0.18109,-0.09877,-0.89803,0.50036,-0.03733,-0.94267,0.3682,0.01138,-0.879,0.25043,-0.0527,-0.8944,0.18435,-0.00681
4.08,-0.90076,0.51904,-0.07048,-0.89094,0.67531,-0.11821,-0.93015,0.74871,-0.11044,-0.93099,0.63597,-0.16965,-1.01036,0.62377,-0.13036,-0.98004,0.71274,-0.10532,-0.94961,0.74322,-0.1537,-0.86674,0.66962,-0.04623,-0.88939,0.70551,0.03245,-0.92363,0.75393,-0.04466,-0.88585,0.7748,-0.09296,-0.93142,0.4928,-0.08351,-0.95699,0.34973,-0.05693,-0.87803,0.2353,-0.10891,-0.93551,0.17785,-0.09873,-0.90211,0.49388,-0.03638,-0.9524,0.36666,0.01945,-0.88546,0.25366,-0.04969,-0.89673,0.18457,-0.00716
4.1,-0.9048,0.5125,-0.06922,-0.89619,0.66801,-0.11961,-0.93502,0.74166,-0.11233,-0.93623,0.62756,-0.17019,-1.01391,0.61419,-0.12803,-0.98553,0.70431,-0.10493,-0.95728,0.73477,-0.15463,-0.87163,0.66368,-0.04766,-0.89064,0.70217,0.03076,-0.92795,0.74784,-0.04659,-0.89256,0.76779,-0.09704,-0.93546,0.48613,-0.08196,-0.96147,0.34331,-0.05443,-0.87997,0.23172,-0.10862,-0.93794,0.17471,-0.09867,-0.90588,0.4875,-0.035,-0.96122,0.36536,0.02706,-0.89289,0.25534,-0.04544,-0.9018,0.18464,-0.00505
4.12,-0.9082,0.50633,-0.06689,-0.90107,0.66108,-0.11977,-0.9401,0.73463,-0.11259,-0.94094,0.6195,-0.16956,-1.01721,0.60589,-0.12496,-0.99088,0.69708,-0.10371,-0.96416,0.72744,-0.15431,-0.87622,0.6581,-0.04785,-0.89305,0.69876,0.02996,-0.93221,0.74228,-0.04772,-0.89875,0.76075,-0.10002,-0.93879,0.47968,-0.07922,-0.96585,0.3372,-0.05094,-0.88153,0.22891,-0.10745,-0.93961,0.17185,-0.09849,-0.90894,0.48161,-0.03245,-0.96826,0.36346,0.03354,-0.90267,0.25083,-0.03748,-0.91425,0.1818,0.00506
4.14,-0.91134,0.50021,-0.06413,-0.90582,0.6542,-0.1194,-0.94528,0.72752,-0.11219,-0.94546,0.61148,-0.16841,-1.02041,0.59799,-0.12159,-0.99617,0.69016,-0.1021,-0.97077,0.72037,-0.15346,-0.88071,0.65255,-0.04753,-0.89599,0.69519,0.02955,-0.93652,0.73675,-0.0485,-0.90482,0.75354,-0.10244,-0.94184,0.47326,-0.076,-0.97018,0.33117,-0.04705,-0.88299,0.22646,-0.1059,-0.941,0.16915,-0.09814,-0.9117,0.47582,-0.02945,-0.97464,0.36136,0.03961,-0.91334,0.24427,-0.02793,-0.92923,0.17842,0.01812
4.16,-0.91459,0.49404,-0.06151,-0.91067,0.6472,-0.11916,-0.95045,0.72034,-0.11198,-0.95009,0.60337,-0.16737,-1.02358,0.58995,-0.11828,-1.00146,0.683,-0.10054,-0.97751,0.713,-0.15271,-0.8853,0.64688,-0.04736,-0.8988,0.69146,0.02895,-0.94087,0.73108,-0.0493,-0.91107,0.74627,-0.10477,-0.94501,0.4668,-0.07295,-0.97452,0.32509,-0.04328,-0.8846,0.22404,-0.10437,-0.94257,0.16656,-0.09763,-0.9146,0.46996,-0.02661,-0.98112,0.35961,0.04571,-0.92345,0.23912,-0.01897,-0.94272,0.17616,0.02975
4.18,-0.91785,0.48799,-0.05915,-0.91553,0.64027,-0.11917,-0.95565,0.71323,-0.11199,-0.95469,0.59534,-0.16657,-1.02666,0.58208,-0.11524,-1.0068,0.67594,-0.09914,-0.98435,0.70588,-0.15201,-0.88994,0.6413,-0.04746,-0.90153,0.68782,0.02799,-0.94519,0.72551,-0.05033,-0.91737,0.73901,-0.10724,-0.94818,0.46046,-0.07013,-0.97878,0.31915,-0.03971,-0.88615,0.2218,-0.10274,-0.94428,0.16437,-0.09706,-0.91747,0.46424,-0.02403,-0.98752,0.35839,0.05162,-0.93348,0.23476,-0.01022,-0.95591,0.17517,0.04132
4.2,-0.92104,0.48168,-0.05613,-0.9204,0.63306,-0.11842,-0.96087,0.70582,-0.11125,-0.9593,0.58706,-0.165,-1.02977,0.57406,-0.11155,-1.01199,0.66861,-0.09716,-0.99094,0.69811,-0.15084,-0.89456,0.63541,-0.04683,-0.90471,0.68363,0.02775,-0.94969,0.71956,-0.05065,-0.9237,0.73149,-0.10877,-0.95126,0.45388,-0.06669,-0.98316,0.31299,-0.03563,-0.88799,0.21965,-0.10089,-0.94577,0.16179,-0.09613,-0.92032,0.45824,-0.0208,-0.9936,0.35654,0.05743,-0.94358,0.22942,-0.00061,-0.96953,0.17348,0.05329
4.22,-0.92407,0.47473,-0.05149,-0.92522,0.62523,-0.11589,-0.96607,0.6978,-0.10881,-0.96394,0.57821,-0.16159,-1.03299,0.56558,-0.10625,-1.01675,0.66069,-0.09391,-0.9968,0.68866,-0.14882,-0.899,0.62882,-0.04449,-0.90883,0.6783,0.02931,-0.95452,0.71272,-0.04936,-0.92995,0.72345,-0.10833,-0.95418,0.4467,-0.06174,-0.98785,0.30629,-0.03039,-0.89048,0.21754,-0.09874,-0.94666,0.15807,-0.09474,-0.92311,0.45157,-0.01599,-0.99919,0.35275,0.06325,-0.95424,0.22123,0.01115,-0.98482,0.16886,0.0662
4.24,-0.92703,0.4675,-0.04618,-0.93002,0.61709,-0.11258,-0.97125,0.68946,-0.10564,-0.96857,0.56909,-0.15741,-1.03625,0.55688,-0.1003,-1.02138,0.65247,-0.09012,-1.0024,0.67851,-0.1463,-0.90341,0.6219,-0.0414,-0.91337,0.67248,0.03163,-0.95951,0.70545,-0.0474,-0.93619,0.71508,-0.10706,-0.95702,0.43924,-0.05617,-0.99269,0.29936,-0.02466,-0.89332,0.21555,-0.0963,-0.94731,0.15404,-0.0931,-0.9259,0.4446,-0.01051,-1.00459,0.34814,0.06908,-0.96531,0.21238,0.02373,-1.00081,0.16381,0.07932
4.26,-0.93004,0.46033,-0.0411,-0.93486,0.60896,-0.10952,-0.97644,0.68114,-0.1027,-0.97319,0.55999,-0.15347,-1.03945,0.54824,-0.09462,-1.02607,0.64425,-0.08649,-1.00813,0.66854,-0.1438,-0.90789,0.615,-0.03857,-0.91782,0.66674,0.03365,-0.9645,0.69821,-0.04567,-0.94251,0.70665,-0.10601,-0.9599,0.43184,-0.05083,-0.99751,0.29251,-0.01912,-0.89621,0.21373,-0.0937,-0.94809,0.15038,-0.09143,-0.92872,0.43771,-0.00527,-1.01005,0.34389,0.07483,-0.97632,0.20471,0.03583,-1.01628,0.16021,0.0918
4.28,-0.93296,0.45345,-0.0363,-0.93962,0.60107,-0.10674,-0.98157,0.67304,-0.10001,-0.97777,0.55114,-0.14975,-1.0425,0.54004,-0.0891,-1.03069,0.6364,-0.0831,-1.01369,0.65869,-0.14149,-0.91224,0.60835,-0.03606,-0.92209,0.66123,0.03534,-0.96935,0.69121,-0.04422,-0.94869,0.69844,-0.10518,-0.96272,0.42476,-0.04569,-1.00204,0.28594,-0.0138,-0.89886,0.21233,-0.09102,-0.94898,0.14755,-0.08998,-0.93137,0.43109,-0.00032,-1.01533,0.34007,0.08029,-0.98829,0.19759,0.04866,-1.0329,0.15801,0.1048
4.3,-0.93605,0.44588,-0.03078,-0.94453,0.59247,-0.10314,-0.9868,0.66427,-0.09658,-0.98239,0.5416,-0.14529,-1.04576,0.53099,-0.08313,-1.03542,0.62762,-0.07908,-1.01948,0.6482,-0.13839,-0.91688,0.60096,-0.03269,-0.92692,0.65493,0.03786,-0.97458,0.6834,-0.04202,-0.9552,0.68944,-0.10354,-0.96565,0.41695,-0.03998,-1.00716,0.2788,-0.00796,-0.90232,0.21057,-0.08786,-0.94961,0.1437,-0.08783,-0.93439,0.42381,0.00538,-1.02085,0.33528,0.08613,-0.99885,0.19084,0.06,-1.04717,0.1552,0.11571
4.32,-0.93961,0.43647,-0.02342,-0.94981,0.58207,-0.09755,-0.99222,0.65383,-0.09146,-0.98711,0.53025,-0.13905,-1.04962,0.51956,-0.07604,-1.04043,0.61637,-0.07357,-1.026,0.63614,-0.13354,-0.92222,0.59173,-0.02723,-0.93307,0.6467,0.04242,-0.98073,0.67356,-0.03801,-0.96262,0.67849,-0.10001,-0.96881,0.40722,-0.03285,-1.01391,0.2702,-0.00086,-0.90776,0.20776,-0.0837,-0.94934,0.1372,-0.08383,-0.93845,0.41481,0.01301,-1.02712,0.32794,0.09315,-1.00501,0.18351,0.06704,-1.05511,0.14844,0.12152
4.34,-0.94335,0.42636,-0.01538,-0.95514,0.57091,-0.0913,-0.9976,0.64269,-0.08582,-0.9918,0.51816,-0.13219,-1.05365,0.50728,-0.06857,-1.04544,0.60421,-0.06762,-1.03263,0.6234,-0.12814,-0.92774,0.58174,-0.02108,-0.93963,0.63771,0.0476,-0.98708,0.66292,-0.03348,-0.9702,0.66668,-0.09591,-0.9721,0.39677,-0.02515,-1.02124,0.26106,0.00649,-0.91384,0.20479,-0.07912,-0.94868,0.13066,-0.07895,-0.94292,0.40514,0.02132,-1.03373,0.31962,0.10051,-1.00954,0.17589,0.07248,-1.06071,0.1401,0.12549
4.36,-0.94705,0.41653,-0.00766,-0.96033,0.55994,-0.08546,-1.00284,0.63174,-0.0806,-0.99641,0.50628,-0.12568,-1.05753,0.49545,-0.06134,-1.0503,0.59245,-0.06203,-1.039,0.61082,-0.1231,-0.93308,0.57198,-0.01538,-0.9459,0.62899,0.05227,-0.99314,0.65254,-0.02943,-0.97748,0.65503,-0.09223,-0.97539,0.38662,-0.01769,-1.02825,0.25219,0.01339,-0.91951,0.2023,-0.07445,-0.9482,0.12558,-0.07406,-0.94725,0.39574,0.02929,-1.04028,0.31177,0.10756,-1.0148,0.16846,0.07849,-1.06728,0.13254,0.13011
4.38,-0.95056,0.40684,0.00013,-0.96539,0.54896,-0.07972,-1.00786,0.62083,-0.0756,-1.00088,0.49434,-0.11916,-1.06119,0.48356,-0.05406,-1.055,0.5806,-0.05655,-1.04534,0.59804,-0.11818,-0.93828,0.5623,-0.00983,-0.95199,0.62035,0.05676,-0.99914,0.6421,-0.0255,-0.98473,0.64333,-0.08863,-0.97843,0.37659,-0.01017,-1.03532,0.24365,0.02024,-0.92507,0.2005,-0.06928,-0.94745,0.12171,-0.06823,-0.95147,0.38652,0.03734,-1.04665,0.30391,0.11446,-1.02006,0.16097,0.08459,-1.07417,0.12504,0.13449
4.4,-0.95453,0.39671,0.00793,-0.97048,0.53762,-0.07385,-1.01296,0.60951,-0.07038,-1.00543,0.48217,-0.1126,-1.06515,0.4717,-0.04691,-1.05971,0.56873,-0.05103,-1.05139,0.58528,-0.1131,-0.94359,0.55213,-0.0041,-0.95825,0.61127,0.06132,-1.00494,0.63138,-0.02161,-0.99164,0.63114,-0.08501,-0.98201,0.36619,-0.0026,-1.04226,0.23448,0.02666,-0.93063,0.19812,-0.06415,-0.94751,0.11799,-0.06259,-0.95605,0.37678,0.04532,-1.05351,0.2959,0.12142,-1.02487,0.15371,0.0899,-1.07972,0.11722,0.13856
4.42,-0.95975,0.38543,0.01562,-0.97586,0.52554,-0.06748,-1.01869,0.59724,-0.06425,-1.01038,0.4696,-0.10591,-1.07008,0.45997,-0.04007,-1.06474,0.55696,-0.04524,-1.05696,0.57287,-0.10755,-0.94939,0.54078,0.00228,-0.96516,0.60111,0.06634,-1.01044,0.62019,-0.01761,-0.99795,0.61806,-0.08114,-0.98712,0.35485,0.005,-1.04891,0.22347,0.03244,-0.93651,0.1935,-0.05974,-0.94943,0.11262,-0.05881,-0.96149,0.36559,0.05305,-1.06163,0.28765,0.12874,-1.0288,0.14719,0.09373,-1.08221,0.10896,0.14267
4.44,-0.96541,0.37376,0.02328,-0.98137,0.51324,-0.06091,-1.02465,0.58466,-0.05775,-1.0155,0.45694,-0.09916,-1.07538,0.44827,-0.03335,-1.06991,0.54521,-0.03931,-1.06239,0.56062,-0.10177,-0.95538,0.52904,0.0089,-0.97228,0.59055,0.07153,-1.01583,0.60878,-0.01352,-1.00406,0.60469,-0.07709,-0.99277,0.34318,0.01258,-1.05545,0.21182,0.03802,-0.94258,0.18812,-0.05541,-0.95208,0.10676,-0.05555,-0.96725,0.35391,0.0607,-1.0701,0.27933,0.13614,-1.03217,0.14125,0.0971,-1.08327,0.10099,0.14686
4.46,-0.97086,0.36234,0.0309,-0.98681,0.50111,-0.05446,-1.03049,0.5723,-0.05145,-1.02055,0.4444,-0.09246,-1.0805,0.4366,-0.02661,-1.07502,0.53348,-0.03345,-1.06789,0.54835,-0.09608,-0.96126,0.51754,0.01537,-0.97923,0.58019,0.07655,-1.02122,0.59743,-0.00948,-1.01025,0.59148,-0.07305,-0.99815,0.33174,0.02011,-1.06196,0.20056,0.04362,-0.94857,0.18329,-0.05058,-0.9546,0.10161,-0.05156,-0.97285,0.34253,0.06833,-1.07827,0.27115,0.14332,-1.03555,0.13549,0.10087,-1.08477,0.09362,0.15121
4.48,-0.97638,0.35057,0.03878,-0.99223,0.48858,-0.04781,-1.03632,0.55953,-0.04498,-1.02554,0.43145,-0.08556,-1.08564,0.4247,-0.01973,-1.08003,0.5215,-0.02754,-1.07324,0.53575,-0.09036,-0.96719,0.50567,0.02204,-0.98623,0.56954,0.08162,-1.02647,0.5858,-0.00544,-1.01637,0.57809,-0.06895,-1.00361,0.31995,0.02791,-1.06862,0.18901,0.0494,-0.95477,0.17838,-0.04523,-0.95733,0.09653,-0.04687,-0.97851,0.33079,0.07622,-1.08656,0.26288,0.1507,-1.03879,0.12998,0.10503,-1.0861,0.08665,0.15596
4.5,-0.98187,0.33946,0.04608,-0.99771,0.47682,-0.04153,-1.04219,0.54752,-0.03877,-1.03067,0.41934,-0.07905,-1.09081,0.41331,-0.01318,-1.08525,0.51005,-0.0217,-1.07882,0.52387,-0.08465,-0.97304,0.49447,0.02831,-0.99307,0.55933,0.08648,-1.03183,0.57456,-0.00143,-1.02253,0.56507,-0.06482,-1.00905,0.30882,0.03512,-1.07486,0.17799,0.05473,-0.96067,0.17367,-0.03999,-0.96028,0.0918,-0.04265,-0.98413,0.3197,0.08353,-1.09445,0.25493,0.15746,-1.04185,0.12493,0.10885,-1.0872,0.08039,0.16052
4.52,-0.98711,0.33008,0.05186,-1.00332,0.46706,-0.03628,-1.0481,0.53757,-0.03338,-1.03616,0.40935,-0.07356,-1.09592,0.40307,-0.00737,-1.09107,0.49984,-0.01596,-1.08517,0.51368,-0.07897,-0.97867,0.48504,0.03349,-0.99951,0.55027,0.09094,-1.03767,0.56432,0.00258,-1.02895,0.55286,-0.06058,-1.01424,0.29944,0.04079,-1.08006,0.1684,0.05898,-0.96572,0.16945,-0.03567,-0.96328,0.08772,-0.04047,-0.98953,0.31032,0.0893,-1.10141,0.24763,0.16268,-1.04487,0.12032,0.11144,-1.08822,0.075,0.16413
4.54,-0.9923,0.32141,0.05704,-1.00898,0.45813,-0.03144,-1.05406,0.52844,-0.02829,-1.04178,0.40025,-0.06849,-1.10105,0.3934,-0.00192,-1.0971,0.49022,-0.01034,-1.09177,0.50425,-0.07335,-0.98422,0.47634,0.03823,-1.00582,0.54174,0.09522,-1.04365,0.55457,0.00652,-1.03543,0.54108,-0.0563,-1.01939,0.29077,0.04586,-1.08484,0.15939,0.06279,-0.97051,0.16541,-0.03167,-0.96634,0.08394,-0.03903,-0.99487,0.30166,0.09446,-1.10801,0.24065,0.16733,-1.04786,0.11605,0.11361,-1.08925,0.0702,0.16741
4.56,-0.99755,0.31253,0.06244,-1.01461,0.44892,-0.02646,-1.06,0.51902,-0.0231,-1.04733,0.39085,-0.06329,-1.10618,0.38363,0.00361,-1.10303,0.48049,-0.00475,-1.09822,0.4946,-0.06779,-0.98981,0.46741,0.04312,-1.01219,0.53309,0.09949,-1.04951,0.54472,0.01042,-1.04186,0.52928,-0.05202,-1.02459,0.28189,0.05116,-1.08979,0.15022,0.06676,-0.97553,0.16134,-0.02731,-0.96949,0.08023,-0.037,-1.00026,0.29278,0.09986,-1.11471,0.23361,0.17219,-1.05084,0.11192,0.11614,-1.09042,0.06569,0.17095
4.58,-1.00272,0.30315,0.06805,-1.02028,0.4392,-0.02126,-1.06586,0.50917,-0.01778,-1.05292,0.38094,-0.05785,-1.11122,0.37317,0.00947,-1.10894,0.47007,0.00123,-1.10474,0.48431,-0.06182,-0.99541,0.45798,0.04822,-1.0186,0.52382,0.10406,-1.05549,0.53421,0.01466,-1.04845,0.51686,-0.04735,-1.02971,0.2725,0.05664,-1.0948,0.14062,0.07091,-0.9807,0.15704,-0.02259,-0.97279,0.07643,-0.03479,-1.00562,0.2834,0.10545,-1.12153,0.22627,0.1771,-1.05379,0.10772,0.1189,-1.09165,0.06146,0.17489
4.6,-1.00801,0.29501,0.07307,-1.02585,0.43076,-0.01665,-1.07188,0.50041,-0.01284,-1.05842,0.37233,-0.05302,-1.11641,0.36431,0.01454,-1.11486,0.46122,0.00633,-1.11112,0.47553,-0.05673,-1.00095,0.44979,0.05275,-1.02485,0.51595,0.10792,-1.0612,0.52519,0.01817,-1.05474,0.50592,-0.04334,-1.03497,0.26436,0.06159,-1.09953,0.1321,0.07459,-0.98569,0.15327,-0.01826,-0.97603,0.07322,-0.03264,-1.011,0.27525,0.11047,-1.12793,0.21969,0.18168,-1.05676,0.1042,0.12145,-1.09313,0.05774,0.17827
4.62,-1.01363,0.2901,0.07675,-1.03118,0.42559,-0.01342,-1.07841,0.49438,-0.00868,-1.06372,0.36707,-0.04969,-1.12209,0.35968,0.01762,-1.1209,0.45657,0.00909,-1.1172,0.47068,-0.05402,-1.00641,0.44481,0.05597,-1.03076,0.51184,0.10987,-1.0662,0.5201,0.01966,-1.06028,0.49879,-0.04122,-1.04065,0.25948,0.06533,-1.10368,0.12637,0.07713,-0.99012,0.151,-0.01521,-0.97893,0.07137,-0.03082,-1.01649,0.2703,0.11413,-1.1334,0.21507,0.18564,-1.05993,0.10219,0.12328,-1.09498,0.05453,0.17992
4.64,-1.01937,0.28644,0.07984,-1.03644,0.42169,-0.01078,-1.08509,0.48939,-0.00491,-1.06896,0.36311,-0.04697,-1.12793,0.35662,0.0199,-1.12695,0.45347,0.01094,-1.12315,0.46731,-0.05223,-1.01185,0.44108,0.05863,-1.03647,0.50914,0.11109,-1.07093,0.51648,0.02042,-1.06559,0.49315,-0.03977,-1.04649,0.25586,0.06856,-1.1076,0.12176,0.07918,-0.99436,0.14933,-0.01272,-0.98176,0.07009,-0.02923,-1.02201,0.26659,0.11721,-1.13851,0.21123,0.1893,-1.06321,0.10079,0.12477,-1.09697,0.05157,0.18087
4.66,-1.02505,0.28224,0.08314,-1.04173,0.41724,-0.00794,-1.09163,0.48392,-0.00106,-1.07422,0.35859,-0.04404,-1.13368,0.35284,0.02247,-1.13296,0.44966,0.01315,-1.12912,0.46328,-0.05006,-1.0173,0.43681,0.06148,-1.04219,0.5058,0.11259,-1.07575,0.51218,0.02151,-1.07107,0.48694,-0.03796,-1.05224,0.2517,0.07196,-1.11163,0.11673,0.08139,-0.99877,0.14743,-0.00999,-0.98474,0.06867,-0.02755,-1.0275,0.26235,0.1205,-1.14376,0.20707,0.19304,-1.06652,0.09924,0.12645,-1.09896,0.04869,0.18213
4.68,-1.03076,0.27792,0.08667,-1.04707,0.41264,-0.00488,-1.09829,0.47818,0.00323,-1.07955,0.35391,-0.04087,-1.13951,0.34903,0.02526,-1.13913,0.44581,0.01542,-1.13532,0.4591,-0.04786,-1.02278,0.43241,0.06453,-1.04803,0.50242,0.11404,-1.08061,0.50769,0.02253,-1.07674,0.48039,-0.03608,-1.05804,0.24742,0.07558,-1.11568,0.1116,0.08364,-1.00325,0.14552,-0.00714,-0.9878,0.06727,-0.0258,-1.03304,0.25796,0.124,-1.14907,0.20276,0.19695,-1.06992,0.09768,0.12823,-1.10101,0.04577,0.18343
4.7,-1.03642,0.27416,0.08958,-1.0523,0.40863,-0.00242,-1.10467,0.47315,0.0065,-1.08474,0.34984,-0.03833,-1.14518,0.34563,0.0274,-1.14497,0.44238,0.0173,-1.14104,0.45551,-0.04601,-1.02819,0.42858,0.067,-1.05348,0.49941,0.11531,-1.08528,0.50384,0.0235,-1.08214,0.47499,-0.03441,-1.06377,0.24368,0.07861,-1.11966,0.10708,0.08558,-1.00769,0.14387,-0.00464,-0.99087,0.06614,-0.02423,-1.03849,0.25418,0.12691,-1.15416,0.19897,0.20043,-1.07331,0.09648,0.1298,-1.10311,0.04327,0.18448
4.72,-1.04198,0.27167,0.091,-1.05725,0.40595,-0.00137,-1.11045,0.46985,0.00706,-1.08954,0.34711,-0.03732,-1.15048,0.34294,0.02795,-1.14998,0.43974,0.01835,-1.14544,0.45319,-0.04485,-1.0335,0.42602,0.06814,-1.05805,0.49711,0.11647,-1.08959,0.50149,0.02456,-1.08668,0.47237,-0.03322,-1.06937,0.24115,0.08024,-1.12359,0.10386,0.08691,-1.01203,0.14277,-0.00292,-0.99393,0.06547,-0.02306,-1.04381,0.25173,0.12838,-1.15879,0.19642,0.20289,-1.07663,0.09601,0.13079,-1.10526,0.04172,0.18504
4.74,-1.04745,0.2697,0.09182,-1.06207,0.40382,-0.00089,-1.11596,0.46727,0.00659,-1.09419,0.34493,-0.03693,-1.15562,0.34061,0.02787,-1.15466,0.43748,0.01905,-1.14937,0.45141,-0.04399,-1.03872,0.42401,0.06872,-1.06228,0.49512,0.1175,-1.09376,0.49977,0.02558,-1.0909,0.47081,-0.03229,-1.07488,0.23913,0.0813,-1.12744,0.10119,0.08795,-1.01628,0.14193,-0.00157,-0.99695,0.06502,-0.0221,-1.04904,0.24986,0.12925,-1.16318,0.19438,0.20491,-1.07992,0.09584,0.13152,-1.10743,0.04054,0.18531
4.76,-1.05292,0.2675,0.09288,-1.06694,0.40143,-0.00019,-1.12153,0.46435,0.00658,-1.09891,0.34249,-0.03628,-1.16078,0.33813,0.02809,-1.15948,0.43505,0.01991,-1.15354,0.44937,-0.04298,-1.04395,0.42175,0.0695,-1.06665,0.49298,0.11853,-1.09799,0.49776,0.02657,-1.0953,0.46875,-0.03128,-1.08037,0.23687,0.08259,-1.13128,0.09832,0.08905,-1.02056,0.14101,-0.0001,-1,0.06455,-0.02109,-1.05426,0.24773,0.13036,-1.16764,0.19212,0.20707,-1.08325,0.09557,0.13233,-1.10962,0.03926,0.18565
4.78,-1.05859,0.2653,0.09407,-1.07187,0.39903,0.0006,-1.1273,0.4613,0.00648,-1.10362,0.34003,-0.03558,-1.1661,0.33556,0.02821,-1.16443,0.43253,0.02068,-1.15765,0.44725,-0.04203,-1.04937,0.4195,0.07041,-1.07116,0.49082,0.11969,-1.10227,0.49567,0.02765,-1.09959,0.46667,-0.03021,-1.08608,0.23463,0.08401,-1.13525,0.09543,0.09026,-1.02504,0.14012,0.00145,-1.00324,0.06415,-0.02004,-1.05967,0.2456,0.1316,-1.17221,0.18983,0.20943,-1.08677,0.0954,0.13318,-1.11192,0.03804,0.18597
4.8,-1.06381,0.26323,0.09484,-1.07665,0.39676,0.00103,-1.13258,0.45864,0.00624,-1.1083,0.3377,-0.03514,-1.17105,0.33319,0.02837,-1.16905,0.43021,0.02153,-1.1618,0.44534,-0.04104,-1.05439,0.41736,0.07088,-1.07533,0.48872,0.12049,-1.10647,0.49382,0.02848,-1.10406,0.46482,-0.02939,-1.09131,0.2325,0.08501,-1.13894,0.09276,0.09111,-1.02917,0.1393,0.00272,-1.00618,0.0638,-0.0192,-1.06465,0.24361,0.13242,-1.17645,0.18775,0.21125,-1.09001,0.09521,0.13382,-1.11407,0.03696,0.18614
4.82,-1.06784,0.26124,0.0946,-1.08103,0.39465,0.00067,-1.13658,0.45687,0.00593,-1.11295,0.33558,-0.03524,-1.17512,0.33121,0.02885,-1.17279,0.42827,0.02279,-1.16612,0.44389,-0.03972,-1.05836,0.41532,0.07037,-1.07859,0.48655,0.12045,-1.11045,0.49247,0.02873,-1.10911,0.46333,-0.0291,-1.0953,0.2304,0.08499,-1.14195,0.09033,0.09108,-1.03234,0.1385,0.00336,-1.00828,0.06342,-0.01883,-1.06849,0.24177,0.13226,-1.17987,0.18599,0.21173,-1.09241,0.09473,0.13394,-1.11571,0.03597,0.18603
4.84,-1.07139,0.25937,0.09395,-1.08524,0.39269,-3e-05,-1.1401,0.45549,0.00551,-1.11756,0.33361,-0.03558,-1.17881,0.32945,0.02939,-1.17614,0.42654,0.02412,-1.17042,0.44266,-0.03836,-1.06193,0.41342,0.06943,-1.08149,0.48446,0.12005,-1.11432,0.49137,0.02874,-1.11434,0.4621,-0.02904,-1.09881,0.22842,0.08456,-1.14468,0.0881,0.0907,-1.03514,0.13776,0.00373,-1.01007,0.06307,-0.01866,-1.07188,0.24007,0.13169,-1.18296,0.18444,0.21169,-1.09449,0.09421,0.13384,-1.11716,0.03508,0.1858
4.86,-1.07513,0.25752,0.09347,-1.08951,0.39071,-0.0006,-1.14385,0.45395,0.00509,-1.12215,0.33161,-0.03583,-1.18264,0.32763,0.02987,-1.17962,0.42475,0.02534,-1.17466,0.44135,-0.03707,-1.06568,0.41151,0.06866,-1.08455,0.4824,0.11975,-1.11823,0.4902,0.02883,-1.11946,0.4608,-0.02887,-1.10251,0.22646,0.08432,-1.14751,0.08586,0.09048,-1.03812,0.13704,0.00419,-1.01203,0.06276,-0.01842,-1.07545,0.23838,0.1313,-1.18616,0.18286,0.21188,-1.09672,0.09377,0.13383,-1.11869,0.03422,0.1856
4.88,-1.079,0.25538,0.09302,-1.09386,0.38851,-0.00107,-1.14755,0.45229,0.00479,-1.12688,0.32944,-0.03599,-1.18654,0.32562,0.03048,-1.18305,0.42276,0.0268,-1.17889,0.43993,-0.03552,-1.06946,0.40933,0.06799,-1.08758,0.48003,0.11961,-1.1221,0.48886,0.0291,-1.12471,0.45938,-0.02851,-1.10633,0.22421,0.08409,-1.15045,0.08333,0.09025,-1.04123,0.1362,0.00477,-1.01406,0.06239,-0.01811,-1.07914,0.2364,0.13093,-1.1895,0.18104,0.21209,-1.09906,0.0932,0.13378,-1.12026,0.03324,0.18539
4.9,-1.08248,0.25386,0.09242,-1.09801,0.3868,-0.00182,-1.15121,0.45098,0.00422,-1.13131,0.32768,-0.03637,-1.19017,0.32408,0.03082,-1.1864,0.42124,0.02774,-1.183,0.43877,-0.03452,-1.07308,0.40776,0.06701,-1.09054,0.47834,0.11903,-1.12596,0.48791,0.02894,-1.12973,0.45831,-0.02855,-1.10976,0.22259,0.08372,-1.15307,0.08146,0.08993,-1.04405,0.13564,0.00503,-1.01597,0.06222,-0.01801,-1.08245,0.23505,0.13042,-1.19247,0.17977,0.21211,-1.10113,0.09293,0.13372,-1.12173,0.03259,0.18513
4.92,-1.08504,0.25402,0.09157,-1.10166,0.3864,-0.00328,-1.15489,0.45053,0.00296,-1.13496,0.32697,-0.0373,-1.19319,0.32382,0.03045,-1.18976,0.42099,0.02733,-1.187,0.43827,-0.03503,-1.07637,0.40782,0.06528,-1.09343,0.47845,0.11735,-1.12985,0.48796,0.02766,-1.13417,0.45814,-0.02968,-1.11225,0.22264,0.08307,-1.1549,0.08132,0.08948,-1.0461,0.13579,0.00449,-1.01758,0.06252,-0.01847,-1.08487,0.23539,0.12965,-1.1945,0.17997,0.21176,-1.10251,0.09347,0.13375,-1.12293,0.03279,0.18484
4.94,-1.08722,0.2548,0.09059,-1.1051,0.38648,-0.00501,-1.15853,0.45042,0.00144,-1.1383,0.32666,-0.03844,-1.19596,0.32403,0.02982,-1.19305,0.4212,0.02642,-1.19091,0.43801,-0.0361,-1.0795,0.40847,0.06325,-1.09625,0.47922,0.11526,-1.13372,0.48837,0.02596,-1.13835,0.45828,-0.03122,-1.11436,0.2233,0.0823,-1.15642,0.08181,0.08896,-1.04781,0.13621,0.00366,-1.01904,0.06298,-0.01913,-1.08691,0.23634,0.12876,-1.19615,0.1807,0.21124,-1.10359,0.09429,0.1338,-1.12401,0.0333,0.18452
4.96,-1.08955,0.2553,0.08965,-1.1086,0.38634,-0.0066,-1.16215,0.45016,5e-05,-1.14174,0.32617,-0.03948,-1.19881,0.32404,0.0293,-1.19632,0.42121,0.02573,-1.19478,0.43764,-0.03691,-1.08268,0.40884,0.06137,-1.09909,0.4797,0.11335,-1.13756,0.4886,0.02445,-1.14259,0.45826,-0.03256,-1.11662,0.22369,0.08157,-1.15805,0.08203,0.08846,-1.04965,0.13652,0.00296,-1.02055,0.06339,-0.0197,-1.0891,0.23703,0.1279,-1.19796,0.18119,0.21077,-1.10479,0.095,0.13383,-1.12513,0.03368,0.18418
4.98,-1.09195,0.25581,0.08876,-1.11222,0.38614,-0.00819,-1.16588,0.44985,-0.0013,-1.1453,0.32563,-0.04047,-1.20174,0.32405,0.02884,-1.19973,0.42123,0.02511,-1.19888,0.43723,-0.03765,-1.08597,0.4092,0.05947,-1.10199,0.48016,0.11142,-1.14157,0.48885,0.02299,-1.14705,0.45825,-0.03384,-1.11896,0.22409,0.08089,-1.15976,0.08225,0.08796,-1.05159,0.13682,0.00223,-1.02216,0.06378,-0.02033,-1.09137,0.23771,0.1271,-1.19983,0.18172,0.21037,-1.10606,0.09577,0.13389,-1.12629,0.03415,0.18391
5,-1.09412,0.25644,0.08775,-1.11556,0.38613,-0.00981,-1.16937,0.44969,-0.00278,-1.14854,0.32528,-0.04156,-1.20445,0.32414,0.02819,-1.20281,0.42132,0.02422,-1.20245,0.43691,-0.03865,-1.08902,0.40969,0.05756,-1.10477,0.48077,0.10943,-1.1452,0.48911,0.02135,-1.15097,0.45824,-0.0353,-1.12105,0.22461,0.08008,-1.16124,0.08261,0.08745,-1.05325,0.13721,0.0015,-1.02352,0.06425,-0.02089,-1.09341,0.23853,0.12617,-1.20147,0.18229,0.20979,-1.1071,0.09649,0.13387,-1.12731,0.03454,0.18349
5.02,-1.09572,0.25727,0.08641,-1.1182,0.38652,-0.01149,-1.17227,0.44987,-0.00455,-1.15099,0.3254,-0.04291,-1.20664,0.32432,0.02704,-1.20503,0.42148,0.02269,-1.20459,0.43677,-0.04025,-1.09151,0.41043,0.0557,-1.10723,0.48167,0.10738,-1.14787,0.48933,0.01933,-1.15348,0.45819,-0.03719,-1.12256,0.22531,0.07891,-1.16222,0.08321,0.08695,-1.05427,0.13779,0.00095,-1.02421,0.06488,-0.02117,-1.09494,0.23954,0.12491,-1.20259,0.18282,0.20873,-1.10757,0.09698,0.13368,-1.12797,0.03461,0.18269
5.04,-1.0971,0.25819,0.08495,-1.12055,0.38708,-0.01319,-1.17494,0.45018,-0.00643,-1.15313,0.32572,-0.04436,-1.20862,0.32455,0.02572,-1.20693,0.42169,0.02092,-1.2062,0.4367,-0.04209,-1.09377,0.4113,0.05386,-1.10957,0.48269,0.10528,-1.15016,0.48955,0.01715,-1.15545,0.45814,-0.03925,-1.12384,0.22612,0.07762,-1.16299,0.08392,0.08645,-1.05503,0.13845,0.00043,-1.02466,0.06558,-0.02137,-1.09625,0.24066,0.12355,-1.20351,0.18337,0.2075,-1.10782,0.09741,0.13344,-1.12851,0.03461,0.18178
5.06,-1.09858,0.25906,0.08355,-1.12302,0.38756,-0.01488,-1.17769,0.45042,-0.00824,-1.15541,0.32594,-0.04575,-1.21069,0.32476,0.02449,-1.20898,0.42188,0.01925,-1.20805,0.4366,-0.04382,-1.09613,0.41209,0.052,-1.11196,0.48365,0.1032,-1.15261,0.48977,0.01504,-1.15766,0.45808,-0.04123,-1.12523,0.22688,0.07638,-1.16385,0.08458,0.08593,-1.05591,0.13908,-0.00013,-1.02523,0.06624,-0.02164,-1.09766,0.24172,0.12222,-1.20451,0.18393,0.20634,-1.10818,0.09789,0.1332,-1.12912,0.0347,0.18093
5.08,-1.10007,0.25998,0.08214,-1.12554,0.38805,-0.01658,-1.18052,0.45066,-0.01012,-1.1577,0.32617,-0.04716,-1.21278,0.32495,0.02325,-1.21103,0.42204,0.01759,-1.20989,0.43648,-0.04555,-1.09855,0.41293,0.05014,-1.11441,0.48463,0.10111,-1.15511,0.48998,0.01293,-1.15988,0.458,-0.0432,-1.12663,0.22767,0.07515,-1.16473,0.08529,0.08546,-1.05679,0.13977,-0.00061,-1.02577,0.06699,-0.02181,-1.0991,0.24284,0.12091,-1.2055,0.18447,0.2052,-1.10846,0.0984,0.13305,-1.1297,0.03475,0.18003
5.1,-1.10147,0.26081,0.08071,-1.12789,0.38851,-0.01825,-1.18314,0.45089,-0.01186,-1.15988,0.3264,-0.04855,-1.21477,0.32518,0.022,-1.21299,0.42224,0.01587,-1.21163,0.43638,-0.04733,-1.10077,0.41368,0.0483,-1.1167,0.48555,0.09903,-1.15742,0.49017,0.01081,-1.16194,0.45793,-0.04519,-1.12795,0.22841,0.07388,-1.16552,0.08593,0.0849,-1.0576,0.14037,-0.00124,-1.0263,0.06762,-0.02214,-1.10042,0.24385,0.11955,-1.20645,0.18503,0.204,-1.10883,0.09888,0.13274,-1.13031,0.03494,0.17922
5.12,-1.10273,0.26139,0.07927,-1.12991,0.38881,-0.01984,-1.18533,0.45102,-0.01327,-1.16185,0.32655,-0.04988,-1.21661,0.32554,0.02078,-1.21479,0.42257,0.01411,-1.21323,0.43634,-0.04917,-1.10258,0.4142,0.04655,-1.11861,0.4863,0.09691,-1.15928,0.49036,0.00864,-1.16375,0.45787,-0.04722,-1.12919,0.22894,0.07259,-1.16612,0.08633,0.08407,-1.05834,0.14063,-0.00234,-1.02686,0.06786,-0.02288,-1.10155,0.24452,0.11815,-1.20739,0.18557,0.20274,-1.10958,0.09922,0.13199,-1.13103,0.03543,0.17868
5.14,-1.1039,0.26188,0.07782,-1.13177,0.38908,-0.02139,-1.18732,0.45114,-0.01452,-1.16371,0.3267,-0.05118,-1.21836,0.32594,0.01956,-1.21653,0.42292,0.0123,-1.21477,0.43631,-0.05105,-1.10421,0.41463,0.04484,-1.12038,0.48698,0.0948,-1.16096,0.49053,0.00647,-1.16541,0.45779,-0.04925,-1.13035,0.2294,0.07127,-1.16662,0.08666,0.08313,-1.05902,0.14079,-0.0036,-1.02741,0.06797,-0.02376,-1.10256,0.24506,0.11671,-1.20829,0.18611,0.20144,-1.11043,0.0995,0.13108,-1.13177,0.03601,0.17822
5.16,-1.10507,0.26241,0.07636,-1.13367,0.38937,-0.02294,-1.18938,0.45127,-0.01581,-1.1656,0.32687,-0.05249,-1.22014,0.32629,0.01833,-1.21832,0.42323,0.0105,-1.21635,0.43624,-0.05293,-1.10589,0.41511,0.04312,-1.1222,0.48767,0.09272,-1.16271,0.49068,0.00433,-1.1671,0.45771,-0.05125,-1.1315,0.22989,0.06996,-1.16714,0.08702,0.08224,-1.0597,0.141,-0.00478,-1.02792,0.06815,-0.02458,-1.10359,0.24566,0.11528,-1.20917,0.18666,0.20015,-1.11119,0.0998,0.13024,-1.13249,0.03654,0.17772
5.18,-1.10639,0.26298,0.07494,-1.13567,0.38964,-0.02455,-1.19153,0.45137,-0.01721,-1.16757,0.327,-0.05382,-1.22195,0.32677,0.01713,-1.22,0.42366,0.00875,-1.21788,0.43629,-0.05474,-1.10768,0.41559,0.04134,-1.12405,0.48843,0.09051,-1.16448,0.49092,0.00207,-1.16894,0.45766,-0.05333,-1.13281,0.23042,0.06868,-1.16773,0.08741,0.08133,-1.06047,0.14123,-0.00601,-1.02854,0.06834,-0.02543,-1.10476,0.2463,0.11388,-1.2102,0.1872,0.19888,-1.11208,0.10016,0.1294,-1.13327,0.03715,0.17725
5.2,-1.10737,0.26344,0.07344,-1.13745,0.38994,-0.026,-1.19344,0.45152,-0.01833,-1.16933,0.3272,-0.05508,-1.22369,0.32699,0.01589,-1.2219,0.42382,0.00689,-1.21951,0.43609,-0.05666,-1.10921,0.41602,0.03973,-1.12585,0.48901,0.08858,-1.16621,0.49095,0.0001,-1.17044,0.45752,-0.05522,-1.13378,0.23084,0.06732,-1.16815,0.08773,0.08042,-1.06101,0.14142,-0.00716,-1.02892,0.06851,-0.02624,-1.1056,0.24682,0.1124,-1.21091,0.18774,0.19755,-1.11274,0.1004,0.12853,-1.13391,0.03764,0.17672
5.22,-1.10753,0.26365,0.07172,-1.13877,0.39038,-0.02708,-1.19475,0.45188,-0.01872,-1.17069,0.32764,-0.05611,-1.22525,0.32651,0.0147,-1.2244,0.42327,0.00475,-1.22147,0.4352,-0.05884,-1.11009,0.41634,0.03852,-1.12747,0.48919,0.08732,-1.16783,0.49039,-0.00118,-1.17117,0.4571,-0.05664,-1.13391,0.231,0.06576,-1.16816,0.08793,0.07954,-1.06099,0.14159,-0.008,-1.02874,0.0687,-0.02686,-1.10561,0.24713,0.11071,-1.21088,0.18828,0.19608,-1.11282,0.10036,0.12763,-1.13418,0.03784,0.17604
5.24,-1.10735,0.26376,0.0699,-1.13987,0.39086,-0.02799,-1.19582,0.45228,-0.01884,-1.17183,0.32815,-0.05705,-1.22674,0.32576,0.01346,-1.22707,0.42242,0.00249,-1.22345,0.43405,-0.06113,-1.11072,0.4166,0.03748,-1.12903,0.48916,0.08636,-1.16939,0.48961,-0.00214,-1.17154,0.45663,-0.05785,-1.1337,0.23106,0.06411,-1.168,0.08808,0.07867,-1.06073,0.14175,-0.00876,-1.02833,0.06887,-0.02743,-1.10527,0.24733,0.10893,-1.21052,0.18882,0.19455,-1.11266,0.10022,0.12671,-1.1343,0.03793,0.1753
5.26,-1.10725,0.26389,0.06812,-1.14103,0.3913,-0.02895,-1.19696,0.4526,-0.01906,-1.17299,0.3286,-0.05803,-1.22824,0.32512,0.01217,-1.2296,0.42164,0.00025,-1.22529,0.433,-0.06338,-1.11143,0.41685,0.03639,-1.13063,0.48916,0.08533,-1.17095,0.48892,-0.0032,-1.17198,0.45625,-0.05912,-1.13358,0.23113,0.06248,-1.16787,0.08823,0.07778,-1.06055,0.14189,-0.00959,-1.02799,0.06904,-0.02805,-1.10503,0.24755,0.10718,-1.21026,0.18934,0.19304,-1.11258,0.1001,0.12578,-1.13445,0.03805,0.17457
5.28,-1.10742,0.26414,0.06641,-1.14237,0.39178,-0.02995,-1.19817,0.45307,-0.01926,-1.17448,0.3291,-0.05891,-1.22974,0.32455,0.01121,-1.2321,0.42091,-0.00183,-1.22729,0.43192,-0.06548,-1.11222,0.41719,0.0352,-1.13212,0.48931,0.08412,-1.17244,0.48819,-0.0044,-1.17273,0.45575,-0.06047,-1.13371,0.23132,0.06094,-1.16788,0.08847,0.07696,-1.0605,0.14214,-0.01032,-1.02776,0.06932,-0.02858,-1.10505,0.24791,0.1055,-1.21023,0.18991,0.19156,-1.11264,0.1001,0.12493,-1.13473,0.03828,0.17392
5.3,-1.10696,0.26412,0.0645,-1.14327,0.39216,-0.0308,-1.19918,0.45322,-0.01941,-1.17525,0.32949,-0.05993,-1.23118,0.32372,0.00956,-1.23457,0.41994,-0.00428,-1.22876,0.43079,-0.06787,-1.11279,0.41732,0.03428,-1.1338,0.48901,0.08338,-1.17402,0.48745,-0.00518,-1.17277,0.45559,-0.06156,-1.13323,0.23126,0.05918,-1.16755,0.08853,0.07598,-1.06011,0.14221,-0.01123,-1.02723,0.0694,-0.0293,-1.10444,0.24796,0.10362,-1.20962,0.19039,0.18998,-1.11232,0.09984,0.12392,-1.1347,0.03827,0.17309
5.32,-1.10487,0.26339,0.06209,-1.1429,0.39232,-0.03133,-1.19963,0.45252,-0.01934,-1.17401,0.32966,-0.06139,-1.23238,0.32246,0.00593,-1.23684,0.41862,-0.00801,-1.22873,0.42965,-0.07132,-1.11278,0.41694,0.03413,-1.13595,0.4876,0.08374,-1.1757,0.48685,-0.00503,-1.17079,0.45652,-0.06205,-1.13116,0.23055,0.05685,-1.1663,0.08812,0.07455,-1.05882,0.1418,-0.01261,-1.02591,0.06897,-0.03055,-1.10221,0.24722,0.10119,-1.20748,0.19066,0.18809,-1.11101,0.09892,0.12248,-1.13391,0.03767,0.1718
5.34,-1.10215,0.2624,0.05949,-1.14209,0.39235,-0.03169,-1.19987,0.45144,-0.01923,-1.17207,0.32973,-0.06297,-1.2334,0.32098,0.00147,-1.23887,0.41711,-0.01233,-1.22798,0.42853,-0.07515,-1.11256,0.41627,0.0343,-1.13824,0.48558,0.08458,-1.17748,0.48613,-0.00442,-1.16818,0.45799,-0.06202,-1.12848,0.22958,0.05431,-1.1647,0.08755,0.07296,-1.05719,0.14121,-0.01416,-1.0243,0.06835,-0.03199,-1.09936,0.24618,0.09856,-1.20475,0.19085,0.1861,-1.10931,0.09775,0.12088,-1.13282,0.03684,0.17034
5.36,-1.09969,0.26153,0.05698,-1.1415,0.39237,-0.03207,-1.20019,0.45046,-0.01918,-1.17048,0.32983,-0.06444,-1.23437,0.31956,-0.00276,-1.24069,0.41564,-0.01654,-1.22724,0.42746,-0.07879,-1.11242,0.41563,0.03435,-1.14039,0.48355,0.0853,-1.17925,0.48524,-0.00386,-1.16602,0.45947,-0.0618,-1.12606,0.22872,0.05187,-1.16324,0.08707,0.07146,-1.0557,0.14072,-0.01564,-1.02281,0.06783,-0.03335,-1.09677,0.24528,0.09603,-1.20226,0.19106,0.18415,-1.10776,0.09671,0.11936,-1.13185,0.03613,0.16896
5.38,-1.09729,0.26067,0.05444,-1.14073,0.39242,-0.03246,-1.20027,0.44945,-0.01877,-1.16876,0.33005,-0.06597,-1.23509,0.31868,-0.00712,-1.24226,0.41464,-0.02134,-1.22622,0.42649,-0.08297,-1.11213,0.41494,0.03442,-1.14236,0.4817,0.08561,-1.18059,0.48455,-0.00379,-1.16353,0.46127,-0.06178,-1.1237,0.22788,0.0494,-1.16181,0.08661,0.06993,-1.05423,0.14025,-0.01713,-1.02133,0.06733,-0.03471,-1.09423,0.24438,0.09347,-1.19981,0.19134,0.18219,-1.10628,0.09572,0.11784,-1.13092,0.03551,0.1676
5.4,-1.09464,0.25973,0.05192,-1.14021,0.39225,-0.03269,-1.20068,0.4483,-0.01902,-1.16717,0.33003,-0.06733,-1.2359,0.31685,-0.01171,-1.2436,0.41282,-0.02554,-1.22493,0.42551,-0.08626,-1.11204,0.41406,0.03461,-1.14453,0.47894,0.08683,-1.18271,0.48312,-0.00253,-1.16185,0.46303,-0.06047,-1.12108,0.22696,0.04695,-1.16023,0.08611,0.06844,-1.05265,0.13974,-0.01863,-1.01976,0.06679,-0.03611,-1.09145,0.24341,0.09092,-1.19711,0.19149,0.18022,-1.10458,0.09461,0.11633,-1.12983,0.03474,0.1662
5.42,-1.09142,0.25861,0.04942,-1.14053,0.39153,-0.03253,-1.20212,0.44688,-0.02115,-1.16611,0.32932,-0.06823,-1.23712,0.31214,-0.01672,-1.24488,0.4085,-0.0275,-1.2237,0.42432,-0.08664,-1.11263,0.41277,0.03507,-1.14708,0.47375,0.09062,-1.187,0.47951,0.00211,-1.16254,0.46433,-0.05592,-1.11786,0.22583,0.04455,-1.1583,0.08551,0.06708,-1.05084,0.13914,-0.02013,-1.018,0.06616,-0.03756,-1.08812,0.24232,0.08843,-1.19385,0.19134,0.17816,-1.10234,0.0931,0.11488,-1.12834,0.03357,0.16477
5.44,-1.08799,0.25743,0.04696,-1.14112,0.39051,-0.03219,-1.20373,0.44524,-0.02388,-1.1652,0.32832,-0.06895,-1.23814,0.30648,-0.02211,-1.24598,0.40321,-0.02868,-1.22254,0.423,-0.08573,-1.11344,0.4112,0.03567,-1.14939,0.46738,0.09519,-1.19171,0.47468,0.00791,-1.16417,0.46536,-0.04998,-1.11441,0.22462,0.04218,-1.15625,0.08489,0.06577,-1.04894,0.13852,-0.02162,-1.01616,0.06551,-0.03903,-1.08458,0.24119,0.08597,-1.1904,0.19107,0.1761,-1.09991,0.09148,0.11347,-1.12673,0.03227,0.16331
5.46,-1.0847,0.25629,0.04451,-1.14154,0.38946,-0.03186,-1.205,0.44355,-0.02619,-1.16421,0.32739,-0.0697,-1.23869,0.30145,-0.02762,-1.24684,0.39835,-0.03028,-1.22138,0.42169,-0.08507,-1.11408,0.40955,0.03627,-1.15125,0.46108,0.09916,-1.19569,0.46974,0.01306,-1.16564,0.46636,-0.04422,-1.11111,0.22346,0.03983,-1.15428,0.08431,0.06445,-1.04708,0.13796,-0.02307,-1.01435,0.06491,-0.04046,-1.08119,0.24008,0.08353,-1.18708,0.19086,0.17407,-1.09761,0.08996,0.11207,-1.12522,0.03109,0.16188
5.48,-1.08119,0.2551,0.04192,-1.14193,0.38825,-0.03143,-1.20604,0.44179,-0.0287,-1.1632,0.32638,-0.0704,-1.23885,0.2962,-0.03355,-1.24752,0.39307,-0.03172,-1.22028,0.42026,-0.08383,-1.11459,0.40768,0.03693,-1.15226,0.45418,0.10334,-1.1994,0.46401,0.01883,-1.16738,0.46732,-0.03738,-1.1076,0.22225,0.03733,-1.15216,0.08374,0.06304,-1.0451,0.13737,-0.02467,-1.01245,0.06428,-0.04203,-1.07756,0.23893,0.08094,-1.18354,0.19063,0.17186,-1.09515,0.08835,0.11058,-1.12356,0.02991,0.16046
5.5,-1.0781,0.254,0.03964,-1.14237,0.38694,-0.03102,-1.20706,0.43986,-0.03075,-1.16226,0.3253,-0.07106,-1.23868,0.29159,-0.0392,-1.24796,0.38824,-0.03332,-1.21925,0.41876,-0.08271,-1.11526,0.40577,0.0376,-1.1536,0.44738,0.10682,-1.20265,0.45832,0.02353,-1.16932,0.46755,-0.03124,-1.10449,0.22113,0.03514,-1.1503,0.0832,0.06181,-1.04332,0.13687,-0.02596,-1.0107,0.06377,-0.0433,-1.07438,0.23787,0.07867,-1.18039,0.19043,0.17001,-1.093,0.08694,0.10931,-1.12222,0.02878,0.15903
5.52,-1.07617,0.25314,0.03818,-1.14299,0.3857,-0.03081,-1.20843,0.43769,-0.03152,-1.16147,0.32422,-0.07177,-1.23849,0.28861,-0.04362,-1.24821,0.38506,-0.03558,-1.21814,0.41746,-0.08292,-1.11649,0.40412,0.03816,-1.15703,0.44147,0.10853,-1.20555,0.45412,0.02518,-1.17117,0.4666,-0.02829,-1.10253,0.22023,0.03374,-1.1492,0.08272,0.06104,-1.04207,0.13661,-0.02643,-1.00941,0.06352,-0.04375,-1.07244,0.23708,0.07724,-1.17831,0.19032,0.1691,-1.09172,0.08607,0.10857,-1.12177,0.02773,0.15759
5.54,-1.07468,0.25237,0.03705,-1.1437,0.38446,-0.03067,-1.20992,0.43543,-0.03188,-1.16077,0.32315,-0.07249,-1.23825,0.28619,-0.04757,-1.24836,0.38246,-0.03798,-1.21701,0.41625,-0.08349,-1.11793,0.40253,0.03867,-1.16107,0.43573,0.10957,-1.20834,0.45046,0.02584,-1.17304,0.46525,-0.02642,-1.101,0.21942,0.03264,-1.1484,0.08226,0.06044,-1.04105,0.13642,-0.02659,-1.00831,0.06336,-0.0439,-1.07097,0.23638,0.07614,-1.17664,0.19024,0.16854,-1.09076,0.08539,0.10804,-1.12171,0.02676,0.15614
5.56,-1.07304,0.25157,0.03579,-1.14436,0.38316,-0.0305,-1.21128,0.43319,-0.03242,-1.16005,0.32209,-0.07319,-1.23784,0.28363,-0.05175,-1.24844,0.37963,-0.04025,-1.21592,0.415,-0.0837,-1.11923,0.40082,0.03918,-1.1644,0.42965,0.11074,-1.21102,0.44645,0.02703,-1.175,0.46399,-0.02387,-1.09932,0.21859,0.03141,-1.14749,0.08181,0.05976,-1.03996,0.13621,-0.02689,-1.00715,0.06318,-0.04418,-1.06933,0.23564,0.07491,-1.17481,0.19016,0.16784,-1.08968,0.08466,0.10742,-1.12156,0.02585,0.15469
5.58,-1.07123,0.25072,0.03443,-1.14498,0.38175,-0.03029,-1.21262,0.43078,-0.03293,-1.15923,0.32099,-0.07391,-1.23723,0.28108,-0.05618,-1.24835,0.37676,-0.04264,-1.21478,0.41373,-0.08389,-1.1205,0.39892,0.03975,-1.16761,0.42283,0.11186,-1.21369,0.4422,0.02841,-1.17709,0.46268,-0.02094,-1.09747,0.2177,0.03011,-1.14647,0.08134,0.05903,-1.03874,0.13599,-0.02721,-1.00585,0.06299,-0.04449,-1.0675,0.23487,0.07358,-1.17282,0.19007,0.16703,-1.0885,0.08384,0.10675,-1.12135,0.02496,0.15327
5.6,-1.06985,0.24999,0.03336,-1.14566,0.38044,-0.03015,-1.21387,0.42862,-0.03338,-1.15861,0.31996,-0.07456,-1.23665,0.27884,-0.06003,-1.24835,0.3742,-0.04478,-1.21378,0.41251,-0.08393,-1.12181,0.39721,0.0402,-1.17044,0.41696,0.11256,-1.21611,0.43835,0.02938,-1.17909,0.46113,-0.01863,-1.09605,0.21694,0.02904,-1.14574,0.08093,0.05844,-1.03784,0.13583,-0.02743,-1.00487,0.06286,-0.04469,-1.06617,0.2342,0.07253,-1.17127,0.19002,0.16652,-1.08761,0.08325,0.10625,-1.12146,0.02421,0.15183
5.62,-1.06958,0.24959,0.03295,-1.14654,0.3795,-0.03027,-1.21503,0.42726,-0.03384,-1.15854,0.31912,-0.07509,-1.23645,0.27717,-0.06238,-1.2488,0.3723,-0.0463,-1.21322,0.41141,-0.08373,-1.12328,0.39615,0.04031,-1.17278,0.4142,0.11253,-1.21803,0.43572,0.02915,-1.18067,0.4593,-0.01822,-1.09572,0.21651,0.02852,-1.14576,0.08068,0.05818,-1.0378,0.13577,-0.0275,-1.00475,0.06283,-0.04471,-1.06611,0.23384,0.07216,-1.17089,0.19008,0.1667,-1.08749,0.08327,0.10614,-1.12242,0.02376,0.15026
5.64,-1.0697,0.2493,0.03281,-1.14747,0.3787,-0.03048,-1.21615,0.42618,-0.03429,-1.15864,0.31835,-0.07556,-1.23637,0.27569,-0.06415,-1.24939,0.37066,-0.04761,-1.21283,0.41033,-0.08346,-1.12481,0.39534,0.04028,-1.17502,0.41261,0.1122,-1.21975,0.43357,0.0284,-1.18204,0.45733,-0.0186,-1.0958,0.2162,0.02821,-1.14605,0.08049,0.05804,-1.03806,0.13576,-0.02748,-1.00493,0.06284,-0.04464,-1.06653,0.2336,0.07206,-1.17094,0.19018,0.16716,-1.08765,0.08353,0.10618,-1.1237,0.02352,0.1487
5.66,-1.06963,0.24895,0.03257,-1.14837,0.37778,-0.03065,-1.21726,0.42493,-0.03475,-1.15864,0.31751,-0.07604,-1.23616,0.2741,-0.06619,-1.24987,0.36885,-0.04901,-1.21242,0.40919,-0.08316,-1.1263,0.39437,0.04031,-1.17728,0.4104,0.11197,-1.22152,0.43114,0.02786,-1.18347,0.45535,-0.01863,-1.09567,0.21582,0.02783,-1.14622,0.08027,0.05787,-1.03818,0.13572,-0.02747,-1.00498,0.06282,-0.0446,-1.06672,0.23328,0.07186,-1.17079,0.19023,0.16751,-1.08769,0.08366,0.10615,-1.12488,0.02334,0.14722
5.68,-1.06966,0.24865,0.03224,-1.14931,0.37695,-0.03093,-1.21844,0.42372,-0.03524,-1.15871,0.31677,-0.07662,-1.236,0.27265,-0.0682,-1.25041,0.3672,-0.05049,-1.21206,0.40813,-0.0829,-1.12783,0.39347,0.04024,-1.17953,0.40838,0.11162,-1.22326,0.42884,0.02718,-1.18492,0.45354,-0.01881,-1.09565,0.2155,0.02737,-1.14644,0.08009,0.05762,-1.03836,0.1357,-0.02756,-1.00507,0.06283,-0.04461,-1.06698,0.23303,0.07157,-1.17068,0.19043,0.16782,-1.0878,0.08388,0.10612,-1.12642,0.02337,0.14557
5.7,-1.06956,0.24826,0.03216,-1.15017,0.37595,-0.03105,-1.21944,0.42246,-0.03574,-1.15867,0.31582,-0.077,-1.23568,0.27095,-0.07017,-1.25078,0.36527,-0.0518,-1.21171,0.40684,-0.08247,-1.12928,0.39244,0.0403,-1.18171,0.40618,0.11139,-1.22493,0.42633,0.0266,-1.1862,0.45133,-0.01891,-1.09548,0.21509,0.02711,-1.14662,0.07985,0.05753,-1.03849,0.13565,-0.02745,-1.00514,0.0628,-0.0445,-1.06719,0.23268,0.07152,-1.17058,0.19039,0.16823,-1.08784,0.08397,0.10611,-1.12746,0.02335,0.14437
5.72,-1.069,0.24762,0.03267,-1.15078,0.37447,-0.03073,-1.21992,0.42109,-0.03629,-1.15828,0.31435,-0.07686,-1.2349,0.26853,-0.07213,-1.25067,0.36252,-0.05266,-1.21129,0.405,-0.08165,-1.13051,0.39105,0.04077,-1.18369,0.40331,0.11158,-1.22644,0.42317,0.02649,-1.18709,0.44803,-0.01855,-1.09484,0.21444,0.02733,-1.14663,0.07946,0.05783,-1.03839,0.13549,-0.02688,-1.00507,0.06266,-0.04404,-1.06711,0.23208,0.07207,-1.17039,0.18966,0.16885,-1.08761,0.08366,0.10608,-1.12691,0.0228,0.1443
5.74,-1.06829,0.24688,0.03341,-1.15131,0.37278,-0.03028,-1.2202,0.41963,-0.03687,-1.15778,0.31264,-0.07654,-1.23389,0.26582,-0.07407,-1.25038,0.35942,-0.05337,-1.21087,0.40286,-0.08071,-1.13166,0.38951,0.04136,-1.18558,0.40021,0.11186,-1.22786,0.41974,0.02646,-1.18781,0.44432,-0.01811,-1.09403,0.21368,0.02774,-1.14659,0.079,0.05827,-1.03823,0.13528,-0.02611,-1.00496,0.06247,-0.04346,-1.06696,0.23138,0.07285,-1.1702,0.18869,0.16955,-1.0873,0.08321,0.10606,-1.12579,0.02207,0.14465
5.76,-1.06764,0.24618,0.03405,-1.15185,0.37112,-0.02994,-1.22054,0.41814,-0.03749,-1.1573,0.31098,-0.07632,-1.23286,0.2632,-0.07603,-1.25012,0.35641,-0.05421,-1.21047,0.40075,-0.07986,-1.13284,0.38799,0.04185,-1.18746,0.39715,0.11201,-1.22927,0.41637,0.02631,-1.18856,0.44077,-0.01778,-1.09328,0.21295,0.02807,-1.14658,0.07857,0.05862,-1.03808,0.1351,-0.02542,-1.00486,0.06231,-0.04294,-1.06683,0.23072,0.07353,-1.17001,0.18785,0.17021,-1.08702,0.08283,0.10607,-1.12494,0.02145,0.14485
5.78,-1.06707,0.24553,0.03468,-1.15242,0.36951,-0.02968,-1.22084,0.41673,-0.03822,-1.15684,0.30936,-0.07617,-1.23178,0.26065,-0.07802,-1.24984,0.35343,-0.05505,-1.21017,0.39869,-0.07902,-1.13405,0.38652,0.04223,-1.1893,0.39422,0.11208,-1.23063,0.41309,0.02607,-1.18921,0.43712,-0.01755,-1.09261,0.21228,0.02838,-1.14662,0.07819,0.05895,-1.03802,0.13494,-0.0248,-1.00484,0.06217,-0.04249,-1.06677,0.23011,0.07417,-1.16984,0.18702,0.17088,-1.0868,0.08247,0.10605,-1.12413,0.02085,0.14504
5.8,-1.06628,0.24475,0.03539,-1.15289,0.36766,-0.02933,-1.22109,0.41502,-0.03884,-1.15626,0.30751,-0.0759,-1.23049,0.25787,-0.07998,-1.24943,0.3502,-0.05592,-1.20973,0.39628,-0.07819,-1.13515,0.38484,0.04271,-1.19109,0.39089,0.11217,-1.23191,0.40949,0.02586,-1.18992,0.4335,-0.01722,-1.09171,0.21148,0.02877,-1.14655,0.07772,0.05932,-1.03776,0.13473,-0.02401,-1.00464,0.06199,-0.0419,-1.06654,0.22937,0.0749,-1.16964,0.18616,0.17152,-1.08645,0.08207,0.10613,-1.12311,0.02025,0.1454
5.82,-1.06491,0.24363,0.03625,-1.15314,0.36524,-0.02874,-1.22128,0.4125,-0.03912,-1.15536,0.30509,-0.07538,-1.22877,0.25449,-0.08193,-1.24875,0.34635,-0.05693,-1.20878,0.39299,-0.07749,-1.13598,0.38262,0.04339,-1.19279,0.38653,0.1123,-1.23306,0.4051,0.02573,-1.19091,0.43005,-0.01666,-1.0902,0.21033,0.02925,-1.14617,0.07703,0.05977,-1.03699,0.1344,-0.02281,-1.00395,0.06169,-0.04099,-1.06581,0.22831,0.07577,-1.16935,0.18527,0.172,-1.08575,0.08165,0.10639,-1.12166,0.01966,0.14609
5.84,-1.06332,0.24239,0.03718,-1.15328,0.36258,-0.02809,-1.22142,0.40965,-0.03935,-1.15434,0.30242,-0.07477,-1.2268,0.25087,-0.08387,-1.24791,0.34224,-0.058,-1.20766,0.38936,-0.07684,-1.1367,0.38019,0.04411,-1.19438,0.38176,0.1124,-1.23409,0.40039,0.02558,-1.19199,0.42662,-0.01607,-1.08846,0.20906,0.02979,-1.14567,0.07627,0.06022,-1.03603,0.13402,-0.02146,-1.00307,0.06136,-0.03999,-1.0649,0.22713,0.0767,-1.16903,0.18437,0.17241,-1.08492,0.08122,0.10672,-1.12005,0.0191,0.14693
5.86,-1.06184,0.24122,0.03807,-1.15345,0.35995,-0.02756,-1.22155,0.40685,-0.03972,-1.15334,0.2998,-0.07426,-1.22479,0.24734,-0.08581,-1.24706,0.33818,-0.05909,-1.20664,0.38581,-0.07622,-1.13746,0.37781,0.04472,-1.19588,0.37711,0.11237,-1.23508,0.39577,0.02532,-1.19298,0.42313,-0.0156,-1.08683,0.20786,0.03031,-1.14524,0.07556,0.06063,-1.03516,0.13368,-0.02022,-1.0023,0.06106,-0.03907,-1.06407,0.22601,0.07758,-1.16873,0.1835,0.17283,-1.08416,0.0808,0.10702,-1.11856,0.01859,0.14772
5.88,-1.06033,0.24001,0.039,-1.15359,0.35718,-0.0271,-1.22161,0.40396,-0.04016,-1.15228,0.29702,-0.07377,-1.22257,0.2436,-0.0878,-1.24606,0.33391,-0.06032,-1.2055,0.38201,-0.07574,-1.13823,0.37534,0.04524,-1.19733,0.37241,0.11224,-1.236,0.39103,0.02494,-1.19394,0.41947,-0.01528,-1.08515,0.20661,0.03086,-1.14482,0.07484,0.06101,-1.03425,0.13336,-0.01886,-1.00147,0.0608,-0.0381,-1.06326,0.22487,0.0785,-1.16846,0.18261,0.17325,-1.0834,0.08039,0.10734,-1.11706,0.01812,0.14856
5.9,-1.05884,0.23884,0.03986,-1.15368,0.35449,-0.02666,-1.22169,0.40101,-0.04068,-1.15122,0.29435,-0.0733,-1.22036,0.24011,-0.08969,-1.24511,0.32984,-0.06143,-1.20454,0.37843,-0.07514,-1.13891,0.37291,0.04573,-1.19861,0.36761,0.11206,-1.23681,0.38633,0.02458,-1.19489,0.41599,-0.0149,-1.08351,0.20542,0.03137,-1.14436,0.07415,0.06135,-1.03339,0.133,-0.01773,-1.0007,0.06048,-0.03727,-1.06238,0.22374,0.07932,-1.16811,0.18178,0.17362,-1.08263,0.07996,0.10764,-1.11564,0.01769,0.14937
5.92,-1.0574,0.23784,0.04053,-1.15369,0.35221,-0.02613,-1.2219,0.39807,-0.0413,-1.15024,0.29216,-0.07283,-1.21846,0.23744,-0.09137,-1.24451,0.32649,-0.06216,-1.20412,0.37571,-0.07407,-1.13938,0.37076,0.04632,-1.19953,0.3626,0.11195,-1.23739,0.38186,0.02444,-1.19583,0.41314,-0.01416,-1.08198,0.20443,0.03176,-1.14376,0.07359,0.06171,-1.03274,0.13252,-0.01723,-1.00017,0.06,-0.03695,-1.06136,0.22273,0.07994,-1.16754,0.18114,0.1739,-1.08184,0.07953,0.10787,-1.11443,0.01731,0.15001
5.94,-1.05599,0.2369,0.04112,-1.15367,0.35007,-0.02558,-1.22213,0.39512,-0.04195,-1.14929,0.29015,-0.07238,-1.21661,0.23507,-0.09296,-1.24403,0.32338,-0.06278,-1.20393,0.37325,-0.07288,-1.13978,0.36868,0.04694,-1.20025,0.35751,0.11182,-1.23787,0.37748,0.02436,-1.1968,0.4105,-0.01329,-1.08051,0.20351,0.0321,-1.14311,0.07307,0.06205,-1.03214,0.13201,-0.01695,-0.9997,0.05946,-0.03676,-1.0603,0.22175,0.08048,-1.1669,0.18055,0.17413,-1.08105,0.07909,0.10807,-1.1133,0.01695,0.15059
5.96,-1.05458,0.23593,0.04173,-1.15363,0.34782,-0.02509,-1.22229,0.39213,-0.04264,-1.14829,0.28804,-0.07195,-1.21461,0.23254,-0.09457,-1.24343,0.3201,-0.06352,-1.20369,0.37057,-0.07184,-1.14021,0.36653,0.04749,-1.20089,0.35245,0.11161,-1.2383,0.37306,0.02421,-1.19775,0.40772,-0.01253,-1.07902,0.20256,0.03246,-1.14249,0.07253,0.06238,-1.03152,0.13153,-0.01657,-0.9992,0.05894,-0.03646,-1.05926,0.22075,0.08104,-1.16629,0.17993,0.17438,-1.08027,0.07864,0.10827,-1.11215,0.0166,0.15119
5.98,-1.05312,0.23497,0.0424,-1.15357,0.3455,-0.02461,-1.22241,0.38899,-0.0434,-1.14726,0.28583,-0.07149,-1.21253,0.22998,-0.09625,-1.24275,0.31676,-0.06433,-1.20336,0.36778,-0.07077,-1.1406,0.36434,0.04803,-1.20136,0.34717,0.11131,-1.23862,0.3685,0.02403,-1.19869,0.40486,-0.01173,-1.07748,0.20161,0.03286,-1.14185,0.072,0.06273,-1.03087,0.13107,-0.01618,-0.99871,0.0585,-0.0364,-1.05819,0.21976,0.08165,-1.16567,0.17932,0.17463,-1.07944,0.07821,0.1085,-1.11098,0.01627,0.15183
6,-1.05176,0.23401,0.04294,-1.15349,0.34328,-0.0242,-1.22246,0.38606,-0.04414,-1.14622,0.28378,-0.07117,-1.2104,0.22754,-0.09778,-1.24213,0.3135,-0.06513,-1.20329,0.36511,-0.06991,-1.14101,0.36216,0.04851,-1.20177,0.34227,0.11099,-1.23896,0.36422,0.02383,-1.19966,0.40211,-0.01104,-1.07606,0.20067,0.03315,-1.14125,0.07147,0.06298,-1.03026,0.13058,-0.01586,-0.9982,0.05792,-0.0359,-1.05718,0.21875,0.08213,-1.16505,0.1787,0.17483,-1.07869,0.07775,0.10863,-1.10991,0.01592,0.15236
6.02,-1.05068,0.23299,0.04313,-1.15341,0.34135,-0.02397,-1.22237,0.38375,-0.04474,-1.14517,0.28219,-0.0712,-1.20827,0.22531,-0.09902,-1.24167,0.31042,-0.06582,-1.20381,0.36284,-0.06956,-1.14154,0.36,0.0489,-1.20239,0.33839,0.11071,-1.23952,0.36061,0.0236,-1.20074,0.39959,-0.01065,-1.07494,0.1997,0.03311,-1.14078,0.07083,0.06295,-1.02968,0.13002,-0.01569,-0.99768,0.05689,-0.03405,-1.05637,0.21765,0.08225,-1.16444,0.17803,0.17489,-1.07813,0.07718,0.10848,-1.10903,0.01546,0.15258
6.04,-1.0497,0.23198,0.04321,-1.15333,0.33953,-0.0238,-1.22223,0.38168,-0.04528,-1.14412,0.28078,-0.07135,-1.20617,0.22321,-0.10011,-1.24127,0.30746,-0.06647,-1.20453,0.36072,-0.0694,-1.14209,0.35787,0.04925,-1.20307,0.33489,0.11045,-1.24014,0.35726,0.02334,-1.20185,0.39716,-0.01038,-1.07394,0.19874,0.03295,-1.14036,0.07018,0.06283,-1.02913,0.12942,-0.01558,-0.99725,0.05572,-0.03172,-1.05563,0.21653,0.08224,-1.16384,0.17734,0.17491,-1.07764,0.07658,0.10823,-1.10824,0.01497,0.1527
6.06,-1.04868,0.23098,0.04334,-1.15324,0.33766,-0.02362,-1.22208,0.3795,-0.04586,-1.14307,0.27929,-0.07146,-1.20403,0.22109,-0.10126,-1.24078,0.30446,-0.06718,-1.20512,0.35849,-0.06922,-1.14261,0.35571,0.04959,-1.20366,0.33124,0.11013,-1.24068,0.35379,0.02304,-1.2029,0.39466,-0.0101,-1.0729,0.19779,0.03285,-1.13991,0.06954,0.06276,-1.02857,0.12886,-0.01545,-0.9969,0.05466,-0.02965,-1.05486,0.21543,0.0823,-1.16324,0.17667,0.17495,-1.07712,0.076,0.10803,-1.10741,0.0145,0.15286
6.08,-1.04764,0.22992,0.04347,-1.15313,0.33569,-0.02346,-1.22188,0.37725,-0.0465,-1.14195,0.27775,-0.07158,-1.20176,0.21893,-0.10248,-1.24027,0.3013,-0.06792,-1.2058,0.35613,-0.06899,-1.14316,0.35342,0.04992,-1.20425,0.32736,0.10975,-1.24123,0.35011,0.02271,-1.20403,0.39198,-0.00983,-1.07182,0.19678,0.03273,-1.13946,0.06887,0.06266,-1.028,0.12825,-0.01532,-0.99667,0.05352,-0.02728,-1.05408,0.21427,0.08234,-1.1626,0.17595,0.175,-1.07658,0.07538,0.1078,-1.10657,0.01401,0.153
6.1,-1.04668,0.22898,0.04358,-1.15303,0.3339,-0.02334,-1.22172,0.37518,-0.04705,-1.14094,0.27635,-0.07172,-1.19969,0.21695,-0.10352,-1.23973,0.29846,-0.06868,-1.2063,0.35395,-0.06901,-1.14364,0.35135,0.05018,-1.20478,0.32399,0.10938,-1.24168,0.34687,0.02234,-1.20499,0.38959,-0.00967,-1.07083,0.19589,0.03262,-1.13903,0.06828,0.06256,-1.02746,0.12773,-0.0152,-0.99648,0.05258,-0.02537,-1.05335,0.21323,0.08238,-1.16204,0.17531,0.175,-1.07608,0.07483,0.10759,-1.1058,0.01359,0.15315
6.12,-1.04596,0.22837,0.04367,-1.15294,0.3326,-0.02332,-1.22171,0.37358,-0.04732,-1.1402,0.27529,-0.07182,-1.19817,0.21537,-0.10407,-1.23915,0.29651,-0.06945,-1.20621,0.35229,-0.06955,-1.14396,0.34991,0.05028,-1.20519,0.32191,0.10908,-1.24192,0.34478,0.02196,-1.20551,0.38801,-0.00969,-1.07008,0.19532,0.03257,-1.13868,0.06792,0.06253,-1.02698,0.1274,-0.01503,-0.99613,0.05217,-0.02491,-1.05277,0.21257,0.08242,-1.16171,0.17491,0.17486,-1.07566,0.07447,0.1075,-1.1052,0.01338,0.15337
6.14,-1.04533,0.22788,0.04375,-1.15286,0.33148,-0.02334,-1.22176,0.37217,-0.04748,-1.13957,0.27436,-0.07192,-1.19688,0.21395,-0.10442,-1.23857,0.29491,-0.07021,-1.20592,0.35085,-0.07029,-1.14422,0.34871,0.05033,-1.20558,0.32033,0.10881,-1.24209,0.34315,0.02159,-1.20589,0.38675,-0.00978,-1.06944,0.19486,0.03255,-1.13835,0.06764,0.06252,-1.02654,0.12715,-0.01484,-0.99571,0.05194,-0.02496,-1.05226,0.21205,0.08246,-1.16147,0.1746,0.17467,-1.07529,0.07417,0.10744,-1.10469,0.01324,0.15362
6.16,-1.04466,0.22735,0.04383,-1.15278,0.33028,-0.02335,-1.22177,0.37067,-0.0477,-1.13889,0.27338,-0.07202,-1.19549,0.21248,-0.10486,-1.23797,0.29316,-0.07097,-1.2057,0.34933,-0.07095,-1.1445,0.34739,0.05038,-1.20596,0.31853,0.10852,-1.24227,0.34131,0.0212,-1.20632,0.38534,-0.00985,-1.06875,0.19435,0.03252,-1.13802,0.06732,0.0625,-1.02609,0.12688,-0.01466,-0.99533,0.05164,-0.02476,-1.05171,0.21147,0.0825,-1.16119,0.17425,0.17449,-1.07491,0.07385,0.10737,-1.10416,0.01308,0.15385
6.18,-1.04398,0.22679,0.0439,-1.15268,0.32903,-0.02337,-1.22178,0.36912,-0.04792,-1.13818,0.27238,-0.07215,-1.19402,0.21096,-0.10534,-1.23734,0.29133,-0.07179,-1.20546,0.34772,-0.07164,-1.14479,0.34601,0.05044,-1.20637,0.31665,0.1082,-1.24246,0.33941,0.02078,-1.20676,0.38388,-0.00993,-1.06804,0.19381,0.03246,-1.13768,0.06699,0.06246,-1.02562,0.12658,-0.0145,-0.99494,0.05131,-0.02461,-1.05117,0.21085,0.08253,-1.16089,0.17388,0.17432,-1.07452,0.07351,0.10728,-1.10361,0.01291,0.15407
6.2,-1.04335,0.22632,0.044,-1.15258,0.32791,-0.0234,-1.22179,0.36771,-0.04814,-1.13754,0.27145,-0.07224,-1.19274,0.20961,-0.1057,-1.23674,0.28977,-0.07251,-1.20518,0.34633,-0.07232,-1.14502,0.34481,0.05046,-1.20669,0.31503,0.10791,-1.2426,0.33773,0.0204,-1.20714,0.38258,-0.01003,-1.0674,0.19336,0.03246,-1.13736,0.06671,0.06245,-1.02519,0.12635,-0.01431,-0.99455,0.05107,-0.0245,-1.05065,0.21034,0.08259,-1.16065,0.17357,0.17413,-1.07414,0.07322,0.10723,-1.10311,0.0128,0.15433
6.22,-1.04289,0.22602,0.04419,-1.1525,0.32709,-0.0234,-1.22181,0.36656,-0.04835,-1.13712,0.27069,-0.0722,-1.19202,0.20866,-0.10581,-1.23627,0.28881,-0.07296,-1.20486,0.34546,-0.07291,-1.14512,0.34405,0.05047,-1.20681,0.31393,0.10773,-1.24268,0.33647,0.02017,-1.20745,0.38158,-0.01016,-1.06693,0.19307,0.03263,-1.13711,0.06652,0.06253,-1.02483,0.12623,-0.01401,-0.99426,0.05094,-0.02426,-1.05022,0.21005,0.08278,-1.16057,0.17337,0.17394,-1.07382,0.07302,0.10734,-1.10273,0.01278,0.15472
6.24,-1.0425,0.22581,0.04441,-1.15242,0.32638,-0.0234,-1.22184,0.36553,-0.04856,-1.13678,0.26998,-0.07212,-1.19152,0.20786,-0.10581,-1.23587,0.28809,-0.0733,-1.20452,0.34478,-0.07347,-1.14518,0.34345,0.05045,-1.20685,0.31307,0.10759,-1.24273,0.3354,0.01998,-1.20772,0.38071,-0.0103,-1.06653,0.19284,0.03286,-1.13689,0.06637,0.06265,-1.02451,0.12616,-0.01369,-0.99398,0.05087,-0.02406,-1.04983,0.20985,0.083,-1.16055,0.17321,0.17373,-1.07353,0.07285,0.1075,-1.1024,0.01281,0.15515
6.26,-1.04207,0.22556,0.04462,-1.15233,0.32563,-0.0234,-1.22185,0.36447,-0.04877,-1.1364,0.26926,-0.07206,-1.19092,0.207,-0.10585,-1.23544,0.28727,-0.07367,-1.2042,0.34401,-0.07402,-1.14524,0.34279,0.05045,-1.20691,0.31213,0.10744,-1.24278,0.33426,0.01978,-1.20799,0.3798,-0.01043,-1.0661,0.19259,0.03307,-1.13666,0.06621,0.06275,-1.02418,0.12607,-0.01338,-0.99367,0.05079,-0.02391,-1.04942,0.20961,0.08321,-1.1605,0.17304,0.17352,-1.07323,0.07267,0.10764,-1.10206,0.01283,0.15557
6.28,-1.04165,0.22531,0.04484,-1.15224,0.32485,-0.0234,-1.22188,0.36334,-0.04898,-1.13601,0.26852,-0.072,-1.19029,0.20612,-0.10592,-1.23498,0.28646,-0.07411,-1.20383,0.34325,-0.07467,-1.14533,0.3421,0.05044,-1.207,0.31112,0.10726,-1.24285,0.33306,0.01954,-1.2083,0.37883,-0.01058,-1.06567,0.19234,0.03328,-1.13643,0.06604,0.06285,-1.02384,0.12598,-0.01305,-0.99342,0.05065,-0.0235,-1.04902,0.20937,0.08343,-1.16044,0.17285,0.17333,-1.07292,0.07248,0.10778,-1.10171,0.01284,0.15598
6.3,-1.04124,0.2251,0.04502,-1.15214,0.32416,-0.02341,-1.22186,0.36236,-0.04919,-1.13565,0.26784,-0.07193,-1.18976,0.20532,-0.10592,-1.23457,0.28569,-0.07439,-1.20352,0.34253,-0.0751,-1.14535,0.3415,0.05043,-1.20699,0.31029,0.10715,-1.24285,0.33203,0.01938,-1.20852,0.37799,-0.0107,-1.06525,0.19212,0.03348,-1.13619,0.0659,0.06294,-1.02351,0.12592,-0.01275,-0.99306,0.05066,-0.02362,-1.0486,0.20917,0.08362,-1.1604,0.17272,0.17308,-1.07263,0.07232,0.10792,-1.1014,0.0129,0.1564
6.32,-1.04082,0.225,0.04512,-1.15197,0.32369,-0.02344,-1.22168,0.36178,-0.04943,-1.13538,0.26733,-0.07187,-1.18938,0.20466,-0.10575,-1.23429,0.28497,-0.07423,-1.20338,0.34189,-0.07492,-1.1452,0.34118,0.05037,-1.20672,0.3099,0.10719,-1.24266,0.33142,0.0194,-1.20848,0.37745,-0.01073,-1.06484,0.192,0.03365,-1.1359,0.06583,0.06302,-1.02317,0.12594,-0.01253,-0.99242,0.05111,-0.02533,-1.04811,0.2091,0.08374,-1.16036,0.17276,0.17269,-1.07234,0.07223,0.10807,-1.10117,0.01309,0.15686
6.34,-1.04041,0.22495,0.04518,-1.15179,0.32332,-0.02347,-1.22144,0.36136,-0.04967,-1.13514,0.26689,-0.07181,-1.18908,0.20408,-0.10553,-1.23407,0.28431,-0.0739,-1.20329,0.3413,-0.07452,-1.14499,0.34096,0.05029,-1.20635,0.3097,0.10729,-1.2424,0.33098,0.01949,-1.20835,0.37705,-0.01074,-1.06445,0.19194,0.0338,-1.13561,0.0658,0.06309,-1.02283,0.126,-0.01232,-0.99178,0.05174,-0.02753,-1.0476,0.20909,0.08384,-1.16032,0.17288,0.17224,-1.07205,0.07218,0.10822,-1.10098,0.01334,0.15731
6.36,-1.03999,0.22487,0.04525,-1.15162,0.3229,-0.0235,-1.22124,0.36086,-0.0499,-1.13489,0.26642,-0.07175,-1.18874,0.20347,-0.10534,-1.23381,0.28364,-0.07366,-1.20315,0.34069,-0.07424,-1.1448,0.34068,0.05023,-1.20603,0.30941,0.10737,-1.24217,0.33047,0.01955,-1.20825,0.37659,-0.01076,-1.06405,0.19184,0.03395,-1.13532,0.06575,0.06316,-1.02249,0.12603,-0.01211,-0.99126,0.05231,-0.0294,-1.0471,0.20904,0.08394,-1.16028,0.17296,0.17181,-1.07176,0.07211,0.10837,-1.10078,0.01356,0.15776
6.38,-1.03958,0.22484,0.04535,-1.15145,0.32249,-0.02353,-1.22103,0.36037,-0.05016,-1.13464,0.26594,-0.07167,-1.1884,0.20283,-0.10511,-1.23357,0.28291,-0.07335,-1.2031,0.34007,-0.07389,-1.14462,0.34043,0.05016,-1.20567,0.30913,0.10747,-1.24194,0.32993,0.01964,-1.20819,0.37611,-0.01076,-1.06365,0.19178,0.03414,-1.13502,0.06572,0.06325,-1.02216,0.1261,-0.01189,-0.99082,0.05302,-0.03155,-1.04658,0.20904,0.08407,-1.16023,0.17308,0.17138,-1.07148,0.07206,0.10854,-1.10059,0.01385,0.15827
6.4,-1.03916,0.22472,0.04539,-1.15125,0.32209,-0.02355,-1.2208,0.3599,-0.05034,-1.13437,0.2655,-0.07163,-1.18808,0.20228,-0.10494,-1.23331,0.28231,-0.07313,-1.20288,0.33949,-0.07361,-1.1444,0.34015,0.05011,-1.20535,0.30886,0.10753,-1.24168,0.32948,0.01968,-1.20802,0.37569,-0.01079,-1.06325,0.19165,0.03424,-1.13474,0.06564,0.06329,-1.02181,0.1261,-0.01168,-0.99045,0.05354,-0.03316,-1.04609,0.20895,0.08413,-1.16017,0.17312,0.17093,-1.07117,0.07196,0.10868,-1.1004,0.01401,0.15865
6.42,-1.03874,0.22435,0.04525,-1.15093,0.32168,-0.02357,-1.22054,0.35943,-0.05029,-1.13406,0.26511,-0.07168,-1.18781,0.20191,-0.10495,-1.23299,0.28199,-0.0732,-1.20218,0.33897,-0.07366,-1.14403,0.33972,0.05008,-1.20515,0.30861,0.10742,-1.2413,0.32921,0.0195,-1.20755,0.37535,-0.01095,-1.06283,0.19129,0.03409,-1.13451,0.0654,0.06315,-1.0214,0.12592,-0.0115,-0.99004,0.05348,-0.03336,-1.04566,0.20855,0.08398,-1.16006,0.17291,0.17044,-1.07077,0.07169,0.1087,-1.10015,0.01383,0.15868
6.44,-1.03833,0.2239,0.04504,-1.15056,0.32131,-0.0236,-1.22026,0.35901,-0.05017,-1.13373,0.26479,-0.07177,-1.18757,0.20165,-0.10503,-1.23266,0.28182,-0.07337,-1.20132,0.3385,-0.07379,-1.1436,0.33928,0.05007,-1.20497,0.30838,0.10726,-1.24089,0.32904,0.01926,-1.20697,0.3751,-0.01113,-1.06243,0.19087,0.03383,-1.13432,0.0651,0.06295,-1.02099,0.12567,-0.01133,-0.98961,0.0532,-0.03306,-1.04527,0.20806,0.08375,-1.15995,0.17262,0.16992,-1.07035,0.07137,0.10868,-1.09989,0.01352,0.15857
6.46,-1.03793,0.2235,0.04486,-1.15022,0.32096,-0.02362,-1.21998,0.3586,-0.05009,-1.13342,0.26448,-0.07186,-1.18733,0.20141,-0.10511,-1.23235,0.28163,-0.07348,-1.20055,0.33806,-0.07387,-1.14321,0.33887,0.05006,-1.20477,0.30813,0.10712,-1.24051,0.32885,0.01906,-1.20645,0.37485,-0.01127,-1.06204,0.19049,0.03362,-1.13412,0.06485,0.06277,-1.0206,0.12547,-0.01116,-0.9892,0.05302,-0.03295,-1.04488,0.20763,0.08356,-1.15985,0.17239,0.16941,-1.06996,0.07109,0.10868,-1.09964,0.01327,0.15852
6.48,-1.03745,0.22304,0.0447,-1.14986,0.32044,-0.02365,-1.21972,0.35805,-0.04995,-1.13308,0.26398,-0.07192,-1.18704,0.20088,-0.10506,-1.23199,0.28122,-0.07363,-1.19971,0.33738,-0.074,-1.1428,0.33834,0.05002,-1.20461,0.30791,0.10699,-1.24009,0.32853,0.01879,-1.20587,0.37441,-0.01153,-1.06158,0.19005,0.03343,-1.13389,0.06454,0.0626,-1.02017,0.12523,-0.01097,-0.98875,0.05286,-0.03297,-1.04441,0.20713,0.08338,-1.15969,0.17211,0.16892,-1.06952,0.07077,0.10869,-1.09936,0.013,0.15851
6.5,-1.03714,0.2227,0.04448,-1.14952,0.32029,-0.02367,-1.21942,0.35782,-0.04993,-1.13279,0.2639,-0.07203,-1.18686,0.20098,-0.10531,-1.23172,0.28131,-0.07373,-1.19898,0.3372,-0.07402,-1.1424,0.33807,0.05003,-1.20437,0.30766,0.10683,-1.23972,0.32852,0.01865,-1.20538,0.37439,-0.01156,-1.06127,0.18973,0.03316,-1.13373,0.06433,0.06241,-1.01982,0.12505,-0.01084,-0.98838,0.05262,-0.03263,-1.04411,0.20676,0.08314,-1.15965,0.1719,0.16839,-1.06917,0.07053,0.10867,-1.09916,0.01277,0.1584
6.52,-1.03722,0.22272,0.0441,-1.14918,0.32108,-0.02363,-1.21907,0.35842,-0.05021,-1.13263,0.26487,-0.07226,-1.187,0.2026,-0.10629,-1.23167,0.28261,-0.07365,-1.19859,0.3383,-0.07373,-1.14205,0.33845,0.05017,-1.20391,0.30726,0.10667,-1.23951,0.3292,0.01885,-1.20519,0.37536,-0.01094,-1.06135,0.18977,0.03272,-1.13374,0.06437,0.06217,-1.01962,0.12501,-0.01084,-0.98824,0.05217,-0.03129,-1.04425,0.20675,0.08274,-1.15993,0.17182,0.16777,-1.06902,0.07052,0.10859,-1.09918,0.01262,0.15806
6.54,-1.03747,0.22288,0.04365,-1.14885,0.32225,-0.02357,-1.21867,0.35937,-0.05061,-1.13252,0.26628,-0.07255,-1.18725,0.20488,-0.10758,-1.2317,0.28442,-0.07353,-1.1983,0.33992,-0.07332,-1.14172,0.3391,0.05035,-1.20337,0.30685,0.10648,-1.23935,0.33019,0.01917,-1.20511,0.37675,-0.01008,-1.06158,0.18994,0.0322,-1.13383,0.06452,0.06191,-1.01951,0.12503,-0.01089,-0.98823,0.05169,-0.02963,-1.04457,0.20688,0.08226,-1.16034,0.17181,0.16712,-1.06897,0.07061,0.10848,-1.09929,0.01251,0.15762
6.56,-1.03767,0.223,0.04322,-1.14851,0.32329,-0.02352,-1.21828,0.36021,-0.05097,-1.13239,0.26754,-0.07282,-1.18743,0.20695,-0.10877,-1.23169,0.28605,-0.07347,-1.19797,0.34135,-0.07296,-1.14139,0.33966,0.05051,-1.20289,0.30648,0.10626,-1.23918,0.33109,0.01943,-1.20498,0.378,-0.00931,-1.06178,0.19008,0.03171,-1.1339,0.06463,0.06164,-1.01939,0.12504,-0.01094,-0.98822,0.05129,-0.02822,-1.04485,0.20697,0.08181,-1.16072,0.17178,0.16647,-1.0689,0.07067,0.10837,-1.09937,0.0124,0.15722
6.58,-1.03772,0.22304,0.04282,-1.14812,0.32412,-0.02344,-1.21785,0.36084,-0.05127,-1.13219,0.26858,-0.07304,-1.18751,0.20871,-0.10973,-1.23164,0.28735,-0.07327,-1.19763,0.34248,-0.07268,-1.14099,0.34006,0.05068,-1.20229,0.30595,0.10609,-1.23894,0.3317,0.01974,-1.20482,0.37894,-0.00855,-1.06181,0.19012,0.03124,-1.13386,0.0647,0.06141,-1.01914,0.12501,-0.01091,-0.98816,0.05077,-0.02631,-1.04497,0.20698,0.08138,-1.16097,0.17171,0.16584,-1.06872,0.07067,0.10829,-1.09937,0.01224,0.15683
6.6,-1.03813,0.22327,0.04235,-1.14783,0.32544,-0.0234,-1.21746,0.36198,-0.05171,-1.13212,0.27016,-0.07335,-1.18776,0.2113,-0.11119,-1.23167,0.28942,-0.07335,-1.19734,0.34433,-0.07221,-1.14074,0.34083,0.05084,-1.20191,0.30574,0.10578,-1.23886,0.33296,0.02001,-1.20475,0.38057,-0.00767,-1.06222,0.19037,0.03071,-1.13406,0.06489,0.06112,-1.01917,0.12508,-0.01104,-0.98831,0.05057,-0.02534,-1.04544,0.20718,0.08089,-1.16151,0.17174,0.16517,-1.0688,0.07082,0.10816,-1.09958,0.01222,0.15641
6.62,-1.03952,0.22399,0.04171,-1.14778,0.32803,-0.02349,-1.21718,0.3644,-0.05258,-1.13243,0.27311,-0.07395,-1.18841,0.2161,-0.11404,-1.23192,0.29347,-0.07424,-1.19718,0.34805,-0.07119,-1.14089,0.34256,0.05094,-1.20214,0.30636,0.10506,-1.23927,0.33597,0.02017,-1.20496,0.38402,-0.00647,-1.06363,0.19113,0.03001,-1.13489,0.06536,0.06063,-1.01995,0.12539,-0.0116,-0.98889,0.05121,-0.02717,-1.04682,0.20783,0.08022,-1.16286,0.17204,0.16441,-1.06956,0.07138,0.1079,-1.10035,0.01256,0.15588
6.64,-1.04125,0.2249,0.041,-1.14777,0.33107,-0.02363,-1.21686,0.36731,-0.05361,-1.1328,0.27655,-0.07464,-1.18906,0.22174,-0.11733,-1.23219,0.29822,-0.07546,-1.19703,0.35235,-0.07004,-1.14117,0.34464,0.05101,-1.20259,0.30732,0.10417,-1.23981,0.33959,0.02029,-1.20521,0.38808,-0.00515,-1.0654,0.19209,0.02926,-1.13592,0.06595,0.06008,-1.02099,0.12579,-0.01231,-0.98974,0.05216,-0.02992,-1.04853,0.20866,0.07948,-1.16449,0.17245,0.1636,-1.07057,0.07209,0.10759,-1.10133,0.01304,0.15531
6.66,-1.04283,0.22572,0.04033,-1.1477,0.33386,-0.02373,-1.21647,0.36999,-0.05455,-1.13307,0.27972,-0.07525,-1.18948,0.22699,-0.12029,-1.23236,0.30257,-0.07657,-1.19686,0.35623,-0.06904,-1.14137,0.34652,0.05109,-1.20296,0.30818,0.10332,-1.24024,0.34289,0.02045,-1.20537,0.39176,-0.00387,-1.06701,0.19294,0.02854,-1.13686,0.06649,0.05956,-1.0219,0.12616,-0.01293,-0.9906,0.05294,-0.03212,-1.0501,0.2094,0.07879,-1.16599,0.1728,0.16282,-1.07147,0.07273,0.10731,-1.10221,0.01347,0.15477
6.68,-1.04443,0.22656,0.03963,-1.14758,0.33668,-0.02384,-1.21602,0.37261,-0.05563,-1.13328,0.28297,-0.07588,-1.1897,0.23243,-0.12337,-1.23248,0.30695,-0.07776,-1.19676,0.36008,-0.06792,-1.14158,0.34841,0.05116,-1.20325,0.3088,0.10234,-1.24071,0.34614,0.0207,-1.20566,0.39548,-0.00236,-1.06864,0.19383,0.02778,-1.13781,0.06705,0.05901,-1.02281,0.12655,-0.01356,-0.99157,0.05381,-0.0346,-1.05168,0.21017,0.07806,-1.1675,0.17318,0.16202,-1.07238,0.0734,0.10702,-1.10313,0.0139,0.15418
6.7,-1.04605,0.22739,0.03898,-1.14745,0.33944,-0.02394,-1.21552,0.37538,-0.05651,-1.13349,0.28611,-0.07647,-1.18987,0.23768,-0.12614,-1.2325,0.3113,-0.07898,-1.1965,0.36383,-0.06716,-1.14177,0.35031,0.05121,-1.20375,0.30998,0.10145,-1.24105,0.3495,0.02078,-1.20561,0.39905,-0.00124,-1.07029,0.19471,0.02708,-1.13877,0.0676,0.05848,-1.02376,0.12693,-0.0142,-0.99263,0.05456,-0.03662,-1.05328,0.21093,0.07737,-1.16905,0.17354,0.16124,-1.07332,0.07407,0.10672,-1.10403,0.01439,0.15367
6.72,-1.04764,0.22819,0.03846,-1.14731,0.34202,-0.02403,-1.21497,0.37862,-0.05672,-1.13376,0.28894,-0.07693,-1.19025,0.24226,-0.12812,-1.23237,0.31559,-0.08005,-1.19575,0.36748,-0.0673,-1.14187,0.3522,0.05123,-1.20475,0.31272,0.10102,-1.24095,0.35325,0.02035,-1.20454,0.40227,-0.00126,-1.07192,0.19555,0.02652,-1.13972,0.0681,0.058,-1.02475,0.12726,-0.01488,-0.99355,0.0549,-0.03725,-1.05485,0.21165,0.07683,-1.17062,0.17386,0.16049,-1.07431,0.07472,0.10642,-1.10484,0.015,0.15344
6.74,-1.04923,0.22897,0.03799,-1.14716,0.3445,-0.02413,-1.21439,0.38197,-0.05671,-1.13403,0.29164,-0.07734,-1.19064,0.24658,-0.12983,-1.23213,0.31982,-0.08109,-1.19479,0.37103,-0.06774,-1.14194,0.35407,0.05124,-1.20589,0.31597,0.10073,-1.24067,0.35708,0.01973,-1.20311,0.40531,-0.00169,-1.07355,0.19637,0.02601,-1.14067,0.06857,0.05753,-1.02576,0.12757,-0.01558,-0.99442,0.05512,-0.03743,-1.0564,0.21234,0.07633,-1.17221,0.17416,0.15977,-1.07531,0.07536,0.10611,-1.10563,0.01566,0.15328
6.76,-1.0508,0.22974,0.03751,-1.14696,0.34696,-0.02421,-1.21377,0.38514,-0.05683,-1.13424,0.29433,-0.07776,-1.19087,0.25094,-0.13162,-1.23185,0.32399,-0.08216,-1.19385,0.37452,-0.06804,-1.142,0.35589,0.05125,-1.2069,0.3189,0.10034,-1.2404,0.36077,0.01918,-1.20182,0.40832,-0.00193,-1.07516,0.19719,0.02548,-1.1416,0.06905,0.05706,-1.02675,0.12789,-0.01627,-0.9953,0.0554,-0.03782,-1.05793,0.21303,0.07582,-1.17377,0.17447,0.15905,-1.0763,0.07601,0.10581,-1.10644,0.01629,0.15308
6.78,-1.05249,0.23059,0.03699,-1.14677,0.34954,-0.02432,-1.21309,0.38862,-0.05686,-1.13445,0.29717,-0.07821,-1.1911,0.25555,-0.13343,-1.2315,0.32839,-0.08319,-1.19288,0.37824,-0.06838,-1.14209,0.35783,0.05123,-1.20796,0.32224,0.10008,-1.24008,0.36481,0.01872,-1.20038,0.41153,-0.00215,-1.07689,0.19808,0.02491,-1.1426,0.06958,0.05654,-1.02779,0.12825,-0.01698,-0.99622,0.05571,-0.0382,-1.05959,0.2138,0.07527,-1.17547,0.1748,0.15823,-1.07736,0.0767,0.10549,-1.1073,0.01699,0.1529
6.8,-1.05391,0.23126,0.03657,-1.1465,0.35173,-0.02435,-1.21242,0.39139,-0.05701,-1.13455,0.29958,-0.07854,-1.19105,0.25949,-0.13503,-1.23107,0.33216,-0.08425,-1.19183,0.38129,-0.0687,-1.14207,0.35945,0.05128,-1.20882,0.32482,0.09961,-1.2397,0.36801,0.0181,-1.19909,0.4141,-0.00244,-1.07835,0.1988,0.02445,-1.14345,0.06999,0.05611,-1.02869,0.12853,-0.01761,-0.997,0.05593,-0.03846,-1.06097,0.21439,0.07482,-1.17685,0.17509,0.15764,-1.07828,0.07729,0.10522,-1.10805,0.01756,0.15271
6.82,-1.05466,0.23149,0.0364,-1.14606,0.35302,-0.02421,-1.2119,0.39233,-0.05746,-1.13444,0.301,-0.07859,-1.19054,0.26196,-0.13621,-1.23049,0.33467,-0.08543,-1.19052,0.3829,-0.06893,-1.14175,0.36037,0.05146,-1.20932,0.32549,0.09845,-1.23924,0.36937,0.01696,-1.19825,0.41543,-0.0029,-1.07915,0.19909,0.02422,-1.14391,0.07012,0.0559,-1.02926,0.12855,-0.01807,-0.99746,0.05592,-0.03863,-1.06169,0.21452,0.07461,-1.1774,0.17529,0.1577,-1.07885,0.07758,0.10504,-1.10855,0.01771,0.1524
6.84,-1.05512,0.23153,0.03634,-1.1456,0.3539,-0.02398,-1.2114,0.39256,-0.05803,-1.13426,0.30198,-0.07853,-1.1898,0.26371,-0.13719,-1.22988,0.33649,-0.08661,-1.18922,0.38378,-0.0691,-1.14133,0.36097,0.05172,-1.20961,0.32534,0.09709,-1.23874,0.36984,0.01565,-1.19761,0.4161,-0.00343,-1.07966,0.1992,0.0241,-1.14421,0.07011,0.05578,-1.02969,0.12847,-0.01844,-0.99777,0.0558,-0.03867,-1.0621,0.21445,0.07451,-1.1776,0.17544,0.158,-1.07927,0.07775,0.10491,-1.10893,0.01771,0.15207
6.86,-1.05565,0.23162,0.03624,-1.14515,0.35485,-0.02378,-1.21085,0.39302,-0.05859,-1.13409,0.30306,-0.0785,-1.18903,0.26558,-0.13823,-1.22926,0.33837,-0.08778,-1.18801,0.38476,-0.06929,-1.14096,0.36161,0.05195,-1.20989,0.32538,0.09585,-1.23823,0.37045,0.01444,-1.19692,0.41684,-0.00393,-1.08025,0.19935,0.02394,-1.14454,0.07014,0.05562,-1.03013,0.12842,-0.01884,-0.99811,0.05569,-0.03871,-1.0626,0.21444,0.07437,-1.1779,0.17559,0.1582,-1.07971,0.07795,0.10476,-1.10933,0.01776,0.15176
6.88,-1.05644,0.23186,0.03609,-1.1446,0.35618,-0.02364,-1.21036,0.39378,-0.05895,-1.13393,0.30449,-0.07853,-1.18856,0.26822,-0.13929,-1.22842,0.34133,-0.08902,-1.18634,0.38655,-0.06952,-1.14051,0.36261,0.05212,-1.21048,0.32636,0.09432,-1.23757,0.37228,0.01296,-1.19575,0.41852,-0.00458,-1.08108,0.19965,0.02374,-1.14503,0.07027,0.05543,-1.03077,0.12844,-0.01934,-0.99863,0.05571,-0.03898,-1.06335,0.21458,0.07418,-1.17842,0.1758,0.15837,-1.08031,0.07827,0.1046,-1.10988,0.01789,0.15138
6.9,-1.05663,0.23175,0.03607,-1.14425,0.35661,-0.02334,-1.20969,0.39373,-0.05975,-1.13374,0.30507,-0.07839,-1.18738,0.26903,-0.14016,-1.22798,0.34184,-0.09004,-1.18566,0.38641,-0.0696,-1.1402,0.36278,0.05245,-1.2103,0.32527,0.09332,-1.23711,0.37139,0.01198,-1.19556,0.41808,-0.00499,-1.08133,0.1996,0.02366,-1.14517,0.07016,0.05532,-1.03097,0.12829,-0.01958,-0.99874,0.05547,-0.03876,-1.06349,0.21435,0.07412,-1.1784,0.17587,0.15866,-1.08056,0.0783,0.10446,-1.1101,0.01783,0.15115
6.92,-1.05536,0.23078,0.03634,-1.14446,0.35481,-0.0226,-1.20844,0.3916,-0.06182,-1.13339,0.30357,-0.07783,-1.18403,0.26552,-0.14091,-1.22839,0.33609,-0.09076,-1.18729,0.38138,-0.06943,-1.14043,0.36077,0.05321,-1.20814,0.31857,0.09354,-1.23698,0.36344,0.01219,-1.19775,0.41212,-0.00472,-1.08017,0.19873,0.02388,-1.14445,0.06947,0.05539,-1.03008,0.1277,-0.01917,-0.99785,0.05455,-0.03707,-1.0621,0.21321,0.07434,-1.17699,0.17557,0.15927,-1.07999,0.07757,0.10434,-1.10951,0.01733,0.15133
6.94,-1.0535,0.22945,0.03673,-1.14485,0.35209,-0.02169,-1.20685,0.3886,-0.06421,-1.13299,0.3012,-0.07708,-1.17983,0.26056,-0.14147,-1.22888,0.32786,-0.09121,-1.1896,0.37434,-0.06903,-1.14079,0.3579,0.05413,-1.20472,0.30998,0.09423,-1.23644,0.35294,0.01292,-1.20045,0.40403,-0.00412,-1.07842,0.1975,0.02423,-1.14339,0.06854,0.05553,-1.02876,0.12693,-0.01851,-0.99664,0.05338,-0.03489,-1.06009,0.21171,0.07467,-1.17503,0.17512,0.16001,-1.07907,0.07656,0.10425,-1.10859,0.01665,0.15167
6.96,-1.05185,0.22825,0.03706,-1.14513,0.34967,-0.02085,-1.20522,0.38589,-0.06626,-1.13263,0.29911,-0.0764,-1.17596,0.2565,-0.14196,-1.22903,0.32059,-0.09157,-1.19136,0.36801,-0.06859,-1.14099,0.35535,0.05497,-1.20119,0.30257,0.09473,-1.23537,0.34376,0.01351,-1.2024,0.39683,-0.00358,-1.07688,0.19641,0.02451,-1.14246,0.06772,0.05565,-1.0276,0.12622,-0.01794,-0.99563,0.05234,-0.03303,-1.05832,0.21035,0.07494,-1.17327,0.17473,0.16068,-1.07827,0.07568,0.10417,-1.10778,0.01606,0.15195
6.98,-1.05043,0.22716,0.03742,-1.14533,0.34756,-0.01999,-1.20336,0.38314,-0.06848,-1.132,0.2975,-0.0758,-1.17116,0.25367,-0.14316,-1.22814,0.31431,-0.09277,-1.19198,0.36223,-0.06845,-1.14142,0.35286,0.05587,-1.19781,0.29517,0.09439,-1.23366,0.33529,0.01335,-1.20357,0.39026,-0.00306,-1.07558,0.19543,0.02484,-1.14166,0.06695,0.05578,-1.02661,0.12557,-0.01741,-0.99484,0.05124,-0.03063,-1.05674,0.20908,0.07524,-1.17162,0.17437,0.16144,-1.07761,0.07487,0.10407,-1.10706,0.01555,0.15227
7,-1.04841,0.22578,0.03775,-1.14565,0.34455,-0.01913,-1.20152,0.38006,-0.07015,-1.13182,0.2947,-0.07501,-1.16768,0.24897,-0.14293,-1.22838,0.30558,-0.09222,-1.19418,0.35472,-0.06749,-1.14137,0.34996,0.0567,-1.19281,0.28802,0.09555,-1.23175,0.32551,0.01468,-1.20528,0.38214,-0.0023,-1.07365,0.19414,0.02511,-1.14051,0.06603,0.05593,-1.02517,0.12476,-0.01673,-0.99368,0.05018,-0.02917,-1.05464,0.20755,0.07552,-1.16958,0.17393,0.16206,-1.07657,0.07387,0.10403,-1.10609,0.01487,0.15257
7.02,-1.0449,0.22372,0.038,-1.14623,0.33926,-0.01838,-1.19993,0.37617,-0.07071,-1.13291,0.2886,-0.07365,-1.168,0.23829,-0.13867,-1.23172,0.28993,-0.08639,-1.20078,0.34224,-0.06397,-1.13994,0.34627,0.05718,-1.18397,0.28197,0.10097,-1.22948,0.31209,0.02045,-1.20846,0.36959,-0.0007,-1.0701,0.19211,0.02522,-1.13849,0.06483,0.0561,-1.02263,0.12367,-0.01561,-0.9914,0.04948,-0.03078,-1.05128,0.20544,0.07572,-1.16665,0.17328,0.16226,-1.07457,0.07245,0.10408,-1.10451,0.01378,0.15277
7.04,-1.04081,0.22139,0.03822,-1.14676,0.33294,-0.01771,-1.19811,0.37141,-0.07126,-1.13412,0.28108,-0.07201,-1.1686,0.22532,-0.13279,-1.23455,0.27139,-0.07811,-1.2078,0.32711,-0.05874,-1.13807,0.34219,0.05737,-1.17342,0.27693,0.1072,-1.22593,0.29743,0.02792,-1.21139,0.35485,0.00171,-1.06594,0.18979,0.02526,-1.13613,0.06352,0.05624,-1.01965,0.12245,-0.01438,-0.98894,0.0489,-0.03326,-1.04743,0.20309,0.07589,-1.16334,0.17255,0.16228,-1.0722,0.07085,0.10415,-1.10271,0.01253,0.1529
7.06,-1.037,0.21916,0.03844,-1.14709,0.32684,-0.01708,-1.19596,0.36624,-0.07226,-1.13478,0.27394,-0.07045,-1.16763,0.21356,-0.1276,-1.23513,0.25397,-0.0704,-1.21264,0.31227,-0.05334,-1.13648,0.33817,0.05747,-1.1633,0.27255,0.11194,-1.22113,0.28386,0.03454,-1.21296,0.3406,0.00438,-1.06207,0.18759,0.02533,-1.13392,0.06226,0.05635,-1.01687,0.12127,-0.01326,-0.98683,0.04825,-0.03506,-1.04382,0.20083,0.07606,-1.16019,0.17185,0.16237,-1.06999,0.06934,0.10418,-1.10101,0.01136,0.15302
7.08,-1.03312,0.21697,0.0387,-1.14725,0.32049,-0.01656,-1.19312,0.36053,-0.07381,-1.13537,0.26628,-0.0687,-1.16603,0.20122,-0.12179,-1.23398,0.23587,-0.06144,-1.21616,0.29645,-0.04698,-1.13465,0.3343,0.05726,-1.15218,0.26963,0.11643,-1.21436,0.27096,0.04163,-1.21277,0.32608,0.00764,-1.05812,0.1854,0.02543,-1.13169,0.06108,0.05649,-1.01405,0.12029,-0.01197,-0.98505,0.04807,-0.03752,-1.04014,0.19862,0.07627,-1.15697,0.17117,0.16247,-1.06773,0.06787,0.1042,-1.09925,0.01023,0.15312
7.1,-1.02925,0.21467,0.03888,-1.14722,0.314,-0.01603,-1.19058,0.3542,-0.07509,-1.13522,0.25884,-0.06714,-1.16315,0.18991,-0.11674,-1.23118,0.21877,-0.0535,-1.21805,0.28086,-0.04052,-1.13323,0.32989,0.05711,-1.14235,0.26648,0.11946,-1.20765,0.25823,0.04784,-1.2126,0.31124,0.01095,-1.0542,0.18313,0.02544,-1.1294,0.05978,0.05648,-1.01121,0.11893,-0.01106,-0.98304,0.04712,-0.03861,-1.03649,0.19627,0.07639,-1.15377,0.17043,0.16247,-1.06548,0.06633,0.10418,-1.09754,0.00903,0.15316
7.12,-1.02554,0.21209,0.03885,-1.14694,0.30759,-0.01536,-1.18974,0.34762,-0.07494,-1.13362,0.25272,-0.06646,-1.15852,0.18153,-0.11445,-1.22766,0.20433,-0.04994,-1.21854,0.26687,-0.03574,-1.13291,0.32407,0.05765,-1.1366,0.26028,0.12016,-1.2037,0.24419,0.0516,-1.21473,0.29534,0.01342,-1.05046,0.18062,0.02519,-1.12702,0.05809,0.05609,-1.00833,0.11649,-0.01122,-0.97972,0.04379,-0.03583,-1.03297,0.19358,0.07626,-1.15069,0.1695,0.16226,-1.06333,0.06458,0.10405,-1.09595,0.00761,0.15303
7.14,-1.02187,0.20941,0.03875,-1.14651,0.3011,-0.01469,-1.18944,0.34097,-0.0743,-1.13147,0.24699,-0.06612,-1.15319,0.17412,-0.11312,-1.22352,0.19059,-0.04797,-1.21813,0.25303,-0.03161,-1.13288,0.31763,0.05838,-1.13213,0.253,0.12013,-1.20004,0.2295,0.05458,-1.21684,0.27851,0.0157,-1.04677,0.17803,0.02485,-1.12461,0.05625,0.05557,-1.00544,0.11366,-0.01175,-0.97656,0.03962,-0.03155,-1.0295,0.19077,0.07605,-1.14763,0.1685,0.16198,-1.06119,0.06276,0.10387,-1.09439,0.00612,0.15285
7.16,-1.01822,0.2068,0.03867,-1.14597,0.29449,-0.01414,-1.1886,0.33424,-0.07403,-1.12937,0.24099,-0.06572,-1.14761,0.16639,-0.11147,-1.21831,0.17648,-0.04543,-1.2167,0.23863,-0.02724,-1.13261,0.31133,0.05891,-1.12689,0.24656,0.12025,-1.19467,0.21534,0.05786,-1.21702,0.26149,0.0183,-1.04309,0.1755,0.02456,-1.12222,0.05451,0.05509,-1.00258,0.11106,-0.01212,-0.97409,0.0359,-0.02789,-1.02605,0.18804,0.07588,-1.14454,0.16755,0.16173,-1.05905,0.06101,0.10368,-1.0928,0.00469,0.15265
7.18,-1.01439,0.2041,0.0386,-1.14511,0.28762,-0.01369,-1.18761,0.32712,-0.07384,-1.1269,0.23479,-0.06542,-1.14141,0.15868,-0.11,-1.21202,0.16226,-0.04319,-1.21418,0.22381,-0.02313,-1.13211,0.30476,0.05935,-1.12173,0.2401,0.1202,-1.18823,0.20097,0.06097,-1.2158,0.24362,0.02076,-1.03923,0.17289,0.02423,-1.1197,0.05274,0.05458,-0.99957,0.10838,-0.01252,-0.97206,0.03201,-0.02351,-1.02242,0.1852,0.07569,-1.14128,0.16654,0.16146,-1.05676,0.0592,0.10346,-1.0911,0.00321,0.1524
7.2,-1.01096,0.20156,0.03852,-1.14439,0.281,-0.01326,-1.18656,0.32056,-0.07361,-1.12459,0.22895,-0.06519,-1.1353,0.1516,-0.1087,-1.20528,0.14879,-0.0412,-1.21081,0.20939,-0.01901,-1.13181,0.29832,0.05982,-1.11654,0.23399,0.11999,-1.1812,0.1877,0.06396,-1.21351,0.22667,0.02355,-1.03577,0.17042,0.02396,-1.11743,0.05103,0.0541,-0.99688,0.10581,-0.01295,-0.97075,0.02851,-0.02005,-1.01916,0.18255,0.07552,-1.13832,0.16561,0.16123,-1.05474,0.05752,0.10325,-1.08959,0.00185,0.15219
7.22,-1.00863,0.19947,0.03845,-1.14449,0.27514,-0.01265,-1.18541,0.31578,-0.07314,-1.1232,0.22405,-0.06494,-1.12993,0.14568,-0.10741,-1.19852,0.13672,-0.03903,-1.20659,0.19603,-0.01429,-1.13233,0.29237,0.06052,-1.11074,0.22891,0.11966,-1.17388,0.17687,0.06705,-1.21083,0.21246,0.0275,-1.03343,0.16833,0.02386,-1.1159,0.04943,0.05378,-0.99512,0.10361,-0.01336,-0.96971,0.02599,-0.01957,-1.01688,0.18045,0.07544,-1.13619,0.16489,0.1612,-1.05346,0.05618,0.10318,-1.08868,0.00081,0.1522
7.24,-1.00672,0.19754,0.03839,-1.14479,0.26964,-0.01196,-1.1843,0.31163,-0.07246,-1.1221,0.21958,-0.06467,-1.12487,0.14047,-0.10621,-1.19161,0.12561,-0.03703,-1.20171,0.1834,-0.00958,-1.13302,0.28666,0.06132,-1.10502,0.22453,0.11918,-1.16642,0.16733,0.06999,-1.20758,0.19949,0.03169,-1.0315,0.16638,0.02381,-1.11463,0.04789,0.05349,-0.99369,0.10154,-0.01377,-0.96871,0.02379,-0.02006,-1.01497,0.17856,0.07539,-1.13439,0.16426,0.16121,-1.05246,0.05497,0.10314,-1.08799,-9e-05,0.15228
7.26,-1.00461,0.19555,0.03832,-1.14476,0.26401,-0.01134,-1.1831,0.30714,-0.07179,-1.12075,0.21495,-0.06441,-1.11953,0.13535,-0.10507,-1.18404,0.11475,-0.03524,-1.19602,0.17087,-0.0052,-1.13336,0.28088,0.06203,-1.09954,0.22048,0.1186,-1.15838,0.15806,0.07273,-1.20321,0.18638,0.03553,-1.02938,0.16438,0.02373,-1.11323,0.04635,0.05318,-0.99211,0.09944,-0.01419,-0.9677,0.02148,-0.02008,-1.01289,0.17657,0.07532,-1.13244,0.1636,0.16118,-1.05131,0.05372,0.10307,-1.08718,-0.00103,0.15232
7.28,-1.0025,0.19349,0.03827,-1.14486,0.25776,-0.01073,-1.18145,0.30264,-0.071,-1.11926,0.21005,-0.06427,-1.11303,0.13021,-0.104,-1.17433,0.1036,-0.03332,-1.18821,0.15781,-0.00069,-1.134,0.27429,0.0628,-1.0932,0.21681,0.11779,-1.14843,0.14884,0.07548,-1.19731,0.17231,0.04005,-1.02725,0.1623,0.0237,-1.11184,0.04472,0.05289,-0.99052,0.09726,-0.01456,-0.96666,0.01911,-0.02018,-1.0108,0.17455,0.07528,-1.13042,0.1629,0.16123,-1.05016,0.05244,0.10304,-1.08637,-0.00202,0.15236
7.3,-1.0005,0.19161,0.03818,-1.14447,0.25274,-0.01014,-1.18047,0.29824,-0.07029,-1.11794,0.20581,-0.06393,-1.10849,0.12595,-0.10296,-1.16721,0.09443,-0.03211,-1.18214,0.14679,0.003,-1.13375,0.26926,0.06342,-1.0889,0.2136,0.1171,-1.14087,0.14143,0.07771,-1.19186,0.16124,0.04303,-1.02525,0.16044,0.02357,-1.11051,0.04329,0.05256,-0.98904,0.0953,-0.01504,-0.96568,0.01698,-0.02038,-1.00883,0.17265,0.07518,-1.1286,0.1623,0.16109,-1.04909,0.05128,0.10293,-1.08562,-0.00284,0.15238
7.32,-0.99863,0.19016,0.03801,-1.14291,0.25111,-0.00958,-1.18157,0.29392,-0.07006,-1.11719,0.20326,-0.06294,-1.10974,0.12312,-0.10185,-1.16893,0.08905,-0.03259,-1.18339,0.13991,0.00482,-1.13127,0.26872,0.06358,-1.09001,0.2102,0.1171,-1.14136,0.13687,0.07905,-1.19023,0.15724,0.04173,-1.0234,0.15911,0.02318,-1.10925,0.04238,0.05211,-0.98774,0.09389,-0.0158,-0.96488,0.01538,-0.02058,-1.00707,0.17101,0.07489,-1.12719,0.16193,0.16045,-1.04818,0.05039,0.10259,-1.08494,-0.00325,0.15239
7.34,-0.99685,0.18887,0.03782,-1.141,0.25073,-0.00901,-1.18338,0.28961,-0.06965,-1.11672,0.20137,-0.06166,-1.11309,0.12098,-0.10059,-1.17411,0.08537,-0.03373,-1.18781,0.13485,0.00576,-1.12804,0.26979,0.06357,-1.09345,0.20733,0.11736,-1.14529,0.13385,0.08029,-1.19021,0.15581,0.0391,-1.02166,0.15799,0.0227,-1.10805,0.04166,0.05163,-0.98655,0.0927,-0.01665,-0.96414,0.01403,-0.02086,-1.00543,0.16947,0.07453,-1.12596,0.16166,0.15964,-1.04736,0.04963,0.10219,-1.08432,-0.00349,0.1524
7.36,-0.99507,0.18752,0.03763,-1.13929,0.24975,-0.00845,-1.18476,0.28521,-0.06894,-1.11615,0.19918,-0.06047,-1.11536,0.11865,-0.09926,-1.17776,0.08128,-0.03468,-1.19109,0.12925,0.00675,-1.1252,0.27006,0.06358,-1.09619,0.20492,0.1175,-1.14806,0.13076,0.08184,-1.18951,0.15316,0.03739,-1.0199,0.15678,0.02226,-1.10683,0.04085,0.05117,-0.98534,0.09143,-0.01747,-0.96339,0.0126,-0.02116,-1.00376,0.1679,0.0742,-1.12463,0.16135,0.15892,-1.04649,0.04882,0.10181,-1.08368,-0.00378,0.1524
7.38,-0.99317,0.18616,0.03746,-1.13744,0.24885,-0.00785,-1.18616,0.28063,-0.06787,-1.11548,0.19708,-0.05919,-1.11762,0.11654,-0.09793,-1.18166,0.07734,-0.03608,-1.19482,0.12359,0.00732,-1.12216,0.27042,0.06356,-1.09961,0.20288,0.11761,-1.15147,0.12796,0.08355,-1.18854,0.1504,0.03541,-1.01803,0.15558,0.02181,-1.10554,0.0401,0.05072,-0.98403,0.09015,-0.01827,-0.96255,0.01116,-0.02133,-1.002,0.1663,0.07387,-1.12321,0.16105,0.15821,-1.04556,0.04802,0.10141,-1.08295,-0.00404,0.15241
7.4,-0.99152,0.18484,0.03724,-1.1358,0.24803,-0.00732,-1.18741,0.27629,-0.06667,-1.11506,0.19502,-0.0579,-1.1201,0.11447,-0.09634,-1.18586,0.07422,-0.03703,-1.19897,0.1191,0.00779,-1.11932,0.27087,0.06343,-1.1029,0.20176,0.11771,-1.15523,0.12635,0.08549,-1.18844,0.1483,0.03439,-1.01641,0.15441,0.02136,-1.10439,0.03927,0.05023,-0.98295,0.08896,-0.01915,-0.96188,0.00985,-0.02176,-1.00044,0.16477,0.07351,-1.12195,0.16077,0.15748,-1.04476,0.04725,0.10104,-1.08236,-0.00431,0.15239
7.42,-0.9905,0.18353,0.0369,-1.13485,0.24708,-0.00695,-1.18836,0.27266,-0.06583,-1.11531,0.19284,-0.05669,-1.12296,0.11204,-0.09417,-1.19017,0.07225,-0.03619,-1.20311,0.11683,0.00898,-1.11716,0.27125,0.06307,-1.10472,0.20172,0.11787,-1.15838,0.12644,0.08763,-1.19054,0.14766,0.03556,-1.01546,0.1532,0.02094,-1.10362,0.03815,0.04962,-0.98253,0.08794,-0.0203,-0.96172,0.00876,-0.02293,-0.99939,0.16333,0.0731,-1.12118,0.16049,0.15672,-1.04431,0.04651,0.10078,-1.08221,-0.00468,0.15229
7.44,-0.98974,0.18227,0.03651,-1.13414,0.24618,-0.00663,-1.18924,0.26936,-0.06504,-1.11579,0.19071,-0.05547,-1.126,0.10965,-0.09175,-1.19462,0.07092,-0.03471,-1.20736,0.11563,0.01038,-1.11523,0.27167,0.06259,-1.10611,0.20217,0.11807,-1.1614,0.12732,0.08977,-1.19346,0.14785,0.03736,-1.01477,0.15201,0.02052,-1.103,0.03695,0.04898,-0.98235,0.087,-0.02152,-0.96174,0.00778,-0.02432,-0.99854,0.16196,0.07267,-1.12059,0.16024,0.15595,-1.04401,0.04579,0.10057,-1.08221,-0.00505,0.15218
7.46,-0.98887,0.18101,0.03615,-1.13333,0.24527,-0.00628,-1.19011,0.26598,-0.064,-1.11615,0.18864,-0.0542,-1.12882,0.10744,-0.08938,-1.19886,0.06952,-0.03353,-1.21153,0.11421,0.01161,-1.11322,0.27203,0.06211,-1.10772,0.20267,0.11824,-1.16444,0.12816,0.0919,-1.19593,0.14788,0.03885,-1.01398,0.15083,0.02012,-1.10233,0.03582,0.04837,-0.98207,0.08605,-0.02265,-0.96167,0.00678,-0.02553,-0.99761,0.16059,0.07227,-1.11989,0.16001,0.15521,-1.04364,0.04509,0.10036,-1.08214,-0.0054,0.15211
7.48,-0.98797,0.17967,0.03576,-1.13245,0.24434,-0.00594,-1.191,0.26242,-0.06279,-1.11654,0.18647,-0.05281,-1.13183,0.10519,-0.08673,-1.20339,0.06825,-0.03218,-1.21608,0.113,0.01291,-1.11105,0.27245,0.06151,-1.10947,0.20348,0.11836,-1.16774,0.12943,0.0942,-1.19874,0.1482,0.04051,-1.01315,0.14959,0.01966,-1.1016,0.0346,0.04767,-0.98182,0.0851,-0.02397,-0.96164,0.00578,-0.027,-0.99665,0.15912,0.07181,-1.11918,0.15976,0.15438,-1.04325,0.04435,0.10012,-1.08205,-0.00574,0.15202
7.5,-0.98719,0.17849,0.03542,-1.13175,0.24343,-0.00561,-1.19174,0.25938,-0.06157,-1.11686,0.18458,-0.05158,-1.13426,0.10329,-0.08443,-1.20708,0.06718,-0.03099,-1.21983,0.112,0.01399,-1.10926,0.27265,0.06102,-1.11081,0.2042,0.1185,-1.17032,0.13057,0.09615,-1.20097,0.1485,0.04198,-1.01244,0.14848,0.01932,-1.10102,0.03354,0.04716,-0.98156,0.08418,-0.02491,-0.96156,0.0048,-0.02798,-0.99579,0.15785,0.07144,-1.1185,0.15955,0.15374,-1.04291,0.04369,0.09996,-1.08199,-0.00606,0.15198
7.52,-0.98673,0.1777,0.03522,-1.13148,0.24253,-0.00527,-1.19218,0.2576,-0.06071,-1.11702,0.18329,-0.05088,-1.1353,0.10201,-0.08329,-1.20861,0.06614,-0.03037,-1.22145,0.11094,0.01461,-1.10846,0.27224,0.06096,-1.11109,0.20414,0.11882,-1.17099,0.13061,0.0972,-1.20149,0.14813,0.04281,-1.01203,0.14765,0.01927,-1.10087,0.03293,0.04718,-0.98119,0.08321,-0.02478,-0.96133,0.0038,-0.02757,-0.99516,0.1571,0.07131,-1.11787,0.15944,0.15358,-1.04272,0.04321,0.09999,-1.08202,-0.00634,0.15204
7.54,-0.98638,0.17706,0.03508,-1.13137,0.24165,-0.00494,-1.1925,0.25631,-0.06001,-1.1171,0.18224,-0.05039,-1.13581,0.10098,-0.0826,-1.20935,0.06515,-0.02997,-1.22227,0.10991,0.01504,-1.10804,0.27163,0.06106,-1.11097,0.20378,0.11919,-1.17094,0.13022,0.09788,-1.20141,0.14753,0.04341,-1.01173,0.14695,0.01932,-1.10085,0.03249,0.04738,-0.98079,0.08227,-0.02429,-0.96103,0.00281,-0.02668,-0.99462,0.15655,0.07126,-1.11728,0.15937,0.1536,-1.04258,0.04281,0.10008,-1.08207,-0.00659,0.15213
7.56,-0.98598,0.17636,0.0349,-1.13119,0.24077,-0.00461,-1.19287,0.25482,-0.05922,-1.1172,0.18111,-0.04982,-1.13653,0.09988,-0.08175,-1.21042,0.06418,-0.02954,-1.22343,0.1089,0.01548,-1.10746,0.2711,0.06109,-1.11105,0.20354,0.11952,-1.17123,0.13001,0.09868,-1.20161,0.14703,0.04407,-1.01138,0.14621,0.01932,-1.10077,0.03197,0.04748,-0.98041,0.08133,-0.02399,-0.96077,0.00184,-0.02604,-0.99405,0.1559,0.07115,-1.11667,0.15928,0.15352,-1.04241,0.04238,0.10014,-1.0821,-0.00685,0.1522
7.58,-0.98558,0.17563,0.03475,-1.13102,0.23983,-0.00426,-1.19324,0.25326,-0.05842,-1.11734,0.17986,-0.04916,-1.13732,0.09862,-0.08066,-1.21154,0.06308,-0.02879,-1.22464,0.10782,0.01618,-1.10686,0.27059,0.06107,-1.11105,0.20342,0.11992,-1.17145,0.12991,0.09969,-1.20178,0.14658,0.04494,-1.01104,0.14543,0.01935,-1.10072,0.03146,0.04764,-0.98002,0.08033,-0.0236,-0.96051,0.00079,-0.02526,-0.99346,0.15525,0.07108,-1.11606,0.15919,0.15345,-1.04224,0.04194,0.10023,-1.08214,-0.00711,0.15231
7.6,-0.9852,0.17499,0.03457,-1.13085,0.23902,-0.00395,-1.19357,0.25196,-0.05765,-1.11736,0.17893,-0.04873,-1.1378,0.09778,-0.08016,-1.21234,0.06226,-0.02873,-1.22555,0.10691,0.0163,-1.10639,0.26999,0.06118,-1.11112,0.20301,0.12019,-1.17162,0.1295,0.10021,-1.20185,0.14597,0.04534,-1.01071,0.14475,0.01933,-1.10061,0.03098,0.04773,-0.97964,0.07946,-0.02329,-0.96022,-0.0001,-0.02464,-0.99291,0.15468,0.07097,-1.11545,0.1591,0.15341,-1.04208,0.04154,0.10028,-1.08215,-0.00736,0.15236
7.62,-0.98485,0.17458,0.03431,-1.13063,0.2386,-0.00373,-1.19385,0.25125,-0.05691,-1.11704,0.17884,-0.04893,-1.13751,0.09808,-0.08133,-1.21241,0.06219,-0.03069,-1.22579,0.10639,0.01473,-1.10622,0.26916,0.06161,-1.11155,0.20176,0.12008,-1.17178,0.12824,0.09937,-1.20173,0.14495,0.04441,-1.01039,0.14431,0.01916,-1.10031,0.03056,0.04757,-0.97926,0.07899,-0.02336,-0.95982,-0.00057,-0.02459,-0.99247,0.15428,0.07075,-1.11482,0.15903,0.15345,-1.04193,0.04124,0.10015,-1.08208,-0.00757,0.15225
7.64,-0.98453,0.17424,0.03403,-1.1304,0.23832,-0.00354,-1.19409,0.25077,-0.0562,-1.11661,0.17907,-0.04934,-1.13695,0.09881,-0.08305,-1.21221,0.06244,-0.0333,-1.22577,0.10608,0.0126,-1.10615,0.26825,0.06214,-1.11206,0.20022,0.11984,-1.17191,0.1267,0.09805,-1.20152,0.14379,0.04303,-1.01009,0.14397,0.01895,-1.09996,0.03017,0.04734,-0.97889,0.07865,-0.02353,-0.9594,-0.0009,-0.02472,-0.99207,0.15397,0.07049,-1.11419,0.15897,0.15353,-1.04179,0.04098,0.09998,-1.08199,-0.00777,0.1521
7.66,-0.98419,0.17387,0.03377,-1.13017,0.23797,-0.00334,-1.19433,0.25015,-0.05549,-1.11624,0.17914,-0.04963,-1.13654,0.09934,-0.08444,-1.21216,0.0626,-0.0355,-1.22588,0.10576,0.01081,-1.10601,0.2674,0.06261,-1.11252,0.19887,0.11965,-1.17206,0.12536,0.09699,-1.20136,0.14276,0.04191,-1.00978,0.14358,0.01876,-1.09963,0.02977,0.04716,-0.97852,0.07823,-0.02364,-0.959,-0.00131,-0.02475,-0.99165,0.15361,0.07026,-1.11355,0.1589,0.15359,-1.04164,0.04071,0.09984,-1.0819,-0.00798,0.15197
7.68,-0.98385,0.1735,0.03348,-1.12995,0.23763,-0.00314,-1.19456,0.24958,-0.05478,-1.11582,0.17931,-0.05002,-1.13597,0.10006,-0.08614,-1.2119,0.06276,-0.03814,-1.22586,0.1053,0.00867,-1.10594,0.26642,0.06314,-1.113,0.19731,0.1194,-1.17215,0.12382,0.09568,-1.2011,0.14159,0.04053,-1.00947,0.14319,0.01855,-1.09928,0.02934,0.04694,-0.97812,0.07784,-0.02377,-0.95855,-0.00169,-0.02481,-0.99122,0.15326,0.07,-1.1129,0.15883,0.15365,-1.04149,0.04043,0.09968,-1.08182,-0.00818,0.15183
7.7,-0.98352,0.17315,0.03324,-1.1297,0.23732,-0.00294,-1.19477,0.24894,-0.0541,-1.11548,0.17936,-0.05024,-1.13569,0.10055,-0.08729,-1.21201,0.06311,-0.04002,-1.22605,0.10527,0.00711,-1.10575,0.26568,0.06354,-1.11345,0.19614,0.11919,-1.17237,0.1227,0.09476,-1.20105,0.14073,0.03955,-1.00916,0.14283,0.01836,-1.09898,0.029,0.04676,-0.97779,0.07746,-0.0239,-0.95821,-0.00207,-0.02489,-0.99082,0.15292,0.06978,-1.11228,0.15877,0.15371,-1.04135,0.04018,0.09954,-1.08173,-0.00838,0.15171
7.72,-0.98319,0.17282,0.03313,-1.12941,0.23709,-0.00276,-1.19494,0.24808,-0.05345,-1.11543,0.17896,-0.04992,-1.13631,0.10025,-0.08679,-1.2132,0.06381,-0.03964,-1.22691,0.10628,0.0073,-1.10519,0.26563,0.06356,-1.11385,0.19619,0.11919,-1.17304,0.12285,0.09513,-1.20162,0.14069,0.03981,-1.00885,0.14252,0.01827,-1.09889,0.02888,0.04675,-0.97764,0.07707,-0.02401,-0.95824,-0.0025,-0.02499,-0.99046,0.15259,0.06967,-1.11178,0.15871,0.15379,-1.04122,0.03997,0.09946,-1.08166,-0.00853,0.15162
7.74,-0.98287,0.17252,0.03306,-1.12909,0.2369,-0.00259,-1.1951,0.24716,-0.05281,-1.11546,0.17842,-0.04942,-1.13724,0.09969,-0.08574,-1.21473,0.06467,-0.03851,-1.22796,0.10769,0.00807,-1.1045,0.26582,0.06343,-1.11421,0.19666,0.11923,-1.17385,0.12344,0.09591,-1.20243,0.14096,0.04049,-1.00853,0.14223,0.01819,-1.09886,0.02884,0.04679,-0.97756,0.07669,-0.02412,-0.95838,-0.00293,-0.02512,-0.99013,0.15227,0.06959,-1.11132,0.15865,0.15388,-1.04109,0.03979,0.09939,-1.08159,-0.00867,0.15155
7.76,-0.98254,0.17221,0.03298,-1.12878,0.23669,-0.00241,-1.19525,0.24627,-0.05216,-1.11545,0.17796,-0.04901,-1.13801,0.09927,-0.08494,-1.21606,0.06547,-0.03774,-1.22889,0.10893,0.00855,-1.10387,0.26589,0.06336,-1.11459,0.19694,0.11923,-1.17459,0.12384,0.09649,-1.20315,0.14109,0.04097,-1.00822,0.14193,0.01811,-1.09879,0.02877,0.0468,-0.97745,0.07632,-0.02422,-0.95846,-0.00335,-0.02524,-0.98978,0.15194,0.0695,-1.11084,0.1586,0.15396,-1.04096,0.0396,0.09932,-1.08152,-0.00882,0.15147
7.78,-0.98221,0.1719,0.03288,-1.12847,0.23648,-0.00223,-1.1954,0.24539,-0.05148,-1.11545,0.17748,-0.04858,-1.1388,0.09885,-0.08412,-1.21741,0.06632,-0.03695,-1.2298,0.11021,0.00904,-1.10322,0.26598,0.06328,-1.11498,0.19731,0.11929,-1.17533,0.12431,0.09712,-1.20376,0.14128,0.04145,-1.0079,0.14163,0.01801,-1.09874,0.02871,0.04682,-0.97734,0.07592,-0.02434,-0.95857,-0.0038,-0.02535,-0.98943,0.15161,0.0694,-1.11035,0.15854,0.15403,-1.04082,0.0394,0.09923,-1.08144,-0.00897,0.15138
7.8,-0.98188,0.17159,0.03281,-1.12816,0.23628,-0.00206,-1.19552,0.24449,-0.05085,-1.11545,0.17699,-0.04813,-1.13961,0.0984,-0.08321,-1.21875,0.06715,-0.03606,-1.23072,0.11151,0.0096,-1.10259,0.26608,0.06318,-1.11531,0.19762,0.11923,-1.17609,0.12478,0.09773,-1.20463,0.14147,0.04203,-1.00759,0.14134,0.01794,-1.09867,0.02863,0.04684,-0.97724,0.07556,-0.02444,-0.95865,-0.0042,-0.02549,-0.98909,0.15129,0.06933,-1.10988,0.15848,0.15413,-1.0407,0.03922,0.09917,-1.08138,-0.00911,0.15131
7.82,-0.98158,0.17132,0.03281,-1.12786,0.23606,-0.00193,-1.19556,0.24347,-0.05038,-1.11543,0.17648,-0.04768,-1.1404,0.09786,-0.08214,-1.22008,0.06793,-0.03505,-1.23172,0.11281,0.01018,-1.102,0.26621,0.06304,-1.11551,0.19768,0.11883,-1.17692,0.12514,0.09811,-1.20626,0.14161,0.04277,-1.00731,0.14107,0.01794,-1.0985,0.02847,0.04685,-0.97709,0.07529,-0.02454,-0.95862,-0.0045,-0.02567,-0.98878,0.15099,0.06932,-1.10942,0.15846,0.1543,-1.04058,0.03908,0.09917,-1.08134,-0.00925,0.15125
7.84,-0.98129,0.17105,0.03283,-1.12757,0.23586,-0.00181,-1.19555,0.24244,-0.04998,-1.1154,0.17597,-0.04724,-1.14119,0.09732,-0.08102,-1.22138,0.06869,-0.03398,-1.23272,0.11411,0.01079,-1.10143,0.26636,0.06288,-1.11566,0.19768,0.1183,-1.17772,0.12546,0.09843,-1.2081,0.14175,0.04359,-1.00703,0.14083,0.01795,-1.09832,0.0283,0.04686,-0.97694,0.07506,-0.02464,-0.95856,-0.00475,-0.02587,-0.98847,0.15071,0.06933,-1.10897,0.15845,0.15449,-1.04048,0.03895,0.09918,-1.08132,-0.00939,0.15118
7.86,-0.981,0.17079,0.03284,-1.12728,0.23565,-0.00168,-1.19555,0.24146,-0.04953,-1.11538,0.17547,-0.04679,-1.14197,0.09682,-0.07993,-1.22264,0.06946,-0.03297,-1.23367,0.11539,0.01136,-1.10087,0.26649,0.06274,-1.11583,0.19771,0.11784,-1.17848,0.12579,0.09878,-1.20976,0.1419,0.0444,-1.00676,0.14059,0.01795,-1.09814,0.02814,0.04687,-0.9768,0.07482,-0.02473,-0.95852,-0.00501,-0.02606,-0.98816,0.15042,0.06933,-1.10851,0.15844,0.15467,-1.04037,0.03882,0.09918,-1.0813,-0.00952,0.15112
7.88,-0.9807,0.17051,0.03286,-1.12698,0.23543,-0.00156,-1.19558,0.24033,-0.04905,-1.11537,0.17491,-0.04629,-1.14285,0.09627,-0.07874,-1.22407,0.07038,-0.03188,-1.23473,0.11688,0.01194,-1.10026,0.26666,0.06255,-1.11606,0.1978,0.11732,-1.17939,0.12625,0.09911,-1.21164,0.1422,0.04525,-1.00647,0.14032,0.01796,-1.09796,0.02796,0.04688,-0.97665,0.07456,-0.02482,-0.95846,-0.00529,-0.02625,-0.98786,0.15011,0.06934,-1.10807,0.15841,0.15485,-1.04026,0.03868,0.09919,-1.08127,-0.00965,0.15107
7.9,-0.98041,0.17027,0.03286,-1.1267,0.23524,-0.00143,-1.19552,0.23952,-0.04865,-1.1153,0.1745,-0.04592,-1.14347,0.09587,-0.07779,-1.22505,0.07102,-0.03101,-1.23546,0.11792,0.01243,-1.09975,0.26672,0.06245,-1.11613,0.19773,0.11688,-1.1799,0.12639,0.09939,-1.21302,0.14219,0.04602,-1.0062,0.14009,0.01796,-1.09778,0.02781,0.04689,-0.97651,0.07434,-0.02493,-0.95842,-0.00553,-0.02646,-0.98755,0.14985,0.06933,-1.1076,0.15841,0.15504,-1.04016,0.03856,0.09919,-1.08126,-0.00978,0.15099
7.92,-0.98016,0.17017,0.03282,-1.12647,0.23517,-0.00131,-1.19532,0.23948,-0.0485,-1.11514,0.17442,-0.04581,-1.14359,0.09571,-0.07723,-1.22517,0.07097,-0.03039,-1.23558,0.11798,0.01293,-1.09944,0.26666,0.06253,-1.11581,0.19747,0.11672,-1.17952,0.12594,0.09979,-1.21319,0.14157,0.04671,-1.00597,0.14001,0.01793,-1.0976,0.02778,0.0469,-0.97642,0.07428,-0.02508,-0.9584,-0.0056,-0.02673,-0.98725,0.14972,0.06928,-1.10709,0.15851,0.15525,-1.04008,0.03853,0.09918,-1.08129,-0.00986,0.15085
7.94,-0.9799,0.17011,0.03276,-1.12624,0.23513,-0.00119,-1.19501,0.23977,-0.04845,-1.11489,0.1745,-0.04585,-1.14339,0.0957,-0.07697,-1.2248,0.07057,-0.03002,-1.23534,0.11752,0.01334,-1.09922,0.26647,0.06273,-1.11529,0.19699,0.11665,-1.1787,0.1251,0.10011,-1.21283,0.14058,0.04728,-1.00575,0.13997,0.01789,-1.09741,0.02778,0.04691,-0.97632,0.07426,-0.02525,-0.95837,-0.00563,-0.02702,-0.98693,0.14964,0.06921,-1.10656,0.15863,0.15547,-1.04,0.03851,0.09917,-1.08134,-0.00993,0.15069
7.96,-0.97962,0.17002,0.0327,-1.12599,0.23506,-0.00106,-1.19472,0.23997,-0.04837,-1.11461,0.17457,-0.04589,-1.14318,0.09569,-0.07678,-1.22445,0.07024,-0.02977,-1.23512,0.11712,0.01365,-1.09898,0.26623,0.06295,-1.11481,0.19644,0.11651,-1.17795,0.12423,0.10032,-1.21257,0.13959,0.04777,-1.0055,0.1399,0.01785,-1.09721,0.02776,0.04691,-0.97622,0.07421,-0.02541,-0.95834,-0.0057,-0.02731,-0.9866,0.14952,0.06915,-1.10602,0.15875,0.15568,-1.03991,0.03847,0.09916,-1.08137,-0.01001,0.15054
7.98,-0.97943,0.16998,0.03264,-1.12583,0.23505,-0.00099,-1.19458,0.23989,-0.04826,-1.1146,0.1744,-0.04565,-1.14362,0.0954,-0.07577,-1.22492,0.07032,-0.02861,-1.23552,0.11745,0.01454,-1.09864,0.2664,0.06286,-1.11456,0.19663,0.11643,-1.1777,0.12425,0.10109,-1.21283,0.13929,0.04879,-1.00534,0.13988,0.0178,-1.09707,0.02777,0.04693,-0.97618,0.07422,-0.02558,-0.95836,-0.0057,-0.02758,-0.98637,0.14945,0.06909,-1.10555,0.15887,0.15591,-1.03988,0.03848,0.09914,-1.08145,-0.01006,0.15039
8,-0.97906,0.16984,0.0326,-1.1255,0.23493,-0.00079,-1.1941,0.24049,-0.04821,-1.11403,0.17474,-0.04601,-1.14265,0.09573,-0.07648,-1.22358,0.06947,-0.02932,-1.23452,0.11615,0.01423,-1.09855,0.26572,0.06343,-1.11379,0.19524,0.11628,-1.17628,0.12235,0.10069,-1.21187,0.13746,0.04872,-1.00501,0.13976,0.01779,-1.09682,0.02772,0.04694,-0.976,0.07412,-0.02573,-0.95828,-0.00582,-0.02788,-0.98593,0.14929,0.06904,-1.10493,0.15897,0.1561,-1.03974,0.0384,0.09915,-1.08145,-0.01016,0.15025
8.02,-0.97815,0.16936,0.03263,-1.1247,0.23446,-0.00025,-1.19273,0.24281,-0.04807,-1.11183,0.17653,-0.04797,-1.13762,0.098,-0.08202,-1.21712,0.06638,-0.03575,-1.22956,0.11045,0.01005,-1.09915,0.26253,0.06577,-1.11167,0.18941,0.11566,-1.17167,0.11526,0.09658,-1.20753,0.13147,0.04513,-1.00414,0.13928,0.01791,-1.09623,0.02743,0.04692,-0.97541,0.07367,-0.02584,-0.95793,-0.00631,-0.02823,-0.98489,0.14882,0.0691,-1.10383,0.15899,0.15618,-1.03928,0.03807,0.09925,-1.08122,-0.01048,0.15017
8.04,-0.97706,0.16878,0.03268,-1.12375,0.23389,0.00042,-1.19107,0.24583,-0.04765,-1.10908,0.17901,-0.0503,-1.13107,0.10147,-0.08896,-1.20848,0.06307,-0.04428,-1.22278,0.10363,0.00415,-1.1,0.25835,0.06851,-1.10892,0.18227,0.1146,-1.16558,0.10686,0.09084,-1.20166,0.12444,0.03999,-1.00311,0.13869,0.01806,-1.09555,0.02708,0.04689,-0.97469,0.07312,-0.02594,-0.95749,-0.00692,-0.0286,-0.98366,0.14824,0.06918,-1.10258,0.15898,0.15621,-1.03872,0.03765,0.09938,-1.08093,-0.01086,0.15012
8.06,-0.97608,0.16827,0.03272,-1.12289,0.23339,0.00104,-1.18957,0.24857,-0.047,-1.10663,0.18138,-0.05216,-1.12516,0.105,-0.09474,-1.20041,0.06071,-0.05185,-1.21635,0.098,-0.00134,-1.10071,0.25454,0.07075,-1.10626,0.17617,0.1134,-1.15977,0.09989,0.08548,-1.1961,0.11857,0.03521,-1.00218,0.13818,0.0182,-1.09492,0.02678,0.04688,-0.97405,0.07264,-0.02604,-0.95711,-0.00744,-0.02896,-0.98255,0.14773,0.06924,-1.10142,0.159,0.15627,-1.03821,0.0373,0.0995,-1.08067,-0.01118,0.15005
8.08,-0.97498,0.16766,0.03278,-1.12191,0.23276,0.00165,-1.18812,0.25113,-0.04593,-1.1039,0.18403,-0.05402,-1.1187,0.10941,-0.10097,-1.19167,0.05913,-0.06085,-1.20934,0.09262,-0.00829,-1.10146,0.25021,0.0729,-1.10372,0.16966,0.11161,-1.15383,0.09294,0.07898,-1.19022,0.11283,0.02921,-1.00113,0.13756,0.01836,-1.09423,0.02642,0.04686,-0.97331,0.07205,-0.02612,-0.95668,-0.00808,-0.02932,-0.98132,0.14714,0.06933,-1.10017,0.15898,0.15632,-1.03764,0.03688,0.09964,-1.08037,-0.01156,0.15
8.1,-0.97409,0.16723,0.03279,-1.12114,0.23237,0.00229,-1.18662,0.25413,-0.04487,-1.10162,0.18667,-0.0554,-1.11281,0.11361,-0.10569,-1.1829,0.05786,-0.06773,-1.20208,0.08802,-0.01371,-1.10213,0.24642,0.07468,-1.10056,0.16442,0.11022,-1.14718,0.0873,0.07359,-1.18392,0.10805,0.02445,-1.0003,0.13714,0.01847,-1.09365,0.02617,0.04685,-0.97274,0.07167,-0.02623,-0.95633,-0.0085,-0.02967,-0.98028,0.1467,0.06936,-1.09907,0.15902,0.15637,-1.03718,0.03657,0.09974,-1.08015,-0.01183,0.14993
8.12,-0.97388,0.16738,0.03264,-1.12103,0.23266,0.00297,-1.18488,0.25847,-0.04439,-1.1008,0.18888,-0.05596,-1.1088,0.11586,-0.1069,-1.17485,0.05573,-0.06839,-1.19509,0.08434,-0.01392,-1.10269,0.24455,0.07591,-1.09601,0.16245,0.11065,-1.13918,0.08422,0.0722,-1.17719,0.10488,0.02399,-1.00019,0.13734,0.0184,-1.09345,0.02632,0.04684,-0.9727,0.07193,-0.02643,-0.95627,-0.00823,-0.02999,-0.97989,0.14677,0.0692,-1.0985,0.15926,0.15643,-1.03712,0.03661,0.09968,-1.08021,-0.01179,0.14977
8.14,-0.97388,0.16772,0.03244,-1.12113,0.23319,0.00367,-1.18288,0.26326,-0.04395,-1.10047,0.19092,-0.0562,-1.10528,0.11747,-0.10693,-1.16679,0.05354,-0.06706,-1.18802,0.0812,-0.01247,-1.10317,0.24337,0.07697,-1.09104,0.16188,0.11167,-1.13071,0.08239,0.07206,-1.17022,0.10255,0.02485,-1.00032,0.13775,0.01827,-1.09338,0.02659,0.04683,-0.97284,0.0724,-0.02665,-0.95631,-0.00774,-0.03031,-0.97971,0.14701,0.06898,-1.0981,0.15957,0.15649,-1.03718,0.03677,0.09959,-1.08036,-0.01165,0.14959
8.16,-0.97376,0.16793,0.03228,-1.12109,0.2336,0.00437,-1.18081,0.26772,-0.0431,-1.09991,0.19301,-0.05647,-1.10134,0.11957,-0.10742,-1.15838,0.05201,-0.06689,-1.18076,0.07839,-0.01212,-1.1036,0.2419,0.07802,-1.08641,0.16115,0.11232,-1.1225,0.08077,0.07112,-1.16327,0.10046,0.02479,-1.00031,0.13802,0.01819,-1.09324,0.02678,0.04684,-0.97287,0.07273,-0.02685,-0.95629,-0.00739,-0.03062,-0.9794,0.14713,0.0688,-1.0976,0.15983,0.15655,-1.03717,0.03685,0.09952,-1.08046,-0.01157,0.14943
8.18,-0.97375,0.16828,0.03205,-1.12121,0.23404,0.00504,-1.17856,0.2725,-0.04204,-1.09935,0.19545,-0.05687,-1.09668,0.12226,-0.10812,-1.14854,0.05082,-0.06726,-1.17238,0.07555,-0.01234,-1.10432,0.24015,0.07904,-1.08165,0.16059,0.11292,-1.11345,0.07942,0.06978,-1.15553,0.09847,0.02436,-1.00041,0.13844,0.01803,-1.09316,0.02708,0.0468,-0.97299,0.07321,-0.0271,-0.95633,-0.00689,-0.03096,-0.97919,0.14741,0.06855,-1.09716,0.16018,0.1566,-1.03724,0.03702,0.09942,-1.08062,-0.01141,0.14923
8.2,-0.97356,0.16839,0.03197,-1.12102,0.23448,0.00579,-1.17622,0.27654,-0.04078,-1.09891,0.19717,-0.0568,-1.09312,0.12414,-0.10803,-1.14081,0.05023,-0.0665,-1.16572,0.07395,-0.01161,-1.10439,0.23912,0.07995,-1.07739,0.16086,0.11367,-1.10604,0.07921,0.06922,-1.14916,0.09763,0.02452,-1.00033,0.13862,0.01801,-1.09298,0.02718,0.04684,-0.97298,0.07344,-0.02725,-0.95629,-0.00665,-0.03123,-0.97884,0.14741,0.06844,-1.09665,0.16038,0.15667,-1.03718,0.03704,0.0994,-1.08068,-0.01137,0.14913
8.22,-0.97284,0.16773,0.03233,-1.11995,0.23485,0.00681,-1.17393,0.27862,-0.0396,-1.0987,0.1968,-0.05563,-1.09302,0.12324,-0.10611,-1.13972,0.04985,-0.06257,-1.16429,0.07453,-0.00796,-1.10264,0.24001,0.08079,-1.07419,0.16233,0.11467,-1.10317,0.08048,0.07083,-1.14675,0.09865,0.02648,-0.99969,0.13804,0.01836,-1.09244,0.02668,0.04716,-0.97254,0.07293,-0.0271,-0.95598,-0.00718,-0.0313,-0.97803,0.14666,0.06875,-1.09587,0.16014,0.15686,-1.03675,0.03664,0.0996,-1.08037,-0.01173,0.14926
8.24,-0.97194,0.16682,0.03285,-1.11857,0.2352,0.00793,-1.17164,0.27997,-0.03859,-1.09859,0.1957,-0.05402,-1.09423,0.12134,-0.10345,-1.14106,0.04959,-0.0574,-1.16477,0.07597,-0.0032,-1.10022,0.24159,0.08156,-1.07133,0.16419,0.11572,-1.10196,0.08222,0.07323,-1.14583,0.10031,0.02914,-0.99886,0.13721,0.01884,-1.09179,0.02598,0.04757,-0.97196,0.07215,-0.02685,-0.95559,-0.00798,-0.03129,-0.97708,0.14563,0.06921,-1.09502,0.15976,0.15709,-1.03619,0.03609,0.09987,-1.07995,-0.0122,0.14949
8.26,-0.97112,0.16602,0.0333,-1.11731,0.23554,0.00899,-1.16926,0.28155,-0.03759,-1.09841,0.19497,-0.05261,-1.09481,0.11998,-0.10115,-1.14122,0.04942,-0.05289,-1.16434,0.07713,0.00091,-1.09811,0.24277,0.08232,-1.06832,0.16578,0.11662,-1.10003,0.0837,0.07515,-1.14429,0.10168,0.03141,-0.99812,0.1365,0.01926,-1.0912,0.02538,0.04792,-0.97145,0.0715,-0.02666,-0.95525,-0.00866,-0.03131,-0.97621,0.14471,0.0696,-1.09421,0.15944,0.15729,-1.03569,0.03561,0.10011,-1.07958,-0.01261,0.14969
8.28,-0.97032,0.16524,0.03375,-1.11605,0.23596,0.01014,-1.16682,0.2832,-0.03651,-1.09838,0.19418,-0.05102,-1.09559,0.11849,-0.0985,-1.14133,0.04917,-0.04787,-1.16365,0.07819,0.00556,-1.09583,0.24418,0.08309,-1.06507,0.16765,0.11756,-1.09783,0.08536,0.07733,-1.14247,0.1031,0.03387,-0.9974,0.13578,0.01972,-1.09059,0.02474,0.04834,-0.97095,0.07085,-0.02642,-0.9549,-0.00932,-0.03131,-0.97531,0.14385,0.07001,-1.09336,0.15914,0.15755,-1.03518,0.03513,0.10041,-1.07921,-0.01302,0.14992
8.3,-0.96942,0.16436,0.03424,-1.11469,0.23619,0.01114,-1.16434,0.28437,-0.03576,-1.09806,0.1934,-0.04961,-1.09626,0.11718,-0.09629,-1.14194,0.04935,-0.04362,-1.16373,0.07979,0.00924,-1.09364,0.24521,0.08376,-1.06231,0.16891,0.11822,-1.09652,0.08672,0.07901,-1.14155,0.10457,0.036,-0.99658,0.13502,0.02012,-1.08999,0.02415,0.04866,-0.97038,0.07013,-0.02624,-0.95455,-0.01007,-0.03134,-0.97441,0.14282,0.07041,-1.09254,0.1588,0.15771,-1.03465,0.03463,0.10061,-1.07879,-0.01343,0.15012
8.32,-0.96833,0.16324,0.03476,-1.1132,0.23589,0.01171,-1.16188,0.28445,-0.0358,-1.09699,0.19273,-0.04889,-1.09644,0.11647,-0.09554,-1.14361,0.05054,-0.04177,-1.16568,0.08257,0.01002,-1.09191,0.24509,0.08424,-1.06085,0.16849,0.11828,-1.09725,0.08715,0.07927,-1.14278,0.10604,0.03725,-0.99558,0.13417,0.02024,-1.08949,0.02369,0.04863,-0.96973,0.06926,-0.02626,-0.95428,-0.011,-0.03154,-0.97353,0.14134,0.07069,-1.09183,0.15835,0.15758,-1.03412,0.03408,0.1005,-1.07828,-0.01382,0.15014
8.34,-0.96715,0.16203,0.03533,-1.11164,0.23539,0.01214,-1.15944,0.2841,-0.0361,-1.09563,0.19206,-0.0484,-1.09644,0.11596,-0.09529,-1.14565,0.05216,-0.04079,-1.16823,0.08585,0.00971,-1.09032,0.24457,0.08466,-1.05991,0.16747,0.11815,-1.09883,0.08733,0.07912,-1.1448,0.1076,0.03824,-0.99447,0.1333,0.02031,-1.08899,0.02328,0.0485,-0.969,0.06835,-0.02634,-0.954,-0.01199,-0.03179,-0.97265,0.13971,0.07095,-1.09111,0.15786,0.15737,-1.03355,0.03352,0.1003,-1.0777,-0.01419,0.15014
8.36,-0.96598,0.16088,0.03591,-1.11008,0.23497,0.01264,-1.15699,0.2839,-0.03625,-1.09435,0.19141,-0.0478,-1.09643,0.11541,-0.09483,-1.14733,0.05368,-0.0395,-1.17022,0.08895,0.00977,-1.08866,0.24422,0.08513,-1.05876,0.16671,0.11814,-1.10001,0.08768,0.07923,-1.14634,0.1092,0.03941,-0.99338,0.13246,0.02044,-1.08844,0.02287,0.04845,-0.96826,0.06748,-0.02636,-0.95368,-0.01292,-0.032,-0.97174,0.13817,0.07125,-1.09035,0.15739,0.15725,-1.03296,0.03298,0.10016,-1.07709,-0.01455,0.15019
8.38,-0.9649,0.15965,0.03635,-1.1086,0.23455,0.01316,-1.15455,0.28368,-0.03643,-1.09327,0.19069,-0.04717,-1.09678,0.1148,-0.09428,-1.14934,0.05539,-0.03798,-1.17238,0.09236,0.00997,-1.08696,0.2439,0.08557,-1.0575,0.166,0.11804,-1.10112,0.08811,0.07939,-1.14791,0.11086,0.0408,-0.99239,0.13157,0.02043,-1.08796,0.02238,0.04829,-0.96764,0.06657,-0.02654,-0.95344,-0.01389,-0.03236,-0.97091,0.13653,0.07138,-1.08957,0.15691,0.15704,-1.0324,0.0324,0.09994,-1.07652,-0.01495,0.15015
8.4,-0.96362,0.15857,0.0371,-1.10695,0.23408,0.01364,-1.15208,0.28336,-0.03655,-1.09174,0.19011,-0.04664,-1.0963,0.11446,-0.09404,-1.15048,0.05702,-0.03723,-1.17387,0.09539,0.00943,-1.08538,0.2434,0.08608,-1.05658,0.16506,0.11808,-1.10246,0.08846,0.07947,-1.14936,0.11255,0.04185,-0.99115,0.1308,0.02072,-1.08728,0.02205,0.04836,-0.96676,0.06578,-0.02642,-0.953,-0.01474,-0.03244,-0.96994,0.1351,0.07184,-1.08874,0.15644,0.15707,-1.03171,0.03191,0.09988,-1.07578,-0.01525,0.15031
8.42,-0.96175,0.15799,0.0387,-1.10483,0.23359,0.01406,-1.1495,0.28298,-0.03645,-1.08893,0.18995,-0.04629,-1.09352,0.11481,-0.09449,-1.14925,0.05823,-0.03832,-1.17373,0.09725,0.00722,-1.08407,0.24251,0.08678,-1.05641,0.16367,0.11856,-1.10428,0.08864,0.07931,-1.15048,0.11432,0.04188,-0.98915,0.13039,0.02183,-1.08604,0.02222,0.04911,-0.96518,0.06533,-0.02547,-0.95196,-0.01526,-0.0317,-0.96853,0.13433,0.07322,-1.0878,0.15602,0.1577,-1.03066,0.03166,0.10026,-1.07463,-0.01522,0.15105
8.44,-0.9597,0.15756,0.04061,-1.10256,0.23307,0.01443,-1.14688,0.28254,-0.0363,-1.08567,0.18995,-0.04601,-1.08989,0.11542,-0.09521,-1.14713,0.05928,-0.04014,-1.17294,0.09868,0.00433,-1.08291,0.24147,0.08752,-1.05656,0.16211,0.11913,-1.10624,0.08876,0.07896,-1.15144,0.1161,0.04147,-0.98692,0.13008,0.02325,-1.08463,0.02254,0.05008,-0.96337,0.06501,-0.02423,-0.95073,-0.01566,-0.03071,-0.96699,0.13376,0.07493,-1.08684,0.15561,0.15855,-1.02949,0.03149,0.1008,-1.07335,-0.01507,0.15197
8.46,-0.95778,0.15705,0.04237,-1.10038,0.23256,0.01481,-1.14429,0.28213,-0.03618,-1.08263,0.18987,-0.04569,-1.08661,0.11593,-0.09579,-1.14531,0.06039,-0.04165,-1.17225,0.10027,0.00171,-1.0817,0.24049,0.08821,-1.05657,0.16064,0.11958,-1.10802,0.08898,0.0786,-1.15231,0.11789,0.04121,-0.98483,0.12971,0.02453,-1.08331,0.02277,0.05093,-0.96169,0.06463,-0.02315,-0.94961,-0.01611,-0.02987,-0.96554,0.13309,0.07648,-1.0859,0.15517,0.15929,-1.02837,0.03127,0.10125,-1.07213,-0.01498,0.15277
8.48,-0.95565,0.15662,0.04419,-1.09801,0.23206,0.01522,-1.14157,0.28167,-0.03602,-1.07937,0.18981,-0.04533,-1.08311,0.1165,-0.09635,-1.14338,0.06172,-0.04315,-1.17145,0.10218,-0.00107,-1.08034,0.23951,0.08891,-1.0565,0.15916,0.11998,-1.10988,0.08942,0.07816,-1.15314,0.12003,0.04092,-0.98251,0.12944,0.02582,-1.0818,0.02315,0.0518,-0.95982,0.06434,-0.02205,-0.94834,-0.01646,-0.02902,-0.96394,0.13249,0.07805,-1.08484,0.15476,0.16001,-1.02709,0.0311,0.10166,-1.07075,-0.01477,0.15362
8.5,-0.9539,0.15604,0.04595,-1.09594,0.23153,0.01556,-1.13906,0.28127,-0.03593,-1.07642,0.18973,-0.04502,-1.07973,0.11703,-0.09693,-1.14124,0.06261,-0.04482,-1.17037,0.10336,-0.00375,-1.0793,0.23848,0.08955,-1.05661,0.15769,0.12036,-1.11139,0.08957,0.07769,-1.15371,0.12157,0.04053,-0.98059,0.12898,0.02717,-1.0806,0.02324,0.05264,-0.95828,0.06391,-0.02093,-0.94732,-0.01693,-0.02821,-0.96261,0.13178,0.07961,-1.08399,0.15427,0.16081,-1.02604,0.03086,0.10216,-1.06963,-0.01476,0.15439
8.52,-0.9533,0.15497,0.04752,-1.09478,0.23094,0.01575,-1.13718,0.28102,-0.036,-1.07448,0.18958,-0.04488,-1.07693,0.11739,-0.09755,-1.13894,0.06226,-0.04679,-1.16894,0.10255,-0.0059,-1.07916,0.23728,0.09001,-1.05726,0.15628,0.12084,-1.11213,0.08877,0.07732,-1.15394,0.12128,0.04004,-0.97991,0.12791,0.02862,-1.08036,0.02241,0.05335,-0.95775,0.06302,-0.01978,-0.94708,-0.01782,-0.02747,-0.96214,0.1307,0.08114,-1.08375,0.1536,0.16188,-1.02573,0.03037,0.10291,-1.06935,-0.01542,0.15497
8.54,-0.95308,0.15374,0.04902,-1.09392,0.23032,0.01588,-1.13553,0.28082,-0.03611,-1.07287,0.18939,-0.04479,-1.07429,0.11768,-0.09815,-1.13648,0.06144,-0.04885,-1.16733,0.101,-0.00787,-1.07932,0.23603,0.09039,-1.0581,0.1549,0.12134,-1.11255,0.08761,0.07697,-1.15401,0.12032,0.03947,-0.97966,0.12664,0.03011,-1.08045,0.02127,0.05402,-0.95758,0.06198,-0.01862,-0.94711,-0.01885,-0.02677,-0.96197,0.12951,0.08266,-1.08373,0.15287,0.16303,-1.02568,0.0298,0.10376,-1.06935,-0.01629,0.15549
8.56,-0.95267,0.15259,0.05053,-1.09289,0.22971,0.01604,-1.13375,0.28058,-0.03618,-1.07108,0.18921,-0.04464,-1.07153,0.11799,-0.09868,-1.134,0.06084,-0.05078,-1.16571,0.09979,-0.00988,-1.07932,0.23482,0.0908,-1.0588,0.15352,0.1218,-1.11305,0.08663,0.07658,-1.15409,0.11968,0.03891,-0.97919,0.12548,0.03157,-1.08035,0.0203,0.05469,-0.95722,0.06102,-0.01748,-0.94699,-0.01979,-0.02606,-0.96164,0.12838,0.08416,-1.08359,0.15218,0.16413,-1.02549,0.02928,0.10455,-1.0692,-0.01706,0.15604
8.58,-0.95232,0.1514,0.05212,-1.09188,0.22904,0.01617,-1.13196,0.28027,-0.03631,-1.06924,0.18899,-0.04451,-1.06861,0.1183,-0.09922,-1.13136,0.06023,-0.05282,-1.16395,0.09854,-0.01201,-1.07941,0.23353,0.09116,-1.05967,0.15207,0.12224,-1.11367,0.08557,0.07615,-1.15427,0.11896,0.03831,-0.97878,0.12426,0.03312,-1.08031,0.01925,0.0554,-0.9569,0.06003,-0.01627,-0.94689,-0.02077,-0.0253,-0.96137,0.12722,0.08575,-1.08351,0.15144,0.16529,-1.02532,0.02874,0.1054,-1.06907,-0.01786,0.15661
8.6,-0.95195,0.15027,0.05353,-1.09088,0.22846,0.01636,-1.13022,0.28007,-0.0363,-1.06756,0.18879,-0.04431,-1.06597,0.11856,-0.09959,-1.12882,0.05954,-0.05455,-1.16226,0.0972,-0.01381,-1.07936,0.23239,0.09153,-1.06023,0.1508,0.12265,-1.11391,0.08459,0.07577,-1.15413,0.11823,0.03775,-0.97837,0.12313,0.03447,-1.08024,0.0183,0.05602,-0.95659,0.05909,-0.01522,-0.9468,-0.02168,-0.02466,-0.96107,0.1261,0.08714,-1.08335,0.15079,0.16632,-1.02515,0.02823,0.10615,-1.06895,-0.01862,0.15709
8.62,-0.95142,0.14938,0.05447,-1.08988,0.22813,0.01672,-1.12861,0.28013,-0.03602,-1.06627,0.18864,-0.04396,-1.06414,0.11869,-0.09958,-1.12684,0.05879,-0.05551,-1.16096,0.09585,-0.01479,-1.07884,0.23171,0.09198,-1.05998,0.15003,0.12304,-1.11329,0.08396,0.07556,-1.15325,0.11771,0.03736,-0.97784,0.1223,0.03531,-1.08007,0.01773,0.05644,-0.95624,0.05837,-0.01459,-0.94671,-0.0224,-0.02431,-0.96061,0.12512,0.08801,-1.08288,0.15038,0.16702,-1.02491,0.02784,0.10658,-1.06877,-0.01919,0.15731
8.64,-0.95087,0.14857,0.05521,-1.0889,0.22791,0.01714,-1.12706,0.28033,-0.0356,-1.06517,0.18854,-0.04357,-1.06262,0.11881,-0.09944,-1.12503,0.05802,-0.05618,-1.15978,0.09448,-0.01546,-1.07816,0.23122,0.09245,-1.05942,0.14948,0.12343,-1.11231,0.08345,0.07542,-1.15206,0.11724,0.03703,-0.9773,0.12159,0.03594,-1.07987,0.0173,0.05677,-0.9559,0.05773,-0.01414,-0.94664,-0.02305,-0.02408,-0.96011,0.12421,0.08866,-1.08232,0.15006,0.16758,-1.02467,0.02749,0.1069,-1.0686,-0.01969,0.15742
8.66,-0.95033,0.14773,0.05602,-1.0879,0.22767,0.01754,-1.12547,0.28051,-0.03519,-1.064,0.18845,-0.04319,-1.06095,0.11897,-0.09935,-1.12307,0.05727,-0.05696,-1.15849,0.09312,-0.01627,-1.07754,0.23066,0.09293,-1.05896,0.14886,0.12383,-1.11143,0.0829,0.07527,-1.15095,0.11674,0.0367,-0.97677,0.12084,0.03665,-1.07968,0.0168,0.05712,-0.95556,0.05706,-0.01362,-0.94655,-0.02371,-0.02381,-0.95963,0.12328,0.08939,-1.0818,0.14972,0.16817,-1.02441,0.02713,0.10727,-1.06841,-0.02022,0.15757
8.68,-0.94979,0.14683,0.05692,-1.08691,0.22728,0.01791,-1.12387,0.28044,-0.03494,-1.06277,0.18818,-0.04281,-1.05931,0.11894,-0.09924,-1.12129,0.05646,-0.05782,-1.15727,0.09172,-0.01709,-1.07697,0.23001,0.09336,-1.05866,0.14812,0.12419,-1.11076,0.08227,0.07508,-1.15001,0.11621,0.03631,-0.97623,0.12003,0.03742,-1.07951,0.01629,0.05752,-0.95523,0.05634,-0.01304,-0.9465,-0.02443,-0.02349,-0.95915,0.12228,0.0902,-1.08125,0.14932,0.1689,-1.02417,0.02675,0.10766,-1.06822,-0.02078,0.15775
8.7,-0.94926,0.1461,0.0576,-1.08591,0.22726,0.0184,-1.12231,0.28095,-0.0343,-1.06169,0.18831,-0.04239,-1.05765,0.11932,-0.0991,-1.11912,0.05585,-0.05842,-1.15587,0.09045,-0.01783,-1.07625,0.22963,0.09389,-1.05795,0.14771,0.12464,-1.10955,0.08186,0.07502,-1.14865,0.11579,0.03609,-0.97572,0.11938,0.03801,-1.07928,0.01587,0.05782,-0.95488,0.05578,-0.01263,-0.94637,-0.02499,-0.0233,-0.95866,0.12147,0.0908,-1.08075,0.14905,0.16932,-1.0239,0.02643,0.10798,-1.06803,-0.02125,0.15787
8.72,-0.94877,0.1457,0.05776,-1.08492,0.22799,0.01919,-1.12085,0.28281,-0.03267,-1.06097,0.18932,-0.04188,-1.056,0.12062,-0.09886,-1.11595,0.05559,-0.05836,-1.15409,0.08933,-0.01833,-1.07522,0.22976,0.0947,-1.05621,0.14798,0.12537,-1.10699,0.08179,0.07534,-1.14626,0.11548,0.03636,-0.97528,0.11903,0.03818,-1.07889,0.01553,0.05786,-0.95452,0.05551,-0.0126,-0.94606,-0.02524,-0.02344,-0.95812,0.12101,0.09093,-1.0804,0.14908,0.16898,-1.02359,0.02619,0.10816,-1.06787,-0.02152,0.15788
8.74,-0.94832,0.1455,0.0577,-1.08392,0.22914,0.0201,-1.11938,0.28529,-0.03063,-1.06039,0.1908,-0.04134,-1.0543,0.12243,-0.09861,-1.11233,0.05567,-0.05816,-1.15208,0.08837,-0.01883,-1.07404,0.23021,0.0956,-1.05409,0.14861,0.12616,-1.10391,0.082,0.07574,-1.14345,0.11536,0.03676,-0.9749,0.11887,0.03816,-1.07844,0.01531,0.05778,-0.95417,0.05544,-0.01274,-0.94569,-0.02528,-0.02371,-0.95757,0.12077,0.09087,-1.08013,0.14927,0.16833,-1.02328,0.02602,0.10826,-1.06772,-0.02168,0.15785
8.76,-0.94788,0.1453,0.05773,-1.08291,0.23023,0.02098,-1.11786,0.28761,-0.02873,-1.05974,0.19222,-0.0408,-1.05251,0.12423,-0.09839,-1.10877,0.05583,-0.05815,-1.15001,0.08744,-0.01947,-1.07293,0.23063,0.09647,-1.05215,0.14919,0.12691,-1.10106,0.08223,0.07604,-1.14081,0.11529,0.03703,-0.97453,0.11872,0.03821,-1.07804,0.01511,0.05776,-0.95384,0.05538,-0.01282,-0.94536,-0.02533,-0.02394,-0.95706,0.12052,0.09088,-1.07987,0.14943,0.16779,-1.023,0.02587,0.1084,-1.06757,-0.02183,0.15786
8.78,-0.9473,0.1447,0.0578,-1.08185,0.2307,0.02179,-1.1163,0.28922,-0.02694,-1.05899,0.19296,-0.04027,-1.05097,0.1253,-0.09813,-1.1054,0.0554,-0.05796,-1.14808,0.08594,-0.01999,-1.07178,0.23054,0.09727,-1.05015,0.14931,0.12768,-1.09812,0.08196,0.07644,-1.13809,0.11473,0.03739,-0.97401,0.11817,0.0383,-1.07758,0.01459,0.05774,-0.9534,0.0549,-0.01285,-0.94498,-0.02579,-0.0241,-0.95642,0.11987,0.09093,-1.07939,0.1494,0.16735,-1.02261,0.02551,0.10856,-1.06737,-0.0222,0.15785
8.8,-0.94702,0.14501,0.05773,-1.08083,0.23258,0.02275,-1.11469,0.2924,-0.02479,-1.0584,0.19522,-0.0397,-1.04884,0.12811,-0.09798,-1.10139,0.05652,-0.0583,-1.14559,0.08569,-0.021,-1.07065,0.2316,0.09821,-1.04821,0.1505,0.12839,-1.0952,0.08289,0.07658,-1.13537,0.11535,0.0375,-0.9738,0.11851,0.03828,-1.07723,0.01478,0.0577,-0.95319,0.05535,-0.013,-0.94469,-0.02532,-0.02442,-0.95605,0.12013,0.09086,-1.07938,0.14983,0.16662,-1.02244,0.02562,0.10866,-1.06729,-0.02208,0.15787
8.82,-0.94745,0.14764,0.05733,-1.0798,0.23805,0.02406,-1.11282,0.29968,-0.02172,-1.05803,0.20147,-0.03908,-1.04476,0.13577,-0.09823,-1.09537,0.06176,-0.06051,-1.14127,0.08877,-0.02366,-1.06959,0.23553,0.09948,-1.04645,0.15434,0.12886,-1.09223,0.08679,0.07591,-1.13255,0.11896,0.03673,-0.97432,0.12115,0.03799,-1.0771,0.01682,0.05753,-0.95353,0.05822,-0.0135,-0.94464,-0.02237,-0.02508,-0.95633,0.12276,0.09049,-1.08059,0.15143,0.16512,-1.02277,0.02698,0.10857,-1.06746,-0.02072,0.15793
8.84,-0.94818,0.15122,0.05678,-1.07868,0.24495,0.02547,-1.11072,0.30849,-0.01835,-1.05767,0.20925,-0.03842,-1.03999,0.14561,-0.09867,-1.0886,0.06896,-0.06368,-1.13624,0.09343,-0.02725,-1.06852,0.24066,0.10082,-1.04481,0.15928,0.12923,-1.08932,0.09197,0.07493,-1.1297,0.12387,0.03559,-0.97515,0.12472,0.03759,-1.07709,0.01961,0.05733,-0.95411,0.06205,-0.01412,-0.94468,-0.01846,-0.02592,-0.95688,0.12634,0.08999,-1.08225,0.15348,0.16334,-1.0233,0.02883,0.10839,-1.06774,-0.01886,0.15798
8.86,-0.94882,0.15444,0.05629,-1.07746,0.25127,0.02678,-1.10848,0.31655,-0.01518,-1.05715,0.21637,-0.03778,-1.03555,0.15496,-0.09904,-1.08215,0.07589,-0.06682,-1.13138,0.09786,-0.03091,-1.06739,0.24537,0.10203,-1.0432,0.16385,0.12961,-1.08648,0.09676,0.07405,-1.12686,0.12842,0.03451,-0.97588,0.12794,0.03724,-1.07706,0.02212,0.05718,-0.95463,0.06549,-0.01466,-0.94468,-0.01492,-0.02673,-0.95736,0.12956,0.08955,-1.0837,0.15532,0.1617,-1.02376,0.0305,0.10824,-1.06802,-0.01719,0.158
8.88,-0.94925,0.15734,0.05585,-1.07606,0.25706,0.02808,-1.10586,0.32414,-0.01189,-1.0562,0.22316,-0.03715,-1.03029,0.16475,-0.09967,-1.07454,0.08305,-0.07086,-1.12533,0.10207,-0.03544,-1.06629,0.24941,0.10321,-1.04137,0.16782,0.12992,-1.08304,0.101,0.07282,-1.12336,0.13237,0.03299,-0.97641,0.13087,0.0369,-1.07686,0.02436,0.05686,-0.95498,0.06875,-0.01529,-0.9447,-0.01161,-0.02737,-0.95764,0.13244,0.08912,-1.08498,0.15702,0.15992,-1.02406,0.03201,0.10806,-1.06817,-0.01569,0.15794
8.9,-0.95018,0.16115,0.05527,-1.07469,0.26419,0.02928,-1.10338,0.33277,-0.0089,-1.05567,0.23092,-0.03652,-1.0263,0.1751,-0.09987,-1.06868,0.0914,-0.07417,-1.12082,0.10797,-0.03949,-1.06505,0.25509,0.10427,-1.04009,0.17327,0.13024,-1.08077,0.10679,0.07205,-1.12094,0.13803,0.03197,-0.97743,0.13464,0.0365,-1.07701,0.02739,0.05684,-0.95573,0.07262,-0.01579,-0.94473,-0.00756,-0.02842,-0.95838,0.13628,0.08862,-1.08664,0.15909,0.15834,-1.02474,0.034,0.10784,-1.06862,-0.01369,0.15794
8.92,-0.95255,0.16709,0.05433,-1.07356,0.27468,0.03029,-1.10162,0.34411,-0.00683,-1.05654,0.24105,-0.03588,-1.02587,0.18578,-0.09909,-1.068,0.10146,-0.07507,-1.12121,0.11723,-0.04167,-1.06336,0.26489,0.10511,-1.04028,0.18237,0.13061,-1.0819,0.11634,0.07256,-1.12184,0.14791,0.03251,-0.97989,0.14038,0.03598,-1.07816,0.03221,0.05776,-0.95762,0.07796,-0.01578,-0.94482,-0.00157,-0.03063,-0.96041,0.14245,0.08793,-1.08932,0.16194,0.15746,-1.02639,0.03711,0.10759,-1.06981,-0.01049,0.15815
8.94,-0.95539,0.17395,0.05327,-1.07224,0.2864,0.03097,-1.09975,0.35647,-0.00535,-1.05758,0.25212,-0.03543,-1.02622,0.19671,-0.09818,-1.06867,0.11218,-0.07547,-1.1229,0.12769,-0.04363,-1.06136,0.27617,0.10564,-1.0409,0.19288,0.13084,-1.08408,0.12734,0.07336,-1.12371,0.15938,0.03339,-0.9828,0.14697,0.03541,-1.0796,0.03785,0.05895,-0.95984,0.0839,-0.01566,-0.94518,0.00525,-0.03326,-0.96286,0.14958,0.08715,-1.09222,0.16512,0.15685,-1.02828,0.04069,0.10726,-1.07115,-0.00683,0.15838
8.96,-0.95795,0.18047,0.05226,-1.0706,0.2974,0.03143,-1.09733,0.36821,-0.00401,-1.058,0.26271,-0.03518,-1.02548,0.20765,-0.09765,-1.06792,0.12266,-0.07677,-1.12322,0.13754,-0.04651,-1.05929,0.28662,0.10595,-1.04118,0.20271,0.1309,-1.08551,0.13764,0.07377,-1.12477,0.17007,0.03373,-0.98541,0.15327,0.03484,-1.0808,0.04326,0.05994,-0.96178,0.08958,-0.01568,-0.94575,0.01178,-0.03566,-0.96506,0.15636,0.0864,-1.09478,0.16815,0.15615,-1.02988,0.04409,0.10689,-1.07225,-0.00337,0.15848
8.98,-0.96082,0.18665,0.05125,-1.06874,0.3082,0.03185,-1.09465,0.37974,-0.00274,-1.05832,0.27316,-0.03495,-1.02463,0.21874,-0.09736,-1.06719,0.13327,-0.07876,-1.12354,0.1475,-0.05016,-1.05708,0.29679,0.10623,-1.04172,0.21224,0.13085,-1.08731,0.14779,0.07402,-1.12612,0.18068,0.03394,-0.98837,0.1592,0.03436,-1.08214,0.04821,0.06122,-0.96409,0.09541,-0.01537,-0.94658,0.01875,-0.03828,-0.9675,0.16282,0.08567,-1.09747,0.17087,0.15551,-1.03145,0.04728,0.10652,-1.07326,-0.00011,0.15863
9,-0.96312,0.19378,0.05022,-1.06657,0.31927,0.03164,-1.09151,0.3915,-0.00221,-1.058,0.28386,-0.03523,-1.02297,0.22971,-0.09713,-1.06545,0.14379,-0.08049,-1.12285,0.1574,-0.05375,-1.05475,0.30745,0.10593,-1.04168,0.22252,0.13059,-1.08831,0.15844,0.0742,-1.12663,0.19161,0.03386,-0.99069,0.16612,0.03371,-1.08315,0.05437,0.06193,-0.96562,0.10116,-0.01571,-0.94755,0.02521,-0.04049,-0.96951,0.17018,0.08486,-1.09957,0.17422,0.15487,-1.03281,0.051,0.10598,-1.07412,0.00362,0.15849
9.02,-0.96378,0.20322,0.04922,-1.06419,0.33113,0.0304,-1.08795,0.40407,-0.00278,-1.05669,0.29525,-0.03634,-1.01982,0.24037,-0.09651,-1.06147,0.15391,-0.08061,-1.11998,0.16679,-0.056,-1.05244,0.31933,0.10471,-1.04,0.23455,0.13019,-1.08711,0.17019,0.0745,-1.12491,0.20315,0.0335,-0.99125,0.1755,0.03265,-1.0834,0.06355,0.06108,-0.96514,0.10638,-0.01772,-0.94829,0.02978,-0.04131,-0.97029,0.1797,0.08389,-1.10028,0.17929,0.15412,-1.0337,0.05605,0.10505,-1.07467,0.00858,0.15776
9.04,-0.96382,0.21362,0.0482,-1.06172,0.34338,0.02881,-1.08424,0.41698,-0.00375,-1.05504,0.30697,-0.03774,-1.01625,0.25105,-0.09569,-1.05678,0.16403,-0.08002,-1.11635,0.17611,-0.05761,-1.05008,0.33177,0.10317,-1.03771,0.24731,0.12971,-1.08512,0.18246,0.07486,-1.12243,0.215,0.0331,-0.99116,0.18588,0.03143,-1.08334,0.0739,0.05966,-0.96395,0.11139,-0.02016,-0.949,0.03374,-0.04151,-0.9706,0.19011,0.08283,-1.10039,0.18506,0.15327,-1.03431,0.06162,0.10402,-1.07499,0.01405,0.15686
9.06,-0.96408,0.22363,0.04718,-1.05917,0.3554,0.02737,-1.08046,0.42964,-0.00456,-1.05343,0.31854,-0.03902,-1.01278,0.26191,-0.09498,-1.05222,0.17429,-0.07983,-1.11273,0.18546,-0.05959,-1.04764,0.34389,0.10175,-1.03559,0.25967,0.12922,-1.08339,0.19446,0.07513,-1.12023,0.22666,0.0327,-0.9913,0.19585,0.03029,-1.08332,0.08374,0.05849,-0.96309,0.11643,-0.02216,-0.94978,0.03802,-0.04176,-0.97106,0.20017,0.0818,-1.10051,0.19057,0.15239,-1.0348,0.06696,0.10307,-1.07516,0.01933,0.15609
9.08,-0.96461,0.23345,0.04621,-1.05671,0.36729,0.02611,-1.07661,0.44225,-0.00503,-1.05194,0.33007,-0.04016,-1.00916,0.27304,-0.09408,-1.04723,0.18468,-0.07971,-1.1087,0.19467,-0.06189,-1.04529,0.35578,0.10051,-1.03355,0.2718,0.1288,-1.08175,0.20634,0.07537,-1.118,0.23827,0.03222,-0.99171,0.20564,0.02918,-1.08372,0.09353,0.05741,-0.96263,0.12129,-0.02382,-0.95101,0.04218,-0.04159,-0.97179,0.21003,0.08082,-1.10072,0.19595,0.1516,-1.03525,0.07228,0.1021,-1.07518,0.02458,0.15539
9.1,-0.96444,0.2439,0.04512,-1.05393,0.3794,0.02444,-1.07264,0.45488,-0.00618,-1.04999,0.34174,-0.04164,-1.00561,0.28402,-0.0935,-1.04251,0.19513,-0.07941,-1.10466,0.20416,-0.06356,-1.04262,0.36807,0.09888,-1.03109,0.28438,0.12813,-1.0796,0.21847,0.07556,-1.11552,0.24994,0.0318,-0.9914,0.21605,0.02794,-1.08319,0.10372,0.05601,-0.96138,0.1263,-0.02573,-0.95164,0.04654,-0.04159,-0.97185,0.22051,0.0797,-1.10022,0.20184,0.15045,-1.03526,0.07781,0.1012,-1.07497,0.03011,0.15464
9.12,-0.96246,0.25575,0.04378,-1.05042,0.39204,0.02174,-1.06854,0.46757,-0.00911,-1.04698,0.35365,-0.04394,-1.00245,0.29424,-0.09372,-1.03899,0.20537,-0.07858,-1.10131,0.21431,-0.06336,-1.03916,0.38137,0.09629,-1.02769,0.29818,0.12692,-1.0763,0.23121,0.07578,-1.11261,0.2618,0.03172,-0.98927,0.22787,0.0264,-1.08014,0.11468,0.05401,-0.95793,0.13183,-0.02845,-0.95042,0.05147,-0.04241,-0.97015,0.23241,0.07832,-1.09806,0.20891,0.14845,-1.03431,0.08376,0.10046,-1.07444,0.03618,0.1537
9.14,-0.9598,0.26821,0.0423,-1.04662,0.40495,0.01862,-1.06436,0.48036,-0.01273,-1.04356,0.36571,-0.04657,-0.9995,0.30423,-0.09422,-1.03606,0.21567,-0.07743,-1.09837,0.2249,-0.0623,-1.03539,0.39512,0.09329,-1.02393,0.3125,0.12546,-1.07255,0.2443,0.07599,-1.10952,0.27385,0.03177,-0.98644,0.2403,0.02472,-1.07615,0.12604,0.05172,-0.95369,0.13752,-0.03135,-0.94859,0.05665,-0.04336,-0.96778,0.2449,0.0768,-1.09516,0.21649,0.14607,-1.03292,0.08995,0.09977,-1.07371,0.04256,0.15267
9.16,-0.95746,0.28041,0.04084,-1.04291,0.41775,0.01569,-1.06017,0.49312,-0.01602,-1.04031,0.37775,-0.04906,-0.99657,0.31444,-0.09456,-1.03305,0.22613,-0.0763,-1.09539,0.23554,-0.06145,-1.03171,0.40865,0.09045,-1.02031,0.32659,0.12404,-1.06902,0.25733,0.07617,-1.10651,0.28593,0.03176,-0.98394,0.25246,0.02307,-1.07258,0.13725,0.04955,-0.94992,0.14307,-0.03382,-0.94722,0.06184,-0.04393,-0.96572,0.25714,0.0753,-1.09237,0.2239,0.14377,-1.0315,0.09611,0.09908,-1.07286,0.04891,0.15172
9.18,-0.95507,0.29255,0.03958,-1.03922,0.4304,0.01292,-1.05593,0.50574,-0.01916,-1.03708,0.38963,-0.05136,-0.99359,0.3246,-0.0946,-1.02975,0.23646,-0.07493,-1.09215,0.24587,-0.06035,-1.02803,0.42206,0.08778,-1.01656,0.34061,0.1228,-1.06531,0.27028,0.07656,-1.1034,0.29793,0.03205,-0.98137,0.26457,0.02161,-1.06895,0.14842,0.04757,-0.94622,0.14862,-0.0359,-0.94589,0.06711,-0.04396,-0.96362,0.26932,0.074,-1.08938,0.23132,0.14163,-1.0298,0.10239,0.09853,-1.07174,0.05541,0.15091
9.2,-0.95263,0.30496,0.03784,-1.03534,0.4434,0.00974,-1.05167,0.51867,-0.0227,-1.03369,0.40191,-0.05409,-0.99093,0.33501,-0.09518,-1.02739,0.24741,-0.07378,-1.08973,0.25733,-0.05925,-1.02416,0.43576,0.08468,-1.01291,0.35488,0.12104,-1.06184,0.28359,0.07646,-1.10043,0.31033,0.03183,-0.97879,0.27696,0.01969,-1.06518,0.15982,0.04515,-0.94245,0.15419,-0.03812,-0.94467,0.07256,-0.04447,-0.96146,0.28176,0.07222,-1.08614,0.23898,0.13896,-1.02812,0.10871,0.0978,-1.07068,0.06196,0.14989
9.22,-0.95018,0.31792,0.03494,-1.03101,0.45721,0.00557,-1.04738,0.53234,-0.02717,-1.02998,0.41508,-0.05786,-0.98907,0.34601,-0.09719,-1.02741,0.25985,-0.07333,-1.08935,0.27163,-0.05849,-1.01987,0.45013,0.08057,-1.00957,0.36961,0.11801,-1.05905,0.29765,0.07518,-1.09782,0.32362,0.03026,-0.97624,0.28994,0.01663,-1.06128,0.17172,0.04163,-0.93849,0.15983,-0.0409,-0.94373,0.07827,-0.0464,-0.95918,0.2947,0.06925,-1.08259,0.24707,0.13508,-1.02678,0.11505,0.09654,-1.07002,0.0685,0.14824
9.24,-0.94771,0.33114,0.03155,-1.02648,0.47134,0.00098,-1.04307,0.54631,-0.03202,-1.02613,0.42864,-0.06206,-0.98759,0.35733,-0.09976,-1.02835,0.27309,-0.07322,-1.08969,0.28722,-0.05796,-1.01541,0.46478,0.07604,-1.00633,0.38457,0.11445,-1.05652,0.31205,0.07341,-1.09542,0.33732,0.02819,-0.97372,0.3032,0.0131,-1.05726,0.18382,0.03763,-0.93448,0.16551,-0.04374,-0.94305,0.0842,-0.04876,-0.95687,0.30787,0.06579,-1.07882,0.25539,0.13064,-1.02551,0.12152,0.09506,-1.0695,0.07517,0.14631
9.26,-0.94528,0.34427,0.02833,-1.02201,0.48534,-0.00344,-1.03874,0.56018,-0.03667,-1.02232,0.44208,-0.06611,-0.98608,0.3687,-0.10206,-1.02895,0.28635,-0.07304,-1.08967,0.30263,-0.05747,-1.01098,0.47928,0.07166,-1.00304,0.39943,0.11107,-1.05391,0.3264,0.07181,-1.09299,0.35097,0.02636,-0.97121,0.31636,0.00973,-1.05325,0.19585,0.0338,-0.93064,0.17121,-0.04614,-0.94259,0.0903,-0.05061,-0.9546,0.32097,0.0625,-1.07493,0.2637,0.12632,-1.02405,0.12815,0.09367,-1.06879,0.08203,0.14446
9.28,-0.94268,0.35731,0.02532,-1.01753,0.49911,-0.00765,-1.03437,0.57379,-0.04119,-1.01855,0.45527,-0.06991,-0.9847,0.37996,-0.10416,-1.0296,0.29968,-0.07251,-1.08957,0.31819,-0.05648,-1.00645,0.4936,0.06748,-0.99949,0.41417,0.1079,-1.051,0.34061,0.07052,-1.09025,0.36442,0.02482,-0.96854,0.32942,0.00657,-1.04926,0.20794,0.03021,-0.92691,0.17712,-0.04796,-0.94223,0.09675,-0.05185,-0.95218,0.33398,0.05943,-1.07078,0.2721,0.12218,-1.02228,0.13503,0.09236,-1.06786,0.0891,0.14258
9.3,-0.94044,0.37059,0.02175,-1.01297,0.51333,-0.01234,-1.03001,0.58793,-0.04594,-1.01468,0.46903,-0.07425,-0.9834,0.39184,-0.10672,-1.03044,0.31373,-0.07284,-1.08964,0.33445,-0.05666,-1.002,0.50822,0.06284,-0.99637,0.42914,0.10415,-1.04871,0.3553,0.0685,-1.0882,0.37853,0.02271,-0.96623,0.34274,0.00285,-1.04515,0.22,0.02602,-0.92329,0.1828,-0.05012,-0.94233,0.10322,-0.05375,-0.95008,0.34721,0.05578,-1.06667,0.28056,0.1174,-1.0208,0.14193,0.09079,-1.06716,0.0963,0.14057
9.32,-0.93918,0.38448,0.01679,-1.00819,0.52873,-0.01822,-1.0257,0.60347,-0.05127,-1.01053,0.48428,-0.08,-0.9821,0.40516,-0.11038,-1.03166,0.32915,-0.07534,-1.09028,0.35195,-0.05987,-0.99782,0.52363,0.05705,-0.99464,0.44472,0.09893,-1.04824,0.37117,0.06459,-1.08806,0.39435,0.01907,-0.96495,0.35673,-0.00226,-1.04081,0.23196,0.02031,-0.91979,0.18784,-0.05343,-0.94345,0.10954,-0.05763,-0.94893,0.361,0.05072,-1.06302,0.28907,0.11105,-1.02031,0.14871,0.08854,-1.06716,0.10354,0.13827
9.34,-0.93825,0.39859,0.01127,-1.00331,0.54446,-0.02456,-1.02137,0.6194,-0.05686,-1.00625,0.49997,-0.08629,-0.9809,0.41903,-0.11453,-1.03307,0.34516,-0.07871,-1.09111,0.36999,-0.06418,-0.99371,0.53924,0.0508,-0.99329,0.46051,0.09313,-1.04835,0.38751,0.05994,-1.08857,0.41087,0.01486,-0.96402,0.37094,-0.00795,-1.03629,0.24394,0.01397,-0.91635,0.19278,-0.05693,-0.94508,0.11624,-0.06195,-0.9481,0.37497,0.04508,-1.05936,0.29765,0.10401,-1.02011,0.15566,0.08591,-1.06744,0.11103,0.13568
9.36,-0.93715,0.41258,0.00597,-0.99844,0.55988,-0.03068,-1.01698,0.63497,-0.06232,-1.002,0.51531,-0.09232,-0.97981,0.43277,-0.11852,-1.03442,0.36116,-0.08174,-1.09173,0.38801,-0.06797,-0.98949,0.55462,0.04476,-0.99159,0.47618,0.08759,-1.04805,0.40371,0.05562,-1.08868,0.42719,0.01097,-0.96291,0.38503,-0.01341,-1.03171,0.25601,0.00784,-0.913,0.19805,-0.05982,-0.94675,0.12363,-0.06556,-0.9471,0.38885,0.03967,-1.05537,0.30634,0.09713,-1.0196,0.16296,0.08324,-1.06759,0.11891,0.13289
9.38,-0.93615,0.4267,0.00079,-0.99345,0.57538,-0.03672,-1.01258,0.65061,-0.06769,-0.99762,0.53074,-0.09828,-0.97896,0.44668,-0.12229,-1.03614,0.37759,-0.08461,-1.09261,0.40657,-0.07167,-0.98524,0.5701,0.0388,-0.99025,0.49202,0.08204,-1.04815,0.42011,0.0514,-1.08905,0.44381,0.00713,-0.96189,0.39926,-0.01874,-1.02729,0.26836,0.00181,-0.90984,0.20396,-0.06213,-0.94893,0.13231,-0.06905,-0.94618,0.40285,0.03438,-1.05138,0.31539,0.0902,-1.01913,0.17084,0.08048,-1.06758,0.12697,0.12985
9.4,-0.93503,0.44056,-0.00476,-0.98858,0.59046,-0.04293,-1.00813,0.66586,-0.07322,-0.99342,0.54581,-0.10442,-0.97796,0.46061,-0.12662,-1.03724,0.39382,-0.08807,-1.09287,0.42464,-0.07575,-0.98099,0.58516,0.03265,-0.98813,0.50751,0.07637,-1.0475,0.43635,0.04682,-1.08896,0.46025,0.00317,-0.96076,0.41322,-0.02446,-1.02236,0.28039,-0.00461,-0.90672,0.20935,-0.0647,-0.9506,0.14061,-0.07232,-0.94517,0.41659,0.02872,-1.04685,0.32411,0.08295,-1.01844,0.17854,0.0773,-1.06794,0.13562,0.12645
9.42,-0.93353,0.45391,-0.01125,-0.98417,0.60478,-0.04959,-1.00352,0.68049,-0.07924,-0.9898,0.56019,-0.11105,-0.97616,0.47443,-0.13229,-1.03638,0.40903,-0.09281,-1.09143,0.44089,-0.08058,-0.97674,0.59939,0.02601,-0.98361,0.52218,0.07054,-1.04447,0.45209,0.04146,-1.08739,0.47583,-0.00084,-0.95922,0.42669,-0.03117,-1.01604,0.29164,-0.01201,-0.90337,0.21309,-0.06827,-0.95045,0.14642,-0.07513,-0.94384,0.42982,0.02208,-1.041,0.33192,0.07505,-1.01705,0.18545,0.07353,-1.0693,0.14585,0.12263
9.44,-0.9319,0.46694,-0.0181,-0.9799,0.61869,-0.05638,-0.99885,0.69475,-0.08538,-0.98638,0.5742,-0.11784,-0.97407,0.4881,-0.13849,-1.03483,0.42376,-0.09812,-1.0894,0.45639,-0.08576,-0.9725,0.61316,0.01921,-0.97835,0.53637,0.06461,-1.04071,0.46751,0.03576,-1.08525,0.49102,-0.00497,-0.95754,0.43983,-0.03824,-1.00917,0.30263,-0.01975,-0.9001,0.21654,-0.07194,-0.94972,0.15163,-0.07771,-0.94238,0.44272,0.01508,-1.03453,0.33947,0.06685,-1.01521,0.19233,0.06947,-1.07059,0.15699,0.11839
9.46,-0.93032,0.47995,-0.02478,-0.97554,0.63255,-0.06304,-0.9942,0.70892,-0.09138,-0.98282,0.5882,-0.1245,-0.97213,0.50172,-0.14449,-1.0336,0.43862,-0.10323,-1.0876,0.47218,-0.09081,-0.96825,0.62688,0.01255,-0.97352,0.5505,0.05871,-1.03735,0.48287,0.03019,-1.08322,0.50627,-0.0091,-0.9559,0.45295,-0.04513,-1.00247,0.31387,-0.0273,-0.89715,0.22082,-0.07504,-0.9494,0.15796,-0.0803,-0.94095,0.4556,0.00827,-1.02801,0.34739,0.0587,-1.01327,0.19985,0.06533,-1.07133,0.16838,0.11378
9.48,-0.92881,0.49367,-0.03155,-0.9712,0.64708,-0.06982,-0.98947,0.72382,-0.09742,-0.97937,0.60285,-0.13127,-0.97015,0.516,-0.15034,-1.03213,0.45405,-0.10812,-1.08563,0.48838,-0.0957,-0.96395,0.64129,0.00576,-0.96812,0.56538,0.05278,-1.03344,0.49895,0.02478,-1.08102,0.52188,-0.01272,-0.95435,0.4668,-0.05214,-0.9955,0.32592,-0.03509,-0.89434,0.226,-0.07767,-0.94927,0.16546,-0.08278,-0.93962,0.46919,0.00134,-1.02116,0.35609,0.05025,-1.01139,0.20839,0.0612,-1.07247,0.18139,0.10862
9.5,-0.92711,0.50581,-0.03817,-0.96682,0.65998,-0.07628,-0.98486,0.737,-0.10326,-0.97572,0.61597,-0.13778,-0.96819,0.52889,-0.15655,-1.03094,0.46824,-0.11358,-1.08374,0.50356,-0.10094,-0.95971,0.65398,-0.0007,-0.96366,0.57842,0.04691,-1.03042,0.5134,0.01905,-1.07876,0.53659,-0.01731,-0.95259,0.47905,-0.05895,-0.9888,0.33676,-0.04243,-0.892,0.23088,-0.08049,-0.949,0.17226,-0.08544,-0.93806,0.48122,-0.00542,-1.01425,0.3639,0.04217,-1.00884,0.21628,0.05658,-1.07194,0.19293,0.10329
9.52,-0.92488,0.51378,-0.04435,-0.96231,0.66865,-0.08189,-0.98064,0.74566,-0.1087,-0.97148,0.62507,-0.14366,-0.96631,0.53813,-0.16381,-1.03064,0.47925,-0.12072,-1.08211,0.51621,-0.10727,-0.95568,0.66218,-0.00631,-0.962,0.58668,0.04114,-1.0301,0.52348,0.01233,-1.07663,0.54908,-0.02476,-0.95034,0.48708,-0.06525,-0.98306,0.34397,-0.0485,-0.8903,0.23375,-0.08423,-0.9481,0.17586,-0.08825,-0.93592,0.48911,-0.01168,-1.00773,0.3688,0.03522,-1.00498,0.22126,0.05121,-1.06763,0.19905,0.09907
9.54,-0.92247,0.52015,-0.05034,-0.95777,0.67569,-0.08718,-0.97658,0.75259,-0.11396,-0.96704,0.6326,-0.14927,-0.96441,0.54602,-0.17139,-1.03051,0.48908,-0.12837,-1.08038,0.5278,-0.11391,-0.95174,0.66868,-0.01159,-0.96134,0.59326,0.03543,-1.03069,0.53208,0.00528,-1.07432,0.56068,-0.03312,-0.94791,0.4935,-0.07132,-0.97769,0.3498,-0.0541,-0.88882,0.23589,-0.08811,-0.94692,0.17823,-0.09083,-0.93357,0.49543,-0.01773,-1.00136,0.37262,0.0287,-1.00043,0.22518,0.04572,-1.06173,0.2032,0.0954
9.56,-0.92016,0.52718,-0.05635,-0.95325,0.68336,-0.09256,-0.97246,0.7602,-0.11924,-0.96269,0.64072,-0.15494,-0.96246,0.55454,-0.1787,-1.03011,0.49949,-0.13565,-1.07845,0.53977,-0.12028,-0.94777,0.67587,-0.01698,-0.9602,0.60068,0.02975,-1.03078,0.54151,-0.00155,-1.07179,0.5726,-0.04088,-0.94558,0.50059,-0.07743,-0.97217,0.35631,-0.05986,-0.88733,0.23872,-0.09152,-0.9459,0.18148,-0.09311,-0.93132,0.50241,-0.02381,-0.99485,0.37712,0.02202,-0.99587,0.22985,0.04047,-1.0562,0.20848,0.09158
9.58,-0.91776,0.53444,-0.06264,-0.94866,0.69124,-0.09808,-0.96821,0.76798,-0.1248,-0.9582,0.64912,-0.1608,-0.96028,0.56355,-0.18658,-1.02934,0.51024,-0.14356,-1.07608,0.55194,-0.12707,-0.94377,0.68322,-0.02252,-0.9591,0.60821,0.02364,-1.03074,0.55099,-0.00887,-1.06882,0.58461,-0.04906,-0.94316,0.50791,-0.08382,-0.96643,0.36311,-0.06582,-0.88585,0.24189,-0.09483,-0.94489,0.18511,-0.09521,-0.92901,0.5096,-0.03017,-0.98801,0.3819,0.01503,-0.99171,0.23492,0.03536,-1.05092,0.21447,0.08814
9.6,-0.9155,0.54086,-0.0683,-0.94419,0.6982,-0.1032,-0.96421,0.77488,-0.12974,-0.9539,0.65649,-0.16617,-0.95835,0.57145,-0.19337,-1.02891,0.52019,-0.15029,-1.07402,0.56335,-0.13303,-0.93986,0.68977,-0.02765,-0.95815,0.61534,0.01837,-1.03096,0.56034,-0.01531,-1.066,0.59609,-0.05641,-0.94088,0.51438,-0.08957,-0.96124,0.36918,-0.07125,-0.88453,0.24489,-0.09769,-0.94383,0.1884,-0.09698,-0.9268,0.51597,-0.03589,-0.98171,0.38626,0.00874,-0.9862,0.23947,0.03025,-1.04429,0.21917,0.08431
9.62,-0.91361,0.54543,-0.0724,-0.94005,0.70314,-0.10739,-0.96087,0.77992,-0.13304,-0.95012,0.66156,-0.17039,-0.95733,0.57658,-0.19716,-1.02976,0.5283,-0.15376,-1.07318,0.57325,-0.13673,-0.93608,0.69466,-0.03182,-0.95728,0.62178,0.0154,-1.03171,0.56963,-0.01927,-1.06399,0.60658,-0.06155,-0.93901,0.51898,-0.09367,-0.95743,0.37351,-0.07544,-0.88353,0.24712,-0.09984,-0.94275,0.19055,-0.09853,-0.92489,0.52051,-0.04001,-0.97699,0.3895,0.00421,-0.97745,0.2425,0.02469,-1.03476,0.2204,0.07888
9.64,-0.91186,0.54919,-0.07587,-0.93605,0.70719,-0.11119,-0.95778,0.78408,-0.13569,-0.94655,0.66564,-0.17413,-0.95664,0.58062,-0.19985,-1.03101,0.53573,-0.15607,-1.07265,0.58255,-0.13964,-0.93237,0.69878,-0.03559,-0.95644,0.62791,0.01328,-1.03248,0.57884,-0.02239,-1.06204,0.61658,-0.06595,-0.9373,0.52275,-0.09712,-0.95417,0.37707,-0.07912,-0.88268,0.24899,-0.10178,-0.94167,0.19219,-0.10001,-0.9231,0.52425,-0.04347,-0.97286,0.39221,0.00037,-0.96747,0.24505,0.01896,-1.02399,0.22041,0.07288
9.66,-0.91007,0.55326,-0.07958,-0.93202,0.71154,-0.11513,-0.95459,0.7885,-0.13863,-0.94289,0.67007,-0.17807,-0.9558,0.58521,-0.20305,-1.03188,0.54362,-0.15895,-1.07169,0.59216,-0.14297,-0.92867,0.70316,-0.03952,-0.9555,0.63427,0.01074,-1.03289,0.58819,-0.02599,-1.05963,0.62666,-0.07071,-0.93554,0.52685,-0.10084,-0.9507,0.38096,-0.083,-0.88183,0.25114,-0.10378,-0.94065,0.19419,-0.10149,-0.92128,0.52829,-0.0472,-0.96845,0.39517,-0.00377,-0.95803,0.2481,0.01329,-1.01364,0.22128,0.06712
9.68,-0.90817,0.55752,-0.08347,-0.92783,0.71604,-0.11925,-0.95127,0.79306,-0.14167,-0.93913,0.67465,-0.18217,-0.95502,0.59009,-0.2064,-1.03269,0.55192,-0.16199,-1.07051,0.60213,-0.14638,-0.92477,0.7077,-0.04362,-0.95432,0.64098,0.00801,-1.03297,0.59798,-0.02975,-1.05687,0.63695,-0.07564,-0.93367,0.53113,-0.1047,-0.94709,0.38505,-0.08703,-0.88096,0.25351,-0.10585,-0.93961,0.19641,-0.10302,-0.91933,0.53253,-0.05109,-0.964,0.39842,-0.00806,-0.94854,0.25162,0.00745,-1.00325,0.22264,0.06108
9.7,-0.90654,0.56121,-0.08683,-0.92399,0.71992,-0.12291,-0.94826,0.79698,-0.14431,-0.93563,0.67859,-0.1858,-0.95421,0.59433,-0.20918,-1.03335,0.55962,-0.16453,-1.06927,0.61139,-0.14955,-0.92129,0.71166,-0.04726,-0.95332,0.64719,0.00574,-1.03296,0.60711,-0.03317,-1.05403,0.64647,-0.08011,-0.93206,0.53485,-0.10807,-0.94388,0.3886,-0.09063,-0.88025,0.25559,-0.10767,-0.93874,0.19834,-0.10438,-0.91769,0.53619,-0.05447,-0.9597,0.40108,-0.0119,-0.93887,0.25477,0.00188,-0.99245,0.22353,0.05539
9.72,-0.90561,0.56355,-0.08895,-0.92107,0.72238,-0.12544,-0.94606,0.79941,-0.14607,-0.93275,0.68106,-0.18832,-0.95325,0.59698,-0.21071,-1.03378,0.56566,-0.16603,-1.06807,0.61885,-0.15219,-0.91897,0.71424,-0.04975,-0.95308,0.65195,0.00454,-1.03317,0.61432,-0.03584,-1.05146,0.65418,-0.08351,-0.93108,0.53724,-0.11031,-0.94163,0.39085,-0.09323,-0.87991,0.25678,-0.10888,-0.9383,0.19944,-0.10531,-0.91686,0.53848,-0.05666,-0.95565,0.40221,-0.01474,-0.92894,0.25668,-0.00299,-0.98085,0.22309,0.05074
9.74,-0.90495,0.56536,-0.09052,-0.91852,0.72425,-0.12746,-0.94418,0.80125,-0.1474,-0.93014,0.68292,-0.19035,-0.95227,0.59897,-0.21165,-1.03409,0.57105,-0.16705,-1.06685,0.62553,-0.15461,-0.91707,0.71625,-0.05175,-0.95305,0.65616,0.0038,-1.03335,0.62076,-0.03815,-1.04888,0.6611,-0.08639,-0.93035,0.5391,-0.11204,-0.93974,0.39259,-0.09536,-0.87971,0.25762,-0.10983,-0.93801,0.20021,-0.10604,-0.91634,0.54023,-0.05833,-0.95171,0.40282,-0.01711,-0.91892,0.25838,-0.0075,-0.96889,0.22243,0.04654
9.76,-0.90416,0.56739,-0.09229,-0.9158,0.72635,-0.12964,-0.94215,0.80331,-0.14883,-0.92744,0.68501,-0.19252,-0.95131,0.60127,-0.21277,-1.03428,0.57679,-0.16828,-1.06544,0.63248,-0.15721,-0.91495,0.71849,-0.0539,-0.95275,0.66067,0.00283,-1.03321,0.62753,-0.04063,-1.04599,0.66816,-0.08943,-0.92951,0.54119,-0.11393,-0.93768,0.39456,-0.09765,-0.87946,0.25867,-0.11086,-0.93766,0.20118,-0.10681,-0.91567,0.54221,-0.06018,-0.94765,0.40378,-0.01962,-0.90901,0.26067,-0.01205,-0.95705,0.22251,0.04222
9.78,-0.90336,0.56946,-0.09427,-0.91303,0.72845,-0.13204,-0.94013,0.80531,-0.15057,-0.92459,0.6871,-0.19493,-0.95045,0.60374,-0.21426,-1.03452,0.58289,-0.16999,-1.06372,0.63983,-0.1599,-0.91287,0.72074,-0.05628,-0.95254,0.66539,0.00163,-1.03296,0.63446,-0.0435,-1.04284,0.67534,-0.09277,-0.92863,0.54331,-0.11609,-0.93565,0.39659,-0.10013,-0.87928,0.25981,-0.11204,-0.93739,0.20224,-0.10776,-0.91503,0.54422,-0.06227,-0.94367,0.40487,-0.02236,-0.89888,0.26347,-0.01687,-0.9449,0.22309,0.03755
9.8,-0.90267,0.57135,-0.09568,-0.91047,0.73035,-0.13381,-0.93818,0.80718,-0.15154,-0.92213,0.68899,-0.19668,-0.94944,0.60584,-0.21486,-1.03435,0.58827,-0.17077,-1.06222,0.64615,-0.16248,-0.9108,0.7228,-0.05804,-0.95195,0.66967,0.00091,-1.03237,0.64083,-0.0456,-1.03968,0.68173,-0.09529,-0.92791,0.54524,-0.11757,-0.93362,0.39841,-0.10207,-0.87903,0.26081,-0.11281,-0.93706,0.20319,-0.10829,-0.9144,0.54606,-0.06373,-0.93951,0.40584,-0.02447,-0.88936,0.26619,-0.02091,-0.93326,0.22387,0.03378
9.82,-0.90226,0.57293,-0.09567,-0.90846,0.73192,-0.13417,-0.93634,0.80897,-0.1506,-0.92066,0.69053,-0.19692,-0.94793,0.60697,-0.21317,-1.03327,0.59172,-0.16905,-1.06159,0.64983,-0.16492,-0.90873,0.72455,-0.05838,-0.95057,0.67292,0.00142,-1.03133,0.64597,-0.04563,-1.0369,0.68651,-0.09585,-0.92765,0.54684,-0.1174,-0.93157,0.39987,-0.10274,-0.87863,0.26156,-0.11263,-0.93663,0.20392,-0.10788,-0.91378,0.54764,-0.06365,-0.93489,0.40655,-0.02517,-0.88137,0.26812,-0.02326,-0.92312,0.22432,0.03195
9.84,-0.90194,0.57436,-0.0951,-0.90666,0.7333,-0.13397,-0.93454,0.81066,-0.14894,-0.91959,0.6919,-0.19655,-0.9462,0.60773,-0.21064,-1.03184,0.59433,-0.16649,-1.0613,0.65202,-0.16731,-0.90665,0.72613,-0.05816,-0.94885,0.6757,0.00241,-1.03006,0.65057,-0.04487,-1.03426,0.69057,-0.09564,-0.92754,0.54826,-0.11657,-0.92951,0.40115,-0.10294,-0.87818,0.26219,-0.11212,-0.93617,0.20455,-0.10718,-0.91314,0.54906,-0.06297,-0.93009,0.40718,-0.02536,-0.874,0.26976,-0.02501,-0.91353,0.22471,0.03081
9.86,-0.90156,0.57584,-0.09476,-0.90476,0.73473,-0.134,-0.9327,0.81231,-0.1476,-0.91836,0.69331,-0.19643,-0.94456,0.60869,-0.2085,-1.03054,0.59723,-0.16447,-1.06084,0.65423,-0.16976,-0.90454,0.72773,-0.05817,-0.94718,0.67864,0.00316,-1.02873,0.65534,-0.04446,-1.03145,0.6948,-0.09576,-0.92735,0.54974,-0.116,-0.92746,0.40253,-0.10336,-0.87779,0.26292,-0.11183,-0.93576,0.20529,-0.10669,-0.91247,0.55054,-0.06253,-0.92535,0.408,-0.02581,-0.86646,0.27177,-0.02711,-0.90375,0.22546,0.02923
9.88,-0.90128,0.57738,-0.09449,-0.90293,0.73616,-0.13428,-0.93085,0.81399,-0.14647,-0.91707,0.69467,-0.19654,-0.9427,0.60959,-0.20635,-1.0291,0.60023,-0.16266,-1.05998,0.65627,-0.17274,-0.90264,0.72943,-0.05843,-0.94572,0.68184,0.00379,-1.02749,0.66031,-0.0443,-1.02864,0.69908,-0.09617,-0.92721,0.55129,-0.11557,-0.92552,0.404,-0.10396,-0.8776,0.26374,-0.11179,-0.9356,0.20614,-0.10649,-0.91197,0.55208,-0.06219,-0.92067,0.40893,-0.02663,-0.85874,0.27408,-0.02966,-0.89372,0.22646,0.02707
9.9,-0.90079,0.57876,-0.09395,-0.90103,0.73748,-0.13401,-0.929,0.81549,-0.14484,-0.91603,0.69603,-0.1961,-0.9411,0.61059,-0.20409,-1.02774,0.60265,-0.1606,-1.05978,0.65715,-0.17473,-0.9003,0.73087,-0.05815,-0.94365,0.6844,0.00472,-1.02578,0.66471,-0.04355,-1.0257,0.70288,-0.09588,-0.92699,0.55267,-0.1147,-0.92337,0.40533,-0.10417,-0.87711,0.26448,-0.11142,-0.93509,0.20689,-0.10591,-0.91109,0.55346,-0.06152,-0.91583,0.40992,-0.02681,-0.8517,0.27615,-0.03147,-0.88437,0.22755,0.02579
9.92,-0.89978,0.57975,-0.09283,-0.89888,0.73858,-0.13244,-0.92711,0.81666,-0.14206,-0.9156,0.6975,-0.19434,-0.94037,0.61193,-0.20175,-1.02679,0.60382,-0.15785,-1.06174,0.65586,-0.17412,-0.89674,0.73174,-0.05663,-0.94007,0.68532,0.00628,-1.02299,0.66777,-0.04144,-1.02249,0.70575,-0.09391,-0.92652,0.55364,-0.11285,-0.92062,0.4063,-0.10346,-0.87579,0.26497,-0.11021,-0.93366,0.20731,-0.10434,-0.90918,0.55447,-0.06012,-0.91061,0.41087,-0.02536,-0.84613,0.27732,-0.03135,-0.87666,0.22847,0.02688
9.94,-0.89853,0.58058,-0.09145,-0.89659,0.73955,-0.13043,-0.92513,0.81765,-0.1389,-0.91533,0.69895,-0.19207,-0.93988,0.61331,-0.19938,-1.02589,0.60444,-0.15482,-1.06421,0.65364,-0.17234,-0.89269,0.73236,-0.05473,-0.93591,0.68564,0.00805,-1.01977,0.67033,-0.03881,-1.01916,0.70823,-0.09133,-0.92591,0.55445,-0.11056,-0.91769,0.40714,-0.10247,-0.87423,0.26537,-0.1089,-0.93198,0.20763,-0.10266,-0.90684,0.55532,-0.05843,-0.90519,0.41178,-0.02342,-0.84114,0.27807,-0.03056,-0.86955,0.22927,0.02877
9.96,-0.89735,0.58145,-0.09016,-0.89431,0.74051,-0.12875,-0.92308,0.81864,-0.13606,-0.91489,0.70033,-0.19007,-0.93918,0.61459,-0.1971,-1.02484,0.60523,-0.15198,-1.06601,0.65155,-0.17082,-0.88884,0.73304,-0.05316,-0.93201,0.68629,0.00962,-1.01666,0.67313,-0.03647,-1.01581,0.71084,-0.08913,-0.92529,0.55531,-0.10842,-0.91492,0.40807,-0.10174,-0.87294,0.26584,-0.108,-0.93062,0.20806,-0.10147,-0.90465,0.55621,-0.05689,-0.89983,0.41272,-0.02196,-0.83594,0.27901,-0.0303,-0.86214,0.23016,0.02999
9.98,-0.89633,0.58244,-0.08898,-0.89203,0.74153,-0.12727,-0.92092,0.81972,-0.1334,-0.91454,0.70179,-0.1882,-0.93853,0.61593,-0.19485,-1.02396,0.60609,-0.14938,-1.06837,0.64858,-0.16981,-0.88494,0.7338,-0.05185,-0.92821,0.68699,0.01082,-1.01361,0.67617,-0.03448,-1.01255,0.71363,-0.08731,-0.92481,0.55626,-0.10634,-0.91217,0.40914,-0.10127,-0.8719,0.26641,-0.10739,-0.92955,0.20863,-0.10061,-0.90259,0.55722,-0.05548,-0.89452,0.41382,-0.02077,-0.83049,0.28026,-0.03026,-0.85458,0.23126,0.0308
10,-0.8949,0.58316,-0.08751,-0.88961,0.74229,-0.12554,-0.91877,0.82045,-0.1306,-0.91388,0.70296,-0.18605,-0.93772,0.61705,-0.19266,-1.02266,0.60661,-0.14641,-1.06914,0.64663,-0.16724,-0.88098,0.7343,-0.0503,-0.92412,0.68758,0.01253,-1.01021,0.67873,-0.03188,-1.009,0.71594,-0.08488,-0.9239,0.55699,-0.10399,-0.90948,0.40998,-0.10049,-0.8707,0.26685,-0.10684,-0.92833,0.20907,-0.09982,-0.90014,0.55795,-0.05383,-0.88907,0.41467,-0.01946,-0.82568,0.28088,-0.03003,-0.84738,0.23201,0.03201
10.02,-0.89244,0.58327,-0.08541,-0.88688,0.74249,-0.12305,-0.91682,0.8204,-0.12729,-0.91243,0.70348,-0.18324,-0.93644,0.61769,-0.19066,-1.02021,0.60635,-0.14254,-1.06587,0.6484,-0.16107,-0.87698,0.73421,-0.048,-0.91924,0.68789,0.01572,-1.00595,0.68,-0.02765,-1.00464,0.71705,-0.08077,-0.92192,0.55718,-0.10114,-0.90687,0.41021,-0.09877,-0.86881,0.26693,-0.1059,-0.92632,0.20907,-0.09856,-0.89676,0.55798,-0.05166,-0.88325,0.41484,-0.01758,-0.82238,0.27995,-0.02891,-0.84083,0.23201,0.03489
10.04,-0.88955,0.58313,-0.08301,-0.88397,0.74245,-0.12021,-0.91486,0.82003,-0.12372,-0.91065,0.70374,-0.18012,-0.93505,0.61816,-0.18862,-1.01735,0.60582,-0.13825,-1.06092,0.65129,-0.15337,-0.87291,0.73388,-0.04536,-0.91399,0.68809,0.01949,-1.0013,0.68078,-0.02277,-0.99992,0.7177,-0.07598,-0.9195,0.55715,-0.09802,-0.90427,0.41019,-0.09663,-0.86666,0.26684,-0.10473,-0.92403,0.20888,-0.09703,-0.893,0.55772,-0.04925,-0.87731,0.41473,-0.0155,-0.8196,0.27848,-0.02712,-0.8344,0.23176,0.03851
10.06,-0.88683,0.5831,-0.08068,-0.88108,0.74249,-0.11754,-0.9128,0.81977,-0.12024,-0.90893,0.70408,-0.1771,-0.93376,0.61872,-0.18649,-1.01465,0.60546,-0.13411,-1.05644,0.65345,-0.14623,-0.86882,0.73366,-0.04291,-0.90883,0.68838,0.02296,-0.99672,0.68181,-0.01821,-0.99529,0.71854,-0.07155,-0.91723,0.55722,-0.09496,-0.90169,0.41028,-0.09465,-0.86472,0.26682,-0.10365,-0.92198,0.2088,-0.09562,-0.88941,0.55759,-0.04692,-0.87147,0.41475,-0.01367,-0.81648,0.27738,-0.0253,-0.82765,0.23172,0.04178
10.08,-0.88421,0.58309,-0.07861,-0.87827,0.74257,-0.11507,-0.9108,0.81953,-0.11696,-0.90735,0.70449,-0.17426,-0.93237,0.6193,-0.1847,-1.01179,0.60478,-0.13043,-1.05149,0.65515,-0.13952,-0.86476,0.73344,-0.04069,-0.90364,0.68855,0.02613,-0.99208,0.68273,-0.01396,-0.99057,0.71932,-0.06738,-0.91505,0.5573,-0.09207,-0.89919,0.4104,-0.09281,-0.86288,0.26682,-0.10268,-0.92003,0.20875,-0.09428,-0.88584,0.55749,-0.04486,-0.86554,0.41487,-0.01199,-0.81299,0.27651,-0.02314,-0.82021,0.23226,0.0454
10.1,-0.88128,0.58299,-0.07594,-0.87518,0.7425,-0.11221,-0.90855,0.81912,-0.11328,-0.90534,0.70466,-0.17101,-0.9312,0.61981,-0.18212,-1.00908,0.60469,-0.12583,-1.04635,0.65736,-0.13159,-0.86057,0.73318,-0.03806,-0.8983,0.68898,0.02987,-0.98729,0.6838,-0.00907,-0.98578,0.72007,-0.06271,-0.91251,0.55731,-0.08871,-0.8966,0.41042,-0.09056,-0.86097,0.26675,-0.10139,-0.91803,0.20862,-0.09274,-0.88214,0.55727,-0.04224,-0.85985,0.41474,-0.0103,-0.8099,0.27537,-0.02086,-0.81344,0.23199,0.04853
10.12,-0.87768,0.58271,-0.07176,-0.87149,0.74214,-0.10836,-0.90579,0.81836,-0.10855,-0.90235,0.70429,-0.16678,-0.93062,0.62016,-0.17751,-1.00691,0.60625,-0.11879,-1.04135,0.66108,-0.12077,-0.85616,0.7329,-0.03435,-0.8928,0.69014,0.03508,-0.98237,0.68539,-0.00256,-0.98104,0.72083,-0.05676,-0.90916,0.5572,-0.08424,-0.89371,0.41028,-0.08729,-0.85883,0.26652,-0.0993,-0.91586,0.20835,-0.09071,-0.87817,0.55683,-0.03818,-0.85481,0.41398,-0.00851,-0.80822,0.27342,-0.01867,-0.80914,0.22922,0.05028
10.14,-0.87378,0.58234,-0.06696,-0.86754,0.74165,-0.10408,-0.90279,0.81742,-0.10337,-0.89897,0.7037,-0.16214,-0.93019,0.62053,-0.17208,-1.0048,0.60842,-0.11084,-1.03591,0.6652,-0.10892,-0.85161,0.73259,-0.03017,-0.88712,0.69156,0.04087,-0.97727,0.68717,0.0046,-0.97623,0.7216,-0.05025,-0.90546,0.55702,-0.07931,-0.89071,0.41006,-0.08358,-0.8566,0.26622,-0.09686,-0.91363,0.20803,-0.08846,-0.87407,0.55627,-0.03353,-0.85004,0.41299,-0.00658,-0.80689,0.27131,-0.01627,-0.80566,0.22575,0.05178
10.16,-0.86999,0.58201,-0.06239,-0.86367,0.74121,-0.09996,-0.89983,0.81654,-0.09832,-0.89574,0.7032,-0.15762,-0.92964,0.62101,-0.1669,-1.00249,0.61032,-0.10333,-1.03001,0.66869,-0.09774,-0.84709,0.73229,-0.02618,-0.88139,0.69288,0.04636,-0.9721,0.68892,0.01145,-0.97135,0.72242,-0.04398,-0.9019,0.55687,-0.07453,-0.88778,0.40989,-0.08001,-0.85447,0.26597,-0.0945,-0.91149,0.20776,-0.08624,-0.87002,0.55576,-0.02909,-0.84526,0.41216,-0.00468,-0.80508,0.26955,-0.01357,-0.80155,0.22298,0.05371
10.18,-0.86627,0.5817,-0.05805,-0.86001,0.74081,-0.09602,-0.89712,0.81566,-0.09345,-0.89265,0.70273,-0.15332,-0.92907,0.62156,-0.16204,-1.00009,0.61207,-0.09625,-1.02367,0.67167,-0.08691,-0.8428,0.73202,-0.02236,-0.87582,0.69421,0.0516,-0.96704,0.69059,0.01802,-0.9666,0.7231,-0.038,-0.89841,0.55675,-0.06995,-0.88494,0.40975,-0.07657,-0.85243,0.26578,-0.09224,-0.90945,0.20755,-0.08408,-0.86602,0.55528,-0.02489,-0.8404,0.4114,-0.0031,-0.80302,0.26796,-0.0106,-0.79709,0.22019,0.05567
10.2,-0.86233,0.58132,-0.05308,-0.8559,0.74029,-0.0916,-0.89378,0.81471,-0.08804,-0.88922,0.70215,-0.14846,-0.92845,0.6222,-0.15625,-0.99759,0.61423,-0.0883,-1.01707,0.67472,-0.07576,-0.838,0.73167,-0.01809,-0.86971,0.6956,0.05731,-0.96148,0.69251,0.02519,-0.96143,0.72409,-0.03137,-0.89468,0.55655,-0.06482,-0.88193,0.40955,-0.07268,-0.85031,0.26553,-0.0896,-0.90735,0.20729,-0.08164,-0.86188,0.55473,-0.02006,-0.83591,0.41055,-0.00084,-0.8008,0.26649,-0.0075,-0.79293,0.21786,0.05793
10.22,-0.85791,0.58076,-0.04658,-0.85063,0.73947,-0.08601,-0.88881,0.81367,-0.08131,-0.88499,0.70132,-0.14225,-0.92777,0.62305,-0.14813,-0.99499,0.61754,-0.07804,-1.01043,0.67877,-0.0636,-0.83187,0.73108,-0.01269,-0.86229,0.69712,0.0642,-0.95466,0.69515,0.0338,-0.95514,0.7261,-0.0231,-0.89039,0.55617,-0.05833,-0.87848,0.40919,-0.06773,-0.84796,0.2651,-0.08608,-0.90508,0.20689,-0.07856,-0.85744,0.554,-0.0137,-0.83229,0.40938,0.00315,-0.79888,0.26498,-0.00473,-0.79004,0.21649,0.06069
10.24,-0.85325,0.58014,-0.03945,-0.8449,0.73853,-0.07994,-0.88316,0.8126,-0.07401,-0.88042,0.7004,-0.13547,-0.92693,0.62415,-0.13906,-0.99214,0.62142,-0.06693,-1.0035,0.6832,-0.0511,-0.82521,0.73037,-0.00683,-0.85426,0.69864,0.07153,-0.94724,0.69799,0.04297,-0.94833,0.72841,-0.0142,-0.88583,0.55572,-0.05127,-0.87484,0.40878,-0.06231,-0.84549,0.26466,-0.0822,-0.90271,0.20646,-0.07521,-0.85282,0.55322,-0.0067,-0.82896,0.40813,0.00787,-0.79712,0.2635,-0.00208,-0.78767,0.21546,0.06358
10.26,-0.84865,0.57955,-0.03259,-0.83937,0.73763,-0.07406,-0.87774,0.81154,-0.06691,-0.87599,0.69954,-0.12889,-0.92595,0.62542,-0.13035,-0.98905,0.6252,-0.05633,-0.99617,0.68722,-0.03905,-0.81877,0.72969,-0.00119,-0.84633,0.70008,0.07853,-0.93985,0.70066,0.05181,-0.94158,0.73052,-0.00565,-0.88135,0.5553,-0.04443,-0.87128,0.40843,-0.05706,-0.84306,0.26429,-0.07845,-0.90037,0.20613,-0.07196,-0.84823,0.55248,4e-05,-0.82548,0.407,0.01236,-0.79526,0.26216,0.00068,-0.785,0.21436,0.06641
10.28,-0.84422,0.57893,-0.02583,-0.83396,0.73669,-0.06832,-0.87245,0.81039,-0.0599,-0.87167,0.69865,-0.12245,-0.92509,0.62697,-0.12172,-0.98593,0.62921,-0.04586,-0.98865,0.6912,-0.02727,-0.81249,0.72895,0.00432,-0.83846,0.70162,0.08538,-0.93243,0.70364,0.06034,-0.93467,0.733,0.00264,-0.87704,0.55488,-0.03774,-0.86778,0.4081,-0.05198,-0.84078,0.26394,-0.07478,-0.8982,0.20584,-0.06876,-0.84385,0.55168,0.00665,-0.82215,0.40585,0.01642,-0.79364,0.26079,0.00327,-0.78242,0.21336,0.0691
10.3,-0.83938,0.57836,-0.01869,-0.82823,0.73578,-0.06218,-0.86663,0.80937,-0.05251,-0.86709,0.69782,-0.11555,-0.92356,0.62859,-0.11264,-0.98223,0.63316,-0.03518,-0.98064,0.69485,-0.01549,-0.80576,0.72821,0.01018,-0.83007,0.7028,0.09237,-0.92454,0.70601,0.0694,-0.92761,0.73478,0.01145,-0.87231,0.55445,-0.0306,-0.86415,0.40776,-0.0464,-0.83821,0.26368,-0.07082,-0.89569,0.20558,-0.06537,-0.83899,0.55097,0.01368,-0.81863,0.40484,0.02154,-0.79159,0.2597,0.00623,-0.77974,0.21244,0.07207
10.32,-0.83352,0.57792,-0.01072,-0.8217,0.73503,-0.05511,-0.85965,0.80872,-0.04436,-0.86188,0.69721,-0.10759,-0.92055,0.62995,-0.10262,-0.97742,0.63673,-0.02399,-0.97184,0.6979,-0.00343,-0.79799,0.72757,0.01687,-0.82069,0.70305,0.09978,-0.91585,0.70671,0.07996,-0.92065,0.73455,0.02167,-0.86652,0.55401,-0.02242,-0.86022,0.4074,-0.03962,-0.83493,0.26357,-0.06618,-0.89237,0.20536,-0.06159,-0.83293,0.55052,0.02164,-0.81458,0.40412,0.0295,-0.7884,0.25929,0.01031,-0.77682,0.21156,0.07586
10.34,-0.82722,0.57751,-0.00238,-0.81484,0.73433,-0.04766,-0.85216,0.80818,-0.03591,-0.85639,0.69667,-0.09918,-0.91689,0.63123,-0.09215,-0.97204,0.64017,-0.01252,-0.9627,0.70065,0.00869,-0.78979,0.72694,0.02386,-0.81089,0.70294,0.10735,-0.90672,0.7068,0.09108,-0.91359,0.73362,0.03253,-0.8603,0.55357,-0.01381,-0.85619,0.40703,-0.03231,-0.83139,0.26358,-0.06124,-0.88874,0.20521,-0.05763,-0.82637,0.55015,0.03,-0.81029,0.40352,0.03852,-0.78467,0.25925,0.01488,-0.77374,0.21088,0.08008
10.36,-0.82108,0.57707,0.00582,-0.80813,0.73358,-0.04038,-0.84484,0.80756,-0.02759,-0.85101,0.69609,-0.09092,-0.91331,0.63264,-0.08178,-0.96659,0.6437,-0.00116,-0.95349,0.70329,0.02059,-0.78177,0.72626,0.03068,-0.80122,0.70293,0.11476,-0.89755,0.70716,0.10189,-0.90636,0.73304,0.04317,-0.85422,0.55311,-0.00536,-0.85224,0.4067,-0.02514,-0.828,0.26363,-0.05635,-0.88528,0.20514,-0.0537,-0.81998,0.54973,0.03821,-0.80604,0.4029,0.04705,-0.78106,0.25923,0.01939,-0.77064,0.21037,0.08429
10.38,-0.8151,0.57669,0.01394,-0.8015,0.73288,-0.03315,-0.83757,0.80699,-0.01936,-0.84564,0.6956,-0.08275,-0.90978,0.63435,-0.07151,-0.96123,0.6476,0.00997,-0.94415,0.70595,0.0323,-0.77393,0.72559,0.03745,-0.79181,0.70292,0.12205,-0.88852,0.70753,0.11263,-0.89933,0.73243,0.05382,-0.8483,0.55271,0.00296,-0.84824,0.40647,-0.01815,-0.82478,0.26375,-0.05146,-0.88212,0.20528,-0.04979,-0.81381,0.54937,0.04634,-0.80206,0.40239,0.05588,-0.7775,0.25952,0.02403,-0.76762,0.21012,0.08862
10.4,-0.8087,0.57621,0.02229,-0.79469,0.73206,-0.02576,-0.83005,0.80632,-0.01093,-0.84019,0.69497,-0.07426,-0.9057,0.63564,-0.06087,-0.9551,0.65087,0.02153,-0.93471,0.70811,0.04398,-0.76572,0.72483,0.04429,-0.78182,0.70272,0.12939,-0.87878,0.70772,0.12344,-0.89162,0.73177,0.06468,-0.84198,0.5522,0.01164,-0.8444,0.40614,-0.01055,-0.8213,0.26397,-0.04637,-0.87847,0.20531,-0.04573,-0.80709,0.54891,0.05469,-0.79745,0.40179,0.06443,-0.77351,0.25969,0.02884,-0.76423,0.20987,0.09319
10.42,-0.80113,0.57538,0.03127,-0.78742,0.7309,-0.01792,-0.82191,0.80533,-0.00194,-0.83453,0.6939,-0.06494,-0.90044,0.63557,-0.04931,-0.94721,0.65222,0.03435,-0.92516,0.70921,0.05582,-0.75652,0.7238,0.05131,-0.77028,0.70212,0.13694,-0.86737,0.70749,0.13439,-0.88219,0.73105,0.0759,-0.8346,0.55135,0.02126,-0.84093,0.40547,-0.00137,-0.81716,0.2644,-0.04091,-0.87349,0.20494,-0.0415,-0.79891,0.5481,0.06365,-0.79118,0.40078,0.07198,-0.76878,0.25909,0.03388,-0.76017,0.20913,0.09822
10.44,-0.79317,0.57444,0.04046,-0.78003,0.72964,-0.00993,-0.81356,0.80424,0.00722,-0.82882,0.69271,-0.05526,-0.89471,0.63501,-0.03735,-0.93861,0.65288,0.0476,-0.91556,0.70999,0.06767,-0.74704,0.72267,0.05834,-0.75824,0.70137,0.14444,-0.85534,0.7071,0.14529,-0.87213,0.73031,0.0872,-0.82684,0.55039,0.03121,-0.83761,0.40477,0.00859,-0.81291,0.26511,-0.03515,-0.86824,0.20475,-0.03714,-0.79021,0.54718,0.0728,-0.78438,0.39968,0.07923,-0.76389,0.25826,0.0391,-0.75601,0.2083,0.10353
10.46,-0.78544,0.57359,0.0495,-0.7728,0.72844,-0.00205,-0.80535,0.80322,0.01623,-0.82316,0.69162,-0.04571,-0.88909,0.63474,-0.02549,-0.93017,0.65391,0.06057,-0.90592,0.71097,0.07935,-0.73782,0.72159,0.06524,-0.74654,0.70068,0.15172,-0.84352,0.70681,0.15598,-0.86229,0.72964,0.09834,-0.81928,0.54952,0.04098,-0.83424,0.40426,0.01845,-0.80894,0.26602,-0.02929,-0.86348,0.205,-0.03275,-0.78178,0.54635,0.08179,-0.77794,0.39872,0.08668,-0.75926,0.25767,0.04443,-0.75208,0.20768,0.10893
10.48,-0.77748,0.57259,0.05878,-0.76544,0.72708,0.00602,-0.79694,0.80205,0.02531,-0.81729,0.69034,-0.03593,-0.88322,0.63429,-0.01353,-0.92141,0.65473,0.07357,-0.89593,0.71165,0.09107,-0.72853,0.72038,0.07229,-0.73475,0.69984,0.15907,-0.83151,0.70629,0.16669,-0.85223,0.72867,0.10955,-0.81146,0.54848,0.05093,-0.83064,0.40371,0.02846,-0.80501,0.26704,-0.02346,-0.85872,0.20543,-0.02874,-0.77318,0.54538,0.09101,-0.77147,0.39767,0.09443,-0.75468,0.25702,0.05011,-0.7483,0.20712,0.11476
10.5,-0.7699,0.57188,0.06761,-0.75846,0.72604,0.01374,-0.78892,0.80114,0.03416,-0.81184,0.68946,-0.0264,-0.87753,0.63415,-0.00154,-0.9128,0.65587,0.08647,-0.88645,0.71285,0.10245,-0.71955,0.71939,0.07886,-0.72323,0.69922,0.16587,-0.81962,0.70621,0.17693,-0.84228,0.72834,0.12043,-0.80407,0.54777,0.06057,-0.82745,0.40351,0.03885,-0.80131,0.26848,-0.01697,-0.85446,0.20652,-0.0237,-0.76483,0.54467,0.09972,-0.76513,0.39693,0.10167,-0.75031,0.25662,0.05558,-0.74458,0.20676,0.12031
10.52,-0.76338,0.57199,0.07523,-0.75241,0.72586,0.02047,-0.78189,0.80092,0.04244,-0.80751,0.68967,-0.01763,-0.87235,0.63491,0.01044,-0.90482,0.65809,0.09916,-0.87845,0.71558,0.1131,-0.71129,0.71905,0.0842,-0.71237,0.69935,0.17139,-0.80818,0.70749,0.18613,-0.83274,0.72976,0.13048,-0.79784,0.54799,0.06938,-0.82539,0.40414,0.0499,-0.79792,0.27069,-0.00898,-0.85108,0.20878,-0.01601,-0.75721,0.54468,0.10707,-0.75916,0.39694,0.10759,-0.74644,0.25683,0.06029,-0.74092,0.20673,0.12486
10.54,-0.75726,0.5724,0.08238,-0.74678,0.72601,0.02678,-0.77526,0.80095,0.0504,-0.80362,0.69028,-0.00915,-0.86725,0.63596,0.02235,-0.89693,0.66062,0.11164,-0.87097,0.71878,0.12341,-0.70339,0.71894,0.08896,-0.70185,0.69974,0.17625,-0.79687,0.70924,0.19472,-0.82328,0.73184,0.14006,-0.79202,0.54855,0.07788,-0.8235,0.40512,0.06149,-0.79445,0.27322,-7e-05,-0.84777,0.21142,-0.00677,-0.74989,0.54496,0.11385,-0.75342,0.39725,0.11301,-0.74294,0.25725,0.06484,-0.7375,0.20685,0.12917
10.56,-0.75101,0.57268,0.08969,-0.74109,0.726,0.03319,-0.76847,0.80085,0.05835,-0.79953,0.69069,-0.00052,-0.8619,0.63689,0.03421,-0.88875,0.66296,0.124,-0.86315,0.72166,0.1337,-0.69554,0.71872,0.09378,-0.69137,0.69999,0.18109,-0.78548,0.71074,0.2032,-0.81367,0.73363,0.14956,-0.786,0.54896,0.08649,-0.82112,0.40604,0.07329,-0.79077,0.27576,0.009,-0.84415,0.21397,0.00257,-0.74251,0.54513,0.12078,-0.74778,0.39748,0.11873,-0.73958,0.25761,0.06974,-0.73432,0.207,0.13393
10.58,-0.74453,0.57293,0.09721,-0.73525,0.72589,0.03966,-0.76143,0.80065,0.06631,-0.79521,0.691,0.00826,-0.85605,0.63769,0.04632,-0.88014,0.66524,0.13645,-0.85523,0.72456,0.14399,-0.68759,0.71845,0.09858,-0.68072,0.70034,0.18585,-0.77374,0.7124,0.21162,-0.80376,0.73535,0.15901,-0.77971,0.54934,0.09532,-0.81873,0.40718,0.08527,-0.78667,0.27868,0.01826,-0.84017,0.21703,0.01152,-0.73493,0.54526,0.12787,-0.74215,0.39771,0.12476,-0.73642,0.25797,0.07506,-0.73138,0.20724,0.13917
10.6,-0.73862,0.57331,0.10418,-0.73002,0.726,0.04579,-0.75501,0.80064,0.07388,-0.79142,0.69158,0.01674,-0.85071,0.63877,0.0578,-0.8719,0.6676,0.14825,-0.84746,0.72732,0.15389,-0.68031,0.71829,0.10296,-0.67083,0.70054,0.19006,-0.76265,0.71384,0.2193,-0.79428,0.73737,0.1679,-0.77394,0.54986,0.10363,-0.81559,0.40822,0.09773,-0.7828,0.28126,0.02819,-0.83627,0.21945,0.02262,-0.72791,0.54552,0.13435,-0.7369,0.39809,0.1303,-0.7335,0.25844,0.08013,-0.72863,0.20757,0.14414
10.62,-0.73413,0.574,0.10981,-0.72614,0.72664,0.05121,-0.75006,0.80113,0.0806,-0.7889,0.69286,0.0244,-0.847,0.64055,0.06775,-0.86491,0.67032,0.15861,-0.83986,0.7299,0.16289,-0.67446,0.71839,0.10652,-0.66265,0.70034,0.19328,-0.75328,0.71467,0.22556,-0.78593,0.74009,0.17572,-0.76957,0.55073,0.11064,-0.8105,0.40876,0.11089,-0.78015,0.28269,0.03868,-0.83295,0.22007,0.03806,-0.72234,0.54605,0.13944,-0.73243,0.39873,0.13444,-0.7308,0.2591,0.08411,-0.72599,0.20797,0.14792
10.64,-0.7302,0.57481,0.1149,-0.72278,0.72748,0.0563,-0.74564,0.80181,0.08692,-0.78683,0.69439,0.03175,-0.84383,0.64258,0.0771,-0.85831,0.67312,0.16832,-0.83231,0.73236,0.1714,-0.6692,0.71858,0.10967,-0.65519,0.69998,0.19598,-0.74459,0.71527,0.23113,-0.77793,0.74304,0.18304,-0.7657,0.55174,0.11712,-0.80433,0.40929,0.12409,-0.7782,0.2837,0.04942,-0.82966,0.22023,0.05509,-0.71734,0.54669,0.14392,-0.72836,0.39947,0.13802,-0.72834,0.25984,0.08768,-0.72355,0.20841,0.15124
10.66,-0.72604,0.57554,0.12018,-0.71923,0.72819,0.06146,-0.74093,0.80237,0.09326,-0.78446,0.69578,0.03925,-0.84021,0.64445,0.08667,-0.8513,0.67579,0.17808,-0.82463,0.73479,0.17984,-0.66382,0.7187,0.11282,-0.64758,0.69966,0.19864,-0.73562,0.71592,0.23668,-0.76961,0.74579,0.19032,-0.76155,0.55266,0.1238,-0.79795,0.41006,0.13699,-0.77617,0.28499,0.06009,-0.826,0.22096,0.07128,-0.71215,0.54727,0.14856,-0.7243,0.40016,0.14189,-0.72605,0.26054,0.09157,-0.72134,0.20887,0.15495
10.68,-0.72179,0.57638,0.12565,-0.71554,0.72891,0.06657,-0.73605,0.80292,0.09953,-0.78187,0.69717,0.04679,-0.83625,0.64645,0.09639,-0.84394,0.67882,0.1878,-0.81656,0.73752,0.18806,-0.65839,0.71887,0.11589,-0.63992,0.69958,0.2012,-0.72649,0.71692,0.24204,-0.76097,0.74877,0.19741,-0.75726,0.55369,0.13068,-0.79064,0.41107,0.15007,-0.774,0.28674,0.07074,-0.82154,0.22216,0.08744,-0.70692,0.54794,0.15336,-0.7203,0.40098,0.14586,-0.72393,0.26131,0.09576,-0.71934,0.20945,0.15899
10.7,-0.71784,0.57702,0.13059,-0.71225,0.7296,0.07156,-0.73151,0.80347,0.10558,-0.77958,0.69856,0.05419,-0.83263,0.6482,0.10559,-0.83691,0.68112,0.19702,-0.80898,0.73955,0.19604,-0.65343,0.7189,0.11872,-0.63285,0.699,0.2034,-0.71787,0.7172,0.24703,-0.75269,0.75119,0.20428,-0.7532,0.55452,0.13703,-0.78343,0.41208,0.16215,-0.77251,0.28767,0.08194,-0.81762,0.22296,0.104,-0.702,0.54843,0.1576,-0.71658,0.40161,0.14965,-0.722,0.26198,0.09963,-0.71748,0.20992,0.16271
10.72,-0.71452,0.57708,0.13418,-0.70975,0.73016,0.07639,-0.72763,0.80397,0.11129,-0.77798,0.69989,0.06132,-0.82998,0.64926,0.1135,-0.8309,0.68141,0.20531,-0.80266,0.73968,0.20386,-0.64928,0.71848,0.12116,-0.62695,0.69701,0.20502,-0.71041,0.71545,0.25147,-0.74534,0.75208,0.21106,-0.74967,0.5547,0.14195,-0.77764,0.41276,0.17202,-0.77165,0.28644,0.09431,-0.81501,0.22238,0.12125,-0.69773,0.5484,0.16051,-0.71327,0.40165,0.153,-0.72013,0.26227,0.10245,-0.71546,0.21,0.16534
10.74,-0.71146,0.57694,0.13723,-0.70749,0.73068,0.08115,-0.72393,0.80443,0.11686,-0.77654,0.70121,0.06837,-0.82764,0.6501,0.12098,-0.82518,0.68099,0.21319,-0.79668,0.73913,0.21154,-0.64544,0.7179,0.1234,-0.62154,0.69451,0.2063,-0.70334,0.71299,0.25557,-0.73821,0.75234,0.21773,-0.74636,0.55466,0.14634,-0.77212,0.41335,0.18098,-0.77054,0.28454,0.10726,-0.81213,0.22149,0.13895,-0.69376,0.54818,0.16287,-0.71011,0.40148,0.15615,-0.71827,0.26243,0.10489,-0.71335,0.20994,0.16758
10.76,-0.70829,0.5769,0.14053,-0.70499,0.73118,0.08593,-0.71994,0.80488,0.1224,-0.77476,0.70251,0.07553,-0.82493,0.65107,0.12872,-0.81907,0.68092,0.22111,-0.79026,0.7389,0.21911,-0.64148,0.71737,0.1256,-0.61598,0.69227,0.20753,-0.69602,0.71093,0.25957,-0.73066,0.75274,0.22424,-0.74289,0.55472,0.15097,-0.76588,0.4141,0.19007,-0.76863,0.28319,0.12019,-0.80787,0.22115,0.15653,-0.6897,0.54805,0.16542,-0.70687,0.40141,0.15942,-0.71642,0.26265,0.10762,-0.71131,0.20997,0.17014
10.78,-0.7051,0.57684,0.1438,-0.70223,0.73164,0.09063,-0.71567,0.80529,0.12777,-0.77265,0.70379,0.08263,-0.82197,0.65211,0.13636,-0.81264,0.68089,0.22881,-0.78347,0.73868,0.22642,-0.6374,0.71677,0.12772,-0.61046,0.6899,0.20862,-0.68871,0.70866,0.26327,-0.7227,0.75316,0.2307,-0.73935,0.55477,0.15552,-0.7593,0.415,0.1991,-0.76562,0.28215,0.13323,-0.80229,0.22123,0.1739,-0.68569,0.54791,0.16796,-0.70367,0.40135,0.16272,-0.71458,0.26287,0.11043,-0.70928,0.21002,0.17279
10.8,-0.70201,0.57676,0.147,-0.69969,0.73209,0.09539,-0.71157,0.80566,0.13321,-0.77064,0.70501,0.08989,-0.81906,0.65303,0.14416,-0.80636,0.68068,0.23655,-0.77691,0.73831,0.2338,-0.6336,0.71619,0.12972,-0.60515,0.6877,0.20953,-0.68135,0.70669,0.26692,-0.71497,0.75314,0.23679,-0.73584,0.5548,0.16009,-0.75246,0.41582,0.20742,-0.76267,0.2809,0.14641,-0.79625,0.22129,0.19145,-0.68173,0.54774,0.17033,-0.70041,0.40123,0.16597,-0.71274,0.26305,0.11322,-0.7072,0.21004,0.17542
10.82,-0.6991,0.57665,0.15011,-0.69779,0.73259,0.10035,-0.708,0.80597,0.13904,-0.76914,0.70612,0.09764,-0.81643,0.65369,0.15246,-0.8006,0.68012,0.24473,-0.77109,0.7377,0.24175,-0.6304,0.71577,0.13156,-0.60012,0.68603,0.21023,-0.67366,0.70563,0.2708,-0.70823,0.75226,0.24205,-0.73233,0.55485,0.1649,-0.7454,0.41624,0.21437,-0.76063,0.2789,0.1602,-0.79011,0.22087,0.20993,-0.6778,0.5475,0.17234,-0.69702,0.40103,0.16914,-0.71092,0.26317,0.11593,-0.705,0.21002,0.17797
10.84,-0.69629,0.57652,0.15318,-0.69601,0.73309,0.1054,-0.70445,0.80622,0.14497,-0.76761,0.70716,0.10557,-0.81375,0.65429,0.16096,-0.79487,0.67948,0.253,-0.76535,0.73705,0.24981,-0.62741,0.71538,0.13331,-0.59524,0.68453,0.2108,-0.66578,0.70488,0.27461,-0.70177,0.75109,0.24695,-0.72878,0.5549,0.16976,-0.73824,0.41649,0.2206,-0.75801,0.27683,0.17441,-0.78261,0.22053,0.22858,-0.67397,0.54724,0.17421,-0.69358,0.4008,0.17225,-0.70909,0.26328,0.11863,-0.70275,0.20999,0.18051
10.86,-0.69345,0.5764,0.15629,-0.69391,0.73352,0.11037,-0.70053,0.80644,0.15068,-0.76566,0.70819,0.11342,-0.81072,0.655,0.16938,-0.78875,0.67902,0.26105,-0.75916,0.73653,0.25759,-0.6243,0.71491,0.135,-0.59036,0.68297,0.21129,-0.65784,0.70402,0.2781,-0.69495,0.75012,0.25176,-0.72513,0.55495,0.17456,-0.73085,0.41683,0.22673,-0.75381,0.27524,0.18857,-0.77314,0.22073,0.24657,-0.67021,0.54699,0.1761,-0.69015,0.40059,0.17537,-0.70725,0.26338,0.12141,-0.7005,0.20998,0.18315
10.88,-0.69055,0.57627,0.15928,-0.69148,0.73393,0.11525,-0.69617,0.80665,0.15618,-0.76327,0.70926,0.12123,-0.80734,0.65577,0.1777,-0.78225,0.6785,0.26889,-0.75237,0.73586,0.26517,-0.62102,0.71436,0.1365,-0.5854,0.68126,0.21151,-0.64962,0.70302,0.28126,-0.6879,0.74891,0.25627,-0.72131,0.555,0.17924,-0.72301,0.4172,0.23253,-0.74781,0.27388,0.20298,-0.76146,0.22128,0.26427,-0.66644,0.54672,0.17781,-0.68667,0.40036,0.17851,-0.70545,0.2635,0.12423,-0.69827,0.21,0.18584
10.9,-0.6878,0.57616,0.16252,-0.6892,0.73428,0.12018,-0.69199,0.80676,0.16169,-0.76088,0.71017,0.12906,-0.80389,0.65657,0.18622,-0.77577,0.67832,0.27677,-0.7459,0.73565,0.27265,-0.61806,0.71386,0.13812,-0.58074,0.6799,0.21191,-0.64163,0.7024,0.28435,-0.68095,0.74815,0.26076,-0.71759,0.55504,0.18407,-0.71554,0.41748,0.23796,-0.74147,0.2729,0.21663,-0.74893,0.2222,0.28053,-0.6629,0.5465,0.17978,-0.68325,0.40016,0.18155,-0.70354,0.26357,0.12711,-0.69595,0.21001,0.18861
10.92,-0.6855,0.57605,0.16639,-0.68768,0.73451,0.12536,-0.68875,0.80667,0.1675,-0.75908,0.71074,0.13695,-0.8007,0.65731,0.1953,-0.76985,0.67888,0.285,-0.74097,0.73666,0.28028,-0.616,0.71355,0.14025,-0.57681,0.67942,0.21298,-0.63452,0.70274,0.28773,-0.67437,0.74873,0.26555,-0.71432,0.55498,0.18927,-0.70944,0.4175,0.24317,-0.73685,0.27234,0.22877,-0.73745,0.22332,0.29439,-0.65989,0.54636,0.1825,-0.68017,0.40001,0.18428,-0.70152,0.26352,0.13,-0.69363,0.20993,0.19144
10.94,-0.68337,0.57596,0.17052,-0.68641,0.7347,0.13068,-0.68579,0.80651,0.17343,-0.75742,0.71116,0.1449,-0.79747,0.65801,0.20459,-0.76401,0.67968,0.29332,-0.73645,0.73806,0.28798,-0.6143,0.71333,0.1426,-0.57318,0.67928,0.2143,-0.62772,0.70344,0.29114,-0.66793,0.74976,0.27034,-0.71118,0.5549,0.19462,-0.70387,0.4174,0.24821,-0.73238,0.27195,0.24029,-0.72582,0.22449,0.30672,-0.6571,0.54625,0.18552,-0.67729,0.39988,0.1869,-0.69957,0.26344,0.13288,-0.69145,0.20984,0.19428
10.96,-0.68115,0.57586,0.17458,-0.68488,0.73489,0.13595,-0.6825,0.80636,0.1792,-0.7554,0.71163,0.15283,-0.79389,0.65872,0.21374,-0.75779,0.68039,0.30143,-0.73137,0.73924,0.29556,-0.61248,0.71305,0.14486,-0.56947,0.67899,0.21544,-0.62072,0.70395,0.29426,-0.66133,0.75054,0.27486,-0.70789,0.55483,0.19988,-0.69802,0.41734,0.2531,-0.72647,0.27168,0.25175,-0.71272,0.22578,0.31818,-0.65427,0.54613,0.18842,-0.67445,0.39976,0.18957,-0.69776,0.26341,0.13578,-0.6894,0.20978,0.19712
10.98,-0.67899,0.57575,0.17844,-0.68324,0.73507,0.14109,-0.67899,0.80616,0.18483,-0.75317,0.71214,0.16064,-0.79009,0.65952,0.22276,-0.75142,0.68119,0.30935,-0.72635,0.74059,0.30308,-0.61068,0.71272,0.14692,-0.56586,0.6787,0.21638,-0.61363,0.70457,0.29707,-0.65452,0.75147,0.27907,-0.70459,0.55476,0.20492,-0.69202,0.41733,0.25773,-0.7195,0.27158,0.26326,-0.6982,0.22739,0.32885,-0.65155,0.54599,0.19107,-0.67183,0.39964,0.19204,-0.69624,0.26335,0.13857,-0.68766,0.20976,0.19992
11,-0.67674,0.57567,0.18279,-0.68164,0.73522,0.14651,-0.67562,0.80602,0.19052,-0.75087,0.71251,0.16863,-0.78609,0.66016,0.23195,-0.7448,0.68192,0.31729,-0.72075,0.74168,0.31051,-0.60902,0.71249,0.1494,-0.56229,0.67851,0.21761,-0.60677,0.70505,0.29995,-0.64796,0.75219,0.28333,-0.70121,0.55469,0.21033,-0.68639,0.4172,0.26239,-0.7123,0.27148,0.2735,-0.68423,0.22862,0.3374,-0.64881,0.54591,0.19425,-0.66914,0.39956,0.19485,-0.69458,0.26337,0.14159,-0.6858,0.20973,0.20287
11.02,-0.67421,0.5757,0.18836,-0.6803,0.73535,0.15271,-0.67288,0.80612,0.19654,-0.74873,0.7126,0.17716,-0.78197,0.66042,0.24169,-0.73783,0.6824,0.32553,-0.71389,0.74208,0.31773,-0.60763,0.71258,0.153,-0.55873,0.67853,0.21964,-0.60055,0.70509,0.30335,-0.64222,0.75226,0.28805,-0.69762,0.55467,0.21678,-0.68169,0.4168,0.26746,-0.70629,0.27109,0.28141,-0.67345,0.22864,0.34328,-0.64584,0.54596,0.19877,-0.66603,0.39959,0.19857,-0.69234,0.26363,0.14518,-0.6834,0.20967,0.20615
11.04,-0.67159,0.57576,0.19443,-0.67907,0.73546,0.15927,-0.67041,0.80631,0.20275,-0.74663,0.71257,0.18593,-0.77776,0.66053,0.25162,-0.73074,0.68278,0.33381,-0.70663,0.74222,0.32479,-0.60641,0.7128,0.15712,-0.55528,0.67864,0.22201,-0.59467,0.70497,0.30696,-0.63684,0.7521,0.29297,-0.69396,0.55467,0.22363,-0.67744,0.41629,0.27272,-0.70096,0.27058,0.28839,-0.66423,0.22817,0.34806,-0.64282,0.54607,0.20382,-0.66287,0.39969,0.20264,-0.69001,0.26399,0.14896,-0.68094,0.20962,0.20954
11.06,-0.66903,0.57579,0.20031,-0.67776,0.73557,0.16577,-0.66781,0.80645,0.20891,-0.74437,0.71258,0.19464,-0.77339,0.66069,0.26139,-0.72361,0.68317,0.34189,-0.69951,0.74243,0.33173,-0.6052,0.71295,0.16112,-0.55196,0.67868,0.22423,-0.58877,0.70489,0.31037,-0.63135,0.75203,0.29773,-0.69032,0.55465,0.23027,-0.6731,0.41583,0.27784,-0.69522,0.27013,0.29549,-0.6545,0.2279,0.35265,-0.63989,0.54615,0.20866,-0.65993,0.39977,0.20656,-0.68798,0.26436,0.15265,-0.67881,0.20962,0.21289
11.08,-0.66642,0.57588,0.20604,-0.67639,0.73572,0.17217,-0.66512,0.80662,0.21497,-0.74196,0.71265,0.20327,-0.76882,0.66095,0.27107,-0.71629,0.68371,0.3497,-0.69231,0.74281,0.33838,-0.60402,0.71314,0.16498,-0.54868,0.67885,0.22624,-0.58287,0.70495,0.31349,-0.62588,0.75205,0.30219,-0.68657,0.55468,0.23674,-0.66875,0.41545,0.28289,-0.68915,0.26978,0.30274,-0.64423,0.22785,0.35689,-0.63695,0.54628,0.2133,-0.65709,0.39993,0.21026,-0.68618,0.26476,0.15628,-0.67693,0.20969,0.21621
11.1,-0.66387,0.57587,0.21219,-0.67507,0.73577,0.17898,-0.66262,0.80674,0.22132,-0.73957,0.71258,0.21215,-0.76424,0.66097,0.28084,-0.7091,0.6839,0.35763,-0.6851,0.74275,0.34513,-0.60295,0.71326,0.1694,-0.54567,0.67875,0.22872,-0.57726,0.70466,0.317,-0.62054,0.75182,0.30709,-0.68294,0.55461,0.24354,-0.66467,0.41491,0.28806,-0.68375,0.26922,0.30905,-0.63575,0.22727,0.36049,-0.63413,0.5463,0.21843,-0.65436,0.39999,0.21449,-0.68439,0.26519,0.16011,-0.67511,0.20972,0.21966
11.12,-0.66149,0.57552,0.21941,-0.67392,0.73544,0.18675,-0.66066,0.80667,0.22841,-0.73744,0.71207,0.22163,-0.75987,0.66032,0.29099,-0.70246,0.68314,0.36613,-0.67792,0.74151,0.35247,-0.60205,0.71311,0.17517,-0.54315,0.67785,0.23244,-0.57219,0.70339,0.32169,-0.61541,0.75089,0.31325,-0.67966,0.55423,0.25126,-0.66116,0.41389,0.29363,-0.68028,0.26804,0.31343,-0.63169,0.22524,0.36359,-0.63155,0.54599,0.22481,-0.65175,0.3997,0.22002,-0.68229,0.26552,0.1644,-0.67306,0.20952,0.22346
11.14,-0.65916,0.57508,0.22703,-0.67283,0.73501,0.19491,-0.65892,0.80655,0.23582,-0.73539,0.71143,0.23137,-0.75554,0.65944,0.30124,-0.69598,0.68203,0.37476,-0.67079,0.73982,0.35991,-0.60122,0.71288,0.18148,-0.54087,0.67669,0.23662,-0.56736,0.70176,0.32679,-0.61035,0.74972,0.31983,-0.6765,0.55375,0.25931,-0.65795,0.41273,0.29933,-0.67776,0.26671,0.3171,-0.62951,0.22275,0.36659,-0.62906,0.54557,0.23166,-0.64919,0.3993,0.22608,-0.68013,0.26589,0.16887,-0.67098,0.20928,0.22735
11.16,-0.65679,0.57472,0.23445,-0.67167,0.73467,0.20296,-0.65708,0.80648,0.24315,-0.7332,0.71088,0.241,-0.75106,0.6587,0.31135,-0.68936,0.68108,0.38313,-0.66369,0.73835,0.36709,-0.60038,0.71272,0.18762,-0.53863,0.67568,0.24058,-0.56253,0.70033,0.33159,-0.60524,0.74872,0.3261,-0.67328,0.55336,0.26715,-0.65476,0.41172,0.30494,-0.67509,0.26559,0.32112,-0.6268,0.22062,0.36965,-0.62656,0.54524,0.23828,-0.6467,0.399,0.23194,-0.67819,0.26636,0.17326,-0.66915,0.20915,0.23118
11.18,-0.65445,0.57421,0.24195,-0.67053,0.73416,0.21105,-0.65531,0.80628,0.25045,-0.73097,0.71019,0.25068,-0.74655,0.65785,0.32146,-0.68281,0.68012,0.39148,-0.65653,0.73669,0.37404,-0.59962,0.7124,0.1938,-0.53649,0.67458,0.24455,-0.55777,0.69882,0.33632,-0.60036,0.74746,0.33228,-0.67002,0.5528,0.27507,-0.65159,0.41057,0.3106,-0.6726,0.26436,0.32517,-0.62437,0.21835,0.37277,-0.62408,0.54477,0.24494,-0.64437,0.3986,0.2376,-0.6764,0.26667,0.17761,-0.66748,0.20899,0.23508
11.2,-0.65208,0.57399,0.24937,-0.66929,0.73397,0.21925,-0.65346,0.80632,0.25797,-0.72865,0.70977,0.26036,-0.74192,0.65717,0.33141,-0.67607,0.67913,0.39955,-0.6496,0.73527,0.38103,-0.5988,0.71241,0.20015,-0.53446,0.67363,0.24861,-0.55308,0.6974,0.34108,-0.59506,0.74665,0.3385,-0.66682,0.55256,0.28285,-0.64871,0.40976,0.3162,-0.67048,0.26351,0.32911,-0.62242,0.21647,0.37587,-0.62164,0.54456,0.25161,-0.6419,0.39841,0.24378,-0.67463,0.26742,0.18213,-0.66587,0.20899,0.23886
11.22,-0.64961,0.57458,0.25657,-0.6678,0.73467,0.22765,-0.65128,0.80708,0.26599,-0.72615,0.71016,0.26999,-0.73708,0.65702,0.34104,-0.66881,0.67814,0.40703,-0.64325,0.73469,0.38847,-0.59773,0.71334,0.20682,-0.53251,0.67315,0.25289,-0.54846,0.69631,0.34601,-0.58845,0.74725,0.3449,-0.66381,0.55324,0.29034,-0.64639,0.40991,0.32171,-0.66881,0.26362,0.33297,-0.62095,0.21567,0.37901,-0.61921,0.54508,0.25831,-0.63895,0.39882,0.25124,-0.67274,0.26934,0.18704,-0.66424,0.20949,0.24231
11.24,-0.64712,0.57547,0.26365,-0.66618,0.7357,0.23611,-0.64895,0.80808,0.27417,-0.72354,0.71084,0.27959,-0.73213,0.65706,0.35048,-0.66138,0.67715,0.41414,-0.63706,0.73437,0.39597,-0.59656,0.71461,0.2136,-0.53062,0.67287,0.2572,-0.54386,0.69533,0.35091,-0.58131,0.74818,0.35125,-0.66085,0.55425,0.29769,-0.6443,0.41041,0.32715,-0.66738,0.2641,0.33672,-0.61979,0.21528,0.38212,-0.61678,0.54587,0.26499,-0.63572,0.39945,0.25919,-0.67077,0.27175,0.19214,-0.66257,0.21024,0.2456
11.26,-0.64464,0.57621,0.27072,-0.66456,0.73656,0.24454,-0.64665,0.80896,0.28227,-0.72087,0.71136,0.28917,-0.72712,0.65698,0.35985,-0.65404,0.67618,0.42111,-0.63074,0.73391,0.40321,-0.59544,0.71571,0.22033,-0.5288,0.67254,0.2614,-0.53925,0.69432,0.35563,-0.57436,0.74873,0.35735,-0.65785,0.5551,0.30503,-0.64217,0.41078,0.33259,-0.66598,0.26449,0.34053,-0.61867,0.21479,0.38526,-0.61436,0.54653,0.2716,-0.6325,0.39997,0.26691,-0.66888,0.27407,0.19723,-0.66098,0.21103,0.24892
11.28,-0.64213,0.577,0.2781,-0.66289,0.73745,0.25317,-0.64434,0.80987,0.29054,-0.71818,0.71193,0.29888,-0.72215,0.657,0.3693,-0.64685,0.67527,0.4281,-0.62458,0.73354,0.41064,-0.59427,0.71684,0.22737,-0.52714,0.6722,0.26599,-0.53496,0.69335,0.36061,-0.56713,0.74949,0.36352,-0.65489,0.55602,0.31266,-0.64019,0.41126,0.33837,-0.66479,0.26503,0.34469,-0.61784,0.2144,0.38875,-0.61194,0.54723,0.2786,-0.6296,0.40059,0.27453,-0.66722,0.27648,0.20234,-0.65984,0.21216,0.2525
11.3,-0.63967,0.57775,0.28478,-0.66117,0.73834,0.26144,-0.64191,0.81074,0.29848,-0.71534,0.71244,0.30828,-0.71693,0.65687,0.37829,-0.63944,0.6743,0.43444,-0.61814,0.73304,0.41734,-0.59317,0.71798,0.23387,-0.52541,0.67203,0.26976,-0.53018,0.69239,0.36475,-0.56024,0.74961,0.36903,-0.65183,0.55685,0.31961,-0.63811,0.41168,0.34347,-0.66351,0.26553,0.34825,-0.61686,0.2141,0.3917,-0.60955,0.54791,0.28477,-0.62589,0.40108,0.28237,-0.66528,0.27907,0.2076,-0.6581,0.21308,0.25558
11.32,-0.63741,0.57827,0.28959,-0.65941,0.73914,0.26875,-0.63921,0.8114,0.30557,-0.71218,0.71275,0.31689,-0.71111,0.65626,0.38616,-0.63141,0.6731,0.43932,-0.61092,0.7321,0.42215,-0.59229,0.71905,0.23892,-0.52338,0.67219,0.2713,-0.52401,0.69135,0.36666,-0.55456,0.7481,0.37304,-0.64855,0.55737,0.32475,-0.63574,0.41182,0.34676,-0.66191,0.26577,0.35025,-0.61537,0.21382,0.3932,-0.60729,0.54845,0.2887,-0.61993,0.40125,0.29065,-0.66284,0.28212,0.21322,-0.65532,0.21343,0.25721
11.34,-0.63519,0.57875,0.29368,-0.65748,0.73991,0.27565,-0.63625,0.81198,0.31226,-0.70874,0.713,0.32511,-0.70495,0.65548,0.39345,-0.62313,0.67182,0.44344,-0.60341,0.73104,0.4261,-0.5914,0.72008,0.24342,-0.5213,0.67253,0.27198,-0.51741,0.69032,0.36753,-0.54924,0.74604,0.3764,-0.64516,0.55779,0.32916,-0.6333,0.4119,0.34937,-0.6603,0.26597,0.35169,-0.61382,0.21361,0.3942,-0.60507,0.54896,0.29178,-0.61283,0.40158,0.29879,-0.66051,0.28569,0.21925,-0.65284,0.21428,0.25864
11.36,-0.63292,0.57927,0.29807,-0.65541,0.74068,0.28269,-0.63318,0.81257,0.31905,-0.70516,0.71326,0.3334,-0.69877,0.65479,0.40072,-0.61499,0.67062,0.44753,-0.59604,0.73007,0.43013,-0.59041,0.72113,0.24818,-0.51938,0.67287,0.27303,-0.51118,0.68937,0.36854,-0.54372,0.74424,0.3798,-0.64177,0.55827,0.33382,-0.631,0.41206,0.3523,-0.6589,0.26629,0.35349,-0.61255,0.21347,0.39557,-0.60284,0.54952,0.29522,-0.60583,0.40222,0.3065,-0.65859,0.28955,0.22555,-0.6513,0.21595,0.26074
11.38,-0.63078,0.57972,0.30259,-0.65325,0.74137,0.28995,-0.63005,0.81309,0.32606,-0.70149,0.71344,0.34183,-0.69255,0.654,0.408,-0.60689,0.66936,0.45146,-0.58871,0.72902,0.43398,-0.5894,0.72208,0.25321,-0.51766,0.67304,0.27417,-0.50498,0.68818,0.36942,-0.53818,0.74205,0.38327,-0.63853,0.5587,0.33859,-0.6289,0.41222,0.35545,-0.65785,0.26665,0.35563,-0.61167,0.21335,0.3973,-0.60079,0.54998,0.29882,-0.59865,0.40304,0.31421,-0.65712,0.29401,0.23221,-0.65149,0.21835,0.26307
11.4,-0.62836,0.58028,0.30665,-0.65082,0.74212,0.29661,-0.62656,0.81365,0.3324,-0.69745,0.71369,0.34967,-0.68605,0.65334,0.41462,-0.59872,0.66823,0.45482,-0.58129,0.72813,0.43741,-0.58822,0.72313,0.25763,-0.51579,0.67366,0.27489,-0.49897,0.68752,0.36969,-0.53268,0.74036,0.38603,-0.63492,0.55919,0.34284,-0.62661,0.41246,0.3581,-0.65655,0.26709,0.3573,-0.61052,0.21337,0.39859,-0.59846,0.55061,0.30186,-0.5909,0.40427,0.32083,-0.65539,0.29835,0.23926,-0.65046,0.22129,0.26658
11.42,-0.62521,0.58124,0.30959,-0.64799,0.74315,0.30178,-0.62241,0.81445,0.3371,-0.69278,0.71423,0.35615,-0.67899,0.6531,0.41991,-0.5903,0.66747,0.4572,-0.57357,0.72768,0.44014,-0.58677,0.72453,0.2605,-0.51338,0.67551,0.27467,-0.49333,0.68833,0.36899,-0.52731,0.74034,0.38731,-0.63037,0.55991,0.34587,-0.6237,0.41293,0.35951,-0.65445,0.26774,0.35769,-0.60849,0.2137,0.39864,-0.59537,0.55173,0.30356,-0.58226,0.40614,0.32512,-0.65253,0.3017,0.24649,-0.64445,0.22415,0.27161
11.44,-0.62178,0.58231,0.31208,-0.64492,0.74426,0.30639,-0.61791,0.81531,0.34113,-0.68774,0.71486,0.36207,-0.67165,0.65301,0.42457,-0.58175,0.66682,0.45907,-0.56564,0.72734,0.44255,-0.58518,0.72603,0.26283,-0.51078,0.67776,0.27407,-0.48781,0.68965,0.36785,-0.52195,0.74087,0.388,-0.62545,0.5607,0.34838,-0.62064,0.41352,0.36046,-0.65217,0.2685,0.35772,-0.60626,0.21419,0.39835,-0.59202,0.55302,0.30473,-0.5732,0.40836,0.32823,-0.64894,0.30463,0.25385,-0.6365,0.22702,0.27691
11.46,-0.61844,0.58332,0.31476,-0.64174,0.74531,0.31123,-0.61337,0.81612,0.34535,-0.68261,0.71544,0.36812,-0.66429,0.65284,0.42925,-0.57325,0.66609,0.46085,-0.55772,0.72691,0.44489,-0.58356,0.72744,0.26546,-0.50837,0.67979,0.27366,-0.48235,0.6907,0.36675,-0.51652,0.74111,0.38881,-0.62069,0.56145,0.35102,-0.61782,0.41411,0.36169,-0.65024,0.26931,0.35818,-0.60441,0.21471,0.39853,-0.58883,0.55422,0.30613,-0.56422,0.4107,0.3312,-0.64529,0.30784,0.26136,-0.62959,0.23015,0.28202
11.48,-0.61522,0.58439,0.31748,-0.63853,0.74641,0.31623,-0.60873,0.81695,0.3497,-0.67735,0.71605,0.37428,-0.65684,0.65271,0.43393,-0.56473,0.66545,0.46248,-0.54976,0.72649,0.44682,-0.58204,0.72894,0.26825,-0.50614,0.68198,0.27329,-0.477,0.69182,0.36557,-0.5112,0.74127,0.38967,-0.616,0.56226,0.35364,-0.61505,0.41481,0.36314,-0.64863,0.27029,0.35904,-0.60295,0.21542,0.39916,-0.58583,0.5555,0.30753,-0.55504,0.41343,0.33398,-0.64186,0.31193,0.26925,-0.62332,0.23415,0.28698
11.5,-0.6117,0.58533,0.32002,-0.63498,0.74736,0.32077,-0.6039,0.81771,0.35348,-0.67183,0.71657,0.37987,-0.6493,0.65253,0.43804,-0.55627,0.66461,0.46375,-0.54166,0.72598,0.44906,-0.58015,0.73025,0.27079,-0.50375,0.68387,0.27282,-0.47171,0.69284,0.36422,-0.5056,0.74161,0.39008,-0.6111,0.56295,0.35603,-0.61241,0.41543,0.36432,-0.64684,0.27113,0.3597,-0.60124,0.21601,0.3996,-0.58254,0.55665,0.30884,-0.54615,0.41598,0.33568,-0.63701,0.31452,0.27667,-0.61554,0.237,0.29208
11.52,-0.60742,0.58594,0.32229,-0.63087,0.74794,0.3243,-0.59891,0.81833,0.35606,-0.66602,0.71687,0.38429,-0.64178,0.65225,0.4411,-0.54803,0.66323,0.46459,-0.53352,0.72516,0.45237,-0.57743,0.73108,0.27274,-0.50087,0.68494,0.27216,-0.46652,0.69361,0.36275,-0.49961,0.74243,0.38953,-0.60574,0.56333,0.35812,-0.61009,0.41579,0.36483,-0.64434,0.27147,0.35965,-0.59869,0.21618,0.39925,-0.57849,0.55744,0.31012,-0.53823,0.41759,0.33565,-0.62891,0.31289,0.28232,-0.60372,0.23638,0.29721
11.54,-0.60284,0.58639,0.3244,-0.62652,0.74834,0.32741,-0.59387,0.81887,0.35814,-0.66007,0.71707,0.3882,-0.63427,0.65189,0.44368,-0.53991,0.66163,0.46518,-0.52512,0.72405,0.45615,-0.57439,0.73171,0.27446,-0.49783,0.68565,0.27146,-0.46138,0.69424,0.36123,-0.49339,0.74345,0.38862,-0.60019,0.56358,0.36004,-0.60789,0.41611,0.36514,-0.64169,0.27169,0.35954,-0.59595,0.2163,0.39889,-0.57413,0.55807,0.31133,-0.53076,0.4188,0.33489,-0.61928,0.3097,0.28703,-0.58987,0.2347,0.30182
11.56,-0.59838,0.58688,0.32656,-0.62219,0.74879,0.3307,-0.58882,0.81941,0.36042,-0.65409,0.71728,0.39225,-0.62676,0.65155,0.44632,-0.53182,0.66012,0.4657,-0.5165,0.72277,0.45972,-0.57144,0.7324,0.27635,-0.49495,0.68646,0.27085,-0.45632,0.69485,0.35973,-0.48723,0.74436,0.38784,-0.59472,0.56386,0.36197,-0.60572,0.41656,0.36572,-0.63938,0.27211,0.35997,-0.5936,0.21662,0.39915,-0.56993,0.55874,0.31256,-0.52328,0.42022,0.33421,-0.60977,0.30735,0.2917,-0.57637,0.23389,0.30575
11.58,-0.59401,0.58752,0.3288,-0.61794,0.74937,0.3341,-0.58383,0.8201,0.36273,-0.64807,0.71762,0.39641,-0.61921,0.65135,0.44901,-0.52373,0.65866,0.46608,-0.50857,0.72152,0.46244,-0.56869,0.73323,0.27831,-0.49226,0.68758,0.27022,-0.45155,0.69583,0.35818,-0.48187,0.74533,0.38691,-0.58931,0.56427,0.36394,-0.60383,0.41725,0.36651,-0.63733,0.27276,0.36091,-0.5915,0.21721,0.39994,-0.56586,0.55957,0.31384,-0.51579,0.42194,0.33344,-0.60012,0.30567,0.29603,-0.56302,0.23383,0.30911
11.6,-0.58938,0.58781,0.33082,-0.61335,0.74961,0.33718,-0.57868,0.82045,0.36485,-0.64194,0.71764,0.4001,-0.61175,0.65083,0.45124,-0.51585,0.657,0.46635,-0.49888,0.7195,0.46659,-0.56544,0.73369,0.28017,-0.48934,0.68797,0.26978,-0.44647,0.69598,0.35672,-0.47499,0.74618,0.38609,-0.58377,0.56436,0.3657,-0.60157,0.41769,0.36723,-0.63516,0.27321,0.36186,-0.58937,0.21763,0.40088,-0.56153,0.56002,0.31502,-0.50878,0.42308,0.33231,-0.58946,0.30282,0.29979,-0.54821,0.23306,0.31164
11.62,-0.58422,0.58719,0.33235,-0.6081,0.74898,0.33954,-0.57321,0.81991,0.36667,-0.63573,0.71682,0.4028,-0.60449,0.64945,0.45256,-0.5084,0.65499,0.46663,-0.48428,0.71459,0.47444,-0.56105,0.73322,0.28177,-0.48579,0.68649,0.26979,-0.4404,0.69401,0.35549,-0.46381,0.74647,0.38541,-0.57795,0.56364,0.36705,-0.59822,0.41729,0.36751,-0.6324,0.27295,0.36204,-0.58686,0.21732,0.40128,-0.55663,0.55948,0.31596,-0.50269,0.42272,0.3307,-0.57669,0.29714,0.30271,-0.53011,0.23051,0.31275
11.64,-0.57882,0.58621,0.33366,-0.60253,0.74798,0.34157,-0.56757,0.81903,0.36832,-0.62945,0.71567,0.40505,-0.59735,0.64773,0.45348,-0.50113,0.65274,0.46686,-0.46825,0.70648,0.48193,-0.55616,0.73237,0.28322,-0.48197,0.6843,0.26994,-0.43399,0.69114,0.35428,-0.45077,0.74597,0.38441,-0.57198,0.5626,0.36821,-0.59445,0.41656,0.36764,-0.62941,0.27243,0.36191,-0.5842,0.21674,0.40146,-0.55147,0.55855,0.31678,-0.49703,0.42172,0.3289,-0.56269,0.29078,0.30501,-0.51065,0.22802,0.31285
11.66,-0.57348,0.58538,0.33503,-0.59702,0.74714,0.34371,-0.56194,0.81829,0.37,-0.62314,0.71465,0.40743,-0.5902,0.64615,0.45448,-0.49383,0.65049,0.46701,-0.45349,0.69719,0.4867,-0.55141,0.73167,0.28472,-0.47826,0.68243,0.27002,-0.42781,0.68857,0.35295,-0.4383,0.745,0.38297,-0.56605,0.5617,0.3694,-0.59087,0.41604,0.36793,-0.62659,0.2721,0.36207,-0.58169,0.21636,0.4019,-0.54639,0.55779,0.31764,-0.49135,0.421,0.32715,-0.54857,0.28555,0.3069,-0.49167,0.22687,0.31226
11.68,-0.56833,0.5846,0.33655,-0.59174,0.74634,0.34601,-0.55653,0.81759,0.37184,-0.61697,0.71367,0.41,-0.58299,0.64472,0.45563,-0.48649,0.64862,0.46725,-0.43888,0.68663,0.48924,-0.54696,0.73104,0.28635,-0.47488,0.68067,0.27025,-0.42179,0.68625,0.35156,-0.42622,0.74378,0.38099,-0.56027,0.56083,0.37072,-0.58756,0.41564,0.36831,-0.62392,0.27185,0.36239,-0.57931,0.21611,0.40254,-0.54152,0.55709,0.3186,-0.48563,0.42048,0.32539,-0.53397,0.28124,0.308,-0.47255,0.22709,0.31039
11.7,-0.56273,0.58363,0.3377,-0.58584,0.74537,0.34787,-0.55055,0.81673,0.37331,-0.61041,0.71255,0.41204,-0.57596,0.64292,0.45627,-0.47934,0.64591,0.46714,-0.42594,0.67534,0.48901,-0.54172,0.73018,0.28769,-0.47086,0.67855,0.27022,-0.41554,0.68312,0.3501,-0.41288,0.74114,0.37878,-0.55416,0.55981,0.37171,-0.58366,0.41506,0.36867,-0.62102,0.27154,0.36264,-0.57675,0.21573,0.40306,-0.53618,0.55617,0.31932,-0.48029,0.41945,0.32359,-0.51902,0.27691,0.309,-0.45371,0.22749,0.30846
11.72,-0.55605,0.58219,0.33802,-0.57837,0.744,0.34875,-0.54319,0.81551,0.37392,-0.60293,0.7111,0.41289,-0.56948,0.64013,0.45575,-0.47278,0.64087,0.46625,-0.41597,0.66379,0.4873,-0.5345,0.7288,0.2884,-0.4652,0.67557,0.26954,-0.40877,0.678,0.34873,-0.39657,0.73499,0.377,-0.54724,0.55842,0.372,-0.57824,0.41398,0.36895,-0.61748,0.27098,0.36265,-0.57363,0.21491,0.40318,-0.52965,0.55468,0.31948,-0.4759,0.41706,0.32176,-0.50353,0.27165,0.31071,-0.43503,0.22684,0.30767
11.74,-0.5489,0.58056,0.33795,-0.57027,0.74247,0.34918,-0.53524,0.81413,0.37413,-0.59504,0.70952,0.4132,-0.56318,0.63704,0.45472,-0.46647,0.63509,0.46499,-0.40728,0.6524,0.48481,-0.52646,0.72719,0.2888,-0.45887,0.6723,0.26854,-0.40179,0.6722,0.3473,-0.37969,0.72623,0.37536,-0.53997,0.55688,0.37196,-0.57217,0.4127,0.36914,-0.61361,0.27034,0.36245,-0.57023,0.21395,0.40303,-0.5226,0.55298,0.31938,-0.47178,0.41424,0.31992,-0.48764,0.26688,0.31197,-0.41649,0.22668,0.30636
11.76,-0.5419,0.57902,0.33799,-0.56239,0.741,0.34971,-0.52748,0.81281,0.37443,-0.58727,0.708,0.41366,-0.55679,0.63418,0.45383,-0.46012,0.62979,0.46377,-0.39889,0.64153,0.48134,-0.51872,0.72567,0.28924,-0.45284,0.66926,0.26759,-0.39499,0.66682,0.34575,-0.36423,0.71662,0.37349,-0.53279,0.5554,0.372,-0.56631,0.41152,0.36934,-0.60982,0.26979,0.36232,-0.56689,0.21312,0.40298,-0.51572,0.55138,0.31933,-0.46747,0.41172,0.31812,-0.47165,0.26348,0.31209,-0.39828,0.22807,0.30355
11.78,-0.53519,0.57746,0.33832,-0.55476,0.73952,0.35059,-0.52,0.81148,0.37506,-0.57978,0.70644,0.41445,-0.55076,0.63126,0.45316,-0.45422,0.62422,0.46274,-0.39137,0.63046,0.4771,-0.51122,0.72414,0.29004,-0.44717,0.66624,0.26689,-0.38862,0.66124,0.34441,-0.34987,0.70531,0.37183,-0.5259,0.55392,0.37233,-0.56076,0.41036,0.36977,-0.60618,0.26925,0.36232,-0.56364,0.21235,0.40309,-0.50914,0.54975,0.31957,-0.46371,0.40919,0.31638,-0.45475,0.26113,0.31113,-0.37942,0.23127,0.29914
11.8,-0.52774,0.5759,0.33795,-0.54644,0.73803,0.35061,-0.51179,0.81012,0.37485,-0.57159,0.70494,0.41441,-0.54411,0.62857,0.45188,-0.44773,0.61922,0.46108,-0.38398,0.62137,0.47237,-0.50303,0.72257,0.28999,-0.4407,0.66332,0.26556,-0.3816,0.65609,0.34248,-0.33663,0.69377,0.36992,-0.51832,0.55243,0.37197,-0.55441,0.40917,0.36974,-0.60204,0.26881,0.36198,-0.56004,0.21156,0.40282,-0.50179,0.54814,0.31915,-0.45894,0.4068,0.31457,-0.43942,0.25976,0.30948,-0.36302,0.2343,0.2945
11.82,-0.51845,0.57434,0.33588,-0.53647,0.73655,0.34851,-0.50183,0.8087,0.3726,-0.56167,0.70358,0.41236,-0.5357,0.6264,0.44924,-0.43941,0.6158,0.45804,-0.37542,0.61606,0.46807,-0.49321,0.72088,0.28784,-0.43223,0.66052,0.26275,-0.37266,0.65214,0.33919,-0.32395,0.68426,0.36731,-0.50901,0.5509,0.36993,-0.5462,0.40791,0.36857,-0.59679,0.26858,0.3609,-0.55567,0.21072,0.40176,-0.49253,0.54654,0.3171,-0.45144,0.40468,0.31263,-0.42839,0.25812,0.3084,-0.35198,0.23361,0.29196
11.84,-0.50843,0.57279,0.33312,-0.52583,0.73509,0.34556,-0.49116,0.80726,0.36951,-0.55104,0.7023,0.4095,-0.5266,0.62445,0.44603,-0.43038,0.61295,0.45442,-0.36632,0.61207,0.464,-0.48273,0.71918,0.28483,-0.42296,0.65779,0.25934,-0.36298,0.6486,0.33537,-0.31177,0.67552,0.36451,-0.49901,0.54938,0.36719,-0.53719,0.40664,0.36692,-0.59107,0.26854,0.35954,-0.55099,0.20994,0.40039,-0.48251,0.54498,0.31437,-0.44285,0.40269,0.31058,-0.41895,0.25624,0.30753,-0.34286,0.23131,0.29027
11.86,-0.4987,0.57129,0.33061,-0.51545,0.73366,0.34294,-0.48077,0.80588,0.36673,-0.54067,0.70102,0.40695,-0.51777,0.6225,0.44301,-0.42164,0.60993,0.45099,-0.3575,0.60763,0.45972,-0.47252,0.71753,0.28215,-0.41404,0.65513,0.25613,-0.35365,0.64494,0.33171,-0.30052,0.66638,0.36194,-0.48927,0.5479,0.36469,-0.52846,0.40543,0.36544,-0.58549,0.26859,0.35832,-0.54643,0.2093,0.39917,-0.47278,0.54345,0.31187,-0.43464,0.40074,0.30852,-0.40885,0.2546,0.30616,-0.33298,0.2298,0.28778
11.88,-0.48913,0.56958,0.32838,-0.50524,0.73202,0.34057,-0.47054,0.80428,0.36423,-0.53053,0.69955,0.40464,-0.50924,0.62037,0.44026,-0.41323,0.60674,0.44789,-0.34903,0.603,0.45568,-0.46243,0.71567,0.27976,-0.40531,0.65224,0.2532,-0.34452,0.64109,0.32831,-0.29028,0.65688,0.36001,-0.47973,0.54623,0.3625,-0.52008,0.4041,0.36417,-0.58012,0.26853,0.35739,-0.54199,0.20876,0.39841,-0.46323,0.5417,0.30969,-0.42695,0.39849,0.3067,-0.39851,0.25283,0.30467,-0.32285,0.22852,0.28484
11.9,-0.47905,0.5683,0.32538,-0.49453,0.73082,0.33745,-0.45981,0.80312,0.36094,-0.51976,0.6985,0.40162,-0.49996,0.61876,0.43684,-0.40406,0.60416,0.44397,-0.33987,0.59925,0.45114,-0.45195,0.71425,0.27654,-0.39606,0.64991,0.24956,-0.33489,0.63779,0.32422,-0.28024,0.64871,0.35723,-0.46963,0.54495,0.35949,-0.51075,0.40306,0.36233,-0.57416,0.26901,0.35597,-0.53725,0.20839,0.39685,-0.45315,0.54043,0.30667,-0.41796,0.39694,0.30435,-0.38911,0.25136,0.30295,-0.31382,0.22648,0.28242
11.92,-0.46775,0.56826,0.32041,-0.48263,0.73083,0.33248,-0.4479,0.80324,0.35563,-0.50746,0.69864,0.39686,-0.48879,0.61844,0.43167,-0.39296,0.60298,0.43787,-0.32884,0.59737,0.44512,-0.44058,0.71408,0.27124,-0.3856,0.64902,0.24412,-0.32405,0.63576,0.31826,-0.26907,0.64326,0.35168,-0.45815,0.54475,0.35436,-0.4992,0.40288,0.359,-0.56688,0.2709,0.35343,-0.53194,0.20853,0.39341,-0.44189,0.54053,0.30145,-0.40551,0.39732,0.30055,-0.38182,0.2508,0.30097,-0.3073,0.22275,0.28179
11.94,-0.45595,0.56865,0.31466,-0.47026,0.73128,0.32675,-0.43553,0.8038,0.34953,-0.49455,0.6992,0.3914,-0.47689,0.61862,0.42584,-0.38111,0.60241,0.43097,-0.31708,0.59629,0.4386,-0.42885,0.71437,0.26512,-0.37463,0.64867,0.238,-0.31272,0.63428,0.31163,-0.25749,0.63898,0.34513,-0.44613,0.54492,0.3484,-0.48667,0.403,0.35509,-0.55895,0.27343,0.35065,-0.52646,0.2091,0.38956,-0.43012,0.54111,0.29538,-0.39178,0.39842,0.2962,-0.37548,0.2509,0.29794,-0.30208,0.2189,0.28067
11.96,-0.44434,0.56883,0.30925,-0.45809,0.7315,0.32134,-0.42335,0.80412,0.34378,-0.48192,0.69954,0.38622,-0.4653,0.6186,0.42033,-0.36961,0.60164,0.42447,-0.30566,0.59493,0.43234,-0.41726,0.71443,0.25937,-0.36386,0.64809,0.2322,-0.30163,0.63262,0.30535,-0.2464,0.63443,0.33915,-0.43434,0.54491,0.3428,-0.47443,0.40296,0.35142,-0.5511,0.27591,0.34829,-0.52112,0.20991,0.38642,-0.41854,0.54145,0.2897,-0.37869,0.39919,0.29209,-0.36871,0.25112,0.29422,-0.29652,0.21584,0.27831
11.98,-0.43286,0.56908,0.30387,-0.44592,0.73181,0.31597,-0.41121,0.80456,0.33804,-0.46922,0.69998,0.3811,-0.45377,0.61863,0.41479,-0.35821,0.60069,0.41782,-0.29439,0.59328,0.42599,-0.40576,0.71455,0.25362,-0.3533,0.6475,0.22636,-0.29071,0.63074,0.29891,-0.23569,0.62936,0.33307,-0.42261,0.54497,0.3372,-0.46265,0.40313,0.34777,-0.54364,0.27876,0.34645,-0.51604,0.21143,0.38403,-0.40713,0.54189,0.28398,-0.36529,0.40023,0.28794,-0.36193,0.25185,0.28932,-0.2912,0.21321,0.2747
12,-0.42101,0.56928,0.29828,-0.43367,0.73204,0.31035,-0.3989,0.80486,0.33209,-0.45651,0.70031,0.37569,-0.44197,0.61872,0.40922,-0.34648,0.60031,0.41136,-0.28274,0.59243,0.41971,-0.39404,0.71465,0.24769,-0.34223,0.64707,0.22051,-0.27942,0.62946,0.29267,-0.22469,0.62587,0.32713,-0.41064,0.54498,0.33145,-0.44961,0.403,0.34392,-0.53494,0.28156,0.34418,-0.51044,0.21274,0.38124,-0.39528,0.54225,0.27817,-0.35226,0.401,0.28372,-0.35504,0.2526,0.28404,-0.2857,0.21123,0.27026
12.02,-0.40814,0.56916,0.29223,-0.4212,0.7319,0.30412,-0.38614,0.80462,0.32571,-0.44385,0.70019,0.36954,-0.42957,0.61878,0.40361,-0.33391,0.60124,0.40556,-0.27011,0.59354,0.41364,-0.38163,0.71454,0.24142,-0.32964,0.6469,0.2147,-0.26704,0.62964,0.28713,-0.21237,0.62621,0.3217,-0.39801,0.54473,0.32537,-0.43342,0.40199,0.3396,-0.52332,0.28389,0.34049,-0.504,0.21308,0.37685,-0.38221,0.54224,0.27221,-0.34049,0.40068,0.27938,-0.3481,0.25245,0.28052,-0.27959,0.20963,0.26702
12.04,-0.39494,0.56897,0.28602,-0.40869,0.73167,0.29766,-0.37324,0.80424,0.31915,-0.43123,0.69996,0.36312,-0.41693,0.6189,0.39799,-0.32104,0.60272,0.39996,-0.25713,0.59544,0.40762,-0.36903,0.71438,0.235,-0.31656,0.64687,0.2089,-0.2543,0.6304,0.2818,-0.19957,0.62798,0.31636,-0.38516,0.54444,0.3192,-0.41605,0.40084,0.33519,-0.51052,0.28637,0.33657,-0.4972,0.21389,0.37233,-0.36876,0.54215,0.26621,-0.32921,0.40005,0.27495,-0.34133,0.25214,0.27762,-0.27348,0.20826,0.26426
12.06,-0.38197,0.56882,0.27996,-0.39626,0.7315,0.29135,-0.36047,0.80394,0.31269,-0.41864,0.69982,0.35688,-0.40443,0.61903,0.39241,-0.30835,0.60397,0.39427,-0.24437,0.59701,0.40157,-0.35659,0.71424,0.22868,-0.3038,0.64678,0.20313,-0.24179,0.63089,0.27637,-0.18705,0.62906,0.31095,-0.37248,0.54419,0.31313,-0.39924,0.39998,0.33095,-0.49811,0.28929,0.33326,-0.49052,0.21585,0.36873,-0.35557,0.5421,0.2603,-0.31782,0.39961,0.27055,-0.33463,0.25219,0.2743,-0.26754,0.20708,0.26113
12.08,-0.36864,0.56862,0.27355,-0.38354,0.73126,0.28475,-0.34738,0.80355,0.30598,-0.40582,0.69957,0.35031,-0.39181,0.61907,0.38658,-0.29555,0.60518,0.38843,-0.23149,0.59853,0.39531,-0.34378,0.71408,0.22212,-0.2906,0.64668,0.19718,-0.22902,0.63142,0.27092,-0.17433,0.63036,0.30561,-0.3595,0.54386,0.30673,-0.38241,0.39925,0.32664,-0.48588,0.29291,0.33032,-0.48495,0.21906,0.36575,-0.34197,0.54202,0.25409,-0.30616,0.39916,0.2659,-0.32784,0.25241,0.2708,-0.2616,0.20602,0.2578
12.1,-0.356,0.56852,0.26784,-0.37143,0.73113,0.27868,-0.33492,0.8033,0.29973,-0.3935,0.69952,0.34435,-0.37942,0.61934,0.38129,-0.28299,0.60664,0.38293,-0.21885,0.60036,0.38943,-0.33171,0.71394,0.21603,-0.27821,0.64661,0.19161,-0.21673,0.632,0.26556,-0.16197,0.63154,0.30015,-0.34709,0.54369,0.30103,-0.36545,0.39868,0.3227,-0.47276,0.29624,0.32742,-0.47703,0.22259,0.36299,-0.32917,0.54199,0.24851,-0.29534,0.39875,0.26164,-0.32141,0.25276,0.2676,-0.2559,0.20531,0.25472
12.12,-0.34538,0.56861,0.26405,-0.36103,0.73125,0.27413,-0.32426,0.80339,0.29483,-0.38257,0.69995,0.34012,-0.36773,0.62012,0.37751,-0.27116,0.60849,0.37828,-0.20696,0.60266,0.3846,-0.32173,0.71379,0.21128,-0.26818,0.64645,0.18702,-0.20584,0.63238,0.26035,-0.15069,0.63179,0.29431,-0.33628,0.54387,0.29725,-0.34825,0.3983,0.31956,-0.45768,0.29813,0.32395,-0.4629,0.22453,0.35953,-0.31871,0.54199,0.24462,-0.28658,0.39845,0.25864,-0.31573,0.25307,0.26536,-0.25058,0.20511,0.25256
12.14,-0.33549,0.5688,0.26097,-0.3513,0.73147,0.27014,-0.31429,0.80361,0.29043,-0.37217,0.70058,0.33653,-0.3563,0.62111,0.37428,-0.2596,0.61055,0.37397,-0.19534,0.60524,0.38014,-0.31256,0.71367,0.20704,-0.25902,0.6463,0.18282,-0.19549,0.63278,0.25523,-0.13984,0.63187,0.28836,-0.32604,0.54422,0.2942,-0.3309,0.39824,0.31657,-0.44174,0.2996,0.3202,-0.44622,0.2259,0.35567,-0.30909,0.54203,0.24138,-0.27863,0.3982,0.25612,-0.31031,0.25339,0.2636,-0.24535,0.20514,0.25086
12.16,-0.32527,0.56899,0.2576,-0.34131,0.73169,0.26593,-0.30406,0.80381,0.28583,-0.36156,0.70115,0.33268,-0.34475,0.62206,0.3708,-0.24794,0.61259,0.36951,-0.18363,0.60777,0.37548,-0.30308,0.71358,0.20261,-0.2495,0.64621,0.17849,-0.18494,0.63327,0.2501,-0.12887,0.63216,0.28251,-0.31554,0.54454,0.29084,-0.31362,0.39852,0.31335,-0.42602,0.30165,0.31662,-0.43037,0.22791,0.35201,-0.29909,0.5421,0.23787,-0.27036,0.398,0.25343,-0.30471,0.25385,0.26172,-0.24002,0.20523,0.24905
12.18,-0.31504,0.56899,0.25408,-0.33125,0.73171,0.26158,-0.29378,0.80382,0.28112,-0.35091,0.70154,0.32868,-0.33323,0.62283,0.36719,-0.23636,0.61438,0.3648,-0.17199,0.60995,0.37059,-0.2935,0.71328,0.19807,-0.23993,0.64588,0.17403,-0.17434,0.63338,0.24477,-0.11785,0.63193,0.27643,-0.30505,0.54467,0.28734,-0.29605,0.39891,0.30987,-0.41055,0.30451,0.31274,-0.41524,0.23074,0.34801,-0.28906,0.54199,0.23424,-0.26182,0.39771,0.25078,-0.29907,0.25433,0.25992,-0.23464,0.20534,0.24737
12.2,-0.30501,0.56942,0.25104,-0.32155,0.73214,0.25768,-0.28381,0.80423,0.27677,-0.34049,0.70235,0.32515,-0.32171,0.62402,0.36393,-0.22477,0.61674,0.36058,-0.16035,0.61289,0.36611,-0.28437,0.7134,0.19392,-0.23069,0.64606,0.16994,-0.16406,0.63429,0.23983,-0.10718,0.63274,0.27077,-0.29467,0.54524,0.2843,-0.27906,0.4,0.30649,-0.39432,0.30652,0.30934,-0.39785,0.23263,0.3445,-0.2793,0.54227,0.23104,-0.25397,0.39773,0.24829,-0.29345,0.25499,0.25825,-0.22925,0.20569,0.24575
12.22,-0.29536,0.57108,0.2491,-0.31266,0.73376,0.2548,-0.27452,0.8058,0.27326,-0.33054,0.70435,0.32273,-0.31012,0.62642,0.36148,-0.21309,0.62078,0.35763,-0.14857,0.61802,0.36274,-0.27624,0.71475,0.19069,-0.22212,0.64774,0.16675,-0.15452,0.63747,0.23594,-0.09729,0.63655,0.26626,-0.28444,0.54713,0.28234,-0.26366,0.40238,0.30351,-0.3763,0.30578,0.30707,-0.37501,0.23172,0.34201,-0.27009,0.54373,0.22882,-0.24791,0.39867,0.24609,-0.28788,0.25613,0.25681,-0.22389,0.20657,0.24422
12.24,-0.28589,0.57316,0.24761,-0.30413,0.73576,0.25239,-0.26556,0.80775,0.27013,-0.32081,0.70675,0.32079,-0.29853,0.62923,0.35934,-0.20143,0.62539,0.35511,-0.13683,0.62392,0.3597,-0.26856,0.71652,0.18787,-0.2139,0.64996,0.16392,-0.14535,0.64148,0.23241,-0.08779,0.64145,0.26213,-0.27431,0.54946,0.2808,-0.24893,0.40525,0.30055,-0.35746,0.30409,0.30495,-0.34995,0.2302,0.33948,-0.26112,0.54559,0.22702,-0.24255,0.40001,0.24416,-0.28236,0.25749,0.25566,-0.21856,0.20771,0.24297
12.26,-0.27636,0.575,0.24591,-0.29551,0.73752,0.24984,-0.25654,0.80947,0.26689,-0.31102,0.70888,0.31867,-0.28697,0.6318,0.35703,-0.18984,0.6297,0.35229,-0.12519,0.62942,0.35635,-0.26077,0.71804,0.18494,-0.2056,0.65191,0.16095,-0.13612,0.64511,0.22868,-0.07824,0.64586,0.25776,-0.26415,0.55154,0.27905,-0.23406,0.40804,0.2973,-0.33891,0.30311,0.30237,-0.32587,0.22972,0.33633,-0.25206,0.54722,0.22504,-0.23688,0.40126,0.24233,-0.27682,0.25885,0.2547,-0.2132,0.20885,0.24197
12.28,-0.26678,0.57703,0.24424,-0.28691,0.73946,0.2473,-0.24756,0.81135,0.26366,-0.30126,0.71121,0.31655,-0.27542,0.63456,0.35462,-0.17829,0.63424,0.34948,-0.11362,0.63521,0.3531,-0.25297,0.71973,0.18205,-0.19726,0.65408,0.15802,-0.12686,0.64892,0.22495,-0.06869,0.65043,0.2534,-0.25393,0.55382,0.27732,-0.21898,0.41119,0.29363,-0.32042,0.30297,0.29917,-0.30181,0.23038,0.33223,-0.24297,0.54903,0.22311,-0.23121,0.4028,0.24073,-0.2712,0.2605,0.2541,-0.20778,0.21025,0.24138
12.3,-0.25732,0.57877,0.24261,-0.27846,0.74108,0.24498,-0.23874,0.81293,0.26061,-0.29154,0.71318,0.31461,-0.26391,0.63702,0.35239,-0.16683,0.63846,0.34657,-0.10216,0.6406,0.3495,-0.24541,0.72116,0.17933,-0.1892,0.65599,0.15514,-0.11792,0.6526,0.22124,-0.05946,0.655,0.24903,-0.24384,0.55581,0.2756,-0.20474,0.41406,0.29017,-0.30156,0.30173,0.29635,-0.27738,0.2304,0.32854,-0.23398,0.55057,0.22122,-0.22568,0.40414,0.23915,-0.26566,0.26192,0.25349,-0.20238,0.21148,0.2408
12.32,-0.24811,0.57966,0.24096,-0.27024,0.74184,0.24304,-0.23013,0.81365,0.25786,-0.28184,0.71416,0.31302,-0.25243,0.63858,0.35062,-0.15548,0.64174,0.34337,-0.0908,0.64483,0.34495,-0.23829,0.72185,0.17687,-0.18176,0.6571,0.15228,-0.10962,0.65578,0.21753,-0.05088,0.65941,0.24457,-0.23406,0.55693,0.27387,-0.19229,0.41588,0.28781,-0.28144,0.29743,0.295,-0.25189,0.22802,0.3269,-0.2252,0.55127,0.21936,-0.22038,0.40468,0.23727,-0.26034,0.26254,0.25238,-0.19714,0.21201,0.23965
12.34,-0.23901,0.58023,0.23932,-0.26213,0.74227,0.24128,-0.22164,0.81404,0.25526,-0.27215,0.71477,0.31158,-0.24095,0.63982,0.34901,-0.14422,0.64466,0.34004,-0.07957,0.64863,0.34004,-0.23137,0.72225,0.17456,-0.17459,0.65792,0.14949,-0.10163,0.65875,0.21382,-0.04263,0.66374,0.24008,-0.2244,0.55772,0.27214,-0.18056,0.41728,0.2858,-0.26042,0.29245,0.29414,-0.22559,0.22545,0.32587,-0.21651,0.55166,0.21752,-0.2152,0.40498,0.23536,-0.25512,0.2629,0.25114,-0.19196,0.21234,0.23837
12.36,-0.22985,0.5809,0.23768,-0.25396,0.7428,0.23952,-0.21312,0.81453,0.25265,-0.26244,0.71549,0.3101,-0.22948,0.64117,0.34727,-0.13301,0.64769,0.33669,-0.06843,0.65257,0.33522,-0.22439,0.72273,0.17228,-0.16734,0.65883,0.14674,-0.0936,0.66175,0.21011,-0.03437,0.66802,0.23557,-0.21467,0.55861,0.2704,-0.16856,0.41884,0.28346,-0.23925,0.28867,0.29272,-0.19934,0.22434,0.324,-0.20777,0.55215,0.21569,-0.20997,0.4055,0.23365,-0.24984,0.26349,0.25018,-0.18672,0.21287,0.23741
12.38,-0.2207,0.58175,0.23602,-0.24586,0.74349,0.23775,-0.20466,0.81517,0.25001,-0.25276,0.71639,0.30858,-0.21798,0.64274,0.34541,-0.12183,0.65102,0.33321,-0.05739,0.65681,0.33016,-0.21748,0.72336,0.17002,-0.16014,0.65993,0.14394,-0.0857,0.66506,0.20635,-0.02629,0.67269,0.231,-0.20497,0.55971,0.26864,-0.15644,0.42071,0.28108,-0.21751,0.28577,0.29068,-0.17276,0.22454,0.32163,-0.19904,0.5528,0.21388,-0.20477,0.40628,0.23211,-0.24454,0.26434,0.24943,-0.18144,0.21369,0.2367
12.4,-0.21156,0.58217,0.2344,-0.23769,0.74376,0.23615,-0.19617,0.81539,0.24754,-0.24301,0.71684,0.30718,-0.20655,0.64383,0.34368,-0.11079,0.65367,0.32976,-0.04651,0.66034,0.3253,-0.21054,0.72359,0.16792,-0.15297,0.66058,0.14135,-0.0778,0.66767,0.20268,-0.0182,0.67653,0.22646,-0.19526,0.56032,0.26687,-0.14478,0.42194,0.27858,-0.19583,0.28298,0.28914,-0.1464,0.225,0.31921,-0.19032,0.55307,0.21205,-0.19948,0.40676,0.23055,-0.23923,0.2649,0.24862,-0.17619,0.21418,0.23591
12.42,-0.2024,0.58147,0.23287,-0.22929,0.74293,0.23486,-0.18754,0.81455,0.24546,-0.23303,0.71612,0.30603,-0.19532,0.64366,0.34235,-0.09995,0.65449,0.32655,-0.03584,0.66205,0.32122,-0.20344,0.72277,0.16613,-0.14572,0.66001,0.13927,-0.06963,0.66846,0.19927,-0.00979,0.67819,0.22207,-0.18548,0.55963,0.26502,-0.13415,0.42149,0.27578,-0.17477,0.27934,0.28892,-0.12064,0.2244,0.31651,-0.18159,0.55237,0.21012,-0.19403,0.40631,0.22875,-0.23392,0.26458,0.24747,-0.17107,0.21364,0.23468
12.44,-0.19324,0.58036,0.23138,-0.22081,0.7417,0.23373,-0.17886,0.81331,0.24356,-0.22295,0.71496,0.305,-0.18413,0.64301,0.34116,-0.0892,0.65462,0.3234,-0.02526,0.66304,0.3174,-0.19629,0.72156,0.1645,-0.13847,0.659,0.13741,-0.06139,0.66857,0.19598,-0.00128,0.67901,0.21773,-0.1757,0.55846,0.26316,-0.12398,0.42039,0.27292,-0.15382,0.27584,0.28857,-0.09526,0.22394,0.31278,-0.17287,0.55129,0.20818,-0.18848,0.40556,0.22692,-0.22862,0.26398,0.24624,-0.16601,0.21278,0.23332
12.46,-0.18408,0.57942,0.22988,-0.21235,0.74064,0.23259,-0.17022,0.81225,0.24164,-0.21291,0.71399,0.30392,-0.17292,0.64257,0.33986,-0.07847,0.65503,0.32018,-0.01472,0.6643,0.31343,-0.18917,0.72052,0.16291,-0.13122,0.6582,0.13552,-0.05324,0.66896,0.19267,0.0071,0.68016,0.21339,-0.16593,0.55749,0.26131,-0.11365,0.41957,0.27008,-0.13264,0.27335,0.28709,-0.07006,0.22474,0.30781,-0.16416,0.55038,0.20628,-0.18291,0.40506,0.22529,-0.22329,0.26363,0.24523,-0.16091,0.21219,0.23219
12.48,-0.17491,0.5785,0.22832,-0.20394,0.73958,0.23139,-0.1616,0.81116,0.23965,-0.20291,0.71302,0.30275,-0.16171,0.6422,0.33849,-0.06781,0.65558,0.31692,-0.0043,0.6658,0.30935,-0.18208,0.71948,0.16127,-0.12394,0.65744,0.13364,-0.04514,0.66951,0.18939,0.01537,0.68157,0.2091,-0.15617,0.55655,0.25937,-0.10331,0.41879,0.26709,-0.1107,0.27156,0.28441,-0.04438,0.22659,0.30139,-0.15544,0.54948,0.20431,-0.17762,0.4047,0.22377,-0.21796,0.26336,0.24439,-0.15575,0.21172,0.23127
12.5,-0.16575,0.57747,0.22692,-0.19539,0.73843,0.23044,-0.15294,0.81003,0.23791,-0.19276,0.71195,0.30179,-0.15047,0.64158,0.33717,-0.05714,0.65569,0.31368,0.00617,0.66667,0.30549,-0.17491,0.71835,0.1599,-0.1167,0.65654,0.13192,-0.03701,0.6696,0.18615,0.02371,0.68228,0.20479,-0.1464,0.55547,0.25757,-0.09317,0.4178,0.26432,-0.09029,0.2704,0.28152,-0.02092,0.22875,0.29421,-0.14676,0.54849,0.20249,-0.17166,0.40421,0.22239,-0.21258,0.26312,0.24359,-0.15064,0.21119,0.23031
12.52,-0.1567,0.57623,0.22592,-0.18655,0.73713,0.23006,-0.14425,0.80891,0.23667,-0.18229,0.71068,0.30134,-0.13923,0.64038,0.3359,-0.04644,0.65473,0.31048,0.01684,0.66585,0.30226,-0.16759,0.71707,0.15909,-0.10964,0.65533,0.13045,-0.02881,0.66857,0.18292,0.03229,0.68125,0.20029,-0.13666,0.55415,0.25605,-0.08353,0.41641,0.26218,-0.07368,0.26936,0.27978,-0.00228,0.22994,0.28726,-0.13827,0.54731,0.20098,-0.16401,0.40321,0.22109,-0.20719,0.26286,0.24273,-0.14579,0.2104,0.22908
12.54,-0.14765,0.57492,0.22509,-0.17754,0.73579,0.22991,-0.13549,0.80779,0.23568,-0.17165,0.70934,0.30107,-0.12795,0.63896,0.33467,-0.03573,0.65337,0.30731,0.0276,0.66434,0.29923,-0.16017,0.71574,0.15853,-0.1026,0.654,0.12913,-0.02057,0.66711,0.17974,0.04095,0.67957,0.19575,-0.12689,0.55274,0.25467,-0.07404,0.41487,0.26028,-0.05865,0.26833,0.27817,0.01401,0.23057,0.28001,-0.12982,0.54607,0.19964,-0.1557,0.402,0.21984,-0.20177,0.26264,0.24186,-0.14102,0.20955,0.22777
12.56,-0.13855,0.57365,0.22422,-0.16854,0.73448,0.2297,-0.12672,0.80667,0.23464,-0.16103,0.70805,0.30072,-0.11665,0.63767,0.3334,-0.02504,0.65222,0.30412,0.0383,0.66307,0.29603,-0.15275,0.71445,0.15795,-0.09551,0.65274,0.12783,-0.01237,0.66587,0.17659,0.04949,0.67822,0.19128,-0.11711,0.55138,0.25325,-0.06446,0.41342,0.25826,-0.04322,0.26755,0.27558,0.03026,0.23154,0.27181,-0.12134,0.54487,0.19828,-0.14766,0.40091,0.21865,-0.19633,0.26251,0.24114,-0.1362,0.20882,0.22667
12.58,-0.12964,0.57228,0.22318,-0.15969,0.73307,0.22934,-0.11814,0.80547,0.23347,-0.15057,0.70665,0.30017,-0.10556,0.63624,0.33193,-0.01459,0.65091,0.30077,0.04882,0.66151,0.2929,-0.14548,0.71307,0.15725,-0.08856,0.65139,0.12648,-0.00434,0.6645,0.17336,0.05786,0.67666,0.18672,-0.10754,0.54992,0.25163,-0.05507,0.41187,0.25626,-0.02717,0.26697,0.27223,0.04676,0.23313,0.26231,-0.11303,0.54358,0.19675,-0.13985,0.39975,0.21742,-0.19106,0.26237,0.2405,-0.13151,0.20813,0.22562
12.6,-0.12034,0.57112,0.22255,-0.15046,0.73188,0.22937,-0.10915,0.80445,0.2327,-0.1397,0.70547,0.29998,-0.09405,0.63504,0.33075,-0.00379,0.64986,0.29766,0.05964,0.6602,0.28958,-0.13785,0.71189,0.15699,-0.08133,0.65024,0.1254,0.00392,0.66332,0.17038,0.06641,0.6754,0.18238,-0.09757,0.54868,0.2504,-0.04537,0.41051,0.25427,-0.01328,0.26633,0.26884,0.06022,0.23355,0.25357,-0.10439,0.54249,0.19566,-0.13147,0.39872,0.21642,-0.18543,0.26247,0.23996,-0.12661,0.20754,0.22475
12.62,-0.11001,0.57051,0.22302,-0.14023,0.73122,0.23043,-0.09904,0.8039,0.23299,-0.12781,0.70488,0.30079,-0.08142,0.63445,0.33043,0.00801,0.64954,0.29525,0.07123,0.65997,0.28577,-0.12925,0.7112,0.15778,-0.07339,0.6496,0.12497,0.01284,0.66266,0.16804,0.07553,0.67506,0.17859,-0.08652,0.54803,0.25023,-0.03476,0.40965,0.25224,-0.00437,0.26512,0.26693,0.06763,0.23056,0.24876,-0.09478,0.5419,0.19568,-0.12175,0.39806,0.216,-0.17896,0.26315,0.23961,-0.12118,0.20718,0.22422
12.64,-0.09928,0.57013,0.22388,-0.12962,0.73079,0.23187,-0.08852,0.80354,0.23369,-0.11552,0.70453,0.30195,-0.06838,0.6341,0.33039,0.02013,0.64951,0.29308,0.08302,0.66013,0.28179,-0.1203,0.71073,0.15901,-0.06521,0.64919,0.12481,0.02196,0.66222,0.16596,0.0848,0.67504,0.17504,-0.07506,0.54764,0.25044,-0.02392,0.40901,0.25023,0.0027,0.26385,0.26603,0.07282,0.22654,0.24602,-0.08481,0.54154,0.19613,-0.11153,0.39755,0.21576,-0.1722,0.26416,0.23934,-0.11563,0.20699,0.22382
12.66,-0.08872,0.56969,0.22456,-0.11915,0.7303,0.23316,-0.07818,0.80314,0.23422,-0.10339,0.70411,0.3029,-0.05553,0.63369,0.33014,0.03201,0.6494,0.29076,0.09457,0.66016,0.27787,-0.11148,0.71022,0.16011,-0.05715,0.64874,0.12462,0.03091,0.66175,0.16383,0.09387,0.67493,0.17145,-0.0638,0.54718,0.25043,-0.01334,0.40832,0.24824,0.01064,0.26282,0.26506,0.07891,0.22329,0.24299,-0.075,0.54112,0.1964,-0.10158,0.39702,0.21546,-0.16561,0.26523,0.23911,-0.11026,0.20691,0.22349
12.68,-0.07822,0.56904,0.22529,-0.10872,0.72961,0.23447,-0.06791,0.80254,0.2348,-0.0913,0.70349,0.30384,-0.0428,0.63306,0.32989,0.04374,0.64906,0.28845,0.10591,0.65997,0.27394,-0.1027,0.70947,0.16127,-0.04919,0.64802,0.12452,0.03972,0.66097,0.16177,0.10275,0.67458,0.16793,-0.05261,0.54649,0.25046,-0.00276,0.40746,0.2462,0.01869,0.26173,0.26446,0.08486,0.21991,0.24033,-0.06527,0.54049,0.19674,-0.09183,0.39633,0.21527,-0.15927,0.26627,0.23908,-0.10509,0.20691,0.22325
12.7,-0.06752,0.56889,0.22599,-0.09811,0.7294,0.23585,-0.0574,0.80239,0.23542,-0.07904,0.70334,0.30481,-0.02984,0.63293,0.32958,0.05564,0.64926,0.28612,0.11738,0.66034,0.26996,-0.09376,0.70927,0.16254,-0.04105,0.64792,0.12447,0.04867,0.66089,0.15973,0.11175,0.67482,0.16445,-0.04124,0.54634,0.25046,0.00759,0.40702,0.24434,0.0263,0.26111,0.26411,0.09053,0.21713,0.23864,-0.05534,0.54035,0.1971,-0.08173,0.39607,0.21496,-0.15249,0.26781,0.23889,-0.09975,0.20717,0.22309
12.72,-0.05628,0.57009,0.22645,-0.08708,0.7305,0.23731,-0.04624,0.80341,0.23602,-0.06634,0.70436,0.30576,-0.01621,0.63411,0.32907,0.06816,0.65094,0.28367,0.1294,0.66221,0.26582,-0.08437,0.71051,0.16388,-0.03234,0.64951,0.12435,0.05812,0.66273,0.15759,0.12129,0.67664,0.16091,-0.02938,0.54763,0.25031,0.01751,0.4077,0.24298,0.03292,0.26154,0.26367,0.09597,0.21584,0.23826,-0.04482,0.54147,0.19734,-0.07072,0.39699,0.21424,-0.14458,0.27048,0.23814,-0.09386,0.20797,0.22299
12.74,-0.04489,0.57179,0.22686,-0.07588,0.73208,0.23884,-0.03485,0.80485,0.23663,-0.05347,0.70583,0.30672,-0.00237,0.63579,0.32848,0.08083,0.65315,0.28117,0.14151,0.66463,0.26161,-0.07483,0.71228,0.16532,-0.02347,0.65171,0.12428,0.06767,0.66525,0.15545,0.13093,0.67903,0.15738,-0.01737,0.54945,0.25013,0.02721,0.40882,0.2419,0.039,0.26243,0.26339,0.10111,0.21513,0.23861,-0.03412,0.54307,0.19759,-0.05939,0.39835,0.21336,-0.13626,0.27363,0.2372,-0.0879,0.20909,0.2229
12.76,-0.03361,0.57325,0.22731,-0.06473,0.73344,0.24037,-0.02356,0.8061,0.23725,-0.04066,0.70711,0.30765,0.01131,0.63724,0.32786,0.0933,0.65509,0.27865,0.15337,0.66677,0.25742,-0.06536,0.71379,0.1668,-0.01475,0.65361,0.12428,0.07704,0.66741,0.15337,0.14034,0.68114,0.15389,-0.00549,0.55102,0.24995,0.0369,0.40977,0.24083,0.04525,0.26331,0.26337,0.10627,0.21439,0.23902,-0.02355,0.54445,0.19787,-0.04828,0.39952,0.21253,-0.12818,0.27673,0.23641,-0.08219,0.21032,0.22288
12.78,-0.02213,0.57476,0.22771,-0.0534,0.73482,0.24192,-0.0121,0.80736,0.23789,-0.02773,0.70838,0.30856,0.02515,0.63873,0.32711,0.1059,0.65715,0.2761,0.1653,0.66904,0.25317,-0.05566,0.71537,0.16833,-0.00578,0.65565,0.12433,0.08659,0.66976,0.15138,0.14991,0.68337,0.15056,0.00658,0.55265,0.24973,0.04679,0.41082,0.23982,0.05165,0.26441,0.26372,0.11154,0.21382,0.24,-0.01276,0.54587,0.19813,-0.03729,0.4008,0.21181,-0.12025,0.28009,0.23577,-0.07666,0.21192,0.22304
12.8,-0.01105,0.57628,0.22818,-0.0423,0.73624,0.24346,-0.00091,0.80868,0.23849,-0.01497,0.70973,0.3094,0.03862,0.64023,0.32643,0.11803,0.65909,0.27352,0.17675,0.67115,0.24899,-0.0463,0.71693,0.16991,0.00267,0.65753,0.12448,0.09561,0.67188,0.14933,0.15891,0.68545,0.14703,0.01824,0.55427,0.24952,0.05609,0.41183,0.23902,0.05763,0.26553,0.26399,0.11647,0.2135,0.24077,-0.00241,0.54731,0.19846,-0.02619,0.402,0.21081,-0.11208,0.28339,0.23499,-0.07117,0.21344,0.22304
12.82,-0.00102,0.57773,0.22895,-0.03183,0.7377,0.24497,0.00954,0.81008,0.23905,-0.0027,0.71124,0.31015,0.05112,0.64167,0.32614,0.12899,0.66053,0.27098,0.18714,0.6726,0.24514,-0.03784,0.71835,0.17157,0.00973,0.6588,0.12486,0.10331,0.67321,0.14714,0.16647,0.68697,0.14298,0.02889,0.55576,0.24945,0.06396,0.41263,0.23869,0.06268,0.26635,0.26378,0.12067,0.21343,0.24044,0.00677,0.54872,0.19902,-0.01485,0.4029,0.20898,-0.10333,0.28634,0.23377,-0.0657,0.21444,0.22261
12.84,0.00858,0.57917,0.22978,-0.02163,0.73919,0.24642,0.01968,0.81152,0.23954,0.00933,0.7128,0.31078,0.06323,0.64311,0.32592,0.13942,0.66185,0.26843,0.19704,0.67387,0.24137,-0.02976,0.71972,0.17325,0.01625,0.65988,0.12536,0.11044,0.67431,0.14491,0.17338,0.68832,0.13876,0.0391,0.55722,0.24938,0.07124,0.4134,0.23862,0.06731,0.26714,0.26356,0.12457,0.21354,0.23995,0.01547,0.55014,0.19965,-0.00355,0.40379,0.20673,-0.09445,0.28932,0.23249,-0.06041,0.21553,0.22216
12.86,0.01833,0.58059,0.23054,-0.01134,0.74065,0.24784,0.0299,0.81292,0.24,0.02141,0.71432,0.31134,0.07546,0.64455,0.32554,0.14994,0.66323,0.26582,0.20695,0.67524,0.23751,-0.02153,0.7211,0.17495,0.02298,0.66105,0.12592,0.11769,0.67553,0.14276,0.18036,0.68976,0.13469,0.04942,0.55868,0.24925,0.07873,0.41425,0.23859,0.07212,0.26812,0.26373,0.12859,0.21374,0.24001,0.02433,0.55154,0.20025,0.0075,0.40481,0.2045,-0.0858,0.29257,0.23147,-0.05535,0.21712,0.22206
12.88,0.02831,0.5821,0.23147,-0.00079,0.74219,0.24937,0.04032,0.81443,0.24058,0.03371,0.71593,0.31197,0.08782,0.64603,0.32524,0.16051,0.66461,0.26332,0.21693,0.67654,0.23382,-0.01303,0.72255,0.17682,0.02982,0.66223,0.12666,0.12496,0.6767,0.14086,0.1873,0.69116,0.13088,0.05996,0.56022,0.24927,0.08644,0.41522,0.23889,0.07711,0.26931,0.2644,0.13281,0.21413,0.24069,0.03343,0.55303,0.20104,0.01838,0.40604,0.20222,-0.07735,0.29622,0.23059,-0.05058,0.21924,0.22246
12.9,0.03768,0.58343,0.23207,0.00917,0.74356,0.25061,0.05021,0.8157,0.24084,0.04543,0.71735,0.31223,0.09974,0.64743,0.32461,0.17057,0.66598,0.26057,0.2263,0.67793,0.22979,-0.00512,0.72384,0.17846,0.03628,0.66333,0.12731,0.13178,0.67791,0.13865,0.19373,0.6926,0.12675,0.06986,0.56157,0.24893,0.09354,0.41606,0.23898,0.08173,0.27039,0.26485,0.1367,0.21451,0.24107,0.04191,0.55433,0.20152,0.029,0.40715,0.19965,-0.0688,0.29968,0.2299,-0.0457,0.22143,0.22272
12.92,0.04558,0.58423,0.23177,0.01768,0.74437,0.25114,0.05889,0.81626,0.24025,0.05573,0.71815,0.31166,0.11071,0.6486,0.32314,0.17961,0.66739,0.25709,0.23435,0.67958,0.22469,0.00125,0.72465,0.17944,0.04187,0.66423,0.12757,0.13765,0.67931,0.13537,0.19916,0.69418,0.12154,0.07829,0.5624,0.24762,0.09918,0.41643,0.23825,0.08537,0.27095,0.26425,0.1397,0.2146,0.24014,0.04885,0.55511,0.20113,0.03944,0.40773,0.19644,-0.0598,0.30236,0.22928,-0.04053,0.22309,0.22193
12.94,0.05287,0.58485,0.23114,0.02562,0.74499,0.25137,0.06704,0.81657,0.23931,0.06545,0.71874,0.31073,0.12123,0.64969,0.32129,0.18814,0.6688,0.25332,0.24179,0.68131,0.21925,0.00706,0.7253,0.18019,0.04714,0.66507,0.12768,0.14305,0.68075,0.13175,0.20406,0.69576,0.116,0.08608,0.56305,0.24596,0.10424,0.41666,0.23732,0.08866,0.27139,0.26343,0.14242,0.21465,0.23894,0.05517,0.55571,0.20043,0.04961,0.40825,0.19279,-0.05068,0.30483,0.22853,-0.03521,0.22478,0.22066
12.96,0.06038,0.58555,0.23065,0.0338,0.74569,0.25168,0.07536,0.81699,0.23847,0.07534,0.71943,0.30985,0.13182,0.65081,0.31946,0.19672,0.67018,0.24964,0.24929,0.68297,0.21403,0.01315,0.72601,0.18108,0.05257,0.66593,0.12791,0.14848,0.68214,0.1284,0.20893,0.69729,0.11075,0.09405,0.56377,0.24443,0.10955,0.41703,0.23669,0.0922,0.27201,0.26311,0.1454,0.21486,0.23837,0.06173,0.55639,0.19991,0.05949,0.40904,0.18905,-0.04174,0.30764,0.22776,-0.02999,0.22698,0.21973
12.98,0.06812,0.58624,0.23021,0.04222,0.74639,0.25206,0.08391,0.81738,0.23761,0.08553,0.72011,0.30892,0.14277,0.65198,0.3175,0.20549,0.67168,0.2458,0.25677,0.68476,0.20846,0.0194,0.72673,0.18213,0.05814,0.66686,0.12822,0.1539,0.6836,0.12492,0.21374,0.69887,0.10538,0.10224,0.56451,0.24287,0.11508,0.41746,0.23623,0.09596,0.27276,0.26316,0.14861,0.21518,0.23824,0.06846,0.55705,0.19946,0.06948,0.41,0.185,-0.03291,0.31107,0.22694,-0.02568,0.22983,0.2194
13,0.07524,0.58691,0.22961,0.05006,0.74708,0.25218,0.09181,0.81778,0.23659,0.09491,0.72076,0.30781,0.15278,0.65306,0.31545,0.21351,0.67295,0.24212,0.26378,0.68631,0.20351,0.0253,0.72743,0.1829,0.06344,0.66768,0.12844,0.15894,0.6849,0.12177,0.21814,0.70027,0.10044,0.10972,0.56518,0.24127,0.12014,0.41789,0.23577,0.09949,0.27349,0.26319,0.15166,0.21554,0.23809,0.07468,0.55771,0.19887,0.07847,0.41109,0.18096,-0.0241,0.31376,0.22608,-0.01978,0.23235,0.21821
13.02,0.08087,0.58756,0.22868,0.05638,0.74777,0.25174,0.09812,0.81829,0.23531,0.10228,0.72139,0.30648,0.16052,0.65393,0.31346,0.21987,0.67369,0.23897,0.27001,0.68728,0.20027,0.03023,0.72816,0.18297,0.06802,0.66825,0.12843,0.16326,0.68586,0.11949,0.2218,0.70135,0.09648,0.1155,0.56571,0.23967,0.12395,0.41827,0.23512,0.10224,0.27404,0.26266,0.15401,0.21585,0.2373,0.0797,0.55846,0.19787,0.08541,0.41224,0.17741,-0.01513,0.31411,0.22528,-0.00938,0.23315,0.21426
13.04,0.0859,0.58819,0.22761,0.0621,0.74845,0.25105,0.10378,0.81882,0.2339,0.10884,0.72198,0.30503,0.16734,0.65469,0.31149,0.22554,0.67419,0.23603,0.27588,0.68798,0.19767,0.03478,0.72888,0.18272,0.07231,0.66871,0.1283,0.16731,0.68664,0.11751,0.22517,0.70222,0.09292,0.12059,0.56618,0.23806,0.12725,0.41862,0.23438,0.10467,0.27453,0.26191,0.15606,0.21613,0.23625,0.08422,0.55922,0.1967,0.09153,0.41339,0.17405,-0.00606,0.31348,0.22429,0.00249,0.23348,0.20894
13.06,0.09115,0.58884,0.22659,0.06806,0.74913,0.25043,0.10969,0.81935,0.23251,0.1157,0.72259,0.30358,0.17447,0.65549,0.30946,0.23143,0.67477,0.233,0.28182,0.68876,0.19478,0.03951,0.72961,0.18259,0.07675,0.66922,0.12821,0.17144,0.68745,0.11542,0.22861,0.70307,0.08928,0.12593,0.56668,0.23645,0.13076,0.41903,0.23376,0.10728,0.2751,0.2614,0.1583,0.21649,0.23549,0.08892,0.55997,0.19562,0.09782,0.41463,0.17056,0.00298,0.31326,0.22309,0.01337,0.23432,0.20388
13.08,0.09658,0.58948,0.22559,0.07417,0.74981,0.24989,0.11573,0.81985,0.23112,0.12279,0.72319,0.30211,0.18196,0.65638,0.30732,0.23749,0.6755,0.22977,0.28792,0.68975,0.19171,0.04429,0.73034,0.18262,0.08127,0.6698,0.12823,0.17556,0.68845,0.11327,0.23188,0.70418,0.0854,0.13144,0.56718,0.23482,0.13443,0.41947,0.23317,0.11003,0.27573,0.26101,0.16066,0.21691,0.23485,0.09376,0.56074,0.19456,0.10436,0.41598,0.16689,0.01219,0.31358,0.22209,0.02411,0.23595,0.19884
13.1,0.10152,0.59011,0.22453,0.07986,0.7505,0.24907,0.12134,0.82042,0.22967,0.12919,0.7238,0.30057,0.18844,0.65704,0.30531,0.24296,0.67586,0.22698,0.29354,0.6902,0.18914,0.04894,0.73106,0.18225,0.08563,0.67022,0.128,0.17961,0.68898,0.11135,0.23529,0.70463,0.08218,0.13642,0.56766,0.23323,0.13771,0.41991,0.23263,0.11254,0.27633,0.26059,0.16284,0.21731,0.23422,0.09821,0.56148,0.19343,0.10999,0.41726,0.16356,0.02115,0.31271,0.22021,0.03475,0.2367,0.19289
13.12,0.1053,0.5907,0.22338,0.08458,0.75127,0.24756,0.12599,0.82122,0.22817,0.13397,0.72444,0.29894,0.19251,0.65706,0.30377,0.24708,0.67528,0.22533,0.29799,0.68921,0.1878,0.05329,0.73181,0.18092,0.08951,0.67022,0.1272,0.18354,0.68826,0.10999,0.23921,0.70336,0.08054,0.14019,0.5681,0.23176,0.14006,0.42035,0.23216,0.11443,0.27682,0.25994,0.1645,0.21765,0.23346,0.10169,0.56219,0.1922,0.11352,0.41821,0.16118,0.02937,0.30891,0.21597,0.04536,0.23483,0.18492
13.14,0.10862,0.59126,0.22216,0.08888,0.75204,0.24578,0.13024,0.82209,0.22664,0.13807,0.72509,0.29728,0.19559,0.65685,0.30241,0.25063,0.67434,0.22414,0.30197,0.68768,0.18697,0.0575,0.73254,0.17919,0.0932,0.67007,0.12614,0.1874,0.68709,0.10885,0.24332,0.70148,0.0795,0.14345,0.56852,0.23034,0.14202,0.42078,0.2317,0.11607,0.27725,0.25919,0.16596,0.21796,0.23263,0.1048,0.56287,0.1909,0.11624,0.41901,0.1592,0.03742,0.30424,0.21064,0.05596,0.23242,0.17589
13.16,0.11213,0.59182,0.22095,0.09333,0.75278,0.24409,0.13464,0.8229,0.22509,0.14243,0.72571,0.29562,0.19907,0.65676,0.30098,0.2544,0.67357,0.22277,0.30611,0.68638,0.18593,0.06176,0.73325,0.1776,0.09697,0.66999,0.12517,0.19128,0.68612,0.10761,0.24733,0.69989,0.07821,0.14692,0.56894,0.2289,0.14415,0.42122,0.23126,0.11785,0.27772,0.25852,0.16755,0.2183,0.23189,0.10807,0.56355,0.18961,0.11927,0.41986,0.15707,0.04566,0.30037,0.20537,0.06628,0.23106,0.1669
13.18,0.11569,0.59244,0.21982,0.09789,0.75358,0.24248,0.13909,0.8238,0.2236,0.14698,0.7264,0.29396,0.20267,0.6567,0.29952,0.25822,0.67281,0.22132,0.31033,0.68507,0.18484,0.06601,0.73402,0.17615,0.10063,0.6699,0.12437,0.19501,0.68511,0.10639,0.25114,0.6982,0.07684,0.15046,0.56941,0.22746,0.14631,0.42175,0.23083,0.11966,0.27828,0.25794,0.16912,0.21872,0.2312,0.11133,0.5643,0.18841,0.12243,0.42083,0.15485,0.05392,0.297,0.19959,0.0768,0.23055,0.15752
13.2,0.11904,0.59292,0.21851,0.10212,0.75424,0.2406,0.14335,0.8245,0.22193,0.15097,0.72694,0.29225,0.20576,0.65656,0.29816,0.26177,0.67194,0.22013,0.31422,0.68365,0.18398,0.07025,0.73464,0.17428,0.10444,0.66978,0.12314,0.19897,0.68409,0.10518,0.25531,0.69655,0.07577,0.15374,0.56976,0.22603,0.14834,0.42216,0.2304,0.12141,0.27869,0.25724,0.17076,0.21904,0.23048,0.11454,0.56489,0.18702,0.12514,0.42151,0.15291,0.06222,0.29341,0.19366,0.08639,0.22989,0.14794
13.22,0.12195,0.59302,0.21675,0.10567,0.7545,0.23815,0.14728,0.82465,0.21992,0.15365,0.72708,0.29053,0.20775,0.65621,0.29705,0.26474,0.67088,0.2196,0.31744,0.68207,0.18363,0.07458,0.73489,0.17145,0.10883,0.66965,0.12083,0.20369,0.6832,0.10407,0.26057,0.69517,0.07549,0.15652,0.56978,0.22465,0.15008,0.42226,0.22994,0.12302,0.2787,0.25614,0.17257,0.2191,0.22966,0.11779,0.56506,0.18516,0.1268,0.42144,0.15161,0.07048,0.28894,0.18768,0.0934,0.22804,0.13794
13.24,0.12465,0.59298,0.2148,0.10892,0.75461,0.23545,0.15104,0.82459,0.21778,0.15579,0.72707,0.28877,0.20924,0.65578,0.296,0.26744,0.66972,0.21932,0.32033,0.68041,0.18348,0.07894,0.73499,0.16826,0.11341,0.6695,0.11811,0.20865,0.68233,0.10301,0.26617,0.69385,0.07554,0.15905,0.56969,0.22327,0.15165,0.42225,0.22942,0.12454,0.27856,0.25486,0.17441,0.21906,0.22875,0.121,0.56506,0.1831,0.12803,0.42112,0.15049,0.07856,0.28459,0.18119,0.0991,0.22622,0.12752
13.26,0.12742,0.59299,0.2129,0.11229,0.75476,0.23286,0.15485,0.82461,0.2157,0.15814,0.7271,0.287,0.21092,0.65538,0.29486,0.2702,0.66861,0.21889,0.3233,0.67879,0.18322,0.08327,0.73513,0.16525,0.11789,0.66935,0.11559,0.21344,0.68143,0.10195,0.27152,0.69249,0.07547,0.16166,0.56964,0.22184,0.15324,0.42229,0.22884,0.12606,0.2785,0.25361,0.1762,0.21908,0.22783,0.12421,0.56512,0.18111,0.12944,0.42095,0.14918,0.08647,0.28108,0.17408,0.10469,0.22544,0.1168
13.28,0.13029,0.59305,0.21116,0.11585,0.75496,0.23045,0.15887,0.82466,0.21382,0.16064,0.72717,0.2854,0.21269,0.65498,0.29389,0.27304,0.66749,0.21863,0.32635,0.67713,0.18311,0.08781,0.73532,0.16243,0.12255,0.66925,0.11323,0.2184,0.68056,0.1011,0.27703,0.69111,0.07567,0.16435,0.56962,0.22058,0.15481,0.42238,0.22838,0.12759,0.27846,0.2524,0.178,0.21914,0.22694,0.12752,0.56524,0.17927,0.13072,0.42088,0.14794,0.09399,0.27818,0.16579,0.1094,0.22573,0.10479
13.3,0.13289,0.59299,0.20903,0.11898,0.75502,0.22767,0.16243,0.82458,0.2116,0.1627,0.72714,0.28343,0.21413,0.65459,0.29255,0.27558,0.66639,0.21807,0.32908,0.67554,0.18272,0.09199,0.73535,0.15924,0.12691,0.66903,0.11053,0.22302,0.67965,0.09992,0.28216,0.68978,0.07552,0.16678,0.56953,0.21897,0.15628,0.42239,0.22755,0.12904,0.27838,0.25099,0.17973,0.21913,0.2259,0.1306,0.56521,0.17708,0.13212,0.42068,0.14641,0.10132,0.27595,0.158,0.1138,0.22608,0.09422
13.32,0.13484,0.59265,0.20593,0.12103,0.75477,0.22395,0.16482,0.82426,0.2085,0.1637,0.7269,0.28053,0.21482,0.65422,0.29028,0.27745,0.66535,0.21669,0.33116,0.67411,0.18156,0.09518,0.73501,0.15511,0.13046,0.66847,0.10695,0.22677,0.67865,0.0978,0.2863,0.68853,0.07428,0.16859,0.56926,0.21645,0.15754,0.42221,0.22581,0.13033,0.27818,0.24914,0.18126,0.21893,0.22456,0.1331,0.56482,0.174,0.13399,0.42009,0.14426,0.10871,0.27407,0.15263,0.11881,0.22476,0.08802
13.34,0.13651,0.59221,0.20244,0.12264,0.75438,0.21984,0.16673,0.82382,0.20502,0.16425,0.72658,0.27723,0.21521,0.65387,0.28763,0.27903,0.66434,0.21497,0.33294,0.67276,0.18007,0.09798,0.7345,0.15059,0.1337,0.66777,0.10302,0.23016,0.67761,0.09532,0.29005,0.68733,0.07263,0.17014,0.56891,0.21356,0.1587,0.42195,0.22369,0.13152,0.27792,0.24711,0.18268,0.21864,0.22308,0.13534,0.56428,0.17055,0.13597,0.41934,0.14186,0.11567,0.27243,0.14787,0.12358,0.22292,0.0831
13.36,0.13827,0.59181,0.19908,0.12442,0.75405,0.21587,0.16881,0.82343,0.20168,0.16497,0.7263,0.27405,0.21569,0.65352,0.28508,0.28066,0.66334,0.21336,0.33477,0.67139,0.17868,0.10094,0.73406,0.14625,0.13704,0.66713,0.09926,0.23365,0.6766,0.09301,0.29389,0.68612,0.07118,0.17176,0.5686,0.21079,0.15984,0.42173,0.22167,0.13266,0.27771,0.24512,0.18404,0.2184,0.22163,0.13766,0.56381,0.16725,0.13785,0.41868,0.13951,0.12192,0.27114,0.14216,0.12743,0.2218,0.077
13.38,0.14016,0.59142,0.19588,0.1264,0.75374,0.21206,0.17111,0.82304,0.19854,0.16581,0.72602,0.27103,0.21625,0.65315,0.28272,0.28242,0.66225,0.212,0.33674,0.66987,0.17754,0.10415,0.73364,0.14206,0.14062,0.66651,0.09564,0.23736,0.67556,0.09092,0.29795,0.68486,0.07,0.1735,0.5683,0.2082,0.16095,0.42154,0.21984,0.13381,0.2775,0.24318,0.18542,0.21817,0.22024,0.14013,0.56336,0.16411,0.13969,0.41804,0.13736,0.12787,0.2701,0.13554,0.13089,0.22091,0.07012
13.4,0.14172,0.59098,0.19227,0.12792,0.75335,0.20784,0.17287,0.82262,0.19493,0.16631,0.72571,0.26752,0.21658,0.65282,0.27982,0.28378,0.66137,0.21001,0.3383,0.66866,0.1758,0.1068,0.73313,0.13753,0.14368,0.66582,0.0917,0.2405,0.67458,0.08835,0.3014,0.68373,0.06826,0.17491,0.56796,0.20514,0.16201,0.42128,0.21748,0.13479,0.27729,0.24104,0.18657,0.21791,0.21864,0.14221,0.56283,0.16057,0.14154,0.41736,0.1347,0.13263,0.26928,0.12976,0.13324,0.22018,0.0642
13.42,0.14245,0.59043,0.18768,0.12832,0.75283,0.20267,0.17333,0.82213,0.19017,0.16604,0.72538,0.26287,0.21637,0.65263,0.27574,0.28417,0.66102,0.2065,0.33891,0.66828,0.17264,0.10805,0.7324,0.13217,0.14546,0.66496,0.08696,0.24231,0.67376,0.0846,0.30342,0.68288,0.06517,0.17555,0.56752,0.20098,0.16303,0.42085,0.21387,0.13546,0.2771,0.23847,0.18731,0.21759,0.2166,0.14336,0.56219,0.15607,0.14359,0.4166,0.13083,0.13606,0.26841,0.12724,0.13446,0.21928,0.06173
13.44,0.14286,0.58983,0.18268,0.12827,0.75224,0.19709,0.17326,0.82161,0.18492,0.16545,0.72503,0.25772,0.21595,0.6525,0.27113,0.28418,0.66088,0.2023,0.33914,0.66822,0.16882,0.10872,0.73158,0.12645,0.1467,0.66405,0.08187,0.24355,0.67303,0.08033,0.30483,0.68217,0.06147,0.17589,0.56703,0.19635,0.16401,0.42036,0.20975,0.13597,0.27694,0.23573,0.18786,0.21727,0.21438,0.14411,0.56149,0.15117,0.14565,0.41582,0.12649,0.13913,0.26754,0.12607,0.1355,0.21824,0.06076
13.46,0.14341,0.58924,0.17781,0.12842,0.75166,0.19164,0.17341,0.82109,0.17982,0.16502,0.72467,0.25272,0.21564,0.65232,0.26666,0.28435,0.66065,0.19831,0.33952,0.66802,0.16519,0.10962,0.73078,0.12086,0.14815,0.66316,0.07689,0.24499,0.67227,0.07623,0.30645,0.68144,0.05796,0.17635,0.56655,0.19187,0.16497,0.4199,0.20583,0.1365,0.27679,0.23305,0.18843,0.21696,0.21224,0.14502,0.5608,0.1464,0.14763,0.41504,0.12236,0.14235,0.26672,0.1243,0.13669,0.21725,0.05926
13.48,0.14401,0.5887,0.17316,0.12867,0.75114,0.18634,0.17369,0.82063,0.17495,0.16458,0.72437,0.24792,0.21528,0.6522,0.26252,0.28455,0.6604,0.19472,0.33996,0.66775,0.162,0.11073,0.73004,0.11541,0.1498,0.66226,0.07216,0.24664,0.67143,0.07246,0.30831,0.68055,0.05488,0.17685,0.56613,0.18765,0.16598,0.41949,0.20211,0.13706,0.2767,0.23052,0.18903,0.21672,0.21027,0.14603,0.56017,0.14186,0.14986,0.41434,0.11838,0.1461,0.26603,0.12291,0.13803,0.21626,0.05837
13.5,0.1444,0.58804,0.16797,0.1286,0.75048,0.18063,0.17357,0.82003,0.16947,0.16407,0.72393,0.24257,0.21495,0.65197,0.25755,0.28457,0.66023,0.19012,0.34015,0.6677,0.15772,0.11129,0.72917,0.10961,0.15088,0.66136,0.06687,0.24768,0.67079,0.06791,0.30947,0.68002,0.0508,0.17717,0.56558,0.18278,0.16682,0.41896,0.19788,0.13743,0.27656,0.22771,0.18941,0.21641,0.20799,0.14672,0.55942,0.13677,0.15151,0.41349,0.11406,0.14881,0.26527,0.12117,0.13915,0.2153,0.05699
13.52,0.14434,0.587,0.16145,0.12778,0.74938,0.17395,0.17251,0.81905,0.16255,0.16342,0.72307,0.23589,0.21473,0.65135,0.25055,0.28419,0.66017,0.18303,0.3398,0.66813,0.15078,0.11051,0.72791,0.10296,0.15057,0.66042,0.06016,0.24729,0.67069,0.06141,0.30898,0.68045,0.04425,0.17712,0.56461,0.17635,0.16728,0.41806,0.19238,0.13743,0.27618,0.22417,0.1894,0.21587,0.20493,0.14674,0.55832,0.13031,0.15158,0.41221,0.10888,0.1485,0.26409,0.11797,0.13949,0.21443,0.05346
13.54,0.14407,0.58585,0.1544,0.12663,0.74814,0.16688,0.17103,0.81795,0.15504,0.16271,0.72208,0.22867,0.21454,0.65062,0.24273,0.28364,0.66019,0.17493,0.33919,0.66876,0.14275,0.10916,0.72653,0.09598,0.14966,0.65949,0.05289,0.24626,0.67081,0.05411,0.30777,0.68125,0.03669,0.17689,0.56352,0.16928,0.16758,0.41705,0.18635,0.13729,0.27578,0.22033,0.18923,0.21529,0.20158,0.14644,0.55713,0.1233,0.15105,0.4108,0.10335,0.14705,0.26284,0.11428,0.13953,0.21363,0.04924
13.56,0.14386,0.58478,0.14757,0.1256,0.74698,0.15997,0.16971,0.81691,0.14776,0.16203,0.72116,0.22166,0.21434,0.64996,0.23522,0.28314,0.66018,0.16721,0.33865,0.6693,0.13511,0.10801,0.72521,0.08915,0.14895,0.65857,0.04586,0.24544,0.67082,0.0471,0.30679,0.68187,0.02949,0.17672,0.56251,0.16246,0.16793,0.41612,0.18053,0.13722,0.27547,0.21663,0.18913,0.2148,0.19836,0.14624,0.55601,0.11652,0.15078,0.40949,0.09796,0.14611,0.26169,0.1108,0.1397,0.21285,0.04536
13.58,0.14379,0.58361,0.14082,0.12468,0.74572,0.15313,0.16852,0.81577,0.14064,0.16132,0.72014,0.21479,0.21412,0.64922,0.22794,0.28268,0.66011,0.1598,0.3382,0.66984,0.1279,0.10711,0.7238,0.08235,0.14853,0.65756,0.03891,0.24489,0.67079,0.04038,0.30609,0.68249,0.02268,0.17667,0.56141,0.1558,0.1684,0.41512,0.17486,0.13732,0.2751,0.21303,0.18929,0.21434,0.19524,0.14626,0.55477,0.10984,0.15063,0.40809,0.09263,0.14508,0.2605,0.10738,0.13997,0.21209,0.04151
13.6,0.14338,0.58261,0.13378,0.12347,0.74463,0.14605,0.16696,0.8148,0.13306,0.16064,0.71931,0.2075,0.21392,0.64862,0.21997,0.28204,0.6602,0.1515,0.33744,0.67041,0.11954,0.10557,0.72256,0.07541,0.14734,0.65675,0.03164,0.24357,0.67091,0.03289,0.30455,0.68317,0.01484,0.17632,0.56046,0.14865,0.1686,0.41427,0.16871,0.13711,0.27498,0.20917,0.18898,0.21398,0.19189,0.14573,0.55375,0.10281,0.15006,0.40689,0.0871,0.14394,0.25952,0.10365,0.13998,0.21143,0.03746
13.62,0.14209,0.58213,0.126,0.12156,0.74406,0.13844,0.16451,0.81436,0.12434,0.16002,0.71902,0.19921,0.21378,0.64846,0.21024,0.281,0.66073,0.141,0.33595,0.67105,0.1083,0.10246,0.72179,0.06817,0.14425,0.65652,0.02363,0.24037,0.67144,0.02353,0.30096,0.68401,0.00441,0.17527,0.5599,0.14024,0.16811,0.41385,0.16146,0.13614,0.27549,0.20464,0.18748,0.21388,0.18799,0.14386,0.55333,0.09494,0.1486,0.40631,0.08103,0.14306,0.2591,0.09914,0.13946,0.21097,0.03296
13.64,0.14046,0.58184,0.11795,0.1194,0.74368,0.13064,0.16167,0.81411,0.11524,0.1594,0.71893,0.19052,0.2136,0.64845,0.19981,0.2797,0.66141,0.12963,0.33405,0.67171,0.09594,0.09875,0.72121,0.06088,0.14038,0.6565,0.01538,0.23638,0.67211,0.01349,0.29649,0.68492,-0.00695,0.17391,0.5595,0.13135,0.16741,0.41359,0.15372,0.13499,0.27628,0.19983,0.18567,0.21394,0.18388,0.14145,0.55313,0.08676,0.14682,0.40596,0.07476,0.1423,0.2589,0.0943,0.13885,0.21064,0.0282
13.66,0.13896,0.58147,0.11004,0.11734,0.74321,0.12298,0.15896,0.81377,0.10639,0.15876,0.71875,0.18202,0.21333,0.64837,0.18971,0.27837,0.66198,0.11867,0.33216,0.67231,0.08409,0.09531,0.72054,0.05371,0.13681,0.65638,0.00732,0.23264,0.67269,0.00384,0.29228,0.68576,-0.0178,0.17263,0.55903,0.12269,0.16686,0.41326,0.14613,0.13411,0.27704,0.19513,0.1842,0.21405,0.17989,0.13925,0.55283,0.07877,0.14523,0.40555,0.0686,0.14162,0.25865,0.08956,0.13845,0.21033,0.0235
13.68,0.13757,0.58108,0.10201,0.11531,0.74272,0.11527,0.15624,0.81339,0.09752,0.15809,0.71855,0.17344,0.21304,0.64829,0.17943,0.27711,0.66264,0.10766,0.33036,0.67304,0.07227,0.09196,0.71986,0.04649,0.13341,0.65634,-0.00083,0.22903,0.67343,-0.00583,0.28817,0.68678,-0.02865,0.17144,0.55854,0.11391,0.16626,0.41295,0.13863,0.13339,0.27778,0.19038,0.18309,0.21432,0.17585,0.13716,0.55254,0.07066,0.1439,0.40517,0.06228,0.14132,0.25848,0.0847,0.1384,0.2101,0.01867
13.7,0.13586,0.58076,0.09419,0.11318,0.74231,0.10773,0.15336,0.8131,0.08877,0.15741,0.71842,0.16493,0.21258,0.64822,0.16933,0.27541,0.66311,0.09658,0.32798,0.67346,0.06017,0.08835,0.71924,0.03954,0.12944,0.6562,-0.00871,0.22485,0.67387,-0.01546,0.28345,0.68744,-0.0395,0.16995,0.55813,0.10528,0.1658,0.41264,0.13076,0.13267,0.27876,0.1856,0.18165,0.21456,0.17189,0.1347,0.55228,0.0628,0.14219,0.40486,0.05621,0.14069,0.25834,0.07989,0.13803,0.2099,0.0139
13.72,0.13334,0.58054,0.08696,0.11085,0.74211,0.10062,0.15011,0.81304,0.08031,0.15669,0.71846,0.15663,0.21177,0.64812,0.15984,0.27267,0.66303,0.08548,0.32421,0.67309,0.04755,0.08414,0.71879,0.03323,0.12413,0.65569,-0.01587,0.21934,0.67346,-0.02487,0.27737,0.68714,-0.05019,0.16772,0.55792,0.09716,0.1656,0.41227,0.1219,0.13174,0.28031,0.18082,0.17909,0.21466,0.16824,0.13136,0.55205,0.05562,0.13942,0.40459,0.05091,0.139,0.2582,0.07539,0.13665,0.20965,0.00947
13.74,0.1305,0.58037,0.07996,0.10841,0.74199,0.09366,0.14666,0.81306,0.07197,0.15593,0.71856,0.14835,0.21079,0.64801,0.15054,0.26946,0.66277,0.07436,0.31978,0.67242,0.03474,0.07968,0.7184,0.0272,0.11829,0.65506,-0.02268,0.21325,0.67274,-0.03416,0.27067,0.68647,-0.06079,0.16518,0.55779,0.08921,0.16542,0.4119,0.11257,0.13093,0.28221,0.176,0.17639,0.215,0.16482,0.12767,0.55185,0.04872,0.13632,0.40437,0.04588,0.13705,0.25809,0.07098,0.13502,0.20942,0.00513
13.76,0.12781,0.58018,0.07291,0.106,0.74183,0.08667,0.14324,0.81303,0.06367,0.15512,0.71863,0.14003,0.2098,0.64791,0.14113,0.2663,0.66258,0.06332,0.31541,0.67188,0.02211,0.07536,0.71799,0.02116,0.11268,0.65448,-0.02949,0.20732,0.67214,-0.04334,0.26412,0.68594,-0.07126,0.16274,0.55763,0.08121,0.16514,0.41155,0.10331,0.1304,0.28417,0.17111,0.17425,0.21567,0.16144,0.12413,0.55163,0.04178,0.13351,0.40417,0.04072,0.13548,0.25801,0.06647,0.13379,0.20926,0.00068
13.78,0.1251,0.57999,0.06565,0.10355,0.74167,0.07948,0.13968,0.81302,0.0552,0.15423,0.7187,0.13147,0.20868,0.6478,0.13149,0.26299,0.66243,0.05213,0.31085,0.67138,0.00941,0.07102,0.71758,0.01499,0.10708,0.65393,-0.0364,0.20135,0.67161,-0.05258,0.25749,0.68553,-0.08174,0.16026,0.55748,0.07302,0.16458,0.41126,0.09386,0.12996,0.28634,0.16615,0.17223,0.21664,0.15816,0.1206,0.55142,0.03465,0.13084,0.40402,0.03546,0.13418,0.25799,0.06176,0.13287,0.20919,-0.00401
13.8,0.12236,0.57979,0.05888,0.10115,0.74152,0.07272,0.1362,0.81298,0.04723,0.15337,0.71877,0.12326,0.20762,0.64772,0.12227,0.25958,0.66217,0.04131,0.30606,0.67074,-0.00298,0.06673,0.71716,0.00931,0.10138,0.65329,-0.04276,0.19521,0.67088,-0.06139,0.25066,0.6848,-0.09184,0.15773,0.55731,0.06526,0.16432,0.41094,0.08437,0.12994,0.28859,0.16104,0.1709,0.21793,0.15484,0.117,0.5512,0.02804,0.12812,0.40388,0.03042,0.13283,0.25798,0.0573,0.13184,0.20912,-0.00843
13.82,0.11954,0.57953,0.05338,0.09894,0.74135,0.06702,0.13303,0.81287,0.04043,0.15267,0.7188,0.11604,0.20684,0.64771,0.11413,0.25615,0.66162,0.03144,0.30098,0.66976,-0.0146,0.06255,0.7167,0.00483,0.09546,0.6524,-0.04784,0.18876,0.66967,-0.06924,0.24349,0.68325,-0.10112,0.15513,0.55708,0.05861,0.16501,0.41056,0.07493,0.13025,0.29085,0.1555,0.17036,0.21957,0.1512,0.1132,0.5509,0.02275,0.12517,0.40366,0.02597,0.13101,0.25795,0.0536,0.13019,0.2089,-0.01199
13.84,0.1167,0.57924,0.04836,0.09677,0.74117,0.06172,0.12991,0.81274,0.0341,0.15197,0.7188,0.10916,0.20613,0.64774,0.10636,0.25261,0.66096,0.02194,0.29563,0.66865,-0.02586,0.05841,0.71622,0.00085,0.08945,0.65143,-0.05235,0.18213,0.66827,-0.07662,0.23608,0.68141,-0.10997,0.15247,0.55683,0.0524,0.16584,0.41025,0.06533,0.13041,0.29318,0.1494,0.16979,0.22139,0.14691,0.10934,0.55057,0.018,0.12215,0.40342,0.02174,0.12906,0.2579,0.05016,0.12835,0.20864,-0.01528
13.86,0.11389,0.57895,0.04314,0.09454,0.74097,0.05622,0.12668,0.81261,0.02759,0.15117,0.71881,0.10205,0.20528,0.64775,0.09834,0.24893,0.66037,0.01233,0.29012,0.6676,-0.03713,0.05429,0.71574,-0.00329,0.08352,0.6505,-0.05696,0.17549,0.66697,-0.08401,0.22862,0.67973,-0.11879,0.1498,0.55659,0.04599,0.16623,0.41006,0.0555,0.13031,0.29563,0.14294,0.16888,0.22337,0.14217,0.10555,0.55026,0.01306,0.11927,0.4032,0.01739,0.12735,0.25788,0.04649,0.12679,0.20845,-0.01882
13.88,0.11098,0.57868,0.03787,0.09219,0.7408,0.0506,0.1233,0.81249,0.02097,0.15021,0.71885,0.09476,0.20427,0.64779,0.09017,0.24501,0.65972,0.00265,0.28429,0.66649,-0.04841,0.05008,0.71527,-0.00748,0.07748,0.64953,-0.06151,0.16865,0.6656,-0.09137,0.22095,0.67796,-0.12754,0.147,0.55637,0.03953,0.16638,0.41001,0.04536,0.12951,0.2986,0.13625,0.1671,0.22584,0.1376,0.10167,0.54995,0.00812,0.1164,0.40301,0.01296,0.12575,0.25789,0.04269,0.12538,0.20833,-0.02252
13.9,0.10828,0.57838,0.03281,0.08997,0.74057,0.04528,0.12004,0.81232,0.01473,0.14932,0.71881,0.08774,0.20333,0.6478,0.0822,0.24114,0.65917,-0.0067,0.27846,0.66547,-0.05926,0.04607,0.71477,-0.01134,0.07167,0.64863,-0.06577,0.16198,0.66436,-0.09831,0.21335,0.67634,-0.1359,0.14434,0.5561,0.03327,0.16627,0.40999,0.03529,0.12918,0.30095,0.1289,0.16604,0.22784,0.13141,0.098,0.54962,0.0034,0.11365,0.40279,0.00868,0.12421,0.25788,0.03899,0.12397,0.20819,-0.02613
13.92,0.10614,0.57798,0.02818,0.08817,0.74021,0.04072,0.11725,0.81201,0.00934,0.14875,0.71857,0.08147,0.20276,0.64766,0.07475,0.23761,0.65893,-0.01536,0.27294,0.6648,-0.06933,0.04263,0.71423,-0.01451,0.06639,0.64794,-0.06958,0.15585,0.66352,-0.10445,0.20611,0.67521,-0.1436,0.14217,0.55565,0.02741,0.16594,0.40983,0.0257,0.1308,0.30132,0.12067,0.16766,0.22818,0.12179,0.09484,0.54926,-0.00088,0.11108,0.40251,0.00482,0.12274,0.25779,0.03563,0.12245,0.20797,-0.02939
13.94,0.10421,0.57755,0.02375,0.08653,0.73979,0.03647,0.11464,0.81164,0.00434,0.14827,0.71827,0.07551,0.20227,0.64747,0.06751,0.23415,0.6588,-0.02369,0.26748,0.66423,-0.07896,0.03943,0.71369,-0.01736,0.06135,0.64734,-0.07311,0.14995,0.66282,-0.11017,0.199,0.67423,-0.1509,0.14016,0.55516,0.02175,0.16536,0.40967,0.0163,0.13297,0.30093,0.11199,0.17002,0.22789,0.11074,0.09189,0.54888,-0.00495,0.10863,0.4022,0.00115,0.12133,0.25767,0.03244,0.12094,0.20773,-0.03248
13.96,0.10221,0.57715,0.01924,0.08482,0.73941,0.03209,0.11192,0.81131,-0.00079,0.14768,0.718,0.06936,0.20163,0.64732,0.06013,0.23052,0.65862,-0.03206,0.2618,0.66359,-0.08856,0.03619,0.71316,-0.0203,0.05628,0.64671,-0.07662,0.14394,0.66207,-0.11588,0.19178,0.67319,-0.15812,0.13803,0.5547,0.01602,0.16446,0.40963,0.00672,0.13451,0.30092,0.10323,0.17154,0.22793,0.10001,0.0889,0.54851,-0.00906,0.10623,0.40192,-0.00261,0.12005,0.25759,0.02914,0.11958,0.20755,-0.03571
13.98,0.10013,0.5767,0.0147,0.08304,0.73898,0.02766,0.10908,0.81093,-0.00596,0.14698,0.7177,0.06311,0.20086,0.64714,0.05261,0.2266,0.65843,-0.04051,0.25562,0.66303,-0.09824,0.03289,0.71258,-0.02319,0.05101,0.64601,-0.08004,0.13766,0.66127,-0.12154,0.18415,0.67206,-0.16533,0.13577,0.55418,0.01023,0.16338,0.40964,-0.00315,0.13556,0.30129,0.0944,0.17236,0.22829,0.08934,0.08579,0.54813,-0.01315,0.1038,0.40163,-0.00637,0.11886,0.2575,0.02572,0.11832,0.20738,-0.03906
14,0.09825,0.57632,0.01025,0.08142,0.73862,0.02338,0.10646,0.81063,-0.01087,0.14636,0.71745,0.05706,0.20014,0.64701,0.04531,0.22298,0.65828,-0.04857,0.25004,0.66235,-0.10728,0.02988,0.71208,-0.02599,0.04628,0.64547,-0.08329,0.13192,0.6606,-0.12687,0.17719,0.67113,-0.17198,0.13372,0.55378,0.00464,0.16182,0.40974,-0.01254,0.13693,0.30087,0.08522,0.17366,0.22804,0.07779,0.08301,0.54777,-0.01714,0.10161,0.40136,-0.01007,0.11777,0.25744,0.02245,0.11717,0.20727,-0.0423
14.02,0.09688,0.57617,0.00598,0.08022,0.73846,0.01944,0.10441,0.81055,-0.01523,0.14598,0.71736,0.05152,0.19971,0.64709,0.03861,0.22037,0.65819,-0.05579,0.24639,0.66125,-0.11503,0.02751,0.71185,-0.02864,0.0429,0.64532,-0.08633,0.12765,0.66031,-0.13166,0.17214,0.67078,-0.17756,0.13227,0.55374,-0.00047,0.15954,0.4099,-0.02048,0.13959,0.29837,0.07539,0.17679,0.22625,0.06427,0.08106,0.54753,-0.02099,0.09998,0.40117,-0.01366,0.11677,0.2575,0.0196,0.11617,0.2073,-0.04512
14.04,0.0957,0.57609,0.00179,0.0792,0.73836,0.01564,0.10262,0.81056,-0.01936,0.1457,0.71733,0.0462,0.19936,0.64723,0.03215,0.2181,0.65814,-0.06268,0.24339,0.65999,-0.12228,0.02542,0.71171,-0.03122,0.04005,0.64532,-0.08928,0.12395,0.66017,-0.13621,0.16782,0.67065,-0.1827,0.13105,0.55381,-0.0054,0.15696,0.41009,-0.02783,0.1425,0.29515,0.06496,0.18013,0.22404,0.04959,0.07943,0.54733,-0.02478,0.09856,0.40101,-0.01719,0.11584,0.25759,0.01692,0.11525,0.20737,-0.04777
14.06,0.09443,0.57597,-0.00243,0.07812,0.73823,0.01178,0.10074,0.81052,-0.02355,0.14534,0.71726,0.04078,0.19889,0.64731,0.02556,0.21559,0.65807,-0.06966,0.23992,0.65879,-0.12968,0.02328,0.71152,-0.0338,0.03702,0.64526,-0.09222,0.12001,0.65997,-0.14078,0.16316,0.67042,-0.18794,0.1297,0.55382,-0.0104,0.15435,0.4103,-0.03538,0.14478,0.29243,0.05431,0.18246,0.22233,0.03493,0.07767,0.5471,-0.02857,0.09709,0.40083,-0.02073,0.11498,0.25768,0.01416,0.1144,0.20743,-0.05052
14.08,0.09318,0.57589,-0.00668,0.07701,0.73813,0.00788,0.0988,0.8105,-0.0278,0.14494,0.71725,0.03524,0.19839,0.6475,0.01887,0.21304,0.65804,-0.07671,0.23625,0.65736,-0.13718,0.02111,0.71134,-0.03634,0.03398,0.64521,-0.0951,0.116,0.65978,-0.14532,0.15844,0.67021,-0.19313,0.12835,0.5539,-0.01544,0.15155,0.41057,-0.04287,0.1468,0.2899,0.04342,0.18429,0.22097,0.01993,0.07595,0.5469,-0.03238,0.09568,0.40069,-0.02432,0.11422,0.25781,0.01136,0.11366,0.20756,-0.05332
14.1,0.09193,0.57573,-0.01084,0.07603,0.73797,0.0041,0.09705,0.81045,-0.0318,0.14456,0.71711,0.02995,0.19781,0.64749,0.01242,0.21047,0.65792,-0.08346,0.23278,0.65629,-0.14425,0.01918,0.71116,-0.03888,0.03116,0.64518,-0.09799,0.11227,0.65959,-0.14972,0.154,0.67001,-0.19815,0.12699,0.55386,-0.02035,0.14871,0.41078,-0.05016,0.14827,0.28721,0.03205,0.18527,0.2195,0.00455,0.07425,0.54665,-0.03612,0.09428,0.40049,-0.02781,0.11343,0.25789,0.00863,0.1129,0.20762,-0.05604
14.12,0.09065,0.57533,-0.01473,0.07535,0.73759,0.00061,0.09573,0.8103,-0.03521,0.14426,0.71656,0.02528,0.19709,0.64691,0.00659,0.20782,0.6575,-0.08951,0.22994,0.65626,-0.15037,0.01772,0.71094,-0.04142,0.02872,0.64515,-0.10094,0.10911,0.65926,-0.15385,0.15013,0.6697,-0.20288,0.12555,0.5535,-0.02489,0.14601,0.41078,-0.05719,0.14887,0.28403,0.02,0.18511,0.21748,-0.01109,0.07253,0.54622,-0.03965,0.09276,0.40011,-0.03103,0.11245,0.25776,0.00613,0.11201,0.20746,-0.05851
14.14,0.08938,0.57485,-0.01852,0.07481,0.73714,-0.00279,0.09462,0.81011,-0.0384,0.14401,0.71588,0.02083,0.19632,0.64615,0.00101,0.20517,0.65699,-0.09525,0.22743,0.65668,-0.15608,0.01648,0.71071,-0.04399,0.02646,0.64514,-0.10392,0.10621,0.65892,-0.15789,0.14652,0.6694,-0.20749,0.1241,0.55303,-0.0293,0.14331,0.41071,-0.06405,0.14891,0.28083,0.00758,0.1842,0.21547,-0.02695,0.07083,0.54573,-0.04312,0.09124,0.39966,-0.03415,0.11142,0.25758,0.00371,0.11109,0.20722,-0.06089
14.16,0.08812,0.57441,-0.02236,0.07423,0.73672,-0.00626,0.09346,0.80993,-0.04169,0.14373,0.71525,0.01626,0.19553,0.64548,-0.00469,0.2025,0.65652,-0.10109,0.22477,0.65698,-0.16191,0.01519,0.71048,-0.04657,0.02415,0.64512,-0.10689,0.10322,0.65859,-0.16194,0.14282,0.66912,-0.21209,0.12265,0.55261,-0.03378,0.14047,0.41071,-0.0709,0.1486,0.278,-0.00492,0.18275,0.21394,-0.04285,0.06914,0.54527,-0.04661,0.08977,0.39926,-0.03731,0.11049,0.25743,0.00124,0.11026,0.20704,-0.06333
14.18,0.08682,0.57396,-0.02615,0.07363,0.73629,-0.00972,0.09226,0.80974,-0.04499,0.14343,0.71462,0.01166,0.19467,0.64478,-0.01043,0.1997,0.65603,-0.10692,0.22179,0.65711,-0.1678,0.01388,0.71024,-0.04909,0.0218,0.64507,-0.10976,0.10012,0.65818,-0.16594,0.13897,0.66866,-0.21669,0.12114,0.55218,-0.0382,0.13752,0.41076,-0.07773,0.14797,0.27541,-0.01771,0.18088,0.21278,-0.05897,0.06741,0.5448,-0.05004,0.08831,0.39884,-0.04044,0.10962,0.25729,-0.00121,0.10949,0.20689,-0.06577
14.2,0.08559,0.57352,-0.03004,0.07311,0.73587,-0.01325,0.09123,0.80956,-0.04827,0.14315,0.71398,0.00709,0.19386,0.6441,-0.01607,0.19708,0.65559,-0.11261,0.21943,0.65782,-0.17336,0.01272,0.71003,-0.05178,0.01962,0.6451,-0.11283,0.09728,0.65794,-0.16997,0.13545,0.66861,-0.22121,0.11971,0.55175,-0.04269,0.13452,0.41078,-0.08441,0.14666,0.27309,-0.03035,0.17807,0.21188,-0.0748,0.06578,0.54434,-0.05357,0.08688,0.39844,-0.04361,0.10875,0.25716,-0.00371,0.10873,0.20672,-0.06824
14.22,0.08458,0.57315,-0.03424,0.07276,0.7355,-0.01696,0.09061,0.80947,-0.05154,0.14295,0.71335,0.00259,0.19326,0.64351,-0.02155,0.19497,0.65528,-0.11809,0.21846,0.66004,-0.17826,0.01189,0.70994,-0.05489,0.01776,0.64539,-0.11646,0.09501,0.65813,-0.1742,0.13286,0.66945,-0.22552,0.11848,0.55138,-0.04743,0.13155,0.41076,-0.09087,0.1444,0.27108,-0.04235,0.17382,0.21114,-0.0898,0.06438,0.54399,-0.05746,0.08553,0.39814,-0.04687,0.1078,0.2571,-0.00635,0.10795,0.20653,-0.07078
14.24,0.08364,0.5728,-0.03853,0.07251,0.73515,-0.02073,0.09018,0.80939,-0.0548,0.1428,0.71272,-0.00188,0.19276,0.64295,-0.02693,0.19309,0.65505,-0.12345,0.21781,0.66319,-0.18277,0.01122,0.70987,-0.05819,0.01607,0.64578,-0.12032,0.093,0.6585,-0.17846,0.13063,0.67075,-0.22975,0.11732,0.551,-0.05224,0.12859,0.4107,-0.09719,0.14163,0.26928,-0.05406,0.16886,0.21061,-0.10431,0.06307,0.54366,-0.06145,0.08423,0.39786,-0.05017,0.10686,0.25706,-0.00903,0.10719,0.20633,-0.07334
14.26,0.08268,0.57243,-0.04278,0.07225,0.73477,-0.02451,0.08971,0.80929,-0.05808,0.14264,0.71207,-0.00638,0.19223,0.64237,-0.03235,0.19115,0.6548,-0.12882,0.21665,0.66636,-0.18723,0.01051,0.70978,-0.06143,0.01434,0.64613,-0.12408,0.09094,0.6588,-0.18267,0.12822,0.67195,-0.23399,0.11613,0.55061,-0.057,0.12556,0.41067,-0.10346,0.13865,0.26769,-0.06584,0.16365,0.21041,-0.11879,0.06174,0.5433,-0.06537,0.08296,0.39756,-0.05344,0.10601,0.25701,-0.01167,0.1065,0.20615,-0.07588
14.28,0.0817,0.57211,-0.04705,0.07196,0.73443,-0.02827,0.08922,0.80921,-0.06137,0.14247,0.71147,-0.01092,0.19155,0.64178,-0.03785,0.18899,0.65442,-0.13427,0.21453,0.66945,-0.19186,0.00978,0.70973,-0.06461,0.01252,0.64648,-0.12772,0.08866,0.65894,-0.18696,0.12609,0.67241,-0.23808,0.11491,0.55027,-0.0618,0.12243,0.41073,-0.10979,0.13536,0.26635,-0.07788,0.15795,0.21063,-0.13351,0.06039,0.54299,-0.06932,0.08169,0.39733,-0.05667,0.10518,0.25702,-0.01435,0.10588,0.20605,-0.07846
14.3,0.08076,0.5717,-0.05128,0.07177,0.73402,-0.03214,0.08889,0.80906,-0.06471,0.14234,0.71078,-0.01543,0.19117,0.64124,-0.04321,0.18731,0.65437,-0.13951,0.21323,0.67358,-0.19568,0.00919,0.7096,-0.06799,0.01093,0.64687,-0.13165,0.08689,0.6595,-0.19109,0.12356,0.67455,-0.24232,0.11374,0.54984,-0.06653,0.11935,0.41065,-0.1158,0.13175,0.26516,-0.08921,0.15202,0.21091,-0.14714,0.05911,0.5426,-0.07324,0.08052,0.397,-0.05999,0.10444,0.25698,-0.01698,0.10528,0.20585,-0.08097
14.32,0.08002,0.57107,-0.05545,0.07181,0.73344,-0.03632,0.08887,0.8088,-0.06818,0.14235,0.7099,-0.01993,0.1916,0.64081,-0.04806,0.18704,0.6548,-0.14422,0.2146,0.67982,-0.19722,0.00896,0.70928,-0.07189,0.01001,0.64721,-0.13621,0.08653,0.66065,-0.19475,0.12002,0.68117,-0.24626,0.11278,0.54919,-0.07112,0.11657,0.41021,-0.12115,0.12798,0.26391,-0.09888,0.14639,0.21075,-0.15841,0.05806,0.542,-0.07713,0.07963,0.39645,-0.06357,0.10393,0.25681,-0.01952,0.10466,0.20543,-0.08331
14.34,0.07932,0.57036,-0.05957,0.07192,0.73279,-0.04062,0.08897,0.80847,-0.0717,0.1424,0.70894,-0.02441,0.19232,0.64044,-0.0528,0.18723,0.65563,-0.14874,0.21577,0.68749,-0.19738,0.00885,0.70887,-0.07597,0.0093,0.64762,-0.14109,0.08664,0.66226,-0.19824,0.11651,0.69051,-0.24829,0.11187,0.54844,-0.07563,0.11387,0.40962,-0.1262,0.12407,0.2627,-0.10779,0.14079,0.21046,-0.16862,0.05708,0.5413,-0.08099,0.07882,0.3958,-0.06725,0.10347,0.2566,-0.02202,0.10402,0.20492,-0.08556
14.36,0.07857,0.56967,-0.06369,0.07199,0.73215,-0.04489,0.08903,0.80813,-0.07523,0.14241,0.70799,-0.0289,0.19292,0.64008,-0.05768,0.18716,0.65652,-0.15337,0.21503,0.69508,-0.19733,0.00869,0.70849,-0.07999,0.00845,0.6481,-0.1459,0.08649,0.66389,-0.20179,0.11366,0.69951,-0.24857,0.1109,0.54772,-0.08014,0.1111,0.40911,-0.1313,0.12002,0.26166,-0.11685,0.13492,0.21045,-0.17902,0.05604,0.54064,-0.08484,0.07797,0.39518,-0.07089,0.10302,0.25643,-0.02453,0.10343,0.20445,-0.08783
14.38,0.07796,0.56905,-0.06788,0.07206,0.73157,-0.0492,0.08906,0.80789,-0.07872,0.14245,0.70717,-0.03345,0.19342,0.63958,-0.06216,0.18726,0.65628,-0.15779,0.21323,0.70119,-0.19658,0.00854,0.70812,-0.08404,0.00774,0.64817,-0.15034,0.08652,0.66413,-0.20513,0.11156,0.70686,-0.24688,0.11005,0.54708,-0.08475,0.10836,0.40867,-0.13643,0.11579,0.26078,-0.12623,0.12893,0.21074,-0.18973,0.05513,0.54005,-0.08874,0.07723,0.39465,-0.07447,0.10266,0.2563,-0.0271,0.10291,0.20407,-0.09019
14.4,0.07707,0.56825,-0.07194,0.07214,0.73084,-0.0535,0.08919,0.80739,-0.08239,0.14244,0.70606,-0.03793,0.19416,0.63939,-0.06746,0.18706,0.65845,-0.16258,0.20965,0.70956,-0.19534,0.00838,0.70769,-0.08811,0.0068,0.64912,-0.15563,0.08627,0.66718,-0.20875,0.10954,0.71684,-0.24322,0.10896,0.54625,-0.08915,0.10552,0.40805,-0.14132,0.11154,0.25991,-0.13457,0.1228,0.21081,-0.19916,0.05399,0.53927,-0.09256,0.07631,0.39392,-0.07821,0.10218,0.2561,-0.02956,0.10231,0.20353,-0.09238
14.42,0.07538,0.56693,-0.07552,0.07223,0.72962,-0.05766,0.08951,0.80618,-0.08638,0.14229,0.70415,-0.04214,0.19554,0.64014,-0.07469,0.18589,0.66707,-0.16766,0.20416,0.724,-0.19257,0.00815,0.70703,-0.09206,0.0051,0.65252,-0.16284,0.08497,0.67768,-0.21234,0.1057,0.73379,-0.23719,0.10718,0.5449,-0.09286,0.1024,0.40698,-0.14567,0.10754,0.25874,-0.14041,0.11641,0.20999,-0.20563,0.05219,0.53797,-0.09604,0.07487,0.39261,-0.08231,0.10132,0.25564,-0.03161,0.10142,0.2026,-0.09402
14.44,0.07341,0.56542,-0.07899,0.07233,0.72822,-0.06182,0.08993,0.8047,-0.09054,0.14209,0.70193,-0.0463,0.19708,0.64143,-0.08245,0.18418,0.67783,-0.17173,0.19785,0.73917,-0.18742,0.00793,0.70629,-0.09603,0.00315,0.65707,-0.1705,0.08311,0.69056,-0.21463,0.10071,0.75138,-0.22831,0.10516,0.54336,-0.09638,0.09919,0.40574,-0.14982,0.10367,0.25745,-0.14528,0.11004,0.20883,-0.21089,0.05016,0.53649,-0.09948,0.07323,0.39111,-0.08659,0.10028,0.25515,-0.03356,0.1004,0.20155,-0.0955
14.46,0.07157,0.56402,-0.08259,0.07243,0.72688,-0.06604,0.09034,0.80331,-0.09472,0.1419,0.69984,-0.05052,0.19843,0.64273,-0.08971,0.18243,0.68717,-0.17474,0.19128,0.75105,-0.18084,0.00772,0.70558,-0.10007,0.00133,0.66143,-0.17753,0.08123,0.70166,-0.21574,0.09575,0.76476,-0.2177,0.10326,0.54193,-0.10007,0.09604,0.40459,-0.15408,0.09975,0.25625,-0.15054,0.10371,0.20789,-0.21652,0.04824,0.53511,-0.10302,0.07168,0.38973,-0.09083,0.09926,0.25475,-0.03563,0.09941,0.20063,-0.09712
14.48,0.0697,0.56252,-0.08585,0.07249,0.72543,-0.07011,0.09063,0.80186,-0.09863,0.14167,0.69766,-0.05459,0.19996,0.64414,-0.09619,0.18063,0.69589,-0.17626,0.18419,0.76044,-0.17222,0.00747,0.70472,-0.1039,-0.00061,0.66557,-0.18386,0.07907,0.71169,-0.21525,0.09016,0.77462,-0.20466,0.10132,0.5404,-0.10341,0.0928,0.40344,-0.15819,0.09568,0.25506,-0.15591,0.09704,0.20704,-0.22225,0.04629,0.53362,-0.10622,0.07013,0.38824,-0.09489,0.09827,0.25428,-0.0375,0.09837,0.1997,-0.09857
14.5,0.06783,0.5612,-0.0898,0.07263,0.72411,-0.07451,0.09116,0.80041,-0.10313,0.14148,0.69554,-0.05897,0.20102,0.64589,-0.10349,0.17835,0.7048,-0.1775,0.17731,0.76808,-0.16371,0.00733,0.7041,-0.10819,-0.00237,0.6708,-0.19058,0.07682,0.72207,-0.21428,0.08474,0.7825,-0.19236,0.09939,0.53905,-0.10743,0.0897,0.40229,-0.16252,0.09192,0.25389,-0.16077,0.09105,0.20606,-0.22726,0.04435,0.53233,-0.11012,0.06849,0.38696,-0.09938,0.09712,0.25406,-0.03981,0.09733,0.19889,-0.10035
14.52,0.06604,0.56045,-0.09572,0.073,0.72323,-0.07982,0.09235,0.79901,-0.10927,0.14142,0.69367,-0.06423,0.2009,0.64864,-0.11349,0.17518,0.7152,-0.17961,0.17161,0.77585,-0.15716,0.00751,0.70423,-0.11373,-0.00355,0.67887,-0.19873,0.07478,0.73456,-0.21372,0.08049,0.79165,-0.18364,0.09753,0.53825,-0.11341,0.08699,0.40116,-0.16753,0.08896,0.25278,-0.16445,0.0869,0.20476,-0.23077,0.04247,0.53163,-0.11599,0.06665,0.38629,-0.10494,0.0957,0.25443,-0.04329,0.09642,0.19841,-0.10305
14.54,0.06427,0.55992,-0.10234,0.07346,0.72249,-0.08549,0.09377,0.7976,-0.116,0.14141,0.69189,-0.06985,0.20036,0.6522,-0.12409,0.17169,0.72567,-0.18104,0.16644,0.78267,-0.15073,0.00783,0.7046,-0.11971,-0.00455,0.68797,-0.20666,0.07266,0.74688,-0.21226,0.07654,0.8001,-0.17554,0.09568,0.53765,-0.12009,0.08443,0.40006,-0.17277,0.08635,0.25174,-0.16767,0.08349,0.20334,-0.23369,0.0406,0.53115,-0.12258,0.06473,0.38584,-0.11095,0.09418,0.25506,-0.04724,0.09557,0.19809,-0.10607
14.56,0.06249,0.5593,-0.10864,0.07387,0.72165,-0.09103,0.09504,0.79614,-0.12247,0.14136,0.69004,-0.07537,0.2,0.656,-0.13362,0.16833,0.73482,-0.18102,0.16119,0.78706,-0.1434,0.00808,0.70482,-0.12548,-0.00568,0.69649,-0.21341,0.07031,0.75709,-0.20947,0.07225,0.80539,-0.16635,0.09382,0.53697,-0.12646,0.08181,0.39899,-0.17791,0.08364,0.25073,-0.17111,0.07981,0.20203,-0.23685,0.03873,0.53058,-0.12884,0.06283,0.3853,-0.1168,0.09274,0.25565,-0.05103,0.09473,0.19778,-0.10896
14.58,0.0607,0.55862,-0.11493,0.07431,0.72071,-0.09652,0.09638,0.79448,-0.12902,0.14128,0.68807,-0.08075,0.19963,0.66068,-0.14269,0.1647,0.7438,-0.1792,0.15558,0.78966,-0.13438,0.00842,0.70497,-0.13131,-0.00675,0.70552,-0.2194,0.06772,0.7664,-0.2049,0.06747,0.80853,-0.1557,0.09196,0.53622,-0.13278,0.07912,0.39784,-0.18297,0.08078,0.24967,-0.17446,0.07589,0.20076,-0.23999,0.03685,0.52995,-0.13511,0.06098,0.38473,-0.12243,0.09132,0.25617,-0.05474,0.09396,0.19753,-0.11186
14.6,0.05894,0.55813,-0.12142,0.07472,0.71993,-0.10223,0.09758,0.79306,-0.1356,0.14123,0.68632,-0.08657,0.19914,0.6648,-0.15118,0.16144,0.75034,-0.17808,0.15102,0.79029,-0.12817,0.00866,0.70525,-0.13714,-0.00798,0.71324,-0.22461,0.06514,0.77306,-0.20142,0.06343,0.8095,-0.1479,0.09011,0.53568,-0.13936,0.07663,0.3969,-0.18825,0.07834,0.24885,-0.1779,0.07269,0.1995,-0.24303,0.03499,0.5295,-0.14153,0.05902,0.38428,-0.12865,0.08987,0.257,-0.0588,0.09311,0.19738,-0.11487
14.62,0.05729,0.55815,-0.12837,0.07503,0.71967,-0.10854,0.09841,0.7925,-0.14221,0.14128,0.68524,-0.09356,0.19858,0.66639,-0.15954,0.15968,0.75284,-0.18132,0.14923,0.79056,-0.12971,0.00853,0.70589,-0.14299,-0.00938,0.71788,-0.22974,0.06334,0.77659,-0.2028,0.06198,0.81025,-0.14747,0.08833,0.53572,-0.14657,0.07463,0.39652,-0.19418,0.07701,0.24863,-0.18178,0.07136,0.19817,-0.24605,0.03319,0.5295,-0.14828,0.05688,0.38414,-0.13637,0.08846,0.25862,-0.06372,0.09216,0.19745,-0.11807
14.64,0.05568,0.55836,-0.13547,0.07532,0.71959,-0.11507,0.09911,0.79222,-0.14888,0.14137,0.68441,-0.10101,0.1979,0.66696,-0.16803,0.15845,0.75396,-0.18636,0.14847,0.79097,-0.13414,0.0083,0.70667,-0.14884,-0.01085,0.72135,-0.23491,0.06188,0.77913,-0.20604,0.06155,0.81124,-0.14979,0.08656,0.53598,-0.15399,0.07284,0.39635,-0.20033,0.07614,0.24868,-0.18577,0.07081,0.1969,-0.24901,0.03142,0.52968,-0.15513,0.0546,0.38412,-0.14466,0.08702,0.26061,-0.06901,0.09117,0.19774,-0.12136
14.66,0.05407,0.55846,-0.14245,0.07566,0.71937,-0.12153,0.09988,0.79175,-0.15559,0.14147,0.68342,-0.10829,0.19723,0.66793,-0.17641,0.15705,0.75538,-0.19054,0.14735,0.79095,-0.13728,0.00817,0.70734,-0.15468,-0.01226,0.72514,-0.23987,0.06037,0.78167,-0.20837,0.06079,0.81163,-0.15095,0.0848,0.53611,-0.16124,0.07101,0.39608,-0.20634,0.07515,0.24865,-0.18968,0.07003,0.19571,-0.25197,0.02966,0.52976,-0.16188,0.05234,0.38404,-0.15272,0.08561,0.26254,-0.07423,0.09028,0.19814,-0.12462
14.68,0.0524,0.55865,-0.14972,0.07591,0.71921,-0.1282,0.10063,0.79131,-0.16249,0.14145,0.68249,-0.11574,0.19675,0.66921,-0.18471,0.15595,0.75696,-0.1945,0.14632,0.79107,-0.14028,0.008,0.70807,-0.16079,-0.01335,0.7294,-0.24493,0.05914,0.78435,-0.21046,0.06032,0.81196,-0.15188,0.08299,0.53636,-0.16882,0.06914,0.39589,-0.21252,0.07426,0.24874,-0.19381,0.06938,0.19452,-0.25501,0.02785,0.5299,-0.1689,0.05017,0.38407,-0.16064,0.08453,0.26465,-0.07948,0.08969,0.19881,-0.12794
14.7,0.05084,0.55871,-0.15639,0.07636,0.71893,-0.13459,0.10136,0.7908,-0.16915,0.14163,0.68145,-0.12304,0.19584,0.6696,-0.19313,0.15456,0.75747,-0.19924,0.14549,0.79045,-0.14423,0.00794,0.70864,-0.1664,-0.01495,0.73224,-0.24953,0.05766,0.78592,-0.21336,0.05978,0.81176,-0.154,0.08126,0.53641,-0.17576,0.06743,0.39561,-0.21838,0.07341,0.24878,-0.19756,0.06886,0.19356,-0.25789,0.02612,0.52996,-0.17537,0.04767,0.38392,-0.16892,0.08286,0.26674,-0.0849,0.08866,0.19945,-0.13124
14.72,0.04959,0.55836,-0.16142,0.07735,0.71827,-0.14009,0.10209,0.79006,-0.175,0.14238,0.68004,-0.12972,0.19368,0.66779,-0.2019,0.15212,0.75566,-0.2056,0.14491,0.78808,-0.14999,0.00825,0.70878,-0.17065,-0.01808,0.73155,-0.25299,0.05524,0.78509,-0.21807,0.05874,0.81049,-0.15859,0.0798,0.53588,-0.18089,0.06613,0.39499,-0.22326,0.07247,0.24851,-0.2002,0.06825,0.19306,-0.26034,0.02463,0.52976,-0.18031,0.04443,0.38335,-0.17815,0.07958,0.2688,-0.09056,0.08659,0.19985,-0.13422
14.74,0.04843,0.55788,-0.16584,0.0785,0.71747,-0.14525,0.10278,0.78924,-0.18052,0.14328,0.67848,-0.1362,0.1909,0.66518,-0.21068,0.14924,0.75306,-0.21242,0.14442,0.78515,-0.15636,0.00868,0.70877,-0.17436,-0.02179,0.7297,-0.25576,0.05248,0.78344,-0.22324,0.05763,0.80886,-0.16389,0.07842,0.53516,-0.18538,0.06495,0.39426,-0.22779,0.07143,0.24816,-0.20242,0.06756,0.19273,-0.2626,0.0232,0.52949,-0.18467,0.04079,0.38281,-0.18768,0.07558,0.27106,-0.09641,0.08381,0.2005,-0.13718
14.76,0.04721,0.55747,-0.17053,0.07954,0.7167,-0.15055,0.10345,0.78843,-0.18616,0.14403,0.67696,-0.14278,0.18818,0.66304,-0.21925,0.14651,0.75094,-0.21868,0.1439,0.78249,-0.16217,0.00906,0.70882,-0.17828,-0.02516,0.7286,-0.25845,0.04998,0.78222,-0.22778,0.05672,0.80732,-0.16845,0.07697,0.53452,-0.19015,0.06365,0.39358,-0.23247,0.07036,0.24791,-0.20481,0.06684,0.19238,-0.26492,0.02171,0.52926,-0.18928,0.03716,0.38251,-0.19698,0.07178,0.27358,-0.1023,0.08102,0.20159,-0.14026
14.78,0.04606,0.55704,-0.17527,0.08069,0.71587,-0.15599,0.10426,0.78763,-0.19177,0.14483,0.67535,-0.1494,0.18538,0.66067,-0.22771,0.14396,0.74864,-0.22481,0.14362,0.77968,-0.16796,0.00961,0.70884,-0.18238,-0.02849,0.72744,-0.26108,0.04764,0.78077,-0.23241,0.0562,0.80545,-0.17314,0.07564,0.53388,-0.19493,0.0626,0.3929,-0.23718,0.06936,0.24768,-0.20726,0.06618,0.19207,-0.26731,0.02035,0.52901,-0.19398,0.03393,0.38242,-0.20662,0.06832,0.27678,-0.1082,0.07922,0.20337,-0.14284
14.8,0.0448,0.55662,-0.17975,0.08162,0.71502,-0.16109,0.10474,0.78672,-0.19729,0.14543,0.67378,-0.15592,0.18221,0.65874,-0.23599,0.14097,0.74668,-0.23061,0.143,0.77701,-0.17341,0.00992,0.70882,-0.18596,-0.03185,0.72654,-0.26299,0.04517,0.77961,-0.23625,0.05534,0.80386,-0.17705,0.07408,0.53322,-0.19955,0.06106,0.3922,-0.24172,0.0681,0.24749,-0.20948,0.06527,0.19181,-0.26948,0.01876,0.52879,-0.19832,0.02968,0.38244,-0.21553,0.06401,0.27942,-0.11435,0.07514,0.20492,-0.14651
14.82,0.04322,0.55616,-0.18367,0.08198,0.71415,-0.16541,0.10432,0.78547,-0.20283,0.14553,0.67232,-0.16218,0.17837,0.65817,-0.24411,0.13674,0.74568,-0.23569,0.14125,0.77473,-0.17797,0.00956,0.7087,-0.18831,-0.03518,0.72624,-0.26368,0.0422,0.77941,-0.23825,0.05315,0.80328,-0.17904,0.07192,0.53242,-0.20392,0.05811,0.39143,-0.24589,0.06632,0.24734,-0.21122,0.06389,0.19154,-0.27112,0.01657,0.52863,-0.20182,0.02258,0.38243,-0.22234,0.05763,0.28008,-0.12072,0.06528,0.2051,-0.15279
14.84,0.04152,0.55572,-0.18733,0.0821,0.71329,-0.16945,0.10346,0.78413,-0.20833,0.14537,0.67094,-0.16837,0.17418,0.65807,-0.25202,0.13206,0.74498,-0.2404,0.13912,0.77257,-0.18222,0.00898,0.70853,-0.19016,-0.03848,0.72608,-0.26385,0.03912,0.77948,-0.23959,0.05058,0.803,-0.18034,0.06951,0.53161,-0.20813,0.05466,0.39064,-0.24983,0.06443,0.24725,-0.21274,0.06241,0.19133,-0.27256,0.01418,0.52851,-0.20493,0.01442,0.38258,-0.22812,0.05054,0.28003,-0.12708,0.05328,0.20497,-0.15974
14.86,0.03987,0.5553,-0.19108,0.08227,0.71245,-0.17369,0.10263,0.78288,-0.21382,0.14519,0.66958,-0.17467,0.16995,0.65783,-0.25976,0.12764,0.74415,-0.24497,0.13726,0.77036,-0.18652,0.00852,0.70839,-0.19225,-0.04167,0.72589,-0.26412,0.03626,0.77938,-0.24113,0.04845,0.80247,-0.18185,0.06718,0.53085,-0.21238,0.05143,0.38988,-0.25375,0.06269,0.24723,-0.21434,0.06107,0.19122,-0.27409,0.01188,0.52841,-0.20815,0.00669,0.38302,-0.23396,0.04392,0.28049,-0.13331,0.04234,0.2054,-0.16601
14.88,0.03825,0.55473,-0.19492,0.08265,0.71139,-0.17807,0.10195,0.78134,-0.21954,0.1451,0.66792,-0.18101,0.16558,0.65767,-0.26742,0.12315,0.74326,-0.24907,0.1354,0.76779,-0.19039,0.00838,0.70812,-0.19456,-0.04457,0.72563,-0.26443,0.03359,0.77921,-0.24245,0.04632,0.80182,-0.1831,0.0649,0.52991,-0.21663,0.04815,0.38902,-0.25788,0.06113,0.2472,-0.21608,0.05999,0.19114,-0.27579,0.00965,0.52819,-0.2115,-0.00142,0.3836,-0.23988,0.03744,0.28176,-0.13914,0.03192,0.20675,-0.17156
14.9,0.03652,0.55449,-0.19854,0.08249,0.71076,-0.18226,0.10061,0.78037,-0.22481,0.14452,0.66689,-0.18738,0.16111,0.65759,-0.27473,0.11884,0.74257,-0.25342,0.13363,0.76587,-0.19482,0.00772,0.70807,-0.19644,-0.04766,0.72559,-0.26439,0.0309,0.77915,-0.24387,0.04456,0.80125,-0.18453,0.06242,0.52937,-0.2208,0.04485,0.38839,-0.26141,0.05943,0.24734,-0.21755,0.05861,0.19121,-0.27718,0.00728,0.52823,-0.21445,-0.00914,0.38453,-0.24467,0.03076,0.28173,-0.14533,0.02029,0.20719,-0.17765
14.92,0.03453,0.55515,-0.20169,0.081,0.71132,-0.18595,0.09783,0.78104,-0.22885,0.14281,0.66756,-0.19391,0.15667,0.65746,-0.28164,0.11492,0.7424,-0.2592,0.13196,0.76582,-0.20126,0.00573,0.70868,-0.19715,-0.05144,0.72607,-0.26363,0.02795,0.7794,-0.24589,0.0436,0.80102,-0.18687,0.05947,0.52991,-0.22491,0.04169,0.38839,-0.26348,0.05731,0.24787,-0.21833,0.05639,0.1915,-0.27776,0.00461,0.529,-0.21646,-0.01548,0.38586,-0.24713,0.02285,0.278,-0.15265,0.00466,0.20507,-0.18521
14.94,0.03242,0.55613,-0.20464,0.07903,0.71231,-0.18937,0.09455,0.78228,-0.23237,0.14058,0.66885,-0.20038,0.15217,0.65733,-0.28827,0.11098,0.74243,-0.26539,0.1301,0.76648,-0.20837,0.00335,0.7095,-0.19737,-0.05533,0.72673,-0.26257,0.02492,0.77975,-0.24806,0.04289,0.80091,-0.18954,0.05627,0.53085,-0.22891,0.03867,0.38866,-0.26501,0.05523,0.24854,-0.21894,0.05412,0.19193,-0.27812,0.00183,0.53003,-0.21808,-0.02131,0.3873,-0.24848,0.01407,0.27332,-0.16023,-0.01265,0.20305,-0.19275
14.96,0.03033,0.55696,-0.20764,0.07729,0.71308,-0.19287,0.09153,0.78321,-0.23603,0.1384,0.66983,-0.20677,0.14755,0.65722,-0.2948,0.10688,0.74237,-0.2712,0.12806,0.76683,-0.21508,0.00136,0.7102,-0.19782,-0.0589,0.72728,-0.26161,0.02202,0.78003,-0.25011,0.04211,0.80072,-0.19211,0.05312,0.5316,-0.23285,0.03574,0.38884,-0.26677,0.05346,0.24919,-0.21974,0.05225,0.19237,-0.27872,-0.00084,0.53093,-0.21982,-0.02732,0.3887,-0.24988,0.0051,0.26976,-0.16722,-0.02932,0.20259,-0.19903
14.98,0.02838,0.55782,-0.21076,0.07576,0.71386,-0.19651,0.08872,0.78417,-0.2398,0.13626,0.67085,-0.21348,0.14294,0.65708,-0.30156,0.10271,0.74222,-0.27716,0.12597,0.76703,-0.22203,-0.00031,0.71091,-0.19817,-0.06212,0.7279,-0.26048,0.01946,0.78021,-0.25216,0.0418,0.8003,-0.19477,0.04998,0.53238,-0.23692,0.03294,0.38908,-0.26866,0.05203,0.24992,-0.2207,0.05075,0.19293,-0.27952,-0.00336,0.53187,-0.22155,-0.03336,0.39026,-0.25124,-0.00469,0.26671,-0.17415,-0.04716,0.2036,-0.20453
15,0.0261,0.55868,-0.21359,0.07378,0.71467,-0.1998,0.08553,0.78517,-0.24313,0.13365,0.67191,-0.21942,0.13811,0.65701,-0.30745,0.09838,0.74225,-0.2826,0.12349,0.76766,-0.22856,-0.0023,0.71162,-0.1986,-0.06551,0.72841,-0.25954,0.01645,0.78052,-0.25421,0.04079,0.80023,-0.19751,0.04664,0.5332,-0.24054,0.03024,0.38938,-0.27022,0.05057,0.25062,-0.22163,0.04927,0.19349,-0.2803,-0.00608,0.53278,-0.22315,-0.039,0.39161,-0.25175,-0.01406,0.2639,-0.18034,-0.06293,0.20476,-0.20904
15.02,0.02295,0.5595,-0.2157,0.07063,0.71552,-0.20223,0.08129,0.78623,-0.24549,0.13013,0.67296,-0.22337,0.13283,0.65715,-0.31132,0.09382,0.7428,-0.28673,0.12034,0.76929,-0.2339,-0.0054,0.71231,-0.19937,-0.06979,0.7287,-0.25917,0.01201,0.78127,-0.25621,0.03772,0.80124,-0.20021,0.0429,0.53403,-0.24309,0.02759,0.38973,-0.27096,0.04853,0.25112,-0.2222,0.04727,0.19387,-0.28077,-0.00942,0.53359,-0.22455,-0.04383,0.3923,-0.25074,-0.02161,0.26088,-0.18542,-0.07333,0.20368,-0.21304
15.04,0.01945,0.56032,-0.21751,0.06699,0.7164,-0.2043,0.07664,0.78734,-0.24742,0.12624,0.67405,-0.22655,0.12741,0.65735,-0.31436,0.08916,0.74352,-0.29042,0.11687,0.77129,-0.23889,-0.00897,0.713,-0.20021,-0.07442,0.72887,-0.259,0.00695,0.78216,-0.2582,0.03378,0.80264,-0.20292,0.039,0.53488,-0.24523,0.02496,0.39014,-0.27139,0.04631,0.25157,-0.22268,0.04514,0.19423,-0.28116,-0.01302,0.53436,-0.22585,-0.04824,0.39277,-0.24917,-0.02878,0.25804,-0.19001,-0.08214,0.20201,-0.21687
15.06,0.01607,0.56112,-0.21944,0.06353,0.71725,-0.20651,0.07217,0.78842,-0.24946,0.12243,0.67512,-0.23002,0.12205,0.65748,-0.31766,0.08446,0.7441,-0.29429,0.11337,0.77306,-0.24408,-0.01234,0.71368,-0.20101,-0.07886,0.72902,-0.25873,0.0021,0.78292,-0.26017,0.03011,0.80384,-0.20564,0.03513,0.53572,-0.24752,0.02237,0.39056,-0.27201,0.04432,0.25207,-0.22333,0.04324,0.19466,-0.28174,-0.01652,0.53514,-0.2272,-0.05266,0.39336,-0.24784,-0.03663,0.25578,-0.1945,-0.09208,0.20132,-0.22032
15.08,0.01284,0.56197,-0.22143,0.06027,0.71813,-0.20879,0.0678,0.78951,-0.25162,0.11877,0.6762,-0.23365,0.11664,0.65778,-0.3211,0.07976,0.7448,-0.29811,0.10996,0.77484,-0.24931,-0.01546,0.7144,-0.20181,-0.08308,0.72945,-0.25831,-0.00252,0.78384,-0.26199,0.02678,0.80505,-0.20825,0.03137,0.53659,-0.24989,0.01995,0.39105,-0.27269,0.04251,0.25264,-0.22408,0.04153,0.19517,-0.28244,-0.01988,0.53596,-0.22855,-0.05707,0.39407,-0.24633,-0.0454,0.25377,-0.19934,-0.10311,0.20104,-0.2238
15.1,0.00923,0.56272,-0.22322,0.0565,0.71895,-0.21078,0.06318,0.79057,-0.25334,0.11469,0.67724,-0.23672,0.11132,0.65774,-0.32389,0.07495,0.74522,-0.30184,0.10604,0.77655,-0.25444,-0.01911,0.71501,-0.20261,-0.08768,0.72924,-0.25817,-0.00779,0.78442,-0.264,0.02243,0.80629,-0.21104,0.02735,0.53738,-0.25198,0.01735,0.39151,-0.27327,0.04057,0.25314,-0.22486,0.03974,0.19564,-0.28319,-0.02356,0.53667,-0.22985,-0.06112,0.39457,-0.24499,-0.05319,0.2525,-0.20276,-0.11243,0.20109,-0.22637
15.12,0.00464,0.5632,-0.22458,0.0514,0.71958,-0.21208,0.05791,0.79152,-0.25412,0.10959,0.67815,-0.23845,0.10631,0.65677,-0.32519,0.07002,0.74483,-0.30543,0.10107,0.77803,-0.25928,-0.02414,0.71534,-0.20347,-0.09333,0.72728,-0.2588,-0.01467,0.78398,-0.26655,0.01552,0.80743,-0.21426,0.02269,0.53792,-0.25343,0.01415,0.39179,-0.27356,0.0381,0.25341,-0.22552,0.03752,0.1959,-0.28384,-0.02812,0.53709,-0.23109,-0.06452,0.3945,-0.24431,-0.05737,0.25213,-0.20296,-0.11648,0.20092,-0.22729
15.14,-0.00029,0.56358,-0.22573,0.0458,0.72014,-0.2131,0.05239,0.79244,-0.2545,0.10413,0.679,-0.23965,0.10144,0.65548,-0.32585,0.06505,0.74409,-0.30893,0.09568,0.77934,-0.26404,-0.0297,0.71555,-0.20433,-0.09935,0.72464,-0.25963,-0.0222,0.78309,-0.2693,0.00759,0.80847,-0.21769,0.01782,0.53836,-0.25461,0.01074,0.39201,-0.2737,0.03541,0.25361,-0.2261,0.03511,0.19609,-0.28441,-0.033,0.5374,-0.23228,-0.06765,0.39423,-0.24383,-0.0601,0.25202,-0.20202,-0.11843,0.20054,-0.22767
15.16,-0.00504,0.56401,-0.22695,0.04045,0.72074,-0.21421,0.04701,0.79338,-0.25502,0.09884,0.6799,-0.24107,0.09656,0.65437,-0.32671,0.06009,0.74341,-0.31243,0.09042,0.78057,-0.2689,-0.035,0.71582,-0.20516,-0.10514,0.72227,-0.26021,-0.02949,0.7823,-0.27192,5e-05,0.80945,-0.22107,0.01307,0.53885,-0.25588,0.00746,0.39231,-0.27389,0.03285,0.25389,-0.22671,0.0328,0.19636,-0.28502,-0.0377,0.53777,-0.23346,-0.07086,0.39412,-0.24322,-0.06345,0.25183,-0.20163,-0.12128,0.20031,-0.2283
15.18,-0.00994,0.56441,-0.22829,0.035,0.72129,-0.21539,0.0415,0.79423,-0.25567,0.09345,0.68072,-0.24251,0.0917,0.65332,-0.32759,0.05524,0.74274,-0.31584,0.08524,0.78165,-0.27363,-0.0404,0.71606,-0.20611,-0.11094,0.71991,-0.2609,-0.03681,0.78142,-0.27445,-0.00766,0.81021,-0.22428,0.00817,0.53932,-0.25728,0.00409,0.39259,-0.27417,0.03023,0.25417,-0.22741,0.03047,0.19662,-0.28569,-0.04256,0.53811,-0.23477,-0.07418,0.39399,-0.24271,-0.06681,0.25171,-0.20112,-0.12401,0.20009,-0.22892
15.2,-0.01457,0.56484,-0.22932,0.02966,0.72192,-0.21638,0.03623,0.79524,-0.25595,0.0882,0.68167,-0.24379,0.08697,0.65215,-0.32816,0.05019,0.74177,-0.31929,0.07976,0.78264,-0.27867,-0.04568,0.71632,-0.20681,-0.11663,0.71732,-0.26119,-0.04426,0.78035,-0.27708,-0.01542,0.81105,-0.22787,0.00356,0.53982,-0.25834,0.00087,0.39294,-0.27424,0.02773,0.25451,-0.22793,0.02817,0.19699,-0.28625,-0.04715,0.53849,-0.23578,-0.07717,0.39395,-0.24206,-0.06974,0.25162,-0.20062,-0.12638,0.19993,-0.22941
15.22,-0.01853,0.56545,-0.22954,0.02464,0.72285,-0.21692,0.03158,0.79678,-0.2553,0.08327,0.68304,-0.24477,0.08234,0.65065,-0.32809,0.04441,0.74008,-0.32302,0.07336,0.78354,-0.28471,-0.05058,0.7167,-0.20679,-0.12212,0.7143,-0.26035,-0.05214,0.77895,-0.28,-0.02324,0.81223,-0.23253,-0.00037,0.54047,-0.25859,-0.00189,0.39351,-0.2738,0.02546,0.255,-0.22801,0.02607,0.19769,-0.28653,-0.05107,0.53906,-0.23601,-0.07948,0.39414,-0.24096,-0.07197,0.25154,-0.20049,-0.12848,0.19995,-0.22971
15.24,-0.02217,0.56611,-0.22944,0.01977,0.72388,-0.2173,0.0272,0.79845,-0.2543,0.0785,0.68453,-0.2456,0.07794,0.64908,-0.32766,0.03845,0.73797,-0.32669,0.0666,0.78413,-0.29102,-0.05531,0.7171,-0.20653,-0.12739,0.71109,-0.25906,-0.06014,0.77719,-0.28293,-0.03119,0.81324,-0.23757,-0.00398,0.54117,-0.2585,-0.00448,0.39414,-0.27317,0.02333,0.25554,-0.22792,0.02398,0.1985,-0.2867,-0.05468,0.53968,-0.23594,-0.08146,0.39441,-0.23971,-0.07384,0.25149,-0.20039,-0.13035,0.20005,-0.22988
15.26,-0.02585,0.56673,-0.22946,0.0149,0.72484,-0.21774,0.02277,0.79999,-0.25345,0.07373,0.68595,-0.24647,0.07369,0.64765,-0.32724,0.03272,0.73583,-0.33012,0.05997,0.78441,-0.29707,-0.06004,0.71746,-0.2064,-0.13252,0.70796,-0.25784,-0.068,0.77522,-0.28567,-0.03921,0.81386,-0.24238,-0.00763,0.54183,-0.25854,-0.00713,0.39474,-0.2726,0.0212,0.25607,-0.2279,0.02183,0.19927,-0.28691,-0.05833,0.54025,-0.23597,-0.08351,0.39468,-0.23851,-0.07582,0.25148,-0.20023,-0.13228,0.20017,-0.23003
15.28,-0.02999,0.5674,-0.22958,0.00968,0.72581,-0.21818,0.01803,0.80152,-0.25258,0.06854,0.68737,-0.24745,0.06904,0.64616,-0.32678,0.02658,0.7334,-0.33374,0.0529,0.78431,-0.30357,-0.06509,0.71787,-0.20617,-0.13795,0.70477,-0.25627,-0.07655,0.77305,-0.28836,-0.04794,0.81423,-0.24735,-0.01173,0.54254,-0.25867,-0.00989,0.39541,-0.27209,0.01881,0.25665,-0.2279,0.01991,0.20012,-0.28717,-0.06242,0.54089,-0.23611,-0.08587,0.39501,-0.23732,-0.07806,0.25154,-0.20011,-0.13447,0.20036,-0.23022
15.3,-0.03309,0.56796,-0.22942,0.00526,0.72674,-0.21861,0.01404,0.80298,-0.25171,0.06426,0.68876,-0.24819,0.06552,0.64496,-0.32611,0.02137,0.73101,-0.33658,0.04648,0.78401,-0.30909,-0.06936,0.71816,-0.20608,-0.14237,0.70167,-0.25496,-0.08374,0.77054,-0.29076,-0.0556,0.81412,-0.25197,-0.01481,0.54314,-0.25853,-0.01234,0.39597,-0.27142,0.01702,0.25717,-0.22781,0.01753,0.20084,-0.28728,-0.0655,0.54142,-0.23595,-0.08748,0.3953,-0.23606,-0.07972,0.25157,-0.19987,-0.13615,0.20055,-0.23024
15.32,-0.03348,0.56821,-0.22861,0.00287,0.72753,-0.21905,0.01194,0.80428,-0.25088,0.0624,0.69005,-0.24821,0.06499,0.64448,-0.32507,0.0188,0.72918,-0.33751,0.04197,0.78398,-0.31193,-0.07166,0.71814,-0.20658,-0.14431,0.69877,-0.25494,-0.08699,0.76767,-0.29275,-0.05995,0.81341,-0.2557,-0.01518,0.54341,-0.25772,-0.01413,0.39619,-0.27037,0.01678,0.25746,-0.22762,0.01355,0.20118,-0.28705,-0.06587,0.54165,-0.23516,-0.08707,0.39542,-0.23463,-0.07993,0.25142,-0.19938,-0.13644,0.20062,-0.22993
15.34,-0.03283,0.56835,-0.22753,0.0013,0.72824,-0.2195,0.01053,0.80548,-0.25006,0.06144,0.69128,-0.24803,0.06547,0.64421,-0.32393,0.01716,0.7275,-0.33778,0.03818,0.78389,-0.31385,-0.07315,0.71795,-0.20721,-0.14528,0.69594,-0.2552,-0.08876,0.76466,-0.2945,-0.063,0.8124,-0.2591,-0.01453,0.54355,-0.25664,-0.0156,0.39632,-0.26915,0.01712,0.25764,-0.2276,0.00911,0.20143,-0.28664,-0.06522,0.54178,-0.23407,-0.08592,0.39548,-0.23314,-0.07955,0.25122,-0.1988,-0.13619,0.20065,-0.22951
15.36,-0.03261,0.56852,-0.22653,-0.00059,0.72892,-0.21996,0.00878,0.80664,-0.24924,0.06009,0.69247,-0.24805,0.06543,0.64384,-0.32287,0.01511,0.72564,-0.33831,0.03407,0.7835,-0.3162,-0.07491,0.71778,-0.20771,-0.14658,0.69305,-0.25508,-0.09111,0.76159,-0.29615,-0.06655,0.81126,-0.2626,-0.01433,0.54373,-0.25567,-0.01711,0.39652,-0.26797,0.01717,0.25782,-0.22774,0.00502,0.20177,-0.28622,-0.06499,0.54194,-0.23305,-0.08511,0.39557,-0.23169,-0.07941,0.25107,-0.19828,-0.13615,0.2007,-0.22914
15.38,-0.03253,0.56873,-0.22565,-0.00274,0.7296,-0.22038,0.00688,0.80778,-0.24834,0.0586,0.69374,-0.24776,0.06573,0.64371,-0.3215,0.01332,0.72384,-0.33867,0.02982,0.78314,-0.3185,-0.07698,0.71755,-0.20847,-0.14789,0.69009,-0.25547,-0.09331,0.75844,-0.29803,-0.07024,0.80996,-0.26626,-0.01416,0.54395,-0.25474,-0.019,0.39677,-0.26691,0.01701,0.25805,-0.22831,0.00019,0.2023,-0.2859,-0.06489,0.54214,-0.23226,-0.08421,0.39567,-0.23016,-0.07931,0.25091,-0.19774,-0.13618,0.2008,-0.22879
15.4,-0.03194,0.56885,-0.22449,-0.00417,0.73013,-0.22094,0.00533,0.80877,-0.2476,0.05754,0.69477,-0.24813,0.06558,0.64321,-0.32072,0.01134,0.72184,-0.33909,0.02602,0.78218,-0.32067,-0.07822,0.71727,-0.20869,-0.14879,0.68728,-0.25465,-0.09528,0.75525,-0.29914,-0.07323,0.80842,-0.26943,-0.01369,0.54408,-0.25367,-0.02005,0.39694,-0.26556,0.01722,0.2581,-0.22862,-0.0033,0.20258,-0.28523,-0.06432,0.54225,-0.23095,-0.08336,0.39574,-0.2288,-0.07897,0.25077,-0.19725,-0.13591,0.20083,-0.22842
15.42,-0.03019,0.56871,-0.22256,-0.00394,0.73029,-0.22179,0.00466,0.80946,-0.24714,0.05733,0.69517,-0.25028,0.06399,0.64151,-0.32147,0.00846,0.71927,-0.3397,0.0231,0.77995,-0.32242,-0.07748,0.71687,-0.20729,-0.14886,0.68476,-0.25048,-0.09725,0.752,-0.2982,-0.07499,0.80649,-0.27118,-0.01261,0.54398,-0.25218,-0.01879,0.39678,-0.26342,0.01854,0.25768,-0.22753,-0.00285,0.20197,-0.28363,-0.06268,0.54207,-0.22827,-0.0828,0.39569,-0.22791,-0.07817,0.25064,-0.19678,-0.13508,0.20064,-0.2279
15.44,-0.02799,0.56849,-0.22037,-0.00319,0.73028,-0.22268,0.00427,0.80998,-0.24671,0.05729,0.69532,-0.25297,0.06183,0.63939,-0.32256,0.00524,0.71653,-0.34015,0.0205,0.77732,-0.3238,-0.07602,0.71643,-0.20527,-0.14852,0.68244,-0.24503,-0.09918,0.74874,-0.29633,-0.07639,0.80438,-0.27223,-0.0113,0.54381,-0.25053,-0.0167,0.39652,-0.26101,0.02031,0.25712,-0.22598,-0.001,0.20107,-0.28178,-0.0606,0.54181,-0.22509,-0.08247,0.3957,-0.22709,-0.07744,0.25062,-0.19616,-0.13431,0.20049,-0.22717
15.46,-0.02602,0.56834,-0.21833,-0.00286,0.73031,-0.22344,0.00364,0.81048,-0.24615,0.05692,0.69552,-0.2553,0.05983,0.63747,-0.32321,0.00211,0.71386,-0.34037,0.01768,0.77485,-0.32507,-0.07494,0.71601,-0.20347,-0.14821,0.68014,-0.24001,-0.10114,0.74547,-0.29457,-0.07818,0.80219,-0.27333,-0.01014,0.54369,-0.24896,-0.01501,0.39634,-0.25876,0.02186,0.25667,-0.22469,0.00019,0.20036,-0.28009,-0.05872,0.54163,-0.22216,-0.08222,0.3958,-0.22612,-0.077,0.25068,-0.19542,-0.13386,0.20048,-0.22632
15.48,-0.02388,0.56807,-0.21616,-0.0027,0.7302,-0.22408,0.00318,0.81084,-0.24523,0.05637,0.69564,-0.25747,0.05802,0.63557,-0.32366,-0.00105,0.71109,-0.34009,0.01451,0.7723,-0.32571,-0.07391,0.71539,-0.20153,-0.1477,0.67742,-0.23476,-0.10318,0.74188,-0.29242,-0.08035,0.79964,-0.27405,-0.0088,0.54348,-0.24723,-0.01306,0.39608,-0.25648,0.02368,0.25612,-0.22346,0.00176,0.19953,-0.27848,-0.05663,0.54131,-0.21913,-0.08188,0.39584,-0.22499,-0.07663,0.2507,-0.19439,-0.13364,0.20052,-0.22506
15.5,-0.02201,0.56802,-0.21419,-0.0025,0.73021,-0.22471,0.0023,0.81122,-0.2447,0.05566,0.69574,-0.25975,0.05559,0.63356,-0.32398,-0.00435,0.70847,-0.34006,0.01187,0.76978,-0.32687,-0.07275,0.71509,-0.19952,-0.1472,0.67561,-0.22937,-0.1051,0.73881,-0.29016,-0.0822,0.79741,-0.27474,-0.00785,0.54345,-0.24571,-0.0114,0.39598,-0.25426,0.0251,0.25575,-0.22212,0.00299,0.19894,-0.27682,-0.05482,0.54123,-0.2162,-0.08209,0.39622,-0.22388,-0.07674,0.25106,-0.19336,-0.1337,0.20077,-0.22395
15.52,-0.0209,0.56859,-0.21279,-0.00197,0.73068,-0.22561,0.00029,0.81186,-0.24537,0.05487,0.69591,-0.26247,0.05164,0.63119,-0.32405,-0.00797,0.70613,-0.34114,0.01064,0.76718,-0.33009,-0.07121,0.71576,-0.19764,-0.14697,0.67628,-0.22395,-0.10676,0.73719,-0.28826,-0.08305,0.79624,-0.27619,-0.00791,0.54393,-0.24474,-0.01066,0.39638,-0.25215,0.02539,0.25594,-0.22045,0.00302,0.19908,-0.27499,-0.05383,0.54189,-0.21361,-0.08355,0.39745,-0.22299,-0.07771,0.25226,-0.19276,-0.13388,0.20136,-0.2238
15.54,-0.02012,0.56938,-0.21163,-0.00145,0.73131,-0.22659,-0.00229,0.81252,-0.24632,0.05386,0.69612,-0.26532,0.04715,0.62883,-0.32379,-0.01188,0.70383,-0.34252,0.00954,0.76437,-0.33406,-0.06958,0.71677,-0.19584,-0.14679,0.67786,-0.21854,-0.10846,0.73608,-0.28639,-0.0838,0.79535,-0.27782,-0.0084,0.54459,-0.24397,-0.01019,0.39697,-0.25011,0.02539,0.25634,-0.21872,0.0028,0.19949,-0.27319,-0.05315,0.54279,-0.21117,-0.08558,0.39905,-0.22203,-0.07915,0.25381,-0.19213,-0.13432,0.20222,-0.2238
15.56,-0.01927,0.57005,-0.21041,-0.0012,0.73185,-0.22748,-0.00484,0.81307,-0.24685,0.05262,0.69631,-0.26796,0.04301,0.6267,-0.32321,-0.01586,0.70144,-0.34348,0.00779,0.76145,-0.3375,-0.06811,0.71759,-0.19405,-0.14646,0.67902,-0.21319,-0.11033,0.73469,-0.2843,-0.08506,0.79411,-0.27917,-0.00877,0.54517,-0.24309,-0.00954,0.39749,-0.24811,0.02567,0.25666,-0.21718,0.00289,0.19981,-0.27157,-0.05233,0.54357,-0.20872,-0.08749,0.40057,-0.22081,-0.08064,0.2553,-0.19115,-0.13501,0.20319,-0.22336
15.58,-0.01805,0.57076,-0.20897,-0.00073,0.73237,-0.22849,-0.00721,0.81359,-0.24707,0.05142,0.69638,-0.27072,0.03906,0.62423,-0.32203,-0.0198,0.69848,-0.34403,0.0061,0.75776,-0.34083,-0.06624,0.71847,-0.19224,-0.14561,0.68022,-0.20732,-0.11208,0.73297,-0.28185,-0.08655,0.79249,-0.2806,-0.00886,0.54576,-0.24195,-0.00861,0.39806,-0.24603,0.02635,0.25705,-0.21565,0.00339,0.20024,-0.27002,-0.05111,0.54439,-0.20597,-0.0894,0.40232,-0.21942,-0.08202,0.25702,-0.19001,-0.13525,0.20417,-0.22291
15.6,-0.01768,0.57145,-0.20805,-0.00108,0.73293,-0.22918,-0.01032,0.81398,-0.24735,0.04956,0.69668,-0.27298,0.03489,0.62277,-0.32107,-0.02418,0.69632,-0.34481,0.00334,0.75495,-0.34405,-0.06528,0.71927,-0.19057,-0.14545,0.68154,-0.20247,-0.11432,0.73188,-0.27967,-0.08841,0.79122,-0.28152,-0.00968,0.54635,-0.24126,-0.00814,0.39863,-0.24422,0.0265,0.25742,-0.2144,0.00341,0.20063,-0.26872,-0.0507,0.54518,-0.20387,-0.09161,0.40388,-0.2178,-0.08404,0.25858,-0.18851,-0.13682,0.20554,-0.22182
15.62,-0.01953,0.5721,-0.20858,-0.00325,0.73369,-0.22905,-0.01513,0.81414,-0.24834,0.0465,0.69768,-0.27406,0.02994,0.62386,-0.32169,-0.02935,0.69676,-0.34685,-0.00149,0.75523,-0.34747,-0.06668,0.71983,-0.18927,-0.14738,0.68306,-0.20059,-0.11757,0.73266,-0.27879,-0.09037,0.79138,-0.28152,-0.01235,0.54692,-0.24193,-0.00888,0.39921,-0.24314,0.02514,0.25775,-0.21382,0.00203,0.20085,-0.26801,-0.05248,0.54589,-0.20359,-0.09424,0.4047,-0.2161,-0.08736,0.25941,-0.18657,-0.14153,0.20761,-0.21961
15.64,-0.02224,0.5727,-0.20961,-0.00604,0.73448,-0.22862,-0.02054,0.8141,-0.24951,0.04303,0.69889,-0.27471,0.02467,0.62583,-0.32283,-0.03484,0.69808,-0.34928,-0.00704,0.75656,-0.35094,-0.06892,0.72028,-0.18809,-0.1501,0.68469,-0.19972,-0.12118,0.73412,-0.27835,-0.0923,0.79203,-0.28124,-0.01574,0.54748,-0.24306,-0.01006,0.39983,-0.24236,0.02333,0.2581,-0.21359,0.00025,0.20106,-0.26766,-0.05512,0.54654,-0.20395,-0.097,0.40523,-0.21438,-0.09108,0.25996,-0.18453,-0.14727,0.20994,-0.21692
15.66,-0.02459,0.57328,-0.21039,-0.00851,0.7352,-0.22832,-0.02565,0.81396,-0.25037,0.03973,0.69994,-0.27551,0.01957,0.62731,-0.32358,-0.04024,0.69883,-0.35133,-0.01234,0.75722,-0.35423,-0.07073,0.72072,-0.18687,-0.15242,0.68625,-0.19829,-0.12462,0.73521,-0.27761,-0.09427,0.79233,-0.28113,-0.01884,0.548,-0.24394,-0.01097,0.40047,-0.24154,0.02196,0.2585,-0.21346,-0.00107,0.20137,-0.26745,-0.05738,0.54717,-0.20399,-0.09963,0.40584,-0.21263,-0.09448,0.2606,-0.18249,-0.15239,0.21216,-0.21424
15.68,-0.02679,0.57404,-0.21129,-0.01069,0.73607,-0.22807,-0.03066,0.8138,-0.2514,0.03673,0.70114,-0.27634,0.01456,0.62911,-0.32442,-0.04529,0.69998,-0.35368,-0.0172,0.75819,-0.35788,-0.07225,0.72135,-0.18575,-0.15447,0.68817,-0.19716,-0.12778,0.7367,-0.27712,-0.09581,0.79289,-0.28124,-0.02179,0.54869,-0.24491,-0.01161,0.40134,-0.24086,0.02088,0.25909,-0.21366,-0.00206,0.20191,-0.26763,-0.05947,0.54799,-0.20414,-0.10203,0.40666,-0.21099,-0.09774,0.2615,-0.18032,-0.15708,0.21466,-0.21184
15.7,-0.02953,0.57441,-0.21205,-0.01349,0.73657,-0.22762,-0.03592,0.81337,-0.2518,0.03311,0.70202,-0.27695,0.00936,0.63047,-0.32499,-0.05111,0.7004,-0.35524,-0.02313,0.75857,-0.36063,-0.07441,0.72154,-0.18448,-0.15711,0.68947,-0.19557,-0.1315,0.7376,-0.27613,-0.09816,0.79292,-0.28097,-0.02524,0.54903,-0.24574,-0.01274,0.40191,-0.24017,0.01957,0.25946,-0.21383,-0.0033,0.20223,-0.26778,-0.06209,0.5484,-0.20422,-0.10473,0.40702,-0.2091,-0.10111,0.26187,-0.17828,-0.16244,0.21678,-0.20851
15.72,-0.03345,0.57374,-0.21239,-0.01787,0.73606,-0.22676,-0.04169,0.81252,-0.25067,0.02799,0.70202,-0.27712,0.00375,0.63044,-0.32487,-0.05889,0.69863,-0.35467,-0.03182,0.75714,-0.36095,-0.07808,0.72055,-0.18278,-0.16113,0.68896,-0.19257,-0.13663,0.73657,-0.27378,-0.1027,0.79143,-0.27961,-0.02973,0.54843,-0.2462,-0.01503,0.40156,-0.23927,0.01752,0.25906,-0.21353,-0.00542,0.20176,-0.26738,-0.06582,0.54766,-0.20402,-0.10825,0.40615,-0.20659,-0.10495,0.26082,-0.17662,-0.1697,0.21787,-0.20252
15.74,-0.03792,0.57268,-0.21254,-0.0229,0.73516,-0.22565,-0.04768,0.8115,-0.24894,0.02224,0.70168,-0.27704,-0.00206,0.62993,-0.32449,-0.06734,0.69606,-0.35325,-0.04152,0.75505,-0.36022,-0.08238,0.71911,-0.18089,-0.1657,0.68776,-0.18905,-0.14231,0.73486,-0.27089,-0.10807,0.78941,-0.27776,-0.03471,0.54747,-0.24648,-0.01783,0.4009,-0.23832,0.01518,0.25841,-0.2131,-0.00786,0.20103,-0.26682,-0.07007,0.5465,-0.2037,-0.11207,0.40484,-0.20386,-0.10907,0.25928,-0.17499,-0.17728,0.21868,-0.19522
15.76,-0.04221,0.57179,-0.21273,-0.02764,0.7344,-0.2246,-0.05353,0.81053,-0.24738,0.01674,0.70147,-0.27698,-0.00779,0.62961,-0.32417,-0.07539,0.69376,-0.35204,-0.05072,0.75316,-0.3597,-0.08638,0.71785,-0.17906,-0.16996,0.68684,-0.18573,-0.14773,0.73344,-0.26817,-0.1131,0.7876,-0.27608,-0.03954,0.54667,-0.24678,-0.02043,0.40044,-0.23748,0.01306,0.25795,-0.21291,-0.01003,0.20052,-0.26655,-0.07416,0.54553,-0.20339,-0.11568,0.40374,-0.20125,-0.11313,0.25801,-0.17322,-0.18403,0.21976,-0.18806
15.78,-0.04622,0.57092,-0.21317,-0.03204,0.73366,-0.2237,-0.0591,0.80954,-0.24594,0.01155,0.70129,-0.27709,-0.01326,0.62935,-0.32399,-0.08318,0.69142,-0.35086,-0.05963,0.75118,-0.35921,-0.09004,0.71659,-0.17741,-0.17387,0.68596,-0.18254,-0.15281,0.73201,-0.2656,-0.1178,0.78576,-0.27459,-0.0441,0.54589,-0.24732,-0.02266,0.40007,-0.23681,0.01119,0.25753,-0.21304,-0.01199,0.2001,-0.26664,-0.07795,0.54457,-0.20334,-0.11902,0.40272,-0.19873,-0.1173,0.25684,-0.17138,-0.19058,0.2213,-0.18013
15.8,-0.05093,0.56991,-0.213,-0.03716,0.73276,-0.22236,-0.06514,0.80848,-0.244,0.00564,0.70091,-0.2767,-0.01924,0.62883,-0.32335,-0.09136,0.6888,-0.34913,-0.06912,0.74899,-0.35797,-0.0944,0.7152,-0.17531,-0.17839,0.68479,-0.1789,-0.15856,0.73038,-0.2625,-0.12331,0.78379,-0.27254,-0.04935,0.54497,-0.24725,-0.02569,0.39956,-0.23594,0.00895,0.25709,-0.21286,-0.01417,0.19959,-0.26642,-0.08244,0.54347,-0.2027,-0.1228,0.40149,-0.19601,-0.12144,0.25548,-0.16939,-0.1962,0.22216,-0.17259
15.82,-0.05739,0.56857,-0.21132,-0.04412,0.7315,-0.21998,-0.07246,0.80727,-0.24095,-0.00213,0.70006,-0.27518,-0.02657,0.62771,-0.32166,-0.10064,0.68573,-0.34633,-0.08014,0.74653,-0.35521,-0.10057,0.71355,-0.17212,-0.18456,0.68301,-0.17418,-0.1661,0.72839,-0.25822,-0.13078,0.78157,-0.26918,-0.05628,0.54374,-0.24566,-0.03076,0.39863,-0.23444,0.0056,0.25654,-0.2117,-0.01714,0.19879,-0.26515,-0.08867,0.54203,-0.20061,-0.12778,0.39976,-0.1928,-0.12529,0.25354,-0.16741,-0.20044,0.22096,-0.16714
15.84,-0.06454,0.5671,-0.20899,-0.05183,0.7301,-0.21714,-0.08031,0.80602,-0.23741,-0.01065,0.69901,-0.27315,-0.03443,0.62637,-0.3195,-0.11034,0.68246,-0.34304,-0.09173,0.74388,-0.35175,-0.10745,0.7118,-0.16847,-0.19136,0.68098,-0.16901,-0.17432,0.72624,-0.25341,-0.13904,0.77925,-0.26525,-0.06388,0.54238,-0.24343,-0.0367,0.39754,-0.23271,0.00177,0.25597,-0.21017,-0.02045,0.1979,-0.26349,-0.09561,0.54047,-0.19791,-0.13328,0.39784,-0.18941,-0.12915,0.25142,-0.16547,-0.2043,0.21898,-0.16247
15.86,-0.07142,0.56572,-0.20688,-0.05923,0.72878,-0.21444,-0.08793,0.8048,-0.23402,-0.01888,0.69807,-0.27125,-0.0421,0.62515,-0.31746,-0.11977,0.67926,-0.33986,-0.10294,0.74122,-0.34844,-0.11402,0.71011,-0.16496,-0.19785,0.67905,-0.16401,-0.18221,0.72415,-0.24876,-0.14697,0.77699,-0.2615,-0.07124,0.54109,-0.24139,-0.04235,0.39655,-0.23112,-0.00191,0.25548,-0.20888,-0.02365,0.19713,-0.2621,-0.10227,0.53898,-0.19541,-0.13859,0.39606,-0.18615,-0.13316,0.24947,-0.16353,-0.20827,0.21737,-0.15748
15.88,-0.07812,0.56421,-0.20509,-0.06638,0.72734,-0.21194,-0.09526,0.80346,-0.23081,-0.02689,0.69702,-0.26956,-0.04955,0.62394,-0.3158,-0.12904,0.67593,-0.33679,-0.11423,0.73844,-0.34506,-0.12033,0.70828,-0.1617,-0.20406,0.67707,-0.15919,-0.18984,0.72202,-0.24427,-0.15458,0.7746,-0.25793,-0.07841,0.53971,-0.2397,-0.04766,0.39554,-0.22968,-0.00547,0.25491,-0.20791,-0.02679,0.19638,-0.26109,-0.10872,0.53735,-0.19325,-0.14353,0.39412,-0.183,-0.13705,0.24736,-0.16183,-0.21205,0.21585,-0.15233
15.9,-0.08536,0.56293,-0.20247,-0.07417,0.72612,-0.20886,-0.10322,0.80234,-0.22706,-0.03552,0.69613,-0.26722,-0.05753,0.62273,-0.31325,-0.13849,0.6728,-0.33327,-0.12529,0.73569,-0.3414,-0.12726,0.70671,-0.15784,-0.21081,0.67515,-0.1539,-0.19799,0.71992,-0.23929,-0.16295,0.77243,-0.2538,-0.08611,0.5385,-0.23712,-0.05392,0.39458,-0.22799,-0.00948,0.25461,-0.20646,-0.03021,0.19574,-0.25951,-0.11576,0.53601,-0.19025,-0.14929,0.3925,-0.17968,-0.14135,0.24563,-0.15978,-0.21597,0.21405,-0.14779
15.92,-0.09396,0.56225,-0.19768,-0.08362,0.72549,-0.20425,-0.11284,0.80176,-0.22196,-0.04577,0.69568,-0.26321,-0.0669,0.62147,-0.30835,-0.14859,0.67022,-0.32863,-0.13579,0.73313,-0.3373,-0.13581,0.70584,-0.15239,-0.21898,0.67346,-0.14732,-0.20749,0.71798,-0.23305,-0.17327,0.77085,-0.24818,-0.09514,0.5377,-0.23222,-0.06243,0.39377,-0.22538,-0.01448,0.255,-0.20361,-0.0342,0.19541,-0.25623,-0.12429,0.53546,-0.18503,-0.15735,0.39174,-0.17583,-0.14668,0.24495,-0.15665,-0.22054,0.21157,-0.1448
15.94,-0.10307,0.56182,-0.19207,-0.09373,0.7251,-0.19905,-0.12311,0.8014,-0.21634,-0.05664,0.6954,-0.25855,-0.07674,0.62023,-0.30257,-0.1589,0.66788,-0.32356,-0.14612,0.73068,-0.33296,-0.14498,0.70525,-0.14635,-0.22769,0.67186,-0.14029,-0.21751,0.71609,-0.22632,-0.18435,0.76948,-0.24197,-0.10465,0.53707,-0.22646,-0.07191,0.39304,-0.22248,-0.01994,0.25578,-0.20037,-0.03838,0.19536,-0.25251,-0.13336,0.5352,-0.17898,-0.16623,0.39133,-0.17174,-0.15243,0.24473,-0.15304,-0.22535,0.209,-0.14232
15.96,-0.11192,0.5613,-0.18684,-0.10354,0.72462,-0.1941,-0.13309,0.80096,-0.21095,-0.06722,0.69506,-0.25415,-0.0863,0.61907,-0.29719,-0.16905,0.66549,-0.31866,-0.1565,0.72825,-0.32864,-0.15387,0.70456,-0.1406,-0.23611,0.67025,-0.1335,-0.22725,0.71419,-0.21983,-0.19507,0.76802,-0.23602,-0.1139,0.5364,-0.2211,-0.08112,0.39233,-0.2198,-0.02533,0.2566,-0.19753,-0.04244,0.1955,-0.24933,-0.14217,0.53484,-0.17334,-0.17468,0.39081,-0.16776,-0.15808,0.24444,-0.1496,-0.2301,0.20673,-0.13956
15.98,-0.12092,0.56067,-0.18153,-0.11343,0.72402,-0.18908,-0.1431,0.80041,-0.20545,-0.078,0.69457,-0.24971,-0.09601,0.61777,-0.29177,-0.17937,0.66289,-0.31363,-0.16703,0.7256,-0.3242,-0.16274,0.70377,-0.1347,-0.2445,0.66856,-0.1265,-0.237,0.71224,-0.21309,-0.20584,0.76651,-0.2298,-0.12335,0.53559,-0.21562,-0.0901,0.39162,-0.21675,-0.03041,0.25752,-0.19476,-0.04641,0.19584,-0.24623,-0.15109,0.53437,-0.16755,-0.18359,0.39027,-0.16384,-0.16402,0.24424,-0.14597,-0.23501,0.20442,-0.13675
16,-0.12971,0.56035,-0.17622,-0.1233,0.72373,-0.18404,-0.15318,0.80013,-0.20001,-0.08855,0.69443,-0.24513,-0.10545,0.61689,-0.28628,-0.1893,0.6608,-0.30868,-0.17719,0.72345,-0.3198,-0.17173,0.70325,-0.12896,-0.25295,0.66704,-0.11983,-0.24676,0.7104,-0.20668,-0.21664,0.7651,-0.22389,-0.13248,0.53511,-0.21018,-0.09994,0.39104,-0.21437,-0.03643,0.25875,-0.19209,-0.05064,0.1965,-0.2434,-0.15985,0.53419,-0.16189,-0.19179,0.38994,-0.15977,-0.16969,0.2442,-0.14243,-0.23975,0.20261,-0.13399
16.02,-0.13792,0.56085,-0.17102,-0.13298,0.72427,-0.17906,-0.16339,0.80052,-0.19476,-0.0983,0.6952,-0.2403,-0.11421,0.61703,-0.28064,-0.19825,0.66007,-0.30401,-0.18631,0.72266,-0.3157,-0.18094,0.70343,-0.1237,-0.26158,0.66607,-0.11402,-0.25649,0.70895,-0.20119,-0.22734,0.76401,-0.21892,-0.14063,0.53553,-0.20492,-0.1117,0.39092,-0.21406,-0.04477,0.26076,-0.1894,-0.05509,0.19788,-0.24086,-0.16813,0.53478,-0.1567,-0.19775,0.39002,-0.15522,-0.17423,0.24431,-0.13955,-0.24382,0.20187,-0.13147
16.04,-0.1459,0.56166,-0.16588,-0.14262,0.72512,-0.17415,-0.17364,0.80116,-0.18964,-0.10778,0.69631,-0.23543,-0.12267,0.61755,-0.27501,-0.2068,0.6598,-0.29948,-0.19505,0.72231,-0.31175,-0.19025,0.70387,-0.11866,-0.27023,0.66525,-0.10859,-0.2662,0.70756,-0.19608,-0.23805,0.76297,-0.21434,-0.14844,0.53628,-0.19975,-0.12419,0.39128,-0.21447,-0.05447,0.26333,-0.18622,-0.06034,0.19982,-0.23762,-0.17623,0.53565,-0.1517,-0.20293,0.39033,-0.15049,-0.17837,0.24459,-0.13676,-0.24764,0.2016,-0.12888
16.06,-0.15393,0.56233,-0.16081,-0.15226,0.7258,-0.16929,-0.1838,0.80168,-0.18456,-0.11739,0.69726,-0.23067,-0.13115,0.61792,-0.2695,-0.21545,0.65924,-0.29496,-0.20398,0.72169,-0.30777,-0.19947,0.70417,-0.11359,-0.27877,0.66428,-0.10306,-0.27584,0.70603,-0.19086,-0.24873,0.76178,-0.20965,-0.15639,0.53689,-0.19464,-0.13635,0.39185,-0.21449,-0.06421,0.26609,-0.1827,-0.06612,0.20205,-0.23373,-0.18434,0.53638,-0.14668,-0.20845,0.39061,-0.14586,-0.18268,0.24494,-0.13382,-0.25155,0.20126,-0.12615
16.08,-0.16222,0.56302,-0.15532,-0.16199,0.72648,-0.16416,-0.19425,0.8021,-0.17919,-0.12707,0.69811,-0.22559,-0.14008,0.61818,-0.26346,-0.22433,0.65882,-0.29016,-0.21274,0.72111,-0.30361,-0.20882,0.70456,-0.10826,-0.28755,0.66371,-0.09718,-0.28559,0.70484,-0.18531,-0.25934,0.76081,-0.20466,-0.16446,0.53749,-0.1891,-0.14821,0.39292,-0.21493,-0.0739,0.26958,-0.17894,-0.07079,0.20518,-0.22946,-0.19277,0.53716,-0.14134,-0.21392,0.39093,-0.14092,-0.18705,0.24532,-0.1306,-0.25554,0.20102,-0.12308
16.1,-0.16991,0.56373,-0.15074,-0.17151,0.72718,-0.15968,-0.20408,0.8027,-0.17454,-0.13652,0.69914,-0.22123,-0.14798,0.61873,-0.25857,-0.23256,0.65817,-0.286,-0.22168,0.72049,-0.29987,-0.21788,0.70479,-0.10358,-0.29573,0.66237,-0.09211,-0.29496,0.7029,-0.18054,-0.26998,0.75927,-0.2004,-0.17216,0.53817,-0.18449,-0.16065,0.39399,-0.2147,-0.08508,0.27269,-0.17465,-0.07917,0.20768,-0.22413,-0.20048,0.53791,-0.13674,-0.21926,0.39135,-0.13654,-0.19123,0.24587,-0.12769,-0.25933,0.20097,-0.12026
16.12,-0.17598,0.56457,-0.14864,-0.18052,0.728,-0.15684,-0.21225,0.80388,-0.17167,-0.14544,0.70086,-0.21874,-0.15307,0.62031,-0.25675,-0.23914,0.65698,-0.28339,-0.23133,0.71978,-0.29722,-0.22613,0.70454,-0.10055,-0.30206,0.65877,-0.08911,-0.30329,0.69886,-0.17772,-0.28083,0.75617,-0.1979,-0.17887,0.5391,-0.18241,-0.17498,0.39441,-0.21211,-0.09849,0.27436,-0.17007,-0.09581,0.20805,-0.21809,-0.20621,0.53865,-0.1341,-0.22432,0.39201,-0.13382,-0.19495,0.24672,-0.12605,-0.26268,0.20124,-0.11882
16.14,-0.18146,0.56538,-0.14747,-0.18927,0.72874,-0.15449,-0.21972,0.80516,-0.16926,-0.15409,0.70273,-0.21681,-0.15719,0.62247,-0.25607,-0.245,0.65585,-0.28129,-0.2411,0.7191,-0.29474,-0.23401,0.70401,-0.09805,-0.30753,0.65441,-0.08683,-0.31095,0.69413,-0.17555,-0.29144,0.75245,-0.19591,-0.1852,0.54005,-0.18127,-0.18992,0.39488,-0.20835,-0.1123,0.27576,-0.16573,-0.11506,0.20816,-0.2119,-0.21123,0.53932,-0.13224,-0.2293,0.39267,-0.13177,-0.1985,0.24764,-0.125,-0.26588,0.2016,-0.11797
16.16,-0.18722,0.56609,-0.1459,-0.19803,0.72933,-0.15175,-0.22738,0.8062,-0.16638,-0.1628,0.70437,-0.21448,-0.16183,0.62464,-0.25489,-0.25108,0.655,-0.27886,-0.25065,0.71845,-0.29187,-0.24194,0.70341,-0.0952,-0.31311,0.65045,-0.08415,-0.31853,0.68978,-0.17295,-0.30174,0.74888,-0.19346,-0.19172,0.54088,-0.1797,-0.20442,0.3958,-0.20462,-0.12528,0.27776,-0.16181,-0.13254,0.20921,-0.20606,-0.21658,0.53991,-0.13007,-0.23437,0.39323,-0.12951,-0.20216,0.24846,-0.12385,-0.2692,0.2019,-0.11701
16.18,-0.1929,0.56729,-0.14425,-0.20689,0.73033,-0.14868,-0.23502,0.80769,-0.16315,-0.17165,0.70657,-0.21187,-0.16637,0.62757,-0.25338,-0.25705,0.65443,-0.27613,-0.26049,0.71783,-0.28895,-0.24987,0.70311,-0.09203,-0.31816,0.64643,-0.08134,-0.32585,0.68535,-0.17016,-0.31219,0.74524,-0.19069,-0.19819,0.54222,-0.17803,-0.21915,0.39763,-0.20009,-0.13764,0.281,-0.15787,-0.14908,0.21172,-0.20004,-0.22179,0.54098,-0.1278,-0.23908,0.39424,-0.12707,-0.20586,0.24965,-0.12267,-0.27259,0.2026,-0.11619
16.2,-0.19864,0.56747,-0.14299,-0.21528,0.73029,-0.14602,-0.24224,0.80812,-0.16015,-0.18006,0.7076,-0.20961,-0.17111,0.6298,-0.25273,-0.26295,0.65392,-0.27386,-0.26962,0.71726,-0.28564,-0.25747,0.70192,-0.08933,-0.32346,0.64254,-0.07886,-0.3328,0.6811,-0.16767,-0.32157,0.74148,-0.18826,-0.20467,0.54251,-0.17673,-0.2331,0.39875,-0.19565,-0.1501,0.28263,-0.15493,-0.16668,0.21293,-0.19461,-0.22709,0.54105,-0.12596,-0.24453,0.39433,-0.12522,-0.20953,0.25012,-0.12195,-0.27595,0.20262,-0.11555
16.22,-0.20453,0.56484,-0.14259,-0.22265,0.72751,-0.14472,-0.24873,0.80578,-0.1581,-0.18742,0.70548,-0.20853,-0.17623,0.62941,-0.25414,-0.26878,0.65275,-0.27286,-0.27693,0.71641,-0.28161,-0.2644,0.69848,-0.08804,-0.33009,0.63885,-0.07703,-0.33946,0.67716,-0.16595,-0.32866,0.73747,-0.18697,-0.21115,0.53993,-0.17625,-0.24513,0.39708,-0.19275,-0.16387,0.27918,-0.15365,-0.18803,0.20972,-0.18971,-0.23266,0.53837,-0.12509,-0.2519,0.39187,-0.12477,-0.21305,0.24865,-0.12222,-0.27911,0.20076,-0.11504
16.24,-0.21054,0.56118,-0.14255,-0.22961,0.72376,-0.14394,-0.25489,0.80243,-0.15645,-0.19437,0.7022,-0.20791,-0.18158,0.62817,-0.25636,-0.27468,0.6514,-0.27229,-0.2836,0.71537,-0.27725,-0.27109,0.69424,-0.08732,-0.33725,0.63529,-0.07554,-0.34609,0.6734,-0.1646,-0.33497,0.73346,-0.18617,-0.21768,0.5363,-0.17612,-0.25643,0.39441,-0.19026,-0.17817,0.27404,-0.15262,-0.21044,0.20573,-0.18427,-0.23838,0.5347,-0.12463,-0.26008,0.38854,-0.12479,-0.21661,0.24664,-0.12277,-0.28225,0.19835,-0.11452
16.26,-0.21662,0.55799,-0.14233,-0.23672,0.72045,-0.14287,-0.26116,0.79951,-0.15457,-0.20147,0.69944,-0.20702,-0.18705,0.62754,-0.25815,-0.2807,0.65027,-0.27139,-0.29056,0.71428,-0.27285,-0.27789,0.69039,-0.08631,-0.34425,0.63178,-0.07394,-0.35279,0.66972,-0.1631,-0.34165,0.72961,-0.18513,-0.22429,0.53314,-0.17581,-0.26789,0.39243,-0.18729,-0.1921,0.27007,-0.15104,-0.23144,0.20348,-0.17802,-0.24416,0.53148,-0.124,-0.26802,0.38566,-0.1245,-0.2203,0.24513,-0.12309,-0.2855,0.19641,-0.11394
16.28,-0.22218,0.5548,-0.14216,-0.24382,0.71706,-0.14174,-0.26732,0.79654,-0.15247,-0.20859,0.69673,-0.20612,-0.19185,0.62707,-0.25958,-0.28613,0.64848,-0.27026,-0.2973,0.71225,-0.26833,-0.28452,0.6863,-0.08521,-0.35069,0.62767,-0.07197,-0.35912,0.66532,-0.16127,-0.34819,0.72504,-0.18385,-0.23049,0.53,-0.17553,-0.27917,0.39075,-0.18408,-0.20623,0.26621,-0.14943,-0.2529,0.20229,-0.17053,-0.24935,0.52824,-0.12335,-0.27546,0.3828,-0.12411,-0.2238,0.24366,-0.12345,-0.28872,0.19477,-0.11321
16.3,-0.22884,0.55137,-0.14198,-0.25076,0.71359,-0.14079,-0.27352,0.79338,-0.1508,-0.21554,0.69362,-0.20528,-0.19817,0.62642,-0.26161,-0.29273,0.64786,-0.26938,-0.30414,0.71138,-0.26377,-0.29137,0.68249,-0.08438,-0.3583,0.62481,-0.07076,-0.36616,0.66244,-0.16011,-0.35481,0.72193,-0.18306,-0.23753,0.52656,-0.17525,-0.29023,0.38864,-0.18099,-0.21984,0.26241,-0.14723,-0.27176,0.20121,-0.16361,-0.25578,0.52481,-0.12285,-0.28416,0.37981,-0.12385,-0.22791,0.24245,-0.1236,-0.29218,0.19288,-0.11257
16.32,-0.23853,0.54761,-0.14164,-0.25747,0.7102,-0.14023,-0.28006,0.79003,-0.15039,-0.22211,0.68974,-0.20449,-0.20813,0.62571,-0.26529,-0.30202,0.65082,-0.26933,-0.31108,0.71415,-0.25919,-0.2991,0.67973,-0.08422,-0.36911,0.62559,-0.07165,-0.37517,0.66394,-0.16084,-0.36173,0.72306,-0.18362,-0.24689,0.52264,-0.17486,-0.30136,0.38534,-0.17866,-0.23237,0.25856,-0.14406,-0.28554,0.19839,-0.16024,-0.26575,0.52121,-0.12267,-0.29593,0.37657,-0.124,-0.23335,0.24199,-0.12322,-0.29603,0.19043,-0.11221
16.34,-0.24932,0.54364,-0.14127,-0.26406,0.70666,-0.13975,-0.28668,0.78642,-0.15031,-0.22855,0.6854,-0.20367,-0.21884,0.6254,-0.26922,-0.31148,0.65506,-0.26951,-0.31738,0.71782,-0.25458,-0.30707,0.67718,-0.08425,-0.38073,0.62774,-0.07322,-0.38456,0.66709,-0.1621,-0.36848,0.72572,-0.18444,-0.2571,0.51844,-0.17447,-0.31253,0.38149,-0.17672,-0.24454,0.25457,-0.14068,-0.29764,0.19477,-0.15839,-0.27697,0.51745,-0.12264,-0.30898,0.37321,-0.12444,-0.23956,0.24204,-0.12262,-0.30021,0.18803,-0.11194
16.36,-0.25957,0.53971,-0.14093,-0.2707,0.70302,-0.13911,-0.29323,0.78277,-0.14989,-0.23509,0.68113,-0.20276,-0.22835,0.6255,-0.27241,-0.31977,0.65859,-0.26943,-0.32315,0.72029,-0.25002,-0.31485,0.67436,-0.08407,-0.39144,0.62932,-0.07431,-0.39335,0.66954,-0.16286,-0.37499,0.72765,-0.1848,-0.26694,0.51432,-0.17408,-0.32371,0.37791,-0.17467,-0.25687,0.2507,-0.13753,-0.31049,0.19161,-0.15603,-0.28756,0.51371,-0.12254,-0.32157,0.36994,-0.12486,-0.2458,0.24235,-0.12204,-0.30445,0.18613,-0.1116
16.38,-0.26999,0.53598,-0.14053,-0.27741,0.69949,-0.13821,-0.29993,0.77921,-0.1493,-0.24152,0.67702,-0.2015,-0.23673,0.62683,-0.27531,-0.32693,0.66277,-0.2694,-0.3281,0.72274,-0.24493,-0.32289,0.67166,-0.08384,-0.40229,0.63145,-0.07549,-0.40191,0.67259,-0.16363,-0.38112,0.73006,-0.1851,-0.27679,0.51038,-0.17363,-0.33519,0.37465,-0.17266,-0.27013,0.24687,-0.13433,-0.32438,0.18862,-0.15363,-0.29841,0.51019,-0.1225,-0.33358,0.36671,-0.12532,-0.25158,0.24305,-0.12134,-0.3084,0.18503,-0.11073
16.4,-0.2803,0.53179,-0.14025,-0.28396,0.69542,-0.13751,-0.30635,0.77515,-0.14875,-0.24819,0.6723,-0.20064,-0.2455,0.62677,-0.27752,-0.33424,0.6657,-0.26905,-0.3332,0.72402,-0.24089,-0.33041,0.6685,-0.08351,-0.41211,0.63292,-0.0763,-0.4101,0.67502,-0.16397,-0.38722,0.73191,-0.18486,-0.2868,0.50601,-0.17328,-0.34621,0.37075,-0.17075,-0.28165,0.24303,-0.13137,-0.33601,0.18531,-0.15192,-0.30898,0.50617,-0.12239,-0.34702,0.36344,-0.12598,-0.25909,0.24399,-0.12068,-0.31344,0.18353,-0.11069
16.42,-0.29012,0.52642,-0.14037,-0.29003,0.6901,-0.1378,-0.31191,0.77002,-0.14875,-0.25554,0.6661,-0.20132,-0.25724,0.62237,-0.27926,-0.34376,0.66538,-0.26804,-0.33975,0.72344,-0.23961,-0.33644,0.6643,-0.08323,-0.41964,0.63234,-0.07642,-0.41788,0.6754,-0.16362,-0.39379,0.73202,-0.18388,-0.29712,0.50059,-0.17325,-0.35582,0.36506,-0.16885,-0.28813,0.23914,-0.12897,-0.34149,0.18127,-0.15161,-0.31855,0.50087,-0.12204,-0.36427,0.36044,-0.12682,-0.27054,0.24558,-0.11961,-0.32017,0.18081,-0.11249
16.44,-0.29976,0.5206,-0.14061,-0.29594,0.68424,-0.13862,-0.31718,0.76438,-0.14915,-0.26319,0.65928,-0.20268,-0.27026,0.61642,-0.28081,-0.354,0.66387,-0.26677,-0.34667,0.72212,-0.23939,-0.3419,0.65966,-0.0831,-0.42631,0.63101,-0.07635,-0.42538,0.675,-0.1631,-0.40035,0.73141,-0.18277,-0.30755,0.49474,-0.1733,-0.36485,0.3587,-0.16702,-0.29269,0.23534,-0.12696,-0.3446,0.17717,-0.15208,-0.32776,0.49506,-0.1216,-0.38277,0.35805,-0.1273,-0.28378,0.24789,-0.11761,-0.32767,0.17885,-0.11351
16.46,-0.30944,0.51496,-0.14078,-0.30197,0.67848,-0.1394,-0.32262,0.75882,-0.14959,-0.2708,0.6526,-0.20388,-0.28264,0.61132,-0.28228,-0.36348,0.66277,-0.26555,-0.35302,0.7208,-0.23876,-0.34758,0.65509,-0.08309,-0.43311,0.62996,-0.07638,-0.43265,0.6748,-0.1627,-0.40654,0.73091,-0.18185,-0.31787,0.48906,-0.17327,-0.37405,0.35264,-0.16523,-0.29805,0.23166,-0.12504,-0.34876,0.17346,-0.15243,-0.33707,0.48946,-0.12119,-0.4004,0.35611,-0.12743,-0.29661,0.25072,-0.11508,-0.335,0.17839,-0.11297
16.48,-0.31936,0.50944,-0.14105,-0.30795,0.67273,-0.14037,-0.32803,0.75325,-0.15035,-0.27843,0.64591,-0.20524,-0.29507,0.60706,-0.28401,-0.37259,0.66245,-0.26439,-0.3591,0.72008,-0.23808,-0.35321,0.65063,-0.08326,-0.43982,0.62945,-0.07684,-0.43967,0.67529,-0.16264,-0.41231,0.731,-0.18115,-0.32844,0.48351,-0.17334,-0.38324,0.34665,-0.16338,-0.30345,0.22809,-0.12327,-0.35299,0.17014,-0.15321,-0.34661,0.48397,-0.12089,-0.41819,0.35486,-0.12702,-0.30881,0.25576,-0.11136,-0.33989,0.17998,-0.11117
16.5,-0.32872,0.50355,-0.14112,-0.3141,0.66659,-0.1415,-0.33352,0.74732,-0.15106,-0.28627,0.63888,-0.20673,-0.30761,0.6012,-0.28494,-0.38181,0.66016,-0.263,-0.36518,0.71753,-0.23796,-0.35876,0.64566,-0.08348,-0.44606,0.62769,-0.07663,-0.4465,0.67409,-0.16212,-0.41825,0.72945,-0.18036,-0.33849,0.47759,-0.17318,-0.39216,0.3404,-0.16174,-0.30827,0.22464,-0.12186,-0.35666,0.16682,-0.15387,-0.35554,0.47812,-0.12035,-0.43519,0.35381,-0.12642,-0.32276,0.2586,-0.10836,-0.34939,0.18114,-0.10866
16.52,-0.3365,0.49678,-0.14064,-0.3207,0.6597,-0.14261,-0.33912,0.74077,-0.15113,-0.29447,0.63127,-0.2082,-0.32019,0.5909,-0.2837,-0.39182,0.65274,-0.26119,-0.37183,0.71033,-0.23929,-0.36427,0.63955,-0.0835,-0.45154,0.62242,-0.07445,-0.45343,0.66835,-0.16018,-0.42543,0.72365,-0.17898,-0.34704,0.47078,-0.17243,-0.40067,0.33361,-0.1605,-0.31206,0.22132,-0.12089,-0.35946,0.16305,-0.15355,-0.36284,0.47138,-0.11922,-0.45028,0.35248,-0.12612,-0.34092,0.25377,-0.10802,-0.37188,0.17798,-0.10588
16.54,-0.34373,0.48965,-0.13995,-0.32754,0.6525,-0.14373,-0.34484,0.73394,-0.15103,-0.30288,0.62342,-0.20965,-0.33266,0.57886,-0.2812,-0.40213,0.64333,-0.25929,-0.37899,0.70117,-0.24154,-0.3698,0.633,-0.08347,-0.45674,0.61593,-0.07158,-0.46045,0.66099,-0.15771,-0.4331,0.71631,-0.17738,-0.35506,0.46361,-0.17143,-0.40903,0.32658,-0.15939,-0.31553,0.2182,-0.12014,-0.36198,0.15924,-0.15293,-0.36955,0.4643,-0.11784,-0.46449,0.35135,-0.12558,-0.36086,0.24656,-0.10807,-0.39913,0.17436,-0.10247
16.56,-0.35126,0.48269,-0.13932,-0.3344,0.64542,-0.14489,-0.35061,0.72717,-0.15115,-0.31133,0.61565,-0.21107,-0.34494,0.56771,-0.27862,-0.41219,0.63474,-0.25751,-0.38628,0.69251,-0.24383,-0.37542,0.62665,-0.08354,-0.46208,0.61009,-0.06912,-0.46741,0.65445,-0.15553,-0.44053,0.70973,-0.17596,-0.36334,0.45661,-0.17049,-0.41748,0.31967,-0.15819,-0.31939,0.21525,-0.11942,-0.3649,0.15577,-0.15259,-0.37655,0.45739,-0.11657,-0.47857,0.35079,-0.12451,-0.37997,0.24125,-0.10695,-0.42388,0.17266,-0.0982
16.58,-0.35858,0.47568,-0.13885,-0.34122,0.63829,-0.14614,-0.35612,0.72036,-0.15136,-0.31979,0.60789,-0.21259,-0.35671,0.55654,-0.27576,-0.422,0.62591,-0.25611,-0.3935,0.68331,-0.24669,-0.38089,0.62019,-0.08372,-0.46711,0.60377,-0.06674,-0.47433,0.6474,-0.15338,-0.44816,0.70279,-0.1744,-0.37148,0.44956,-0.16966,-0.42581,0.31275,-0.15691,-0.32332,0.21241,-0.11873,-0.36808,0.15256,-0.15225,-0.38327,0.4504,-0.11542,-0.49249,0.35119,-0.12306,-0.39863,0.23759,-0.1053,-0.44794,0.17348,-0.09235
16.6,-0.36622,0.46869,-0.13798,-0.34842,0.63115,-0.14725,-0.36234,0.71345,-0.15154,-0.32851,0.60001,-0.21382,-0.36865,0.5453,-0.27201,-0.43214,0.61681,-0.25422,-0.40167,0.67376,-0.24932,-0.38684,0.61382,-0.08383,-0.47264,0.59815,-0.06424,-0.48133,0.64102,-0.15112,-0.4555,0.69618,-0.17316,-0.37978,0.44252,-0.16845,-0.4344,0.30582,-0.1557,-0.32759,0.20984,-0.1182,-0.37134,0.14937,-0.15195,-0.39042,0.44348,-0.11397,-0.50537,0.35093,-0.12128,-0.41828,0.23213,-0.10305,-0.47294,0.1732,-0.0873
16.62,-0.37476,0.46199,-0.1361,-0.35636,0.62422,-0.14798,-0.37028,0.70655,-0.15151,-0.33765,0.59204,-0.21441,-0.38156,0.53431,-0.26668,-0.44314,0.6079,-0.25073,-0.41179,0.66458,-0.25065,-0.39385,0.60798,-0.08372,-0.47943,0.59486,-0.06144,-0.48838,0.6369,-0.1487,-0.46196,0.69087,-0.1729,-0.38858,0.43569,-0.16635,-0.44364,0.29906,-0.1548,-0.33254,0.20786,-0.11782,-0.37447,0.1462,-0.15172,-0.3988,0.43692,-0.1118,-0.51648,0.3479,-0.11961,-0.4416,0.22115,-0.10068,-0.50193,0.16751,-0.08681
16.64,-0.38368,0.4553,-0.13379,-0.36465,0.61722,-0.14852,-0.37888,0.69953,-0.15133,-0.34702,0.58389,-0.21467,-0.39458,0.52358,-0.2604,-0.4543,0.59911,-0.24656,-0.42261,0.65539,-0.25142,-0.40133,0.6022,-0.0835,-0.4866,0.59231,-0.05858,-0.49536,0.63348,-0.14627,-0.46807,0.68576,-0.17304,-0.39761,0.42884,-0.16385,-0.45317,0.29228,-0.154,-0.33793,0.20619,-0.11743,-0.37764,0.14311,-0.15138,-0.40769,0.43039,-0.10928,-0.52703,0.34371,-0.11804,-0.46697,0.20935,-0.09875,-0.53266,0.16151,-0.08853
16.66,-0.39252,0.44853,-0.13163,-0.37288,0.6101,-0.1491,-0.38724,0.69241,-0.15121,-0.35639,0.57567,-0.21499,-0.40708,0.51323,-0.25401,-0.46513,0.59045,-0.24266,-0.43321,0.64597,-0.25238,-0.40869,0.59627,-0.08334,-0.49349,0.58937,-0.05592,-0.50224,0.62966,-0.14402,-0.47431,0.68032,-0.17317,-0.40661,0.42192,-0.16148,-0.46264,0.28545,-0.15314,-0.34353,0.20462,-0.11698,-0.3811,0.14026,-0.15098,-0.41643,0.42377,-0.10687,-0.5378,0.34004,-0.11641,-0.49205,0.20018,-0.09698,-0.56222,0.15856,-0.08971
16.68,-0.40097,0.4421,-0.12969,-0.38089,0.60331,-0.14987,-0.39524,0.68563,-0.15107,-0.36556,0.56783,-0.21549,-0.41888,0.50336,-0.247,-0.47567,0.5819,-0.23869,-0.44405,0.63644,-0.25358,-0.41574,0.59062,-0.08337,-0.4998,0.58656,-0.05322,-0.50881,0.62579,-0.14177,-0.48067,0.67493,-0.17321,-0.41525,0.41535,-0.15932,-0.4718,0.27902,-0.15235,-0.34918,0.20352,-0.11635,-0.38465,0.13812,-0.1506,-0.42476,0.4175,-0.10467,-0.54811,0.33678,-0.11484,-0.51893,0.19255,-0.09551,-0.59328,0.15841,-0.09156
16.7,-0.41033,0.43493,-0.12718,-0.38953,0.59566,-0.1502,-0.40406,0.67796,-0.15089,-0.37527,0.55905,-0.21542,-0.43107,0.49373,-0.24018,-0.48633,0.57359,-0.23468,-0.45478,0.62677,-0.254,-0.42359,0.58426,-0.08305,-0.507,0.58357,-0.0509,-0.51563,0.62203,-0.13983,-0.4867,0.66905,-0.17371,-0.42471,0.40803,-0.15662,-0.48167,0.2718,-0.15141,-0.35558,0.20202,-0.11587,-0.3886,0.13524,-0.14992,-0.43408,0.41049,-0.10196,-0.55908,0.3325,-0.11317,-0.5435,0.18609,-0.09441,-0.62048,0.15811,-0.09372
16.72,-0.42211,0.42577,-0.12312,-0.39973,0.5858,-0.14931,-0.41498,0.66796,-0.15053,-0.38634,0.54781,-0.21394,-0.44528,0.48385,-0.23458,-0.49766,0.56572,-0.23065,-0.46485,0.61711,-0.2525,-0.43343,0.57603,-0.08173,-0.51669,0.58006,-0.04943,-0.52315,0.61849,-0.13855,-0.49193,0.66178,-0.17526,-0.43638,0.39872,-0.15249,-0.49344,0.26245,-0.15001,-0.36359,0.19925,-0.11577,-0.39325,0.13029,-0.14856,-0.446,0.40148,-0.09788,-0.57206,0.32555,-0.11118,-0.56068,0.17864,-0.09335,-0.63815,0.1521,-0.09517
16.74,-0.43479,0.41584,-0.1185,-0.41049,0.57502,-0.14793,-0.42663,0.657,-0.15004,-0.39789,0.5356,-0.21185,-0.46019,0.47397,-0.2295,-0.50904,0.55804,-0.22663,-0.47448,0.60746,-0.25026,-0.44399,0.56702,-0.08002,-0.52707,0.57628,-0.04833,-0.53055,0.61481,-0.13758,-0.49693,0.6536,-0.17709,-0.44887,0.38864,-0.14783,-0.50585,0.25232,-0.14845,-0.37241,0.19621,-0.11566,-0.39812,0.12494,-0.14678,-0.45891,0.39171,-0.09331,-0.58573,0.31756,-0.1091,-0.57502,0.17048,-0.09231,-0.65227,0.14356,-0.09639
16.76,-0.44707,0.40621,-0.11416,-0.42097,0.5645,-0.14672,-0.43786,0.6463,-0.14952,-0.40922,0.52373,-0.20995,-0.47455,0.46441,-0.22423,-0.52002,0.55039,-0.22272,-0.48406,0.59778,-0.24833,-0.45419,0.55818,-0.07849,-0.53672,0.57243,-0.04723,-0.53743,0.61076,-0.13663,-0.50216,0.64518,-0.17867,-0.46098,0.37887,-0.14343,-0.51787,0.24255,-0.14696,-0.38135,0.19368,-0.11527,-0.40299,0.12046,-0.14492,-0.47136,0.38224,-0.08899,-0.59902,0.31008,-0.10712,-0.59037,0.16275,-0.09133,-0.66761,0.13625,-0.09774
16.78,-0.45937,0.39677,-0.1097,-0.43137,0.55404,-0.14547,-0.44902,0.63566,-0.14874,-0.42057,0.5119,-0.20798,-0.48889,0.45523,-0.21857,-0.53087,0.54298,-0.21856,-0.49367,0.58816,-0.24633,-0.46423,0.54949,-0.07693,-0.5459,0.56882,-0.04614,-0.5438,0.60675,-0.13569,-0.50755,0.63655,-0.18034,-0.47313,0.36929,-0.13891,-0.5299,0.23303,-0.14544,-0.39073,0.19177,-0.11447,-0.40809,0.11696,-0.14294,-0.48385,0.37297,-0.08456,-0.61209,0.30251,-0.1051,-0.60625,0.15492,-0.09046,-0.68347,0.12919,-0.09961
16.8,-0.47181,0.38676,-0.10536,-0.44199,0.54299,-0.14406,-0.4603,0.62443,-0.14821,-0.43198,0.49962,-0.20584,-0.50298,0.4459,-0.21384,-0.54128,0.5353,-0.21507,-0.50264,0.57832,-0.24426,-0.47461,0.54009,-0.07532,-0.55529,0.5643,-0.04539,-0.55005,0.60172,-0.13502,-0.51291,0.62715,-0.1816,-0.48539,0.35913,-0.13452,-0.54184,0.22291,-0.14394,-0.40045,0.18929,-0.11378,-0.41322,0.11292,-0.14048,-0.49649,0.36312,-0.08027,-0.62553,0.29491,-0.10321,-0.62002,0.14723,-0.08946,-0.69689,0.12118,-0.10045
16.82,-0.48447,0.37518,-0.10143,-0.45315,0.53056,-0.14232,-0.47194,0.61176,-0.14855,-0.44346,0.48621,-0.20346,-0.51663,0.43549,-0.21153,-0.55095,0.52649,-0.21327,-0.51018,0.56772,-0.24214,-0.4859,0.52894,-0.07359,-0.56574,0.55745,-0.04523,-0.55679,0.59438,-0.13477,-0.51792,0.61616,-0.18179,-0.49786,0.3474,-0.13053,-0.55364,0.2111,-0.14249,-0.41041,0.18482,-0.1138,-0.41819,0.10667,-0.13705,-0.50938,0.35172,-0.07639,-0.64004,0.2875,-0.10159,-0.62885,0.14013,-0.08788,-0.70472,0.11106,-0.0983
16.84,-0.49721,0.36307,-0.09765,-0.46449,0.51765,-0.14045,-0.48369,0.59852,-0.14919,-0.45493,0.47243,-0.20097,-0.53,0.42476,-0.21017,-0.56021,0.5172,-0.21208,-0.5171,0.55671,-0.23995,-0.49749,0.51719,-0.07183,-0.57641,0.54977,-0.04532,-0.56352,0.58608,-0.13463,-0.52273,0.60436,-0.18151,-0.5104,0.33514,-0.1267,-0.56531,0.19872,-0.14105,-0.42061,0.17976,-0.11397,-0.4235,0.10018,-0.13312,-0.52235,0.33979,-0.07268,-0.65473,0.28017,-0.10012,-0.63556,0.13366,-0.08612,-0.70995,0.1006,-0.09518
16.86,-0.50985,0.35131,-0.09384,-0.47566,0.50501,-0.13861,-0.4953,0.5855,-0.14959,-0.46636,0.4589,-0.1985,-0.54322,0.41434,-0.20842,-0.56933,0.50801,-0.21061,-0.52411,0.54563,-0.23773,-0.50883,0.50576,-0.07008,-0.58653,0.54239,-0.04532,-0.56981,0.57782,-0.13436,-0.52762,0.59247,-0.18127,-0.52285,0.32323,-0.12283,-0.57686,0.18672,-0.13958,-0.43116,0.17529,-0.11372,-0.42942,0.09486,-0.12911,-0.53522,0.3282,-0.06894,-0.66898,0.27291,-0.09868,-0.64296,0.12748,-0.08441,-0.71585,0.09102,-0.09262
16.88,-0.52283,0.33908,-0.08985,-0.48706,0.49183,-0.13661,-0.50706,0.57187,-0.14998,-0.47799,0.44482,-0.19582,-0.55657,0.40363,-0.20678,-0.57832,0.49841,-0.2091,-0.53091,0.534,-0.2352,-0.52045,0.49383,-0.0682,-0.59666,0.53459,-0.04533,-0.57595,0.56898,-0.13393,-0.53258,0.57992,-0.18078,-0.53561,0.31084,-0.11877,-0.58882,0.17435,-0.13803,-0.44254,0.17088,-0.11316,-0.43628,0.09,-0.12447,-0.54845,0.31617,-0.06502,-0.68348,0.26555,-0.09722,-0.65034,0.12164,-0.08242,-0.72135,0.08149,-0.08982
16.9,-0.5351,0.32773,-0.08628,-0.49792,0.47957,-0.13485,-0.5184,0.55911,-0.15032,-0.48914,0.43176,-0.19346,-0.56911,0.39357,-0.20525,-0.58689,0.48917,-0.20776,-0.53767,0.5228,-0.23309,-0.53143,0.4827,-0.06654,-0.60604,0.52718,-0.04541,-0.58168,0.56022,-0.1336,-0.53741,0.56763,-0.18029,-0.54771,0.29936,-0.11516,-0.59973,0.16273,-0.1366,-0.45331,0.16662,-0.11255,-0.44325,0.08571,-0.1204,-0.56091,0.30496,-0.06153,-0.69691,0.25857,-0.09596,-0.65696,0.11644,-0.08065,-0.72625,0.07325,-0.0872
16.92,-0.54549,0.31876,-0.08382,-0.50741,0.46991,-0.13381,-0.5288,0.54897,-0.15048,-0.4991,0.42153,-0.19202,-0.57994,0.38515,-0.20357,-0.59501,0.48119,-0.20678,-0.54489,0.51321,-0.23243,-0.54073,0.47387,-0.06545,-0.61394,0.52117,-0.0456,-0.58692,0.55239,-0.13368,-0.54206,0.55668,-0.1802,-0.55806,0.2904,-0.11272,-0.60795,0.1532,-0.13553,-0.46165,0.16257,-0.11232,-0.44876,0.08191,-0.11843,-0.57134,0.29599,-0.0591,-0.70787,0.2524,-0.09504,-0.66239,0.11195,-0.07974,-0.73098,0.06754,-0.08543
16.94,-0.55515,0.31071,-0.08178,-0.51636,0.46125,-0.13305,-0.53881,0.53982,-0.1506,-0.50857,0.41239,-0.19093,-0.59008,0.37739,-0.20193,-0.60289,0.47373,-0.206,-0.5522,0.50429,-0.23231,-0.54938,0.46592,-0.06459,-0.62124,0.51569,-0.04588,-0.59197,0.54487,-0.13394,-0.54668,0.5462,-0.18022,-0.56772,0.2824,-0.11073,-0.61514,0.14451,-0.13461,-0.46908,0.15862,-0.11227,-0.45374,0.07832,-0.11727,-0.58097,0.28787,-0.0571,-0.7179,0.2466,-0.09424,-0.66728,0.1079,-0.07909,-0.73554,0.06287,-0.08387
16.96,-0.56507,0.30233,-0.07958,-0.52548,0.45221,-0.13218,-0.54894,0.53025,-0.15073,-0.5182,0.40283,-0.18969,-0.60044,0.36945,-0.20034,-0.61074,0.46605,-0.20518,-0.55938,0.49506,-0.23195,-0.55825,0.45764,-0.06366,-0.62859,0.50996,-0.04616,-0.59702,0.53703,-0.13409,-0.55146,0.53534,-0.18011,-0.57762,0.27406,-0.10857,-0.62272,0.1356,-0.13364,-0.47712,0.15474,-0.11207,-0.45929,0.07488,-0.11574,-0.5909,0.27946,-0.05494,-0.72821,0.24071,-0.09337,-0.6724,0.10402,-0.07817,-0.74014,0.05814,-0.0821
16.98,-0.57529,0.29356,-0.07726,-0.53496,0.44276,-0.1312,-0.5594,0.52028,-0.15068,-0.52819,0.39288,-0.18834,-0.61109,0.36105,-0.19856,-0.61896,0.45783,-0.20423,-0.56703,0.48527,-0.23155,-0.56745,0.44895,-0.06261,-0.63613,0.50381,-0.04636,-0.60232,0.52859,-0.13414,-0.55672,0.52379,-0.17988,-0.58782,0.26531,-0.10629,-0.63056,0.12634,-0.1326,-0.48565,0.15075,-0.11175,-0.46531,0.07144,-0.11404,-0.60113,0.27066,-0.05266,-0.73878,0.2346,-0.09247,-0.67775,0.1002,-0.077,-0.74497,0.05351,-0.08018
17,-0.58472,0.28584,-0.07528,-0.54358,0.43435,-0.13051,-0.56911,0.51129,-0.15087,-0.53733,0.38398,-0.18728,-0.62089,0.35381,-0.19717,-0.62628,0.45071,-0.20362,-0.57376,0.47658,-0.23133,-0.5758,0.44128,-0.06186,-0.64284,0.49846,-0.04678,-0.60702,0.521,-0.13436,-0.56144,0.51331,-0.17975,-0.59724,0.25764,-0.10436,-0.63759,0.11816,-0.13173,-0.49343,0.14716,-0.11152,-0.47093,0.06841,-0.11279,-0.61054,0.26288,-0.05072,-0.74844,0.22908,-0.0916,-0.68267,0.09694,-0.07603,-0.74946,0.04959,-0.07834
17.02,-0.59224,0.28068,-0.0741,-0.55007,0.42844,-0.13055,-0.57697,0.50468,-0.15173,-0.54438,0.37761,-0.18696,-0.62868,0.34951,-0.19677,-0.63132,0.44649,-0.20382,-0.57798,0.4707,-0.23148,-0.58203,0.43614,-0.06186,-0.64766,0.49517,-0.04778,-0.61013,0.5159,-0.13509,-0.5645,0.50586,-0.17996,-0.6048,0.25259,-0.10326,-0.6427,0.11255,-0.13127,-0.4991,0.1445,-0.11162,-0.47507,0.0662,-0.11262,-0.61798,0.2576,-0.04956,-0.75605,0.22498,-0.09083,-0.68654,0.0947,-0.07584,-0.75305,0.04691,-0.07691
17.04,-0.59896,0.27657,-0.07325,-0.5557,0.42355,-0.13088,-0.58408,0.49904,-0.15283,-0.5506,0.37227,-0.18693,-0.63559,0.34637,-0.19676,-0.63544,0.44335,-0.20436,-0.58127,0.46589,-0.2318,-0.58741,0.43202,-0.06217,-0.65173,0.49269,-0.04901,-0.61265,0.51173,-0.13602,-0.56698,0.49954,-0.18031,-0.6116,0.24859,-0.1025,-0.64703,0.10801,-0.131,-0.50388,0.14224,-0.11187,-0.47858,0.06435,-0.11291,-0.62459,0.25334,-0.04874,-0.76281,0.22145,-0.0901,-0.68999,0.0929,-0.07597,-0.75631,0.04482,-0.07568
17.06,-0.60599,0.27204,-0.07228,-0.56169,0.41824,-0.1311,-0.5915,0.49295,-0.15377,-0.55717,0.3665,-0.18679,-0.64279,0.34275,-0.19661,-0.6399,0.43964,-0.20478,-0.58498,0.4605,-0.23205,-0.59314,0.42746,-0.06236,-0.65605,0.48979,-0.05016,-0.61544,0.50701,-0.13686,-0.56986,0.49259,-0.18057,-0.61868,0.24417,-0.1016,-0.65168,0.10311,-0.13068,-0.5091,0.13989,-0.11204,-0.48243,0.06245,-0.113,-0.63153,0.24868,-0.04778,-0.76989,0.2177,-0.08936,-0.69368,0.09105,-0.07588,-0.75977,0.0427,-0.07435
17.08,-0.61326,0.26729,-0.07121,-0.56796,0.41267,-0.13128,-0.59927,0.48656,-0.15461,-0.56406,0.36048,-0.1866,-0.65028,0.33896,-0.19635,-0.64459,0.43567,-0.20512,-0.58897,0.45478,-0.23228,-0.59907,0.42267,-0.0625,-0.66047,0.48667,-0.05129,-0.6184,0.50195,-0.13765,-0.57302,0.48529,-0.18077,-0.62601,0.23955,-0.10062,-0.65643,0.09805,-0.13035,-0.51448,0.13746,-0.11228,-0.48643,0.06051,-0.11315,-0.63869,0.24379,-0.04674,-0.77723,0.21386,-0.08851,-0.69758,0.08927,-0.07577,-0.76345,0.04065,-0.07299
17.1,-0.61984,0.26323,-0.07041,-0.57352,0.40782,-0.13161,-0.60621,0.48091,-0.15557,-0.57017,0.35521,-0.18657,-0.65687,0.33578,-0.19644,-0.64853,0.43225,-0.20571,-0.59224,0.44972,-0.23259,-0.60441,0.41855,-0.06284,-0.66439,0.48403,-0.05257,-0.62095,0.49748,-0.13856,-0.57582,0.47869,-0.18105,-0.63265,0.23558,-0.09989,-0.66077,0.09371,-0.13012,-0.51942,0.13541,-0.11242,-0.49012,0.05892,-0.1133,-0.64519,0.23962,-0.04596,-0.78382,0.21035,-0.08787,-0.7011,0.08773,-0.07563,-0.76679,0.03896,-0.07173
17.12,-0.62481,0.26073,-0.07022,-0.5774,0.40461,-0.13225,-0.61111,0.477,-0.15691,-0.5743,0.35164,-0.18686,-0.6613,0.33399,-0.19734,-0.65065,0.43021,-0.20682,-0.59363,0.44629,-0.233,-0.60834,0.41599,-0.0636,-0.66716,0.48264,-0.05414,-0.62246,0.49456,-0.1397,-0.57754,0.47376,-0.18148,-0.63763,0.23307,-0.09969,-0.66425,0.09092,-0.12999,-0.52337,0.13415,-0.1122,-0.49307,0.05806,-0.11324,-0.65016,0.23714,-0.04576,-0.7887,0.20749,-0.08771,-0.70356,0.08654,-0.07541,-0.76923,0.03782,-0.07062
17.14,-0.62911,0.25888,-0.0703,-0.58057,0.4021,-0.133,-0.61516,0.47382,-0.15839,-0.57762,0.34878,-0.18729,-0.66484,0.33274,-0.19855,-0.65204,0.42869,-0.20812,-0.59429,0.44352,-0.23344,-0.61168,0.41407,-0.06453,-0.66945,0.48173,-0.05581,-0.62356,0.49227,-0.14092,-0.57888,0.46957,-0.18195,-0.64192,0.23117,-0.09972,-0.66732,0.08878,-0.12991,-0.52686,0.13322,-0.11187,-0.49567,0.05749,-0.11315,-0.65448,0.23535,-0.0458,-0.79285,0.20493,-0.08775,-0.70559,0.08553,-0.0752,-0.77129,0.03693,-0.06963
17.16,-0.63368,0.25678,-0.07028,-0.58405,0.39929,-0.1337,-0.61956,0.47032,-0.15977,-0.58129,0.34564,-0.18766,-0.6687,0.33124,-0.19963,-0.65374,0.42687,-0.20933,-0.59533,0.44039,-0.23385,-0.61527,0.41188,-0.06539,-0.67195,0.48055,-0.05743,-0.62489,0.48965,-0.14208,-0.58053,0.46508,-0.18238,-0.64649,0.22903,-0.09967,-0.67054,0.0864,-0.12983,-0.53052,0.13217,-0.11163,-0.49843,0.05683,-0.1131,-0.65906,0.23328,-0.04576,-0.79729,0.20227,-0.08774,-0.70784,0.08452,-0.075,-0.77355,0.03603,-0.06865
17.18,-0.63838,0.25458,-0.07017,-0.58763,0.39635,-0.13437,-0.62416,0.4666,-0.16112,-0.5851,0.34234,-0.18798,-0.67268,0.32974,-0.20071,-0.65537,0.42496,-0.21048,-0.59629,0.43705,-0.23413,-0.61892,0.40958,-0.06622,-0.67435,0.47935,-0.05903,-0.62614,0.48685,-0.14318,-0.58228,0.46021,-0.18271,-0.65121,0.2268,-0.09952,-0.67392,0.08394,-0.12963,-0.53439,0.13109,-0.11128,-0.50133,0.05617,-0.11299,-0.66377,0.23113,-0.04561,-0.80187,0.1995,-0.08755,-0.71019,0.08349,-0.07471,-0.77597,0.03522,-0.06756
17.2,-0.64264,0.2527,-0.07031,-0.59085,0.39381,-0.13513,-0.62814,0.46342,-0.16251,-0.58846,0.33948,-0.18843,-0.67613,0.32831,-0.20188,-0.65695,0.42316,-0.21173,-0.59733,0.43409,-0.23457,-0.6223,0.40761,-0.06716,-0.67677,0.47819,-0.0607,-0.62749,0.48438,-0.14434,-0.584,0.45618,-0.18319,-0.65545,0.22488,-0.09963,-0.67685,0.0818,-0.1297,-0.53776,0.13016,-0.11114,-0.50389,0.0556,-0.11301,-0.66806,0.22928,-0.04574,-0.80599,0.19702,-0.08778,-0.71231,0.08265,-0.07461,-0.77807,0.03444,-0.0668
17.22,-0.64595,0.25145,-0.07103,-0.59335,0.39215,-0.1361,-0.63064,0.46155,-0.16402,-0.5908,0.33761,-0.18917,-0.67844,0.32692,-0.20318,-0.65861,0.42162,-0.21319,-0.59872,0.43212,-0.23551,-0.62516,0.40631,-0.06838,-0.67949,0.47706,-0.06253,-0.62926,0.48273,-0.14563,-0.58553,0.45438,-0.1841,-0.65865,0.22361,-0.10037,-0.67865,0.08034,-0.13047,-0.53991,0.12954,-0.11151,-0.5056,0.05519,-0.11332,-0.67146,0.22808,-0.04654,-0.8091,0.19522,-0.08906,-0.71393,0.0822,-0.07503,-0.77933,0.03358,-0.06683
17.24,-0.64881,0.25051,-0.07199,-0.5955,0.39089,-0.13716,-0.63252,0.46023,-0.16557,-0.59269,0.33616,-0.19003,-0.68026,0.32559,-0.20455,-0.66026,0.42024,-0.21474,-0.60018,0.4306,-0.23663,-0.62775,0.40534,-0.0697,-0.68226,0.47599,-0.06441,-0.63112,0.48145,-0.14698,-0.58694,0.45344,-0.18518,-0.66138,0.22263,-0.10136,-0.68,0.07918,-0.13149,-0.54156,0.12908,-0.11207,-0.50696,0.05486,-0.11374,-0.67446,0.22716,-0.04759,-0.81176,0.19372,-0.09075,-0.71531,0.08192,-0.07563,-0.78025,0.03273,-0.06715
17.26,-0.65184,0.24947,-0.07285,-0.59779,0.38949,-0.13818,-0.63466,0.45869,-0.16711,-0.59476,0.33457,-0.19084,-0.68228,0.32426,-0.20588,-0.6619,0.41881,-0.21624,-0.60161,0.42891,-0.23765,-0.63043,0.40425,-0.07099,-0.68496,0.47493,-0.06626,-0.63294,0.48004,-0.1483,-0.58843,0.4521,-0.18617,-0.66428,0.22156,-0.10224,-0.68154,0.07794,-0.13238,-0.54344,0.12858,-0.11255,-0.50848,0.05452,-0.11411,-0.6776,0.22616,-0.04854,-0.81457,0.19212,-0.09226,-0.7168,0.08161,-0.07614,-0.78134,0.03195,-0.06733
17.28,-0.65501,0.24829,-0.07368,-0.60014,0.38793,-0.13915,-0.63683,0.45701,-0.1686,-0.59692,0.33281,-0.19159,-0.68437,0.32282,-0.2072,-0.66354,0.41725,-0.21771,-0.60302,0.42704,-0.23862,-0.63319,0.40302,-0.07223,-0.68777,0.4737,-0.06812,-0.63476,0.47849,-0.14954,-0.58984,0.45078,-0.18709,-0.66734,0.22036,-0.1031,-0.68309,0.07657,-0.13325,-0.54535,0.12802,-0.11298,-0.51003,0.05413,-0.11443,-0.68088,0.22501,-0.04947,-0.81754,0.19039,-0.09373,-0.7184,0.08126,-0.07664,-0.7825,0.03109,-0.06747
17.3,-0.65778,0.24745,-0.07462,-0.60227,0.38678,-0.14023,-0.6388,0.45574,-0.17016,-0.59881,0.33147,-0.19245,-0.68619,0.32161,-0.20853,-0.66519,0.41598,-0.21923,-0.6045,0.42564,-0.23972,-0.63572,0.40216,-0.07357,-0.69036,0.47282,-0.06998,-0.63659,0.47729,-0.15092,-0.59141,0.44962,-0.18818,-0.66996,0.21949,-0.10407,-0.68453,0.07557,-0.13419,-0.54709,0.12764,-0.11354,-0.51147,0.0539,-0.11486,-0.68377,0.22421,-0.05051,-0.82008,0.18899,-0.09537,-0.71979,0.08109,-0.07718,-0.7835,0.03049,-0.06772
17.32,-0.65957,0.24745,-0.07578,-0.60389,0.38662,-0.14158,-0.64037,0.45541,-0.17195,-0.60007,0.33113,-0.19359,-0.68738,0.32103,-0.20991,-0.66686,0.41549,-0.22085,-0.60616,0.42542,-0.24115,-0.63772,0.40218,-0.07515,-0.69234,0.47287,-0.07184,-0.63839,0.47688,-0.15267,-0.59345,0.44859,-0.18976,-0.67156,0.21943,-0.10526,-0.68585,0.07547,-0.13533,-0.54849,0.12769,-0.11442,-0.51273,0.05401,-0.11562,-0.68575,0.22426,-0.05181,-0.82162,0.18834,-0.09742,-0.72065,0.08133,-0.07783,-0.78414,0.03048,-0.06821
17.34,-0.66095,0.24776,-0.07704,-0.60529,0.38684,-0.14304,-0.64175,0.45546,-0.17382,-0.60107,0.33118,-0.19484,-0.6883,0.32069,-0.21131,-0.66853,0.41527,-0.22253,-0.60787,0.42563,-0.24274,-0.63949,0.40255,-0.07684,-0.6941,0.47325,-0.07371,-0.64017,0.47679,-0.15458,-0.59562,0.4477,-0.19153,-0.67273,0.21969,-0.10655,-0.68706,0.07572,-0.13654,-0.54972,0.12789,-0.11542,-0.51387,0.05425,-0.1165,-0.68733,0.22464,-0.05322,-0.82274,0.188,-0.09963,-0.7213,0.08172,-0.07852,-0.78463,0.0307,-0.0688
17.36,-0.66248,0.24794,-0.07826,-0.60676,0.3869,-0.14446,-0.6432,0.45535,-0.17564,-0.60218,0.33107,-0.19604,-0.68934,0.32024,-0.2127,-0.67017,0.41491,-0.22419,-0.60953,0.42561,-0.24428,-0.64132,0.40277,-0.07849,-0.69595,0.47347,-0.07558,-0.64194,0.47657,-0.15642,-0.59769,0.44682,-0.19321,-0.67407,0.21982,-0.1078,-0.68829,0.07582,-0.13771,-0.551,0.12802,-0.11636,-0.51504,0.05443,-0.11731,-0.68904,0.22488,-0.05458,-0.824,0.18754,-0.10174,-0.72205,0.08206,-0.07917,-0.78521,0.03084,-0.06933
17.38,-0.66418,0.24811,-0.07946,-0.60828,0.3869,-0.14585,-0.64462,0.45518,-0.17751,-0.6033,0.33089,-0.1972,-0.69038,0.31979,-0.21409,-0.67188,0.41456,-0.22584,-0.61126,0.42565,-0.24578,-0.64325,0.40297,-0.08015,-0.69781,0.47373,-0.07747,-0.64373,0.47628,-0.15829,-0.59997,0.44569,-0.19495,-0.67553,0.21994,-0.10904,-0.68966,0.07593,-0.13893,-0.55241,0.12814,-0.11734,-0.51635,0.0546,-0.11816,-0.69094,0.22511,-0.05596,-0.8254,0.18702,-0.10393,-0.72288,0.08242,-0.07984,-0.78586,0.03101,-0.06984
17.4,-0.66542,0.24836,-0.08072,-0.60964,0.38709,-0.14734,-0.64603,0.45519,-0.17931,-0.60432,0.33092,-0.19849,-0.69132,0.31939,-0.21547,-0.67343,0.41424,-0.22753,-0.61284,0.42565,-0.2474,-0.64491,0.40327,-0.08182,-0.69956,0.47397,-0.07933,-0.64543,0.4762,-0.16012,-0.60185,0.4451,-0.19658,-0.67661,0.22013,-0.11031,-0.6907,0.07609,-0.14006,-0.55349,0.12832,-0.11826,-0.51734,0.05482,-0.11895,-0.69235,0.22542,-0.05734,-0.8264,0.18669,-0.10596,-0.72352,0.08279,-0.08047,-0.78636,0.03123,-0.07038
17.42,-0.66565,0.24876,-0.08211,-0.61066,0.38764,-0.14908,-0.64745,0.45557,-0.18097,-0.60516,0.33141,-0.20013,-0.69211,0.31905,-0.21682,-0.67454,0.41391,-0.22931,-0.61402,0.42543,-0.24931,-0.64589,0.40377,-0.08353,-0.70103,0.4741,-0.08116,-0.64681,0.47657,-0.16188,-0.60255,0.44597,-0.19794,-0.6768,0.22046,-0.11165,-0.69086,0.07632,-0.14093,-0.5537,0.12863,-0.11896,-0.51752,0.05515,-0.11948,-0.69265,0.22591,-0.05872,-0.82652,0.18679,-0.1075,-0.72369,0.0831,-0.081,-0.78647,0.03147,-0.07093
17.44,-0.66543,0.24922,-0.08356,-0.61155,0.38835,-0.15092,-0.64889,0.45609,-0.18257,-0.60591,0.33209,-0.20192,-0.6928,0.31875,-0.21817,-0.67549,0.41359,-0.23113,-0.61505,0.42517,-0.25133,-0.64662,0.40434,-0.08524,-0.70239,0.47416,-0.08292,-0.64811,0.47713,-0.16359,-0.60288,0.4474,-0.19918,-0.67659,0.22085,-0.11302,-0.69066,0.07659,-0.14172,-0.55357,0.129,-0.11962,-0.51736,0.05553,-0.11995,-0.69245,0.22646,-0.06011,-0.82625,0.18707,-0.10887,-0.72364,0.08339,-0.0815,-0.78642,0.03174,-0.07152
17.46,-0.66534,0.24964,-0.08498,-0.61249,0.38898,-0.15271,-0.65033,0.45653,-0.18417,-0.60668,0.33268,-0.20365,-0.69349,0.31843,-0.21952,-0.6765,0.41327,-0.23292,-0.61614,0.42495,-0.2533,-0.64744,0.40487,-0.08695,-0.70381,0.47422,-0.08466,-0.64948,0.47758,-0.16528,-0.60342,0.44862,-0.20042,-0.6765,0.22119,-0.11438,-0.6906,0.07683,-0.14255,-0.55356,0.12934,-0.12031,-0.51732,0.05588,-0.12045,-0.6924,0.22697,-0.0615,-0.8261,0.18728,-0.1103,-0.72365,0.08368,-0.08202,-0.78642,0.032,-0.07209
17.48,-0.66555,0.25014,-0.08639,-0.61348,0.38957,-0.15453,-0.65173,0.45696,-0.18585,-0.60757,0.3332,-0.20538,-0.69431,0.31809,-0.22085,-0.67754,0.4129,-0.23474,-0.61723,0.4246,-0.25527,-0.64831,0.40544,-0.0887,-0.70517,0.47439,-0.08664,-0.6507,0.47807,-0.16715,-0.60394,0.44979,-0.20191,-0.67669,0.22162,-0.11572,-0.69066,0.07714,-0.14334,-0.55369,0.12973,-0.12094,-0.51741,0.05629,-0.12094,-0.69266,0.22756,-0.06288,-0.8262,0.18746,-0.11177,-0.72383,0.08406,-0.08251,-0.78654,0.0323,-0.07263
17.5,-0.66502,0.25048,-0.08785,-0.61435,0.39027,-0.15632,-0.65321,0.45742,-0.18738,-0.60821,0.3339,-0.20715,-0.69483,0.31777,-0.22223,-0.67848,0.41259,-0.2365,-0.61827,0.42446,-0.25725,-0.64903,0.40591,-0.09036,-0.70661,0.47426,-0.08808,-0.65225,0.47851,-0.16864,-0.60451,0.45124,-0.20288,-0.67618,0.22189,-0.1171,-0.69037,0.07733,-0.1442,-0.55346,0.13003,-0.12168,-0.51716,0.05661,-0.12145,-0.69215,0.22798,-0.06428,-0.82568,0.18776,-0.11312,-0.72362,0.08427,-0.08305,-0.78636,0.03253,-0.07326
17.52,-0.6627,0.25033,-0.08945,-0.61498,0.39114,-0.15796,-0.65496,0.45792,-0.1884,-0.60824,0.33501,-0.20897,-0.69467,0.3175,-0.22362,-0.67923,0.41245,-0.23805,-0.61929,0.42482,-0.25927,-0.64943,0.40602,-0.0917,-0.70821,0.47328,-0.08804,-0.65461,0.47869,-0.16903,-0.60528,0.45322,-0.2024,-0.67398,0.2217,-0.11861,-0.68927,0.07717,-0.14528,-0.55243,0.13006,-0.12274,-0.5161,0.05666,-0.12203,-0.68976,0.2279,-0.06575,-0.82361,0.18829,-0.11421,-0.72247,0.08402,-0.08375,-0.78547,0.03257,-0.07412
17.54,-0.65963,0.25002,-0.0911,-0.61553,0.39205,-0.15953,-0.65681,0.45837,-0.18922,-0.60807,0.33624,-0.2108,-0.69424,0.3172,-0.22506,-0.67993,0.41232,-0.23949,-0.62032,0.42533,-0.26125,-0.64968,0.40597,-0.09291,-0.70983,0.47187,-0.08739,-0.6573,0.47868,-0.16898,-0.60623,0.45549,-0.20137,-0.67106,0.22135,-0.12016,-0.6878,0.07691,-0.14642,-0.55104,0.13002,-0.12392,-0.51468,0.05663,-0.12264,-0.68659,0.22764,-0.06723,-0.82089,0.18894,-0.11518,-0.72092,0.08361,-0.0845,-0.78427,0.03255,-0.07507
17.56,-0.65682,0.2498,-0.09272,-0.61615,0.39287,-0.16109,-0.65863,0.45874,-0.1901,-0.60804,0.33737,-0.2126,-0.69393,0.31683,-0.22649,-0.68069,0.41211,-0.24094,-0.62139,0.42573,-0.26316,-0.64998,0.40591,-0.09413,-0.71138,0.47048,-0.08693,-0.6599,0.4786,-0.16906,-0.60728,0.45772,-0.20055,-0.6684,0.22108,-0.12168,-0.68643,0.07672,-0.14751,-0.54975,0.13003,-0.12505,-0.51336,0.05667,-0.12323,-0.68369,0.22747,-0.0687,-0.81838,0.18956,-0.11618,-0.71951,0.08329,-0.08521,-0.78316,0.03258,-0.07597
17.58,-0.65431,0.24953,-0.09439,-0.61685,0.39354,-0.16262,-0.66059,0.45896,-0.19077,-0.6082,0.33838,-0.21439,-0.69386,0.31651,-0.22764,-0.68153,0.41188,-0.24228,-0.62261,0.42593,-0.26524,-0.65032,0.40575,-0.09532,-0.71274,0.46913,-0.08647,-0.6622,0.47835,-0.16907,-0.60826,0.45976,-0.19975,-0.66601,0.22077,-0.12325,-0.68527,0.07649,-0.14865,-0.54869,0.13006,-0.12618,-0.51224,0.05675,-0.12381,-0.6811,0.22726,-0.07023,-0.81614,0.19011,-0.1173,-0.71826,0.08303,-0.08591,-0.7822,0.03265,-0.07683
17.6,-0.65103,0.24932,-0.09597,-0.61747,0.39432,-0.16412,-0.66236,0.45921,-0.19167,-0.60809,0.33951,-0.21614,-0.69332,0.31595,-0.22928,-0.6823,0.41152,-0.24368,-0.62368,0.42642,-0.26685,-0.65054,0.40558,-0.09646,-0.71429,0.46731,-0.0857,-0.66515,0.47802,-0.16896,-0.60981,0.46228,-0.19871,-0.66289,0.2205,-0.12472,-0.6836,0.07634,-0.14966,-0.54705,0.13008,-0.12733,-0.51063,0.05677,-0.12442,-0.6777,0.2271,-0.07163,-0.81318,0.19084,-0.11812,-0.71659,0.08265,-0.0866,-0.78088,0.03267,-0.07775
17.62,-0.64579,0.24927,-0.09727,-0.61781,0.39541,-0.16551,-0.66356,0.45963,-0.19323,-0.6072,0.34102,-0.21773,-0.69144,0.31486,-0.23222,-0.68283,0.41088,-0.24519,-0.62425,0.42767,-0.26713,-0.65049,0.40547,-0.09747,-0.71636,0.4644,-0.08406,-0.66986,0.47754,-0.16848,-0.61281,0.46607,-0.19694,-0.65793,0.22041,-0.12585,-0.68056,0.07645,-0.15025,-0.54388,0.13004,-0.12849,-0.50768,0.05664,-0.12505,-0.67225,0.22712,-0.07264,-0.80838,0.19205,-0.11815,-0.7138,0.08194,-0.08717,-0.77866,0.03263,-0.07877
17.64,-0.63981,0.24928,-0.09849,-0.61811,0.39646,-0.16677,-0.6646,0.45998,-0.19488,-0.60611,0.34259,-0.21923,-0.68905,0.31356,-0.23561,-0.68331,0.41003,-0.24663,-0.6248,0.42914,-0.26681,-0.65032,0.4052,-0.09833,-0.71838,0.46079,-0.08196,-0.67515,0.47656,-0.16766,-0.61667,0.47017,-0.19477,-0.65227,0.22036,-0.12688,-0.67702,0.07664,-0.15069,-0.54013,0.13,-0.12965,-0.50424,0.05648,-0.12568,-0.66603,0.2272,-0.07353,-0.80287,0.19344,-0.11789,-0.71062,0.08116,-0.08768,-0.77612,0.03261,-0.07983
17.66,-0.6342,0.24926,-0.09977,-0.61852,0.39726,-0.16793,-0.66578,0.46012,-0.19623,-0.60529,0.34396,-0.22067,-0.68694,0.31234,-0.2387,-0.68389,0.40913,-0.24788,-0.62561,0.43036,-0.26655,-0.65017,0.40471,-0.09907,-0.72002,0.45707,-0.07983,-0.68002,0.47515,-0.16664,-0.62066,0.47384,-0.19254,-0.64696,0.22028,-0.12797,-0.67371,0.07683,-0.15116,-0.53665,0.13001,-0.1308,-0.50103,0.05639,-0.12628,-0.66017,0.22725,-0.0745,-0.79767,0.19476,-0.11775,-0.70768,0.08049,-0.08817,-0.77378,0.03267,-0.08085
17.68,-0.62843,0.24926,-0.10094,-0.61894,0.3979,-0.16886,-0.667,0.4601,-0.19726,-0.60446,0.34524,-0.22191,-0.68473,0.3111,-0.24148,-0.68441,0.40809,-0.24887,-0.62641,0.43129,-0.266,-0.64997,0.40403,-0.09958,-0.72122,0.45314,-0.07717,-0.68484,0.47335,-0.16509,-0.62506,0.4776,-0.18967,-0.64147,0.22023,-0.12896,-0.67027,0.07707,-0.15151,-0.53303,0.13007,-0.13184,-0.49769,0.05635,-0.12677,-0.65418,0.22732,-0.07538,-0.79229,0.1961,-0.11759,-0.70466,0.07989,-0.08853,-0.77143,0.03295,-0.08168
17.7,-0.62284,0.24923,-0.10232,-0.61944,0.39832,-0.16984,-0.6682,0.45991,-0.19837,-0.60389,0.34635,-0.22328,-0.68263,0.30983,-0.24468,-0.68511,0.40694,-0.24989,-0.62761,0.4324,-0.26541,-0.6497,0.40316,-0.10012,-0.72235,0.44875,-0.07495,-0.68946,0.47097,-0.16375,-0.62986,0.48046,-0.18729,-0.6362,0.22014,-0.13012,-0.66696,0.07728,-0.15195,-0.52955,0.13011,-0.13303,-0.49446,0.05631,-0.12741,-0.64831,0.22737,-0.07643,-0.78708,0.19741,-0.11739,-0.70179,0.0793,-0.08899,-0.76909,0.03303,-0.08277
17.72,-0.61781,0.2491,-0.10429,-0.62011,0.39848,-0.17119,-0.66936,0.45958,-0.19995,-0.60391,0.34722,-0.22512,-0.68086,0.30857,-0.24912,-0.68628,0.40566,-0.25126,-0.62982,0.43426,-0.26504,-0.64929,0.40213,-0.10094,-0.72385,0.44355,-0.07419,-0.69375,0.4679,-0.16342,-0.63477,0.48122,-0.18667,-0.63162,0.21991,-0.13177,-0.66406,0.07729,-0.15271,-0.52651,0.13005,-0.13468,-0.49159,0.05622,-0.1285,-0.64291,0.22736,-0.07793,-0.78243,0.19856,-0.11714,-0.69933,0.07867,-0.08976,-0.76678,0.03248,-0.08466
17.74,-0.61301,0.24894,-0.10647,-0.62083,0.39851,-0.17254,-0.67048,0.45916,-0.20154,-0.60417,0.34798,-0.22702,-0.67917,0.30744,-0.2539,-0.68761,0.40433,-0.25263,-0.63252,0.43626,-0.26453,-0.6488,0.40098,-0.10176,-0.72526,0.43787,-0.07377,-0.69781,0.46443,-0.16322,-0.63967,0.48107,-0.18643,-0.62729,0.21964,-0.13358,-0.66131,0.07724,-0.15355,-0.52362,0.12998,-0.13646,-0.48883,0.05614,-0.1297,-0.63768,0.22734,-0.0796,-0.77796,0.19966,-0.11684,-0.69702,0.07805,-0.09059,-0.76454,0.03183,-0.08687
17.76,-0.60816,0.24879,-0.10857,-0.62152,0.39841,-0.17364,-0.67161,0.45864,-0.20276,-0.6044,0.34867,-0.2287,-0.67743,0.30645,-0.25828,-0.68884,0.40294,-0.25376,-0.63521,0.43786,-0.26372,-0.64825,0.39971,-0.10235,-0.72618,0.43207,-0.07283,-0.70165,0.46075,-0.16249,-0.64455,0.48089,-0.1855,-0.6229,0.21939,-0.13533,-0.65848,0.07724,-0.15429,-0.52067,0.12996,-0.13814,-0.486,0.05611,-0.13078,-0.63242,0.22733,-0.08121,-0.7734,0.20077,-0.11658,-0.69468,0.0775,-0.09131,-0.76238,0.03147,-0.08893
17.78,-0.60305,0.24863,-0.11061,-0.6222,0.39814,-0.17446,-0.67268,0.45798,-0.20371,-0.60474,0.34924,-0.23017,-0.67566,0.30551,-0.26256,-0.69015,0.40136,-0.25454,-0.63826,0.43932,-0.26241,-0.64748,0.39824,-0.10263,-0.72657,0.42571,-0.07133,-0.70545,0.45661,-0.16111,-0.6497,0.48039,-0.18395,-0.61825,0.21913,-0.13699,-0.65544,0.07725,-0.15491,-0.51752,0.12997,-0.13977,-0.48297,0.05613,-0.1318,-0.62686,0.2273,-0.08276,-0.76852,0.20193,-0.11624,-0.69219,0.07699,-0.09186,-0.7602,0.03135,-0.09096
17.8,-0.59855,0.24851,-0.11282,-0.62284,0.39784,-0.17533,-0.67377,0.45733,-0.20451,-0.60505,0.34978,-0.23166,-0.674,0.30492,-0.26665,-0.6913,0.39998,-0.25548,-0.64107,0.44045,-0.26132,-0.64686,0.3968,-0.10308,-0.72683,0.41974,-0.07037,-0.70864,0.45259,-0.1601,-0.6542,0.47948,-0.18267,-0.61417,0.21891,-0.13885,-0.65277,0.07728,-0.15567,-0.51476,0.13,-0.14144,-0.4803,0.05619,-0.13284,-0.62194,0.22731,-0.08452,-0.76422,0.20297,-0.11608,-0.69004,0.07658,-0.09258,-0.75825,0.03123,-0.09309
17.82,-0.59562,0.24852,-0.11548,-0.62344,0.39776,-0.17673,-0.67501,0.45695,-0.2054,-0.60511,0.35047,-0.23353,-0.67258,0.30497,-0.27051,-0.69201,0.39936,-0.2573,-0.64275,0.44121,-0.2615,-0.64687,0.39573,-0.1043,-0.72764,0.41537,-0.07142,-0.71069,0.44959,-0.16088,-0.657,0.47834,-0.18294,-0.61157,0.21884,-0.14122,-0.65112,0.07734,-0.15689,-0.51304,0.13005,-0.14326,-0.47867,0.05628,-0.13401,-0.61869,0.22743,-0.08684,-0.76152,0.20375,-0.11636,-0.68876,0.07636,-0.09385,-0.75679,0.03077,-0.09549
17.84,-0.59332,0.24858,-0.1183,-0.62402,0.39776,-0.17829,-0.67628,0.45667,-0.20629,-0.6051,0.35123,-0.23553,-0.6713,0.30532,-0.27428,-0.69257,0.39906,-0.25939,-0.64404,0.44187,-0.26213,-0.6471,0.39477,-0.10579,-0.72863,0.41157,-0.0732,-0.71229,0.447,-0.1623,-0.65913,0.47713,-0.1838,-0.60954,0.21883,-0.14379,-0.64984,0.07741,-0.15828,-0.51172,0.13013,-0.14514,-0.47743,0.0564,-0.13522,-0.6161,0.22757,-0.08936,-0.75942,0.20443,-0.11682,-0.68782,0.0762,-0.09532,-0.75558,0.03025,-0.09799
17.86,-0.59076,0.24861,-0.12106,-0.62458,0.39767,-0.17967,-0.67748,0.4563,-0.20703,-0.60516,0.35195,-0.23739,-0.67,0.30569,-0.27798,-0.69318,0.39866,-0.26121,-0.64554,0.44253,-0.26241,-0.64714,0.39368,-0.10705,-0.72926,0.40739,-0.07451,-0.71393,0.44418,-0.16325,-0.66147,0.47589,-0.18418,-0.60727,0.21879,-0.14627,-0.64837,0.07749,-0.15957,-0.5102,0.13023,-0.14698,-0.47598,0.05656,-0.13639,-0.61322,0.22771,-0.0918,-0.75702,0.20515,-0.11721,-0.68673,0.07605,-0.09666,-0.75434,0.02997,-0.10044
17.88,-0.58812,0.24864,-0.12379,-0.6251,0.39749,-0.181,-0.67867,0.45585,-0.20764,-0.60518,0.35261,-0.2392,-0.66859,0.30607,-0.28168,-0.69374,0.39818,-0.26309,-0.64701,0.44303,-0.26262,-0.64713,0.39251,-0.10828,-0.72979,0.40301,-0.0759,-0.71545,0.44113,-0.16424,-0.66372,0.47442,-0.18454,-0.60492,0.21874,-0.14872,-0.64682,0.07757,-0.16081,-0.50862,0.13035,-0.14883,-0.47445,0.05676,-0.13758,-0.61025,0.22784,-0.09421,-0.7545,0.2059,-0.11756,-0.68559,0.07592,-0.09791,-0.75308,0.02977,-0.10295
17.9,-0.58578,0.24869,-0.12661,-0.62559,0.3974,-0.18228,-0.67976,0.45552,-0.20821,-0.60527,0.35337,-0.24099,-0.66746,0.30676,-0.28516,-0.6943,0.398,-0.26472,-0.64844,0.44369,-0.26283,-0.6471,0.3914,-0.10948,-0.7301,0.39899,-0.07715,-0.71679,0.43853,-0.16502,-0.66579,0.47324,-0.18477,-0.60285,0.21873,-0.15128,-0.64544,0.07766,-0.16216,-0.50721,0.13049,-0.15066,-0.4731,0.05698,-0.13872,-0.60762,0.22798,-0.09675,-0.75226,0.20657,-0.11804,-0.68458,0.07581,-0.09927,-0.75204,0.02974,-0.10529
17.92,-0.58408,0.24879,-0.12964,-0.62602,0.39758,-0.18351,-0.68063,0.45556,-0.20882,-0.60549,0.35443,-0.2428,-0.667,0.30809,-0.28819,-0.69492,0.39852,-0.26571,-0.64981,0.44492,-0.26303,-0.64706,0.39055,-0.11066,-0.73007,0.39599,-0.07792,-0.71799,0.43706,-0.16527,-0.66766,0.47289,-0.18472,-0.60133,0.21879,-0.15414,-0.64441,0.07779,-0.16382,-0.50618,0.13064,-0.15242,-0.4722,0.05721,-0.13968,-0.60571,0.22813,-0.09959,-0.75068,0.20702,-0.11889,-0.68381,0.07574,-0.10094,-0.75139,0.02989,-0.10728
17.94,-0.58268,0.24891,-0.13273,-0.62643,0.39784,-0.18472,-0.68141,0.45574,-0.20943,-0.60576,0.35557,-0.24459,-0.66682,0.30965,-0.29101,-0.69556,0.39928,-0.26648,-0.65113,0.44631,-0.26321,-0.64702,0.38978,-0.11185,-0.72991,0.39341,-0.07857,-0.7191,0.43602,-0.16535,-0.6694,0.47282,-0.18459,-0.60008,0.21888,-0.1571,-0.64355,0.07792,-0.16557,-0.50533,0.13079,-0.15416,-0.4715,0.05744,-0.1406,-0.60414,0.22828,-0.10253,-0.74938,0.20738,-0.11986,-0.68315,0.07567,-0.10271,-0.75091,0.03009,-0.10905
17.96,-0.58118,0.24902,-0.13578,-0.62681,0.39802,-0.18589,-0.68217,0.45582,-0.20998,-0.60602,0.35663,-0.24633,-0.66655,0.31114,-0.29384,-0.69617,0.39991,-0.26729,-0.65245,0.44754,-0.26332,-0.64691,0.38895,-0.113,-0.72968,0.39063,-0.07927,-0.72016,0.43474,-0.16545,-0.67111,0.47256,-0.18443,-0.59873,0.21896,-0.15999,-0.6426,0.07806,-0.16727,-0.50439,0.13097,-0.15591,-0.47069,0.05771,-0.14156,-0.60243,0.22843,-0.10541,-0.74793,0.20779,-0.12076,-0.68242,0.07561,-0.10439,-0.75038,0.03034,-0.1108
17.98,-0.57956,0.24914,-0.13894,-0.62716,0.39818,-0.18708,-0.68291,0.45587,-0.21051,-0.60622,0.35774,-0.2481,-0.66624,0.31271,-0.29671,-0.69675,0.40053,-0.26809,-0.65379,0.44878,-0.26342,-0.64677,0.38804,-0.1142,-0.72937,0.38773,-0.08002,-0.72119,0.43333,-0.16555,-0.67282,0.47215,-0.18424,-0.59727,0.21905,-0.16299,-0.64158,0.07822,-0.16902,-0.50341,0.13123,-0.15768,-0.46982,0.05809,-0.14247,-0.60063,0.22861,-0.10841,-0.74637,0.20823,-0.12173,-0.68168,0.07556,-0.10612,-0.74978,0.03056,-0.11293
18,-0.57824,0.24923,-0.14185,-0.62749,0.39833,-0.18812,-0.68356,0.45596,-0.21093,-0.60655,0.35872,-0.24969,-0.66614,0.31423,-0.2993,-0.69737,0.40113,-0.26874,-0.65506,0.44988,-0.26335,-0.64656,0.38723,-0.11524,-0.72896,0.38512,-0.08064,-0.72209,0.43217,-0.1655,-0.67438,0.47191,-0.18393,-0.5961,0.21912,-0.16576,-0.6407,0.07834,-0.17064,-0.50254,0.13139,-0.15941,-0.46907,0.05835,-0.14346,-0.5991,0.22872,-0.11116,-0.74503,0.20858,-0.12257,-0.68096,0.07552,-0.1077,-0.74934,0.0309,-0.11412
18.02,-0.5776,0.24922,-0.14408,-0.62784,0.39846,-0.18881,-0.68402,0.45617,-0.21111,-0.60722,0.35941,-0.25085,-0.66653,0.3155,-0.30131,-0.69809,0.40168,-0.26907,-0.65619,0.45068,-0.26284,-0.64628,0.38672,-0.11587,-0.72848,0.38316,-0.08092,-0.7228,0.43162,-0.16507,-0.67571,0.47219,-0.18328,-0.59567,0.21915,-0.16789,-0.64019,0.07832,-0.17194,-0.50194,0.13121,-0.16107,-0.46857,0.05823,-0.14467,-0.5982,0.22866,-0.11325,-0.74428,0.20869,-0.12303,-0.6803,0.0755,-0.10894,-0.74932,0.03157,-0.11288
18.04,-0.57724,0.24918,-0.14604,-0.62817,0.39859,-0.18937,-0.68439,0.45645,-0.21122,-0.60801,0.35999,-0.25183,-0.66709,0.3167,-0.30307,-0.69883,0.40222,-0.26929,-0.65723,0.45135,-0.2622,-0.64597,0.38635,-0.11635,-0.72797,0.3815,-0.08107,-0.72343,0.43134,-0.16449,-0.67693,0.47267,-0.18252,-0.59552,0.21916,-0.16976,-0.63983,0.07824,-0.17311,-0.50145,0.13091,-0.16269,-0.46818,0.05796,-0.14593,-0.59757,0.22854,-0.11508,-0.74376,0.2087,-0.12335,-0.67966,0.0755,-0.11004,-0.74936,0.03247,-0.1107
18.06,-0.57678,0.24916,-0.14807,-0.62849,0.39872,-0.18995,-0.68477,0.45669,-0.21133,-0.60872,0.36062,-0.25285,-0.66757,0.31794,-0.30487,-0.69953,0.40274,-0.26953,-0.65826,0.45203,-0.2616,-0.64565,0.38592,-0.11687,-0.72743,0.37975,-0.08128,-0.72405,0.43093,-0.16394,-0.67816,0.47302,-0.18175,-0.59525,0.21919,-0.1717,-0.6394,0.0782,-0.17431,-0.50093,0.13069,-0.16427,-0.46774,0.0578,-0.14713,-0.59685,0.22846,-0.11699,-0.74313,0.20876,-0.12371,-0.67901,0.07549,-0.11117,-0.74924,0.0334,-0.10886
18.08,-0.57624,0.24911,-0.1503,-0.62875,0.39883,-0.19059,-0.68509,0.45693,-0.21145,-0.60943,0.36126,-0.25394,-0.66805,0.31929,-0.30679,-0.70022,0.40331,-0.2698,-0.65929,0.45272,-0.26094,-0.64524,0.38542,-0.11746,-0.72675,0.37779,-0.08158,-0.72466,0.43043,-0.16335,-0.67942,0.47334,-0.18088,-0.59492,0.21919,-0.17383,-0.63889,0.07814,-0.17564,-0.50031,0.13043,-0.16604,-0.46721,0.0576,-0.14847,-0.59601,0.22833,-0.11908,-0.74239,0.20882,-0.12419,-0.67831,0.07546,-0.11244,-0.74912,0.03462,-0.10734
18.1,-0.57593,0.24912,-0.15205,-0.62905,0.39896,-0.19105,-0.68542,0.45718,-0.21151,-0.61013,0.36181,-0.25477,-0.66854,0.32043,-0.30832,-0.70086,0.40377,-0.26996,-0.66022,0.45328,-0.26034,-0.64496,0.38508,-0.11788,-0.72623,0.37633,-0.08171,-0.72519,0.43012,-0.16275,-0.6805,0.47368,-0.18008,-0.5948,0.21924,-0.17549,-0.63855,0.07812,-0.17667,-0.49989,0.13025,-0.16741,-0.46686,0.05746,-0.14952,-0.59546,0.22828,-0.12072,-0.74189,0.20885,-0.12438,-0.6777,0.07548,-0.11339,-0.74877,0.03565,-0.10497
18.12,-0.57616,0.24929,-0.1526,-0.6295,0.39919,-0.19109,-0.68584,0.45747,-0.21146,-0.6108,0.36218,-0.25496,-0.66902,0.32099,-0.30886,-0.70142,0.40402,-0.26989,-0.66095,0.4536,-0.25995,-0.64511,0.38517,-0.11789,-0.7262,0.37615,-0.08137,-0.72559,0.43031,-0.16217,-0.68114,0.47409,-0.17958,-0.59513,0.21942,-0.17596,-0.63866,0.07822,-0.1769,-0.49997,0.1303,-0.16776,-0.46694,0.05753,-0.14982,-0.59556,0.22845,-0.12118,-0.74199,0.20882,-0.12384,-0.6773,0.07564,-0.11353,-0.74775,0.03601,-0.10031
18.14,-0.57662,0.24953,-0.15265,-0.62999,0.39946,-0.19096,-0.68628,0.45777,-0.21136,-0.61147,0.36246,-0.25489,-0.66951,0.32132,-0.30903,-0.70195,0.40417,-0.26971,-0.66159,0.45383,-0.25964,-0.64542,0.38543,-0.11773,-0.72636,0.37649,-0.08085,-0.72592,0.43071,-0.1616,-0.68159,0.47455,-0.17919,-0.59566,0.21965,-0.17594,-0.63894,0.07837,-0.17682,-0.50025,0.13043,-0.16771,-0.46719,0.05765,-0.14981,-0.59594,0.2287,-0.12117,-0.74233,0.20877,-0.123,-0.677,0.07585,-0.11335,-0.74635,0.03635,-0.09495
18.16,-0.57701,0.24973,-0.15289,-0.63045,0.39971,-0.19091,-0.68671,0.45806,-0.2113,-0.61215,0.36276,-0.25493,-0.67,0.32175,-0.30935,-0.70248,0.40437,-0.26959,-0.66226,0.45409,-0.2593,-0.64566,0.38562,-0.11764,-0.72644,0.37662,-0.08043,-0.72628,0.43103,-0.16106,-0.68212,0.47499,-0.17877,-0.59612,0.21985,-0.17611,-0.63916,0.0785,-0.17687,-0.50045,0.13052,-0.16782,-0.46738,0.05775,-0.14992,-0.59621,0.22892,-0.12134,-0.74258,0.20873,-0.12229,-0.67669,0.07604,-0.11331,-0.74493,0.03707,-0.09021
18.18,-0.57732,0.24996,-0.15328,-0.63093,0.39999,-0.19087,-0.68717,0.45838,-0.21118,-0.61284,0.36314,-0.25501,-0.6705,0.32225,-0.30973,-0.70305,0.40459,-0.26945,-0.663,0.45439,-0.25894,-0.64588,0.38577,-0.11757,-0.72647,0.37663,-0.07997,-0.72666,0.43131,-0.16042,-0.6827,0.47541,-0.17826,-0.59652,0.22006,-0.17641,-0.63933,0.07865,-0.17698,-0.50059,0.13062,-0.16807,-0.46752,0.05785,-0.15015,-0.5964,0.22915,-0.12165,-0.74273,0.20869,-0.1216,-0.67626,0.07624,-0.11337,-0.74306,0.03826,-0.085
18.2,-0.57782,0.25016,-0.15324,-0.63139,0.40022,-0.19077,-0.68756,0.45864,-0.21118,-0.61347,0.36333,-0.25494,-0.67097,0.32252,-0.3099,-0.70352,0.40472,-0.26933,-0.66356,0.45456,-0.25865,-0.64618,0.38604,-0.11744,-0.72665,0.37702,-0.07955,-0.72695,0.43172,-0.15998,-0.68309,0.47587,-0.17797,-0.59707,0.22026,-0.17633,-0.63963,0.07877,-0.17689,-0.50089,0.13074,-0.16793,-0.4678,0.05797,-0.15006,-0.59683,0.22935,-0.12156,-0.74312,0.20864,-0.12081,-0.6761,0.07643,-0.11316,-0.7416,0.03921,-0.08101
18.22,-0.57882,0.25031,-0.15224,-0.63178,0.40039,-0.19055,-0.68773,0.45881,-0.21155,-0.61397,0.36311,-0.25451,-0.67134,0.3224,-0.30967,-0.70375,0.40473,-0.26927,-0.6637,0.45448,-0.25847,-0.64668,0.38663,-0.11715,-0.72724,0.37823,-0.07931,-0.72703,0.4325,-0.16004,-0.68305,0.47645,-0.17821,-0.59804,0.22043,-0.17537,-0.64026,0.07883,-0.17637,-0.5016,0.13094,-0.16689,-0.46845,0.05814,-0.14925,-0.59788,0.22948,-0.1206,-0.74415,0.20858,-0.1199,-0.67669,0.07659,-0.11234,-0.74181,0.0387,-0.08021
18.24,-0.57999,0.25044,-0.15082,-0.63213,0.40051,-0.19027,-0.68782,0.45891,-0.21203,-0.61439,0.3627,-0.25395,-0.67167,0.32202,-0.30923,-0.70386,0.40464,-0.26923,-0.66366,0.45425,-0.25839,-0.64723,0.38734,-0.11681,-0.72795,0.37982,-0.07914,-0.727,0.43342,-0.16031,-0.6828,0.47704,-0.17871,-0.59914,0.22057,-0.17405,-0.64099,0.07888,-0.17565,-0.50246,0.13117,-0.16549,-0.46924,0.05834,-0.14814,-0.59916,0.22959,-0.11927,-0.7454,0.20852,-0.1189,-0.67755,0.07673,-0.11127,-0.7426,0.03763,-0.08048
18.26,-0.58107,0.25057,-0.14956,-0.63248,0.40062,-0.19003,-0.68792,0.45901,-0.21244,-0.61484,0.36233,-0.25344,-0.67202,0.32165,-0.30882,-0.704,0.40452,-0.26917,-0.66365,0.45402,-0.25832,-0.64773,0.38799,-0.1165,-0.72857,0.38131,-0.07893,-0.72698,0.43426,-0.16051,-0.68258,0.47759,-0.17915,-0.60016,0.22072,-0.17285,-0.64167,0.07893,-0.17499,-0.50324,0.13139,-0.16422,-0.46996,0.05852,-0.14714,-0.60032,0.2297,-0.11807,-0.74654,0.20846,-0.1179,-0.67827,0.07689,-0.11029,-0.74308,0.03684,-0.08021
18.28,-0.58224,0.25075,-0.14842,-0.63288,0.40084,-0.18969,-0.68805,0.45919,-0.21286,-0.61534,0.36215,-0.25289,-0.67236,0.32171,-0.30861,-0.70423,0.40468,-0.26907,-0.6638,0.45406,-0.25796,-0.64828,0.38864,-0.11612,-0.72926,0.38251,-0.07875,-0.72704,0.4351,-0.16055,-0.68251,0.47825,-0.17927,-0.60126,0.22092,-0.17179,-0.64239,0.07903,-0.17441,-0.50406,0.13163,-0.16303,-0.47072,0.05873,-0.1462,-0.60156,0.22984,-0.117,-0.74775,0.20839,-0.11702,-0.67906,0.07704,-0.10939,-0.74364,0.03602,-0.08015
18.3,-0.58326,0.25082,-0.14693,-0.63314,0.4008,-0.18953,-0.68808,0.45914,-0.21326,-0.6157,0.36149,-0.25238,-0.67271,0.3208,-0.30792,-0.70423,0.40422,-0.26906,-0.66357,0.45346,-0.25821,-0.6487,0.38929,-0.11588,-0.72977,0.38437,-0.07854,-0.72685,0.43593,-0.16098,-0.68205,0.47861,-0.18011,-0.60222,0.221,-0.17037,-0.64303,0.07903,-0.17363,-0.50483,0.13183,-0.16161,-0.47141,0.0589,-0.14508,-0.60268,0.22991,-0.11558,-0.74885,0.20833,-0.1159,-0.67976,0.07719,-0.10826,-0.74413,0.03518,-0.07995
18.32,-0.58388,0.25062,-0.14459,-0.63303,0.40005,-0.18987,-0.68785,0.45853,-0.21354,-0.61569,0.35958,-0.25199,-0.67312,0.31733,-0.30593,-0.70359,0.40211,-0.26924,-0.66224,0.45113,-0.2601,-0.64873,0.38991,-0.11605,-0.72973,0.38803,-0.07829,-0.726,0.4367,-0.16242,-0.68058,0.47812,-0.18285,-0.60275,0.22077,-0.16805,-0.64343,0.07879,-0.17234,-0.50543,0.13193,-0.15963,-0.47184,0.05897,-0.14357,-0.60342,0.22975,-0.11327,-0.7496,0.20826,-0.11412,-0.68015,0.0773,-0.10666,-0.74429,0.03446,-0.07908
18.34,-0.58436,0.25033,-0.1419,-0.63276,0.39901,-0.19037,-0.68747,0.45769,-0.21377,-0.61554,0.35716,-0.25161,-0.67351,0.31296,-0.30334,-0.7027,0.39935,-0.2695,-0.66053,0.44802,-0.26256,-0.64858,0.39048,-0.11637,-0.72936,0.3923,-0.07812,-0.72489,0.43737,-0.16421,-0.67878,0.47718,-0.1862,-0.60313,0.22043,-0.16538,-0.64374,0.07847,-0.17083,-0.50597,0.13201,-0.15741,-0.47218,0.05903,-0.14188,-0.60401,0.22953,-0.11062,-0.75022,0.20819,-0.11209,-0.68042,0.0774,-0.1048,-0.74436,0.03375,-0.07804
18.36,-0.58488,0.25008,-0.13937,-0.6325,0.39802,-0.19077,-0.68707,0.4569,-0.21401,-0.61542,0.3549,-0.25117,-0.67387,0.30904,-0.30088,-0.70191,0.39681,-0.26971,-0.659,0.44507,-0.2647,-0.64845,0.39102,-0.11664,-0.72892,0.39618,-0.07807,-0.72387,0.43793,-0.16578,-0.67716,0.47624,-0.18915,-0.60357,0.22013,-0.16285,-0.64408,0.07819,-0.16942,-0.50652,0.13212,-0.15527,-0.47255,0.05911,-0.14026,-0.60466,0.22934,-0.10812,-0.75087,0.20814,-0.11018,-0.68074,0.07752,-0.10299,-0.74446,0.03303,-0.07711
18.38,-0.58549,0.24981,-0.13684,-0.63223,0.397,-0.19113,-0.68659,0.45614,-0.2142,-0.61529,0.35265,-0.25067,-0.67426,0.30522,-0.29825,-0.70099,0.39433,-0.26985,-0.65728,0.44203,-0.26685,-0.64833,0.39149,-0.11691,-0.7284,0.40021,-0.07812,-0.72282,0.43855,-0.16735,-0.67552,0.47523,-0.19209,-0.60409,0.21984,-0.16036,-0.64443,0.0779,-0.16803,-0.50709,0.1322,-0.15321,-0.47294,0.05918,-0.13866,-0.60539,0.22911,-0.10564,-0.75161,0.20803,-0.10828,-0.68108,0.07761,-0.10148,-0.7445,0.03238,-0.07613
18.4,-0.58586,0.24956,-0.13424,-0.63185,0.39583,-0.19157,-0.68604,0.45521,-0.21444,-0.61511,0.35018,-0.25017,-0.67451,0.30115,-0.29554,-0.7002,0.39145,-0.27007,-0.65583,0.43863,-0.26898,-0.64801,0.39193,-0.11726,-0.72756,0.4039,-0.07827,-0.72172,0.43882,-0.16887,-0.67393,0.47393,-0.19494,-0.60437,0.21951,-0.15773,-0.64468,0.07764,-0.16654,-0.50759,0.13235,-0.15093,-0.4732,0.05933,-0.13696,-0.60589,0.22897,-0.10305,-0.75211,0.20802,-0.10632,-0.68131,0.07777,-0.09927,-0.74457,0.03164,-0.07519
18.42,-0.58564,0.24939,-0.13145,-0.63128,0.39438,-0.19222,-0.68539,0.45391,-0.21486,-0.6149,0.34724,-0.24974,-0.67453,0.29646,-0.29283,-0.69989,0.38765,-0.27042,-0.65529,0.43462,-0.27099,-0.64719,0.39238,-0.11778,-0.7262,0.40669,-0.07848,-0.72053,0.43835,-0.17028,-0.67249,0.47217,-0.19755,-0.60405,0.21914,-0.15476,-0.64472,0.07744,-0.16481,-0.50798,0.1327,-0.14811,-0.47319,0.05972,-0.135,-0.60582,0.22909,-0.10018,-0.75206,0.20836,-0.10416,-0.6813,0.07819,-0.09524,-0.74476,0.03075,-0.07447
18.44,-0.58516,0.24924,-0.12862,-0.63057,0.39276,-0.19295,-0.68462,0.45244,-0.21535,-0.61461,0.34407,-0.24929,-0.67437,0.29154,-0.29004,-0.69967,0.38346,-0.27076,-0.65499,0.43031,-0.2729,-0.64616,0.39275,-0.11842,-0.72461,0.40913,-0.07881,-0.71927,0.43754,-0.17169,-0.67103,0.47013,-0.20009,-0.60346,0.21873,-0.15167,-0.64462,0.07727,-0.163,-0.50828,0.13313,-0.14508,-0.47302,0.06021,-0.13293,-0.60551,0.22931,-0.09721,-0.75176,0.20879,-0.10196,-0.68119,0.07872,-0.09054,-0.74486,0.02997,-0.07384
18.46,-0.58478,0.24908,-0.12583,-0.62987,0.39111,-0.19361,-0.68379,0.45098,-0.21579,-0.6143,0.34095,-0.24875,-0.67421,0.28683,-0.28714,-0.69935,0.3794,-0.27098,-0.65452,0.42601,-0.27468,-0.64519,0.39305,-0.11904,-0.72305,0.41164,-0.07925,-0.71798,0.43677,-0.17309,-0.66954,0.46804,-0.20259,-0.60298,0.21834,-0.14866,-0.64454,0.0771,-0.16124,-0.5086,0.13355,-0.14214,-0.47289,0.0607,-0.13088,-0.60529,0.22949,-0.09432,-0.75154,0.20915,-0.09983,-0.68114,0.07921,-0.08615,-0.74485,0.02938,-0.07319
18.48,-0.5845,0.24893,-0.12293,-0.62913,0.38938,-0.19419,-0.6828,0.44957,-0.21614,-0.61408,0.33773,-0.24807,-0.67419,0.28208,-0.28386,-0.69905,0.37524,-0.27101,-0.65404,0.42151,-0.27637,-0.64411,0.39334,-0.11963,-0.72133,0.41429,-0.07975,-0.71662,0.43603,-0.17445,-0.66795,0.46591,-0.20501,-0.60261,0.21796,-0.14553,-0.64448,0.07694,-0.15942,-0.50899,0.13402,-0.13907,-0.47281,0.06127,-0.12869,-0.60516,0.22966,-0.09132,-0.75142,0.20963,-0.09755,-0.68117,0.07984,-0.08181,-0.74475,0.02899,-0.07283
18.5,-0.58394,0.24876,-0.12025,-0.6283,0.38756,-0.19483,-0.68183,0.44793,-0.21665,-0.61356,0.33454,-0.24747,-0.67372,0.27756,-0.281,-0.69859,0.37108,-0.27112,-0.65349,0.41708,-0.27785,-0.64307,0.39341,-0.12036,-0.71968,0.41642,-0.08045,-0.71526,0.43497,-0.17584,-0.66643,0.46352,-0.20738,-0.60194,0.21755,-0.1426,-0.64425,0.07679,-0.15771,-0.50919,0.13445,-0.13617,-0.47253,0.06182,-0.12669,-0.60479,0.22986,-0.08854,-0.75102,0.20988,-0.09559,-0.68106,0.08027,-0.07726,-0.74451,0.02874,-0.07202
18.52,-0.58264,0.24863,-0.11815,-0.62732,0.38569,-0.19571,-0.68108,0.44582,-0.21759,-0.61228,0.33163,-0.24719,-0.67208,0.27358,-0.27952,-0.69769,0.36709,-0.27166,-0.65273,0.41314,-0.27899,-0.64228,0.39304,-0.12141,-0.71841,0.41738,-0.08139,-0.71401,0.43323,-0.17726,-0.66511,0.46071,-0.20965,-0.60044,0.21713,-0.14024,-0.64363,0.07674,-0.15629,-0.50891,0.13481,-0.13382,-0.47182,0.06228,-0.12528,-0.60383,0.23018,-0.08639,-0.7499,0.20952,-0.09451,-0.68063,0.08019,-0.07205,-0.74411,0.02847,-0.06977
18.54,-0.58107,0.24848,-0.11626,-0.62622,0.38372,-0.19668,-0.68035,0.44347,-0.21869,-0.61068,0.32875,-0.24703,-0.66999,0.26974,-0.27851,-0.69657,0.36311,-0.27234,-0.65183,0.40932,-0.28,-0.6415,0.39245,-0.12259,-0.71722,0.41788,-0.08246,-0.71273,0.43123,-0.1787,-0.66379,0.45769,-0.21189,-0.59866,0.21667,-0.13809,-0.64285,0.07669,-0.15499,-0.50843,0.13515,-0.13164,-0.47093,0.06273,-0.12407,-0.60262,0.23052,-0.08447,-0.7485,0.20893,-0.09371,-0.68014,0.07999,-0.06668,-0.74362,0.02824,-0.06708
18.56,-0.57962,0.24832,-0.11429,-0.62507,0.38171,-0.19757,-0.67948,0.44117,-0.2197,-0.60916,0.32579,-0.24675,-0.66808,0.26585,-0.27719,-0.69545,0.35909,-0.27287,-0.65086,0.40536,-0.28097,-0.6406,0.39189,-0.12372,-0.71588,0.41857,-0.08357,-0.71134,0.42933,-0.18014,-0.66234,0.45465,-0.2141,-0.59702,0.21622,-0.13585,-0.64208,0.07664,-0.15369,-0.50803,0.13552,-0.12937,-0.47008,0.06324,-0.12274,-0.60152,0.23082,-0.08248,-0.74721,0.20845,-0.09274,-0.67976,0.07998,-0.06153,-0.74309,0.02814,-0.06472
18.58,-0.57815,0.24825,-0.11225,-0.6239,0.37971,-0.1984,-0.67851,0.43894,-0.22065,-0.6076,0.32286,-0.24637,-0.66609,0.26195,-0.27571,-0.69433,0.355,-0.27324,-0.64995,0.40139,-0.28186,-0.63971,0.39133,-0.12483,-0.71447,0.41929,-0.08457,-0.70991,0.42734,-0.1814,-0.66087,0.45163,-0.21606,-0.59535,0.21585,-0.13353,-0.64128,0.07669,-0.15236,-0.50762,0.13603,-0.127,-0.46924,0.06389,-0.12129,-0.60045,0.23127,-0.08044,-0.74592,0.20805,-0.09186,-0.67961,0.08027,-0.05575,-0.74257,0.02824,-0.06192
18.6,-0.57667,0.24798,-0.11041,-0.62259,0.37752,-0.19931,-0.6775,0.43643,-0.22167,-0.60596,0.31978,-0.24608,-0.66412,0.2581,-0.27446,-0.693,0.35099,-0.27376,-0.64867,0.39737,-0.2827,-0.63866,0.39057,-0.12603,-0.71303,0.4198,-0.08596,-0.70835,0.42542,-0.18296,-0.65921,0.44837,-0.21836,-0.59372,0.21533,-0.13142,-0.64042,0.07655,-0.1512,-0.50716,0.13635,-0.12481,-0.46831,0.06439,-0.12004,-0.59926,0.23143,-0.07857,-0.74455,0.20748,-0.0908,-0.67919,0.08023,-0.05126,-0.74188,0.02824,-0.05994
18.62,-0.57518,0.24708,-0.10901,-0.62105,0.37488,-0.20043,-0.67658,0.4332,-0.2228,-0.60427,0.31628,-0.24607,-0.66233,0.25425,-0.27385,-0.69125,0.34711,-0.2748,-0.64653,0.39315,-0.28351,-0.63728,0.38929,-0.12744,-0.71166,0.41974,-0.08831,-0.70663,0.42367,-0.18537,-0.65717,0.44444,-0.22168,-0.59226,0.21434,-0.12984,-0.63946,0.07585,-0.15043,-0.50658,0.13606,-0.12309,-0.46725,0.06431,-0.11934,-0.59778,0.23071,-0.07709,-0.74301,0.20637,-0.08924,-0.67772,0.07887,-0.05037,-0.74084,0.02765,-0.0604
18.64,-0.57369,0.24598,-0.10778,-0.61943,0.37207,-0.20162,-0.67569,0.42969,-0.22397,-0.60255,0.31264,-0.24614,-0.66058,0.25039,-0.27348,-0.68936,0.34327,-0.27602,-0.64412,0.38888,-0.28429,-0.6358,0.3878,-0.12894,-0.71034,0.41939,-0.09103,-0.70486,0.42193,-0.18811,-0.65509,0.44022,-0.22531,-0.59084,0.21319,-0.12848,-0.6385,0.07496,-0.14981,-0.50598,0.13555,-0.12156,-0.46617,0.06401,-0.11884,-0.59619,0.22969,-0.07575,-0.74141,0.20508,-0.0875,-0.67589,0.07707,-0.05075,-0.73971,0.02689,-0.06163
18.66,-0.57221,0.24499,-0.10648,-0.61785,0.36928,-0.20275,-0.67476,0.42625,-0.2251,-0.60083,0.30905,-0.24612,-0.65881,0.24652,-0.27296,-0.68751,0.33936,-0.27711,-0.64185,0.38462,-0.28501,-0.63438,0.38635,-0.1304,-0.70899,0.41907,-0.09361,-0.70311,0.42008,-0.1907,-0.65312,0.43604,-0.22867,-0.58941,0.21213,-0.12703,-0.63754,0.07418,-0.14911,-0.5054,0.13515,-0.11995,-0.46513,0.06384,-0.11824,-0.59466,0.22884,-0.07435,-0.73985,0.20391,-0.08583,-0.67427,0.07553,-0.05051,-0.73863,0.02628,-0.0624
18.68,-0.5707,0.24392,-0.10517,-0.61627,0.36638,-0.20378,-0.67384,0.42275,-0.22596,-0.59912,0.30537,-0.24601,-0.657,0.24253,-0.27233,-0.68569,0.3353,-0.27808,-0.63962,0.3802,-0.28555,-0.63294,0.38476,-0.13179,-0.70766,0.41857,-0.09621,-0.70133,0.41808,-0.19328,-0.65118,0.43154,-0.232,-0.58796,0.21099,-0.12557,-0.63652,0.07333,-0.14844,-0.50478,0.1347,-0.1183,-0.46407,0.06363,-0.11762,-0.59309,0.22788,-0.07293,-0.73823,0.20257,-0.08419,-0.6725,0.07383,-0.05048,-0.73747,0.02568,-0.06346
18.7,-0.56925,0.24297,-0.10393,-0.61465,0.36354,-0.20492,-0.67285,0.41923,-0.22723,-0.59738,0.30177,-0.24596,-0.65523,0.23871,-0.27182,-0.68375,0.33141,-0.27921,-0.63729,0.37599,-0.28627,-0.6315,0.38326,-0.13332,-0.70627,0.41815,-0.09893,-0.69955,0.41615,-0.19595,-0.64931,0.42739,-0.23525,-0.58656,0.20997,-0.12416,-0.63561,0.0726,-0.14775,-0.50423,0.13433,-0.11676,-0.46311,0.06349,-0.11706,-0.59159,0.22707,-0.07159,-0.73672,0.20154,-0.08244,-0.67096,0.07241,-0.05036,-0.73646,0.02517,-0.06405
18.72,-0.56796,0.24244,-0.10284,-0.61296,0.36099,-0.20636,-0.67167,0.41573,-0.22963,-0.59556,0.29841,-0.2461,-0.65358,0.23536,-0.27161,-0.68148,0.3281,-0.28079,-0.63472,0.37239,-0.28764,-0.63005,0.38213,-0.13523,-0.7047,0.41821,-0.10181,-0.69781,0.41458,-0.19877,-0.64751,0.42443,-0.23838,-0.58529,0.20931,-0.12282,-0.63498,0.07225,-0.14691,-0.50384,0.13422,-0.1154,-0.46239,0.06359,-0.11663,-0.59029,0.22679,-0.07037,-0.73552,0.20147,-0.08043,-0.67016,0.07182,-0.04961,-0.73587,0.02482,-0.06313
18.74,-0.56673,0.24204,-0.10182,-0.61123,0.35851,-0.2079,-0.67041,0.41218,-0.23243,-0.59371,0.29513,-0.2463,-0.65196,0.23218,-0.27153,-0.67908,0.32495,-0.28253,-0.63205,0.36898,-0.28921,-0.62861,0.38109,-0.13728,-0.70307,0.41838,-0.10479,-0.69606,0.41311,-0.20167,-0.64571,0.42186,-0.24147,-0.58408,0.20876,-0.12155,-0.63445,0.07204,-0.14607,-0.50351,0.13422,-0.11414,-0.46177,0.06377,-0.11627,-0.58908,0.22668,-0.06924,-0.73443,0.20175,-0.07834,-0.66964,0.07154,-0.04875,-0.73546,0.02455,-0.06175
18.76,-0.56548,0.24158,-0.10079,-0.60952,0.35592,-0.20933,-0.66917,0.40856,-0.23495,-0.59187,0.29179,-0.2464,-0.6503,0.22889,-0.27134,-0.67673,0.32163,-0.28412,-0.62943,0.36541,-0.29059,-0.62717,0.37991,-0.13925,-0.70148,0.41835,-0.10775,-0.6943,0.41147,-0.20452,-0.64389,0.419,-0.2445,-0.58286,0.20816,-0.12026,-0.63386,0.07175,-0.14525,-0.50315,0.13417,-0.11283,-0.46113,0.06393,-0.11586,-0.58785,0.22647,-0.06809,-0.73331,0.20187,-0.0763,-0.66902,0.07112,-0.04798,-0.73501,0.02429,-0.06063
18.78,-0.56418,0.24113,-0.09969,-0.60779,0.35325,-0.21071,-0.66794,0.40481,-0.23733,-0.59006,0.28836,-0.24639,-0.64867,0.22552,-0.27104,-0.67431,0.31821,-0.28567,-0.62676,0.36175,-0.29194,-0.62566,0.37868,-0.14119,-0.69977,0.41829,-0.11072,-0.6925,0.40975,-0.20734,-0.64209,0.41605,-0.24753,-0.58159,0.20758,-0.11889,-0.63323,0.0715,-0.14436,-0.50277,0.13418,-0.11145,-0.46047,0.06415,-0.11542,-0.58655,0.22631,-0.06686,-0.73212,0.20208,-0.07422,-0.66846,0.07077,-0.04712,-0.73458,0.02401,-0.05936
18.8,-0.56302,0.24068,-0.09875,-0.60608,0.35064,-0.21211,-0.66664,0.40111,-0.23987,-0.58818,0.28507,-0.24645,-0.64694,0.22228,-0.27086,-0.67195,0.31485,-0.28719,-0.62418,0.35818,-0.29324,-0.62428,0.3774,-0.14318,-0.69824,0.41809,-0.11374,-0.69073,0.40801,-0.2102,-0.64022,0.41316,-0.25042,-0.58045,0.207,-0.11771,-0.63266,0.07122,-0.14362,-0.50244,0.13414,-0.11023,-0.4599,0.06431,-0.11502,-0.58542,0.22611,-0.06583,-0.73109,0.20222,-0.07223,-0.66791,0.07042,-0.04642,-0.73423,0.02385,-0.05831
18.82,-0.56222,0.24017,-0.09824,-0.60442,0.34829,-0.21368,-0.66513,0.39768,-0.243,-0.5861,0.28223,-0.24683,-0.6449,0.21943,-0.27111,-0.66983,0.31179,-0.2887,-0.62187,0.35494,-0.29454,-0.62329,0.37608,-0.14534,-0.69714,0.41766,-0.11691,-0.68907,0.40634,-0.21318,-0.63817,0.41051,-0.25303,-0.57962,0.20642,-0.11711,-0.63224,0.07087,-0.14337,-0.50223,0.13395,-0.10949,-0.45952,0.06426,-0.11478,-0.58469,0.22574,-0.06531,-0.73045,0.20207,-0.07044,-0.66728,0.06996,-0.04623,-0.73402,0.02399,-0.05812
18.84,-0.56159,0.23965,-0.09788,-0.60279,0.34603,-0.21527,-0.66353,0.39433,-0.2463,-0.58398,0.27955,-0.2473,-0.64278,0.21672,-0.27148,-0.6678,0.30884,-0.29018,-0.61967,0.35182,-0.2958,-0.62244,0.37474,-0.14754,-0.69622,0.41713,-0.12012,-0.68744,0.40467,-0.2162,-0.63606,0.40795,-0.2555,-0.57894,0.20585,-0.1167,-0.6319,0.0705,-0.14328,-0.50209,0.13372,-0.10891,-0.45924,0.06414,-0.1146,-0.58416,0.22532,-0.06497,-0.72999,0.20184,-0.06875,-0.66667,0.0695,-0.0462,-0.7339,0.02426,-0.05813
18.86,-0.5609,0.23914,-0.09744,-0.60115,0.3437,-0.21678,-0.66194,0.39088,-0.24938,-0.58191,0.27679,-0.24764,-0.64071,0.21391,-0.27171,-0.66573,0.30579,-0.29159,-0.61743,0.3486,-0.29698,-0.6215,0.37337,-0.14967,-0.6952,0.41656,-0.12331,-0.68577,0.40293,-0.21916,-0.63396,0.40529,-0.25796,-0.5782,0.20528,-0.11619,-0.63153,0.07014,-0.14312,-0.50193,0.13351,-0.10824,-0.45893,0.06407,-0.11439,-0.58357,0.22493,-0.06454,-0.72946,0.20166,-0.06704,-0.6661,0.06908,-0.04609,-0.7338,0.02451,-0.05794
18.88,-0.56012,0.2386,-0.09706,-0.59938,0.34127,-0.21836,-0.6602,0.38723,-0.25262,-0.57967,0.27396,-0.24802,-0.63854,0.21112,-0.27203,-0.66357,0.30275,-0.29301,-0.61509,0.3454,-0.29816,-0.62051,0.37188,-0.15191,-0.69403,0.41593,-0.1265,-0.684,0.40115,-0.22212,-0.63179,0.4026,-0.26042,-0.5774,0.20469,-0.11574,-0.63109,0.06976,-0.14299,-0.50169,0.13329,-0.10764,-0.45856,0.06397,-0.11416,-0.58285,0.2245,-0.06417,-0.72881,0.20152,-0.06521,-0.66554,0.06864,-0.04602,-0.73371,0.02486,-0.05808
18.9,-0.55956,0.23812,-0.09659,-0.59783,0.33898,-0.2197,-0.65865,0.38384,-0.2554,-0.57776,0.27128,-0.24821,-0.63654,0.2083,-0.27209,-0.66159,0.29963,-0.29429,-0.61298,0.34216,-0.29917,-0.61959,0.37052,-0.1539,-0.69311,0.41523,-0.12967,-0.68235,0.3993,-0.22502,-0.62969,0.39987,-0.26274,-0.57678,0.20414,-0.11521,-0.63081,0.06942,-0.14283,-0.50163,0.1331,-0.10693,-0.45835,0.06392,-0.11398,-0.58243,0.22414,-0.06373,-0.72841,0.20131,-0.06366,-0.66505,0.06827,-0.04592,-0.73369,0.02512,-0.05756
18.92,-0.55955,0.23778,-0.0958,-0.5968,0.33713,-0.22046,-0.65765,0.38129,-0.25695,-0.5768,0.26899,-0.24795,-0.63502,0.20535,-0.27143,-0.66008,0.29627,-0.29525,-0.6114,0.33876,-0.29981,-0.61883,0.36961,-0.1552,-0.69284,0.41447,-0.13283,-0.68094,0.39729,-0.22783,-0.62776,0.397,-0.26481,-0.57664,0.20372,-0.11439,-0.63095,0.06922,-0.1425,-0.50202,0.13299,-0.10592,-0.45857,0.06402,-0.11394,-0.58271,0.224,-0.06307,-0.72865,0.20091,-0.06285,-0.66468,0.06808,-0.04568,-0.73376,0.02509,-0.0551
18.94,-0.55976,0.2375,-0.09492,-0.59595,0.33544,-0.22099,-0.65683,0.37907,-0.25808,-0.57616,0.26687,-0.24753,-0.63366,0.2024,-0.27053,-0.65872,0.29286,-0.29606,-0.61001,0.33535,-0.30026,-0.61812,0.36885,-0.15625,-0.69277,0.41366,-0.13598,-0.67959,0.39521,-0.23058,-0.62587,0.39409,-0.26675,-0.57668,0.20335,-0.1135,-0.63124,0.06906,-0.14214,-0.50256,0.13292,-0.10481,-0.45897,0.06418,-0.11394,-0.58326,0.22392,-0.06235,-0.72914,0.20044,-0.06233,-0.66437,0.06797,-0.04541,-0.73381,0.02503,-0.05198
18.96,-0.55988,0.2372,-0.0941,-0.59501,0.33367,-0.2216,-0.65589,0.37669,-0.25938,-0.57536,0.26468,-0.24715,-0.63225,0.19951,-0.2697,-0.65727,0.2895,-0.29685,-0.60853,0.332,-0.30067,-0.61738,0.36799,-0.15741,-0.69253,0.4128,-0.13911,-0.67815,0.39311,-0.23328,-0.62392,0.39117,-0.26865,-0.57665,0.20296,-0.11265,-0.63147,0.06889,-0.14182,-0.50306,0.13283,-0.10373,-0.45933,0.06432,-0.11392,-0.5837,0.2238,-0.06168,-0.72953,0.20003,-0.06168,-0.66408,0.06785,-0.04515,-0.73383,0.02511,-0.04921
18.98,-0.55996,0.23689,-0.09322,-0.59396,0.33186,-0.22214,-0.65487,0.37431,-0.26053,-0.57456,0.26244,-0.24669,-0.63079,0.19652,-0.26871,-0.65572,0.28601,-0.29755,-0.60694,0.32847,-0.30106,-0.61645,0.36714,-0.15852,-0.69213,0.41188,-0.14234,-0.67653,0.39089,-0.23603,-0.62179,0.38809,-0.27055,-0.57658,0.20256,-0.11173,-0.63165,0.06871,-0.14146,-0.50348,0.13275,-0.1027,-0.45966,0.06447,-0.11391,-0.58409,0.2237,-0.06095,-0.72988,0.19963,-0.06098,-0.66372,0.06774,-0.04486,-0.7338,0.02536,-0.0461
19,-0.56019,0.23661,-0.09242,-0.59309,0.33013,-0.22269,-0.65393,0.372,-0.26178,-0.57381,0.26034,-0.24628,-0.62946,0.19379,-0.26786,-0.65433,0.2828,-0.29822,-0.60557,0.32533,-0.30125,-0.61581,0.36626,-0.15963,-0.6919,0.41095,-0.14534,-0.67511,0.38877,-0.23855,-0.6199,0.3852,-0.27223,-0.57665,0.2022,-0.11093,-0.63194,0.06855,-0.14119,-0.50408,0.13267,-0.10155,-0.46016,0.06464,-0.11387,-0.58465,0.22359,-0.06033,-0.73038,0.19923,-0.06046,-0.66356,0.06765,-0.0446,-0.73379,0.02552,-0.0435
19.02,-0.56079,0.23636,-0.09187,-0.59265,0.32859,-0.2233,-0.65321,0.3698,-0.26353,-0.57306,0.25861,-0.24606,-0.62836,0.19175,-0.26758,-0.65333,0.28037,-0.29896,-0.6048,0.32322,-0.30109,-0.61599,0.36528,-0.1608,-0.69224,0.41009,-0.14774,-0.67438,0.38705,-0.24054,-0.6187,0.38298,-0.2734,-0.57707,0.20191,-0.11046,-0.63255,0.06844,-0.14114,-0.50513,0.13254,-0.1001,-0.46105,0.06486,-0.11373,-0.5856,0.22344,-0.06001,-0.73129,0.1988,-0.06036,-0.66386,0.06753,-0.04445,-0.73395,0.0252,-0.04246
19.04,-0.56153,0.23613,-0.09139,-0.59236,0.32712,-0.22393,-0.65254,0.36766,-0.26541,-0.57233,0.25702,-0.24589,-0.62735,0.18995,-0.26745,-0.65247,0.27821,-0.29971,-0.60426,0.32147,-0.3008,-0.61644,0.36428,-0.16198,-0.69276,0.40924,-0.14993,-0.67387,0.38548,-0.24234,-0.61775,0.38099,-0.27438,-0.57762,0.20165,-0.11011,-0.63328,0.06835,-0.14117,-0.50634,0.1324,-0.09857,-0.46214,0.0651,-0.11356,-0.5867,0.22327,-0.05979,-0.73234,0.19835,-0.06043,-0.66434,0.06741,-0.04433,-0.73419,0.02469,-0.04197
19.06,-0.56222,0.2359,-0.09088,-0.59199,0.32563,-0.22453,-0.65178,0.3655,-0.26718,-0.5716,0.25537,-0.24565,-0.62632,0.18804,-0.26719,-0.65152,0.27592,-0.3004,-0.60364,0.31955,-0.30055,-0.61673,0.36329,-0.16314,-0.69314,0.40838,-0.15222,-0.6732,0.38383,-0.2442,-0.61666,0.37889,-0.27541,-0.57812,0.20139,-0.1097,-0.63395,0.06826,-0.14117,-0.5075,0.13228,-0.09713,-0.46321,0.06533,-0.11342,-0.58774,0.22312,-0.05953,-0.73333,0.19794,-0.06042,-0.66475,0.06731,-0.04419,-0.73441,0.02433,-0.04123
19.08,-0.56288,0.23564,-0.09037,-0.59153,0.32409,-0.2251,-0.65093,0.36324,-0.26897,-0.57076,0.2537,-0.24539,-0.62518,0.18615,-0.26699,-0.65048,0.27365,-0.30113,-0.60297,0.31767,-0.30028,-0.61698,0.36224,-0.16431,-0.69346,0.40747,-0.15449,-0.67244,0.38215,-0.24603,-0.61547,0.37678,-0.27637,-0.57858,0.2011,-0.10929,-0.63462,0.06816,-0.1412,-0.50871,0.13215,-0.09557,-0.4644,0.06558,-0.1133,-0.58876,0.22294,-0.05928,-0.73431,0.19751,-0.06042,-0.66517,0.0672,-0.04405,-0.73464,0.02396,-0.0404
19.1,-0.56364,0.23546,-0.08989,-0.5912,0.32264,-0.22568,-0.65017,0.36115,-0.27067,-0.57012,0.2521,-0.24514,-0.62427,0.18429,-0.26661,-0.64959,0.27141,-0.30171,-0.60244,0.31579,-0.29997,-0.61728,0.36128,-0.16547,-0.69382,0.40664,-0.15674,-0.67181,0.38054,-0.24783,-0.61444,0.37472,-0.27733,-0.57914,0.20089,-0.10891,-0.63531,0.06809,-0.14122,-0.50987,0.13205,-0.09427,-0.46554,0.06581,-0.11314,-0.58984,0.22283,-0.05905,-0.73534,0.19713,-0.06045,-0.66564,0.06715,-0.04389,-0.7349,0.02361,-0.03987
19.12,-0.56459,0.23548,-0.08948,-0.59124,0.32136,-0.22627,-0.6497,0.35953,-0.2722,-0.57005,0.25064,-0.24492,-0.62394,0.18241,-0.26572,-0.64908,0.26915,-0.30185,-0.60222,0.31381,-0.29956,-0.61769,0.3606,-0.16661,-0.69431,0.40601,-0.15899,-0.67154,0.37903,-0.24964,-0.61388,0.3727,-0.27846,-0.57996,0.20089,-0.10858,-0.63599,0.06811,-0.14117,-0.51077,0.13209,-0.09366,-0.46637,0.066,-0.11286,-0.59105,0.2229,-0.05884,-0.73649,0.19689,-0.06052,-0.66617,0.06726,-0.04371,-0.7352,0.02331,-0.04005
19.14,-0.56564,0.23559,-0.08912,-0.59141,0.32018,-0.22688,-0.64936,0.35809,-0.27366,-0.5702,0.24925,-0.24472,-0.62384,0.18058,-0.26464,-0.64872,0.26694,-0.30184,-0.60211,0.31185,-0.29912,-0.61815,0.36001,-0.16774,-0.69486,0.40546,-0.16123,-0.67141,0.37759,-0.25142,-0.61348,0.37072,-0.27959,-0.58087,0.20098,-0.10828,-0.63668,0.06816,-0.1411,-0.5116,0.13217,-0.09328,-0.46707,0.06617,-0.11251,-0.59231,0.22304,-0.05864,-0.73769,0.1967,-0.0606,-0.66675,0.06745,-0.04351,-0.73551,0.02304,-0.04051
19.16,-0.56663,0.23567,-0.08874,-0.59148,0.31896,-0.22745,-0.64893,0.35656,-0.2751,-0.57023,0.24785,-0.24449,-0.62365,0.17877,-0.26363,-0.64826,0.26475,-0.30189,-0.60193,0.30991,-0.29871,-0.61855,0.35937,-0.16887,-0.69532,0.40487,-0.16347,-0.67114,0.37611,-0.2532,-0.61295,0.36872,-0.28066,-0.58173,0.20104,-0.10798,-0.63736,0.0682,-0.14104,-0.51245,0.13224,-0.0928,-0.46783,0.06635,-0.1122,-0.59353,0.22316,-0.05845,-0.73884,0.19649,-0.06067,-0.66731,0.0676,-0.04333,-0.73582,0.02277,-0.04082
19.18,-0.56766,0.23573,-0.08833,-0.59155,0.31768,-0.228,-0.6484,0.35499,-0.27659,-0.57026,0.24639,-0.24421,-0.6234,0.17688,-0.26254,-0.64779,0.26247,-0.3018,-0.6018,0.30793,-0.29808,-0.61896,0.35869,-0.16999,-0.69578,0.4042,-0.1657,-0.67091,0.37455,-0.25494,-0.61248,0.36667,-0.28175,-0.58262,0.20108,-0.10765,-0.63806,0.06823,-0.14097,-0.51333,0.13229,-0.09231,-0.4686,0.06652,-0.11186,-0.5948,0.22326,-0.05823,-0.74005,0.19628,-0.0608,-0.6679,0.06778,-0.0431,-0.73613,0.0225,-0.04116
19.2,-0.56864,0.23584,-0.088,-0.59162,0.31652,-0.22856,-0.64803,0.35351,-0.27791,-0.57032,0.24506,-0.24399,-0.62334,0.17525,-0.2615,-0.64736,0.26042,-0.30187,-0.60159,0.30607,-0.29785,-0.61931,0.3581,-0.17109,-0.69616,0.40366,-0.16793,-0.67056,0.37316,-0.25668,-0.61186,0.3647,-0.28272,-0.58348,0.20117,-0.10738,-0.63872,0.06829,-0.14092,-0.51414,0.13238,-0.09189,-0.46931,0.06671,-0.11156,-0.59599,0.22341,-0.05808,-0.74117,0.1961,-0.0608,-0.66845,0.06795,-0.04293,-0.73643,0.02229,-0.04149
19.22,-0.5695,0.23607,-0.08788,-0.59168,0.31569,-0.22918,-0.6482,0.35221,-0.27875,-0.57043,0.24407,-0.24394,-0.62378,0.17431,-0.26064,-0.64704,0.25899,-0.30248,-0.60109,0.3045,-0.29878,-0.61957,0.35776,-0.17216,-0.69639,0.40345,-0.17024,-0.66988,0.37228,-0.25849,-0.61083,0.36288,-0.28339,-0.58428,0.20138,-0.10727,-0.63931,0.06844,-0.14089,-0.51483,0.13251,-0.09161,-0.46992,0.06693,-0.11138,-0.59698,0.2237,-0.05805,-0.7421,0.19598,-0.06045,-0.66888,0.06807,-0.04294,-0.73674,0.02222,-0.04175
19.24,-0.57032,0.23635,-0.08785,-0.59177,0.31498,-0.22981,-0.64855,0.351,-0.27944,-0.57059,0.24322,-0.24397,-0.62442,0.17365,-0.25985,-0.64677,0.25777,-0.30328,-0.60051,0.303,-0.30011,-0.61982,0.35752,-0.17322,-0.69656,0.40336,-0.17256,-0.66912,0.37158,-0.26031,-0.60972,0.36113,-0.28395,-0.58505,0.20163,-0.10722,-0.63987,0.06861,-0.14089,-0.51547,0.13268,-0.09141,-0.47048,0.06717,-0.11125,-0.5979,0.22404,-0.05809,-0.74294,0.19591,-0.05999,-0.66927,0.06818,-0.04302,-0.73705,0.0222,-0.04199
19.26,-0.57115,0.2366,-0.08778,-0.59184,0.31421,-0.23042,-0.6488,0.34977,-0.28018,-0.57072,0.24231,-0.24395,-0.62496,0.17288,-0.25903,-0.64648,0.25643,-0.30395,-0.59997,0.30143,-0.30121,-0.62006,0.35721,-0.17427,-0.69673,0.40319,-0.17482,-0.6684,0.37078,-0.26205,-0.60871,0.35938,-0.28449,-0.58582,0.20186,-0.10715,-0.64044,0.06877,-0.14088,-0.51612,0.13283,-0.09116,-0.47106,0.0674,-0.1111,-0.59884,0.22436,-0.0581,-0.74381,0.19583,-0.05957,-0.66968,0.06831,-0.04305,-0.73736,0.02217,-0.04224
19.28,-0.57202,0.23688,-0.08768,-0.59188,0.31345,-0.231,-0.64908,0.34851,-0.28083,-0.57085,0.2414,-0.24389,-0.62557,0.17217,-0.25814,-0.64616,0.25509,-0.30463,-0.59938,0.29984,-0.30235,-0.62027,0.35693,-0.17531,-0.69684,0.40303,-0.17727,-0.66751,0.36999,-0.26393,-0.60756,0.35746,-0.28504,-0.58663,0.20211,-0.10705,-0.64103,0.06895,-0.14085,-0.51679,0.13299,-0.09093,-0.47165,0.06764,-0.11094,-0.59983,0.2247,-0.05809,-0.74472,0.19574,-0.05915,-0.67012,0.06844,-0.04308,-0.73771,0.02219,-0.04247
19.3,-0.57278,0.23712,-0.08767,-0.59197,0.31269,-0.23161,-0.6493,0.34731,-0.28161,-0.57099,0.24053,-0.2439,-0.62608,0.17144,-0.2574,-0.64591,0.25376,-0.30528,-0.59886,0.29824,-0.30345,-0.62052,0.35661,-0.17634,-0.69699,0.40282,-0.17932,-0.6669,0.36915,-0.26548,-0.60673,0.35586,-0.28546,-0.58734,0.20232,-0.10703,-0.64157,0.0691,-0.14087,-0.51743,0.13314,-0.09068,-0.4722,0.06788,-0.1108,-0.60069,0.225,-0.05815,-0.74551,0.1957,-0.0587,-0.67051,0.06857,-0.04314,-0.738,0.02216,-0.04271
19.32,-0.57324,0.23723,-0.08788,-0.59222,0.31194,-0.2323,-0.64928,0.3462,-0.28285,-0.57115,0.23972,-0.24412,-0.62629,0.17057,-0.2571,-0.64583,0.25246,-0.30583,-0.59854,0.2967,-0.30438,-0.62092,0.35616,-0.17735,-0.6973,0.4025,-0.18028,-0.66714,0.36817,-0.26615,-0.60676,0.35513,-0.28562,-0.58778,0.2024,-0.10721,-0.64196,0.06916,-0.14104,-0.51804,0.13326,-0.09037,-0.47268,0.06816,-0.11073,-0.60124,0.22519,-0.05841,-0.74603,0.19575,-0.05822,-0.6708,0.06868,-0.04328,-0.7381,0.02199,-0.04301
19.34,-0.57359,0.23729,-0.08818,-0.59251,0.31118,-0.23301,-0.64919,0.34511,-0.28422,-0.57132,0.23894,-0.24442,-0.62641,0.16965,-0.25695,-0.64581,0.25117,-0.30634,-0.59828,0.29516,-0.30528,-0.62134,0.35566,-0.17834,-0.69766,0.40214,-0.18085,-0.66767,0.36714,-0.26651,-0.60707,0.35471,-0.28571,-0.5881,0.20243,-0.10746,-0.64228,0.06919,-0.14126,-0.51864,0.13336,-0.09004,-0.47313,0.06845,-0.11067,-0.60166,0.22533,-0.05874,-0.74644,0.19582,-0.05771,-0.67105,0.06877,-0.04345,-0.73813,0.02177,-0.04332
19.36,-0.57398,0.23738,-0.08843,-0.59277,0.31042,-0.23371,-0.64911,0.34401,-0.28551,-0.57148,0.23814,-0.24468,-0.62657,0.16877,-0.25671,-0.64575,0.24988,-0.30686,-0.59797,0.2936,-0.30618,-0.62173,0.35517,-0.17933,-0.69797,0.4018,-0.18161,-0.66804,0.36615,-0.26702,-0.60723,0.35416,-0.28585,-0.58846,0.20249,-0.10768,-0.64263,0.06923,-0.14146,-0.51923,0.13347,-0.08972,-0.47359,0.06874,-0.11059,-0.60213,0.22549,-0.05904,-0.74688,0.19589,-0.05721,-0.67132,0.06887,-0.04361,-0.73821,0.0216,-0.04363
19.38,-0.57442,0.23747,-0.08869,-0.59309,0.30968,-0.23441,-0.64905,0.34291,-0.28684,-0.57168,0.23737,-0.24494,-0.62671,0.16789,-0.25652,-0.64573,0.24859,-0.30737,-0.59772,0.29207,-0.30704,-0.6222,0.35469,-0.18032,-0.69835,0.40147,-0.18231,-0.66848,0.36514,-0.26745,-0.60748,0.35361,-0.28592,-0.58889,0.20254,-0.1079,-0.64302,0.06927,-0.14166,-0.51989,0.1336,-0.08941,-0.47409,0.06907,-0.11058,-0.60265,0.22566,-0.05934,-0.74737,0.196,-0.05669,-0.67165,0.069,-0.04376,-0.73832,0.02142,-0.04393
19.4,-0.57471,0.23753,-0.08896,-0.59327,0.3089,-0.23511,-0.64892,0.34178,-0.2881,-0.57178,0.23655,-0.2452,-0.62686,0.16701,-0.25624,-0.64563,0.24728,-0.30787,-0.59735,0.29046,-0.30794,-0.6225,0.35418,-0.18132,-0.69855,0.40113,-0.18307,-0.6688,0.36414,-0.26797,-0.60761,0.35315,-0.28613,-0.58914,0.20258,-0.10813,-0.6433,0.06931,-0.14187,-0.52042,0.13368,-0.0891,-0.47447,0.06932,-0.11045,-0.60301,0.22581,-0.05966,-0.74771,0.19607,-0.05623,-0.67186,0.06908,-0.04393,-0.73838,0.02128,-0.04426
19.42,-0.57458,0.23754,-0.08924,-0.59309,0.30798,-0.23585,-0.64861,0.34057,-0.28913,-0.57163,0.23555,-0.24547,-0.62703,0.16615,-0.2557,-0.64529,0.24585,-0.30839,-0.59666,0.28864,-0.30901,-0.6223,0.35362,-0.18235,-0.69825,0.40073,-0.18409,-0.66875,0.36316,-0.26883,-0.60735,0.35287,-0.28669,-0.58898,0.20256,-0.10839,-0.64331,0.06934,-0.14206,-0.52062,0.13363,-0.08874,-0.47453,0.06933,-0.10996,-0.60299,0.22589,-0.06,-0.74763,0.19602,-0.05589,-0.67177,0.06899,-0.04413,-0.73832,0.02125,-0.04466
19.44,-0.57429,0.23752,-0.08953,-0.59276,0.307,-0.23659,-0.64823,0.33934,-0.29009,-0.57138,0.2345,-0.24574,-0.6272,0.1653,-0.25506,-0.64486,0.24437,-0.30889,-0.59587,0.28672,-0.31013,-0.62191,0.35303,-0.18338,-0.69776,0.40031,-0.18519,-0.66857,0.36218,-0.26978,-0.60697,0.35265,-0.28739,-0.58864,0.2025,-0.10866,-0.64321,0.06937,-0.14225,-0.52069,0.13353,-0.08839,-0.47446,0.06925,-0.10935,-0.6028,0.22593,-0.06036,-0.7474,0.19593,-0.0556,-0.67155,0.06884,-0.04434,-0.73822,0.02126,-0.04508
19.46,-0.57407,0.23751,-0.08981,-0.59249,0.30606,-0.23731,-0.64787,0.33811,-0.29107,-0.57116,0.23348,-0.246,-0.62735,0.16446,-0.25445,-0.64446,0.2429,-0.30937,-0.59512,0.28483,-0.31118,-0.6216,0.35245,-0.18441,-0.69734,0.3999,-0.18625,-0.66843,0.36121,-0.27068,-0.60665,0.35239,-0.28803,-0.58838,0.20247,-0.10891,-0.64316,0.0694,-0.14243,-0.52081,0.13346,-0.08805,-0.47444,0.06922,-0.10883,-0.60267,0.226,-0.06071,-0.74723,0.19588,-0.05529,-0.6714,0.06874,-0.04453,-0.73815,0.02127,-0.04548
19.48,-0.57387,0.2375,-0.09008,-0.59222,0.30509,-0.23804,-0.64752,0.33688,-0.29205,-0.57096,0.23243,-0.24625,-0.62753,0.16363,-0.25385,-0.64404,0.2414,-0.30989,-0.59434,0.28287,-0.31227,-0.62129,0.35186,-0.18544,-0.69691,0.3995,-0.18731,-0.6683,0.36024,-0.27159,-0.60634,0.35225,-0.28868,-0.58813,0.20243,-0.10918,-0.64313,0.06943,-0.14264,-0.521,0.13338,-0.08764,-0.47445,0.06918,-0.10817,-0.60258,0.22606,-0.06106,-0.74708,0.19582,-0.05494,-0.67127,0.06862,-0.04474,-0.73811,0.0213,-0.0459
19.5,-0.57358,0.23748,-0.09038,-0.59189,0.30414,-0.23876,-0.64711,0.33564,-0.29301,-0.57069,0.23141,-0.2465,-0.62763,0.16283,-0.25321,-0.64364,0.23994,-0.31031,-0.59361,0.28098,-0.31327,-0.62092,0.35127,-0.18646,-0.69644,0.39906,-0.18841,-0.66808,0.35924,-0.27251,-0.60598,0.35187,-0.28939,-0.58781,0.20239,-0.10944,-0.64303,0.06947,-0.14282,-0.52104,0.13332,-0.08741,-0.47438,0.06915,-0.10776,-0.60239,0.22612,-0.06142,-0.74684,0.19578,-0.05471,-0.6711,0.06851,-0.04492,-0.73805,0.02134,-0.04625
19.52,-0.5731,0.23748,-0.0907,-0.59143,0.30325,-0.23948,-0.64662,0.3344,-0.29397,-0.57021,0.23049,-0.24679,-0.62751,0.16211,-0.25249,-0.6433,0.2386,-0.31046,-0.59307,0.27934,-0.31407,-0.62047,0.35068,-0.18746,-0.69597,0.39849,-0.18958,-0.66765,0.35816,-0.27345,-0.60552,0.35079,-0.29022,-0.58732,0.20235,-0.10971,-0.64277,0.06948,-0.14295,-0.5207,0.13337,-0.08773,-0.47415,0.06913,-0.10811,-0.60194,0.22619,-0.06175,-0.74637,0.19578,-0.0548,-0.67082,0.0684,-0.04506,-0.73788,0.02139,-0.04648
19.54,-0.57254,0.23747,-0.09105,-0.59093,0.30239,-0.24019,-0.6461,0.33315,-0.29492,-0.56967,0.22959,-0.24709,-0.62731,0.16142,-0.25174,-0.64299,0.23732,-0.31053,-0.59261,0.2778,-0.3148,-0.61998,0.3501,-0.18844,-0.69549,0.39789,-0.19079,-0.66713,0.35706,-0.27441,-0.60501,0.34945,-0.29111,-0.58678,0.20232,-0.10999,-0.64245,0.0695,-0.14305,-0.52024,0.13345,-0.08824,-0.47387,0.06911,-0.10869,-0.60141,0.22627,-0.06209,-0.74582,0.19579,-0.05502,-0.6705,0.06828,-0.04519,-0.73768,0.02144,-0.04665
19.56,-0.57201,0.23747,-0.09139,-0.59043,0.30152,-0.24091,-0.64558,0.33192,-0.29585,-0.56916,0.22869,-0.24738,-0.62714,0.16075,-0.251,-0.64266,0.23602,-0.31063,-0.5921,0.27621,-0.31556,-0.6195,0.34952,-0.18943,-0.695,0.3973,-0.19199,-0.66664,0.35597,-0.27535,-0.60451,0.34825,-0.29196,-0.58625,0.20228,-0.11027,-0.64215,0.06953,-0.14318,-0.51984,0.13352,-0.08864,-0.47361,0.06909,-0.10913,-0.60092,0.22635,-0.06244,-0.74531,0.19581,-0.05519,-0.6702,0.06817,-0.04532,-0.73749,0.02149,-0.04684
19.58,-0.57148,0.23746,-0.0917,-0.58995,0.30063,-0.24159,-0.64506,0.33063,-0.2968,-0.56864,0.22777,-0.24765,-0.62695,0.16006,-0.25022,-0.64232,0.23469,-0.31068,-0.5916,0.27459,-0.31626,-0.61903,0.34891,-0.19039,-0.69453,0.39669,-0.19315,-0.66617,0.35486,-0.27626,-0.60404,0.347,-0.29279,-0.58574,0.20224,-0.11052,-0.64185,0.06953,-0.14327,-0.5194,0.13359,-0.08912,-0.47334,0.06906,-0.1097,-0.60042,0.22641,-0.06275,-0.74478,0.19582,-0.05531,-0.6699,0.06805,-0.04544,-0.73731,0.02156,-0.04705
19.6,-0.57094,0.23747,-0.09208,-0.58943,0.29978,-0.24233,-0.64454,0.32944,-0.29772,-0.56811,0.2269,-0.24797,-0.62677,0.15946,-0.24953,-0.64201,0.23345,-0.31081,-0.59111,0.27303,-0.31706,-0.61851,0.34835,-0.1914,-0.69402,0.39611,-0.1944,-0.66562,0.35378,-0.27725,-0.60348,0.34577,-0.29368,-0.58519,0.20222,-0.11084,-0.64155,0.06958,-0.14343,-0.51902,0.13366,-0.08949,-0.47308,0.06905,-0.11006,-0.59992,0.22651,-0.06314,-0.74426,0.19585,-0.05557,-0.6696,0.06797,-0.04558,-0.7371,0.0216,-0.04721
19.62,-0.57035,0.23756,-0.09264,-0.58881,0.29907,-0.24321,-0.64404,0.32852,-0.29859,-0.56755,0.22614,-0.24846,-0.62665,0.15908,-0.24909,-0.6418,0.23244,-0.31114,-0.59066,0.27157,-0.31816,-0.61784,0.34794,-0.19254,-0.69337,0.39565,-0.1959,-0.66488,0.35283,-0.27847,-0.6027,0.34469,-0.2947,-0.58459,0.20225,-0.11131,-0.64129,0.06973,-0.14377,-0.51886,0.13373,-0.08951,-0.47281,0.06907,-0.10968,-0.59942,0.22673,-0.06374,-0.74374,0.19599,-0.05618,-0.66932,0.06799,-0.04577,-0.73677,0.02155,-0.04726
19.64,-0.56973,0.23767,-0.09326,-0.58815,0.29841,-0.24415,-0.64354,0.32769,-0.29946,-0.56698,0.22543,-0.24903,-0.62656,0.15878,-0.24877,-0.64162,0.23153,-0.31156,-0.59022,0.27016,-0.31937,-0.61711,0.34758,-0.19373,-0.69266,0.39522,-0.1975,-0.66405,0.35192,-0.27977,-0.60184,0.34365,-0.29578,-0.58395,0.20231,-0.11184,-0.64103,0.06991,-0.14417,-0.51876,0.1338,-0.08943,-0.47254,0.0691,-0.10909,-0.59892,0.22699,-0.06442,-0.74323,0.19616,-0.05693,-0.66905,0.06806,-0.04598,-0.73641,0.02147,-0.04728
19.66,-0.56913,0.23777,-0.09386,-0.5875,0.29774,-0.24507,-0.64303,0.32683,-0.30033,-0.56641,0.2247,-0.24956,-0.62645,0.15848,-0.24842,-0.64143,0.2306,-0.31194,-0.58978,0.26874,-0.32052,-0.6164,0.3472,-0.19491,-0.69197,0.39478,-0.19905,-0.66326,0.35101,-0.28104,-0.60101,0.34259,-0.29683,-0.58334,0.20236,-0.11235,-0.64078,0.07009,-0.14456,-0.51863,0.13388,-0.08941,-0.47229,0.06913,-0.10863,-0.59842,0.22724,-0.06507,-0.74271,0.19632,-0.05761,-0.66879,0.06813,-0.04618,-0.73607,0.02143,-0.04732
19.68,-0.56852,0.23787,-0.09442,-0.58686,0.29702,-0.24595,-0.64254,0.32593,-0.30117,-0.56586,0.22394,-0.25005,-0.62634,0.15815,-0.24794,-0.64125,0.22961,-0.31224,-0.58935,0.2672,-0.32163,-0.61569,0.3468,-0.19605,-0.69129,0.3943,-0.20059,-0.66246,0.35003,-0.28227,-0.60017,0.34149,-0.29784,-0.58271,0.2024,-0.11283,-0.64052,0.07027,-0.14494,-0.51853,0.13395,-0.08933,-0.47199,0.06919,-0.10805,-0.59791,0.22748,-0.06569,-0.7422,0.19648,-0.05832,-0.66852,0.06819,-0.04637,-0.73572,0.02136,-0.04732
19.7,-0.56792,0.23798,-0.09509,-0.58618,0.2964,-0.24692,-0.64201,0.32514,-0.30207,-0.56527,0.22327,-0.25064,-0.62621,0.15794,-0.24776,-0.64105,0.22879,-0.31273,-0.58893,0.2659,-0.32282,-0.61495,0.34646,-0.19727,-0.69055,0.39391,-0.20218,-0.66165,0.34919,-0.28358,-0.59933,0.3405,-0.29894,-0.5821,0.20247,-0.1134,-0.64026,0.07045,-0.14536,-0.51839,0.13405,-0.08939,-0.4718,0.06921,-0.10766,-0.59741,0.22774,-0.0664,-0.74167,0.19667,-0.05901,-0.66827,0.06827,-0.0466,-0.7354,0.02134,-0.04739
19.72,-0.56736,0.23815,-0.09602,-0.58541,0.29599,-0.2481,-0.64141,0.32459,-0.30315,-0.56462,0.22281,-0.25152,-0.62605,0.15795,-0.24833,-0.64079,0.22842,-0.31374,-0.58853,0.26521,-0.32426,-0.61414,0.34629,-0.19868,-0.68972,0.39375,-0.20389,-0.66085,0.3487,-0.28513,-0.59852,0.33977,-0.30032,-0.58157,0.20258,-0.1142,-0.63998,0.07061,-0.14589,-0.51816,0.13423,-0.08983,-0.4719,0.06908,-0.10786,-0.59689,0.22806,-0.06732,-0.74114,0.19696,-0.05965,-0.66804,0.06841,-0.04698,-0.73515,0.02145,-0.04767
19.74,-0.56682,0.23835,-0.09707,-0.58461,0.29567,-0.24936,-0.64078,0.32415,-0.3043,-0.56394,0.22245,-0.2525,-0.62586,0.15806,-0.2492,-0.64051,0.22823,-0.31495,-0.58814,0.26478,-0.3258,-0.6133,0.3462,-0.20015,-0.68884,0.3937,-0.20566,-0.66005,0.34836,-0.28676,-0.59772,0.33915,-0.30178,-0.58107,0.20272,-0.11511,-0.63969,0.07076,-0.14647,-0.5179,0.13444,-0.09042,-0.47209,0.06891,-0.10822,-0.59638,0.22841,-0.06834,-0.7406,0.19728,-0.06028,-0.66782,0.06857,-0.04742,-0.73493,0.0216,-0.04804
19.76,-0.56628,0.23853,-0.09807,-0.58383,0.29533,-0.25059,-0.64017,0.32369,-0.30542,-0.56327,0.22207,-0.25344,-0.62568,0.15815,-0.24996,-0.64023,0.228,-0.31608,-0.58774,0.26426,-0.32729,-0.61248,0.34609,-0.20159,-0.68798,0.3936,-0.2074,-0.65925,0.34796,-0.28835,-0.59692,0.33851,-0.3032,-0.58057,0.20285,-0.11597,-0.63941,0.07092,-0.14703,-0.51765,0.13464,-0.09095,-0.4722,0.06879,-0.10847,-0.59588,0.22876,-0.06932,-0.74007,0.1976,-0.06091,-0.66761,0.06872,-0.04783,-0.7347,0.02175,-0.04837
19.78,-0.56572,0.23868,-0.09903,-0.58303,0.29488,-0.2518,-0.63956,0.32311,-0.30651,-0.5626,0.22157,-0.25433,-0.6255,0.15816,-0.25063,-0.63997,0.22763,-0.31716,-0.58737,0.2636,-0.32876,-0.61165,0.34589,-0.20303,-0.6871,0.39344,-0.20915,-0.65847,0.34746,-0.28994,-0.59613,0.33774,-0.30462,-0.58003,0.20295,-0.1168,-0.63912,0.07106,-0.14757,-0.5174,0.13483,-0.09145,-0.47239,0.06859,-0.10868,-0.59534,0.22907,-0.07027,-0.73951,0.1979,-0.06156,-0.66738,0.06887,-0.04821,-0.73445,0.02185,-0.04865
19.8,-0.56521,0.23892,-0.1001,-0.58224,0.29469,-0.25306,-0.63893,0.3228,-0.30766,-0.56193,0.22133,-0.25534,-0.6253,0.15839,-0.25157,-0.63965,0.22761,-0.31839,-0.58694,0.26332,-0.33027,-0.61083,0.34589,-0.20448,-0.68626,0.39345,-0.21088,-0.65764,0.34721,-0.29154,-0.5953,0.33725,-0.30604,-0.57956,0.20314,-0.11773,-0.63884,0.07126,-0.14816,-0.51714,0.13506,-0.09204,-0.47243,0.06854,-0.10894,-0.59486,0.22946,-0.07131,-0.73899,0.19825,-0.06216,-0.66718,0.06906,-0.04866,-0.73427,0.02207,-0.04905
19.82,-0.56484,0.23935,-0.10142,-0.58145,0.29509,-0.25444,-0.63826,0.32311,-0.30896,-0.56125,0.22171,-0.25665,-0.62503,0.15917,-0.25315,-0.63916,0.22837,-0.32003,-0.58635,0.26395,-0.33191,-0.61007,0.34636,-0.20594,-0.6855,0.39387,-0.2126,-0.65672,0.34755,-0.29315,-0.59435,0.33745,-0.30741,-0.57923,0.20353,-0.11896,-0.63862,0.07158,-0.14886,-0.51688,0.13536,-0.09283,-0.47201,0.06886,-0.10937,-0.59449,0.22999,-0.0726,-0.73855,0.19868,-0.06264,-0.66703,0.06931,-0.04932,-0.73428,0.02255,-0.04979
19.84,-0.56453,0.23986,-0.10285,-0.58066,0.29575,-0.25587,-0.63757,0.32367,-0.31033,-0.56056,0.22233,-0.25809,-0.62473,0.16017,-0.25499,-0.6386,0.22947,-0.32183,-0.5857,0.26496,-0.33359,-0.60932,0.34702,-0.20741,-0.68477,0.39447,-0.21431,-0.65577,0.34813,-0.29476,-0.59336,0.33793,-0.30878,-0.57896,0.20401,-0.12029,-0.63842,0.07196,-0.1496,-0.5166,0.13571,-0.09369,-0.47144,0.06931,-0.10985,-0.59416,0.23059,-0.07399,-0.73813,0.19915,-0.06308,-0.66689,0.06959,-0.05005,-0.73436,0.02315,-0.05064
19.86,-0.56421,0.24034,-0.10424,-0.57988,0.29631,-0.25727,-0.6369,0.32415,-0.31166,-0.55989,0.22286,-0.25947,-0.62446,0.1611,-0.25672,-0.63807,0.23045,-0.32356,-0.58508,0.26582,-0.33525,-0.60858,0.34761,-0.20886,-0.68403,0.39501,-0.21601,-0.65483,0.34863,-0.29637,-0.59239,0.3383,-0.31016,-0.57868,0.20446,-0.12158,-0.63822,0.07232,-0.15032,-0.51634,0.13604,-0.09451,-0.47095,0.06971,-0.11027,-0.59384,0.23116,-0.07533,-0.7377,0.19961,-0.06353,-0.66677,0.06986,-0.05073,-0.73443,0.0237,-0.05142
19.88,-0.56382,0.24078,-0.10561,-0.57905,0.29675,-0.25868,-0.63617,0.32448,-0.31302,-0.55914,0.22328,-0.26082,-0.62409,0.1619,-0.25841,-0.63749,0.23128,-0.32526,-0.58444,0.26658,-0.33689,-0.60781,0.34809,-0.21035,-0.68327,0.39544,-0.21774,-0.65386,0.34898,-0.29798,-0.59138,0.33855,-0.31151,-0.57832,0.20487,-0.12285,-0.63798,0.07266,-0.15104,-0.51605,0.13636,-0.09533,-0.47037,0.07012,-0.11064,-0.59344,0.2317,-0.07667,-0.73722,0.20007,-0.06398,-0.6666,0.07013,-0.0514,-0.73447,0.02429,-0.05222
19.9,-0.5636,0.24133,-0.10704,-0.5783,0.2975,-0.26009,-0.63555,0.32517,-0.31434,-0.55855,0.22399,-0.26227,-0.6239,0.16303,-0.26028,-0.63697,0.23252,-0.32708,-0.58379,0.26766,-0.3386,-0.60708,0.34885,-0.21178,-0.68255,0.39613,-0.21945,-0.65294,0.34969,-0.29962,-0.59044,0.33912,-0.31292,-0.57815,0.20539,-0.12419,-0.63782,0.07306,-0.15178,-0.51582,0.13674,-0.09619,-0.46992,0.07055,-0.11107,-0.59319,0.23233,-0.07804,-0.73685,0.20056,-0.06443,-0.66653,0.07044,-0.05211,-0.73459,0.02488,-0.05299
19.92,-0.56384,0.24211,-0.10863,-0.57779,0.29899,-0.26149,-0.63521,0.3267,-0.31552,-0.55838,0.22539,-0.26391,-0.62422,0.16494,-0.26258,-0.6366,0.23476,-0.32916,-0.58311,0.26951,-0.34042,-0.60647,0.35027,-0.21306,-0.68199,0.39742,-0.22115,-0.65216,0.35121,-0.30138,-0.58965,0.34039,-0.31448,-0.57848,0.20615,-0.12566,-0.63788,0.07356,-0.15255,-0.51578,0.13722,-0.09715,-0.46992,0.07094,-0.11172,-0.5933,0.23317,-0.07949,-0.73681,0.20112,-0.06491,-0.66672,0.07084,-0.05288,-0.73486,0.02539,-0.05369
19.94,-0.56426,0.24299,-0.1103,-0.57735,0.30076,-0.2629,-0.63497,0.32856,-0.31669,-0.55836,0.22707,-0.26564,-0.62472,0.16717,-0.26506,-0.63628,0.23739,-0.33137,-0.58241,0.27165,-0.34231,-0.60591,0.35195,-0.21429,-0.68147,0.39894,-0.22286,-0.65142,0.35306,-0.3032,-0.58893,0.34194,-0.31613,-0.57901,0.20702,-0.12721,-0.63802,0.07411,-0.15334,-0.51582,0.13776,-0.09817,-0.47008,0.07134,-0.11248,-0.59357,0.23409,-0.08098,-0.73689,0.20171,-0.06541,-0.66702,0.07128,-0.05371,-0.7352,0.02589,-0.05437
19.96,-0.56461,0.24384,-0.11193,-0.57686,0.30239,-0.26431,-0.63465,0.33026,-0.31788,-0.55827,0.22861,-0.26733,-0.62512,0.16926,-0.26745,-0.63592,0.23983,-0.33352,-0.5817,0.27363,-0.34419,-0.6053,0.35351,-0.21556,-0.6809,0.40036,-0.22458,-0.65065,0.35476,-0.30501,-0.58818,0.34337,-0.31777,-0.57947,0.20786,-0.12873,-0.63813,0.07464,-0.15413,-0.51583,0.13829,-0.09916,-0.47015,0.07175,-0.11318,-0.59377,0.23499,-0.08246,-0.73691,0.20229,-0.06588,-0.66727,0.07171,-0.05451,-0.73552,0.02642,-0.05506
19.98,-0.5649,0.24467,-0.11353,-0.57634,0.30394,-0.26569,-0.63433,0.33188,-0.31901,-0.5581,0.23008,-0.26897,-0.62544,0.17129,-0.2698,-0.63544,0.24223,-0.3356,-0.58089,0.27559,-0.34593,-0.60469,0.35498,-0.21681,-0.68033,0.40168,-0.22635,-0.64978,0.35633,-0.3068,-0.58731,0.34463,-0.31929,-0.57985,0.20867,-0.13021,-0.63817,0.07517,-0.15491,-0.51578,0.13881,-0.10012,-0.47019,0.07216,-0.11387,-0.59391,0.23586,-0.0839,-0.73687,0.20286,-0.06641,-0.66748,0.07213,-0.05528,-0.73577,0.0269,-0.05573
20,-0.56536,0.24556,-0.11524,-0.57586,0.30567,-0.26713,-0.63397,0.33366,-0.32029,-0.55807,0.23172,-0.27072,-0.62589,0.17351,-0.27226,-0.63513,0.24475,-0.33785,-0.58022,0.27758,-0.34796,-0.60408,0.35665,-0.2181,-0.67972,0.40323,-0.2281,-0.64906,0.35817,-0.30867,-0.58662,0.34623,-0.3211,-0.58042,0.20955,-0.13179,-0.63833,0.07574,-0.15574,-0.51585,0.13938,-0.10117,-0.47033,0.07262,-0.11464,-0.59422,0.2368,-0.08543,-0.73696,0.20346,-0.06683,-0.66778,0.07258,-0.05613,-0.73614,0.02747,-0.05643
20.02,-0.56624,0.24666,-0.11722,-0.57548,0.30791,-0.26874,-0.63352,0.33587,-0.32198,-0.5584,0.23381,-0.27276,-0.62675,0.17623,-0.275,-0.63532,0.24759,-0.34055,-0.57998,0.27965,-0.35081,-0.60341,0.35882,-0.21949,-0.679,0.40543,-0.22979,-0.6487,0.3608,-0.31073,-0.58638,0.34881,-0.3237,-0.5814,0.21063,-0.13363,-0.63881,0.07645,-0.15671,-0.51619,0.14007,-0.10244,-0.47073,0.07322,-0.11561,-0.59493,0.23796,-0.08724,-0.73733,0.20416,-0.06695,-0.66833,0.07311,-0.05719,-0.73687,0.02826,-0.05721
20.04,-0.56727,0.24784,-0.1193,-0.57512,0.31031,-0.27041,-0.633,0.33823,-0.32384,-0.55883,0.23606,-0.2749,-0.62769,0.17913,-0.27784,-0.63564,0.25054,-0.3434,-0.57986,0.28174,-0.35394,-0.60272,0.36115,-0.2209,-0.67823,0.40783,-0.23146,-0.64846,0.36368,-0.31286,-0.58629,0.35174,-0.32656,-0.58254,0.21178,-0.13556,-0.63939,0.07721,-0.15774,-0.51662,0.14082,-0.10379,-0.47121,0.07388,-0.11667,-0.59579,0.2392,-0.08914,-0.73779,0.20491,-0.06697,-0.66897,0.07369,-0.05832,-0.73772,0.02915,-0.058
20.06,-0.56824,0.24898,-0.12134,-0.57472,0.31258,-0.27204,-0.63247,0.34045,-0.32564,-0.55916,0.2382,-0.27697,-0.6285,0.1819,-0.28062,-0.63582,0.25339,-0.34618,-0.57963,0.28376,-0.35692,-0.60205,0.36336,-0.22231,-0.67748,0.41009,-0.23316,-0.64814,0.36638,-0.31496,-0.58611,0.35446,-0.32927,-0.58363,0.2129,-0.13745,-0.63991,0.07796,-0.15875,-0.517,0.14156,-0.10511,-0.47165,0.07453,-0.11771,-0.59659,0.2404,-0.091,-0.73819,0.20564,-0.06704,-0.66958,0.07425,-0.0594,-0.73851,0.03001,-0.05875
20.08,-0.56917,0.25013,-0.12338,-0.57424,0.31483,-0.27366,-0.63191,0.34265,-0.32737,-0.5595,0.24032,-0.27904,-0.62939,0.18476,-0.28339,-0.63599,0.25629,-0.34897,-0.57935,0.28574,-0.35996,-0.60123,0.36557,-0.2237,-0.67658,0.41236,-0.2349,-0.64765,0.36912,-0.31709,-0.58577,0.35717,-0.33206,-0.58466,0.21403,-0.13934,-0.64041,0.07873,-0.15979,-0.51738,0.14232,-0.10641,-0.47206,0.07521,-0.1187,-0.59736,0.24163,-0.09287,-0.73852,0.20639,-0.0671,-0.67015,0.07482,-0.06049,-0.73929,0.03092,-0.05953
20.1,-0.57022,0.25127,-0.12544,-0.57382,0.31704,-0.2753,-0.63126,0.34479,-0.32929,-0.55974,0.24243,-0.2811,-0.63003,0.18742,-0.28614,-0.63605,0.25899,-0.35175,-0.57907,0.28769,-0.36292,-0.60062,0.36769,-0.22515,-0.6759,0.41452,-0.23661,-0.64745,0.37169,-0.31919,-0.58569,0.35987,-0.33473,-0.58583,0.21516,-0.14125,-0.64094,0.07947,-0.1608,-0.51776,0.14307,-0.10776,-0.4725,0.07588,-0.11981,-0.59821,0.24282,-0.09473,-0.73892,0.20715,-0.06717,-0.67079,0.0754,-0.06156,-0.74012,0.0318,-0.06021
20.12,-0.57159,0.2524,-0.12756,-0.57357,0.31914,-0.27703,-0.6304,0.34677,-0.33172,-0.55972,0.24451,-0.28318,-0.62999,0.18955,-0.28886,-0.63584,0.2611,-0.3545,-0.57877,0.2896,-0.36569,-0.60063,0.36957,-0.2268,-0.67587,0.41645,-0.23832,-0.64812,0.37379,-0.32122,-0.58633,0.36252,-0.33706,-0.58736,0.2163,-0.14324,-0.64154,0.08008,-0.16172,-0.51817,0.14377,-0.10926,-0.47301,0.07649,-0.12123,-0.59926,0.24392,-0.09658,-0.73952,0.2079,-0.06726,-0.67162,0.076,-0.06259,-0.74103,0.03255,-0.06064
20.14,-0.57307,0.25352,-0.12971,-0.57337,0.32114,-0.27879,-0.62942,0.34863,-0.33435,-0.55962,0.24652,-0.28524,-0.62974,0.19143,-0.29149,-0.63556,0.26291,-0.35721,-0.57847,0.2914,-0.36836,-0.60085,0.37133,-0.22855,-0.67607,0.41824,-0.24005,-0.6491,0.37567,-0.32325,-0.58725,0.36507,-0.33929,-0.589,0.21743,-0.14525,-0.64215,0.08067,-0.16264,-0.51856,0.14447,-0.11083,-0.47354,0.0771,-0.12278,-0.60037,0.24499,-0.09841,-0.74018,0.20866,-0.06737,-0.67251,0.07662,-0.0636,-0.74195,0.03326,-0.06099
20.16,-0.57447,0.25463,-0.13183,-0.57313,0.32306,-0.28053,-0.62844,0.35041,-0.33691,-0.55955,0.24843,-0.28726,-0.62959,0.19329,-0.29406,-0.63529,0.26469,-0.35987,-0.57815,0.29307,-0.37104,-0.60092,0.37307,-0.23029,-0.67613,0.41999,-0.24182,-0.6499,0.37751,-0.3253,-0.58801,0.36751,-0.34159,-0.59057,0.21856,-0.14723,-0.64271,0.08128,-0.1636,-0.51893,0.14518,-0.11236,-0.47402,0.07773,-0.12429,-0.60143,0.24606,-0.10024,-0.74077,0.20941,-0.0675,-0.67334,0.07722,-0.06461,-0.74283,0.03398,-0.06138
20.18,-0.57598,0.25581,-0.13404,-0.57285,0.325,-0.28236,-0.62741,0.35216,-0.33955,-0.55941,0.25037,-0.28934,-0.62937,0.19522,-0.29677,-0.63491,0.26648,-0.36276,-0.5777,0.29472,-0.37391,-0.60105,0.37483,-0.23215,-0.67614,0.42189,-0.24386,-0.6507,0.37936,-0.32756,-0.58877,0.36995,-0.34402,-0.59225,0.21975,-0.14929,-0.64328,0.08193,-0.16464,-0.51933,0.14595,-0.11397,-0.47452,0.07843,-0.12588,-0.60257,0.2472,-0.10216,-0.74137,0.2102,-0.06757,-0.67421,0.07785,-0.06568,-0.74375,0.03474,-0.06178
20.2,-0.5773,0.25684,-0.13605,-0.57262,0.32666,-0.28404,-0.62635,0.35368,-0.34208,-0.55938,0.25201,-0.29122,-0.62923,0.19676,-0.29903,-0.6347,0.26792,-0.36513,-0.57744,0.29605,-0.37633,-0.60107,0.37637,-0.23387,-0.67624,0.42333,-0.24551,-0.65151,0.38091,-0.32948,-0.58955,0.3721,-0.3462,-0.59372,0.22079,-0.15117,-0.64376,0.08252,-0.16559,-0.51964,0.14664,-0.11546,-0.47493,0.07904,-0.12735,-0.60354,0.24819,-0.1039,-0.74189,0.21091,-0.06781,-0.67497,0.07844,-0.06663,-0.74453,0.03541,-0.06214
20.22,-0.57811,0.25754,-0.13754,-0.57251,0.32776,-0.2853,-0.62526,0.35484,-0.34421,-0.55971,0.25306,-0.29266,-0.62935,0.1975,-0.30017,-0.63502,0.26875,-0.36616,-0.57777,0.29682,-0.37755,-0.60083,0.3775,-0.23508,-0.67659,0.42368,-0.24598,-0.65231,0.38194,-0.33042,-0.59041,0.37376,-0.34768,-0.59465,0.2215,-0.15255,-0.64404,0.08292,-0.16625,-0.51975,0.14709,-0.1166,-0.47516,0.07941,-0.12841,-0.60409,0.24886,-0.10517,-0.74225,0.2115,-0.06846,-0.67548,0.07895,-0.06724,-0.74501,0.03593,-0.06237
20.24,-0.57872,0.2581,-0.13882,-0.57245,0.32863,-0.28641,-0.62414,0.35585,-0.34618,-0.56016,0.25386,-0.29393,-0.62954,0.19792,-0.3009,-0.63552,0.26933,-0.36668,-0.57831,0.29739,-0.37832,-0.60049,0.37845,-0.2361,-0.67701,0.42359,-0.24598,-0.65313,0.38276,-0.33098,-0.59134,0.37523,-0.34888,-0.59536,0.22207,-0.15374,-0.64423,0.08324,-0.16681,-0.51979,0.14745,-0.11761,-0.4753,0.07968,-0.12932,-0.60446,0.24939,-0.10628,-0.74254,0.21202,-0.06928,-0.67587,0.07942,-0.06773,-0.74537,0.03638,-0.06256
20.26,-0.57941,0.2587,-0.14018,-0.57238,0.32956,-0.28757,-0.62303,0.35685,-0.34819,-0.56055,0.25473,-0.29525,-0.62969,0.19844,-0.3018,-0.63593,0.26998,-0.36741,-0.57875,0.29801,-0.37926,-0.60019,0.37943,-0.2372,-0.67736,0.42365,-0.24615,-0.65396,0.38363,-0.33166,-0.59227,0.37674,-0.35017,-0.59615,0.22268,-0.155,-0.64446,0.0836,-0.16741,-0.51985,0.14785,-0.11867,-0.47547,0.08,-0.13031,-0.6049,0.24997,-0.10745,-0.74286,0.21256,-0.07002,-0.67631,0.0799,-0.06826,-0.74578,0.03685,-0.06277
20.28,-0.58014,0.25936,-0.14161,-0.57227,0.33052,-0.28882,-0.62184,0.35787,-0.3503,-0.56094,0.25562,-0.29665,-0.62985,0.199,-0.30274,-0.63633,0.27066,-0.3682,-0.57917,0.29862,-0.3803,-0.59986,0.38046,-0.23839,-0.67769,0.42371,-0.24635,-0.65481,0.38462,-0.33243,-0.59325,0.37838,-0.35159,-0.597,0.22334,-0.15632,-0.64467,0.08398,-0.16807,-0.51993,0.14828,-0.11976,-0.47563,0.08036,-0.1313,-0.60537,0.25059,-0.10868,-0.74318,0.21316,-0.07076,-0.67678,0.08043,-0.06882,-0.74622,0.03739,-0.06296
20.3,-0.58073,0.25988,-0.14283,-0.57222,0.3313,-0.28988,-0.62074,0.35872,-0.35216,-0.56135,0.25635,-0.29785,-0.62999,0.19935,-0.30351,-0.63679,0.27119,-0.36874,-0.57967,0.29915,-0.38105,-0.59956,0.3813,-0.23938,-0.67799,0.42362,-0.24632,-0.65565,0.38532,-0.3329,-0.59422,0.37972,-0.35266,-0.59768,0.22387,-0.15746,-0.64484,0.08429,-0.16864,-0.51994,0.14864,-0.12079,-0.47576,0.08063,-0.13226,-0.60574,0.25109,-0.10974,-0.74347,0.21362,-0.07156,-0.67715,0.08086,-0.0693,-0.74655,0.03778,-0.06318
20.32,-0.58094,0.26008,-0.14352,-0.57229,0.33172,-0.29045,-0.61987,0.35926,-0.3534,-0.56177,0.25674,-0.29857,-0.63,0.19923,-0.3039,-0.63734,0.27139,-0.36871,-0.58037,0.2996,-0.38114,-0.59934,0.38176,-0.23982,-0.67829,0.42327,-0.2458,-0.6564,0.38527,-0.33263,-0.59505,0.38033,-0.35283,-0.59792,0.22408,-0.15813,-0.6449,0.08442,-0.169,-0.51981,0.1488,-0.12169,-0.47582,0.08066,-0.13315,-0.60588,0.25126,-0.11038,-0.7437,0.21375,-0.07255,-0.67729,0.08104,-0.06962,-0.74661,0.03783,-0.06352
20.34,-0.58101,0.26015,-0.14398,-0.57241,0.33201,-0.29081,-0.61911,0.35967,-0.35437,-0.5622,0.257,-0.29908,-0.62998,0.19893,-0.30414,-0.63793,0.27149,-0.36845,-0.58114,0.30001,-0.38096,-0.59916,0.38206,-0.24005,-0.67858,0.4228,-0.24506,-0.6571,0.38496,-0.33206,-0.59583,0.38066,-0.35265,-0.598,0.22416,-0.15861,-0.64492,0.08446,-0.16926,-0.51964,0.14887,-0.12251,-0.47587,0.0806,-0.13398,-0.60593,0.25131,-0.11084,-0.74389,0.21375,-0.07359,-0.67735,0.08113,-0.06987,-0.74658,0.03776,-0.06389
20.36,-0.58115,0.26028,-0.14454,-0.57251,0.33235,-0.29127,-0.61829,0.36011,-0.35544,-0.56262,0.25732,-0.29968,-0.62998,0.19874,-0.30446,-0.6385,0.27165,-0.36829,-0.58186,0.30044,-0.3809,-0.59896,0.38243,-0.24037,-0.67883,0.42238,-0.24441,-0.65779,0.3848,-0.33163,-0.59662,0.38114,-0.35263,-0.59815,0.22431,-0.15917,-0.64496,0.08454,-0.16956,-0.5195,0.14899,-0.12335,-0.47592,0.08059,-0.13482,-0.60602,0.25142,-0.11137,-0.7441,0.21382,-0.07458,-0.67746,0.08127,-0.07014,-0.7466,0.03775,-0.06423
20.38,-0.58126,0.2604,-0.14513,-0.57262,0.33271,-0.29173,-0.61742,0.36058,-0.35655,-0.56306,0.25765,-0.30031,-0.62992,0.19848,-0.30479,-0.63906,0.27178,-0.36809,-0.58261,0.30089,-0.38079,-0.59876,0.38281,-0.24068,-0.67909,0.4219,-0.24365,-0.65853,0.3846,-0.3311,-0.59748,0.38165,-0.35254,-0.59828,0.22443,-0.15976,-0.64498,0.08461,-0.16988,-0.51931,0.1491,-0.12428,-0.47596,0.08056,-0.13575,-0.60609,0.2515,-0.11193,-0.7443,0.21387,-0.0757,-0.67756,0.0814,-0.07043,-0.7466,0.03772,-0.0646
20.4,-0.58141,0.26052,-0.1456,-0.57272,0.33299,-0.29212,-0.61668,0.36094,-0.35748,-0.56347,0.25791,-0.30082,-0.62997,0.19832,-0.30509,-0.63963,0.27196,-0.36791,-0.58332,0.3013,-0.38071,-0.59859,0.38312,-0.24097,-0.67929,0.42151,-0.24302,-0.65914,0.38444,-0.33066,-0.5982,0.38208,-0.35249,-0.59844,0.22456,-0.16024,-0.64504,0.08469,-0.17014,-0.51922,0.14919,-0.125,-0.47603,0.08054,-0.13647,-0.60621,0.2516,-0.11238,-0.74451,0.21391,-0.07656,-0.67768,0.08152,-0.07066,-0.74665,0.03772,-0.0649
20.42,-0.58171,0.26068,-0.14581,-0.5728,0.33309,-0.29235,-0.61632,0.36103,-0.35801,-0.56379,0.25798,-0.30103,-0.63034,0.19845,-0.30537,-0.64017,0.27234,-0.36787,-0.58387,0.30165,-0.38079,-0.5985,0.38332,-0.24121,-0.67934,0.42143,-0.24286,-0.65939,0.38446,-0.33059,-0.59852,0.38238,-0.35265,-0.59874,0.22472,-0.16044,-0.6452,0.0848,-0.17025,-0.51935,0.14926,-0.12511,-0.4762,0.08059,-0.1366,-0.60651,0.25178,-0.11259,-0.74475,0.21393,-0.07671,-0.67782,0.08159,-0.07077,-0.74679,0.03778,-0.06499
20.44,-0.58205,0.26085,-0.14592,-0.57287,0.33311,-0.29252,-0.61609,0.36099,-0.35839,-0.56408,0.25796,-0.30113,-0.63081,0.19865,-0.30562,-0.6407,0.27276,-0.36785,-0.58438,0.30194,-0.38093,-0.59844,0.38345,-0.24143,-0.67935,0.42143,-0.24286,-0.65952,0.38451,-0.33064,-0.5987,0.38258,-0.35286,-0.59907,0.22487,-0.16053,-0.64539,0.0849,-0.17031,-0.51957,0.1493,-0.12502,-0.4764,0.08066,-0.13654,-0.60686,0.25197,-0.11271,-0.745,0.21393,-0.0766,-0.67797,0.08163,-0.07083,-0.74696,0.03785,-0.06502
20.46,-0.58237,0.26101,-0.14607,-0.57295,0.33315,-0.29271,-0.61579,0.36101,-0.35884,-0.56438,0.25797,-0.30127,-0.63123,0.1988,-0.30585,-0.64125,0.27313,-0.3678,-0.58492,0.30224,-0.38104,-0.59838,0.3836,-0.24165,-0.67939,0.42138,-0.24277,-0.65972,0.38452,-0.33062,-0.59897,0.38282,-0.35303,-0.59939,0.22503,-0.16067,-0.64558,0.08501,-0.17038,-0.51975,0.14936,-0.12502,-0.47658,0.08072,-0.13657,-0.60719,0.25215,-0.11286,-0.74524,0.21394,-0.0766,-0.67813,0.08168,-0.07091,-0.74711,0.03791,-0.06507
20.48,-0.58269,0.26118,-0.14623,-0.57301,0.33323,-0.2929,-0.61552,0.36105,-0.35926,-0.56469,0.25803,-0.30143,-0.63169,0.19904,-0.30619,-0.64175,0.27363,-0.36781,-0.58539,0.30264,-0.38116,-0.59829,0.38378,-0.24186,-0.67938,0.4214,-0.24272,-0.65984,0.38464,-0.33064,-0.59916,0.38313,-0.35324,-0.59971,0.22519,-0.16081,-0.64575,0.08512,-0.17047,-0.51993,0.14941,-0.125,-0.47676,0.08077,-0.13658,-0.60752,0.25234,-0.11302,-0.74548,0.21394,-0.07663,-0.67827,0.08173,-0.07099,-0.74728,0.03799,-0.06514
20.5,-0.58302,0.26134,-0.14635,-0.57311,0.33322,-0.29309,-0.61524,0.36099,-0.35971,-0.56498,0.25798,-0.30154,-0.63208,0.19911,-0.30631,-0.64235,0.27387,-0.3677,-0.58601,0.30282,-0.38127,-0.59826,0.38389,-0.24211,-0.67945,0.4213,-0.24262,-0.6601,0.38456,-0.33058,-0.59948,0.38326,-0.35338,-0.60004,0.22534,-0.16092,-0.64595,0.08523,-0.17053,-0.52014,0.14947,-0.12498,-0.47697,0.08084,-0.13658,-0.60787,0.25252,-0.11315,-0.74573,0.21396,-0.07654,-0.67843,0.08178,-0.07106,-0.74743,0.03804,-0.06515
20.52,-0.58341,0.26144,-0.14642,-0.57329,0.33295,-0.29332,-0.6149,0.36067,-0.36029,-0.56527,0.25767,-0.30159,-0.63232,0.19871,-0.30578,-0.64327,0.27333,-0.3672,-0.58711,0.30234,-0.38134,-0.59841,0.38377,-0.24249,-0.67975,0.42086,-0.24234,-0.66079,0.3839,-0.3303,-0.60024,0.38287,-0.3533,-0.60041,0.22542,-0.16097,-0.64626,0.08529,-0.17056,-0.52047,0.14956,-0.12501,-0.47726,0.08095,-0.13662,-0.60832,0.25267,-0.11325,-0.74603,0.21399,-0.07619,-0.67866,0.08184,-0.07113,-0.74758,0.03801,-0.06501
20.54,-0.58381,0.26151,-0.14645,-0.5735,0.33257,-0.29356,-0.61454,0.36022,-0.36091,-0.56554,0.25726,-0.30159,-0.63248,0.19811,-0.30503,-0.64429,0.27251,-0.36657,-0.58836,0.30162,-0.3814,-0.59861,0.38357,-0.2429,-0.68012,0.42028,-0.242,-0.6616,0.38303,-0.32993,-0.60113,0.38228,-0.35313,-0.60078,0.22548,-0.16098,-0.6466,0.08533,-0.17058,-0.52083,0.14965,-0.12505,-0.47758,0.08106,-0.13665,-0.6088,0.2528,-0.11333,-0.74634,0.21404,-0.07574,-0.6789,0.08189,-0.07118,-0.74773,0.03795,-0.06481
20.56,-0.58418,0.26159,-0.14649,-0.57369,0.33223,-0.29379,-0.61418,0.3598,-0.3615,-0.5658,0.2569,-0.30161,-0.63263,0.19759,-0.3044,-0.64523,0.27182,-0.36599,-0.58953,0.30103,-0.38147,-0.59879,0.3834,-0.24329,-0.68044,0.41974,-0.24166,-0.66234,0.38226,-0.32958,-0.60194,0.3818,-0.35299,-0.60114,0.22554,-0.161,-0.64692,0.08539,-0.1706,-0.52116,0.14974,-0.12508,-0.47787,0.08117,-0.13668,-0.60925,0.25294,-0.11341,-0.74663,0.21408,-0.07535,-0.67913,0.08196,-0.07123,-0.74788,0.03792,-0.06464
20.58,-0.58461,0.2617,-0.14655,-0.5739,0.33192,-0.29403,-0.61381,0.35949,-0.36209,-0.56611,0.25655,-0.30164,-0.63292,0.19719,-0.30366,-0.64627,0.27119,-0.36536,-0.59073,0.30037,-0.38147,-0.59896,0.38326,-0.24369,-0.68071,0.41936,-0.24137,-0.66307,0.38155,-0.32924,-0.60277,0.38129,-0.35289,-0.60154,0.22563,-0.16105,-0.64728,0.08546,-0.17064,-0.52153,0.14983,-0.12511,-0.47821,0.08129,-0.13672,-0.60975,0.25311,-0.11351,-0.74696,0.21415,-0.07491,-0.6794,0.08203,-0.07131,-0.74805,0.03788,-0.06446
20.6,-0.58493,0.26175,-0.14656,-0.57408,0.33154,-0.29424,-0.61347,0.35891,-0.36268,-0.56633,0.25614,-0.30162,-0.63291,0.19651,-0.3031,-0.6471,0.27037,-0.36478,-0.59189,0.29978,-0.38157,-0.59915,0.38304,-0.24407,-0.68109,0.41864,-0.24096,-0.66381,0.38067,-0.32883,-0.60357,0.38081,-0.35265,-0.60184,0.22567,-0.16104,-0.64756,0.08549,-0.17064,-0.52182,0.14991,-0.12514,-0.47847,0.08139,-0.13674,-0.61015,0.25322,-0.11356,-0.74721,0.21419,-0.07454,-0.67961,0.08209,-0.07132,-0.74819,0.03785,-0.06428
20.62,-0.58498,0.2617,-0.14646,-0.57423,0.33103,-0.29436,-0.61322,0.35766,-0.36332,-0.56634,0.25563,-0.3015,-0.63209,0.19509,-0.3031,-0.64739,0.26906,-0.36439,-0.59299,0.29946,-0.38203,-0.5994,0.38265,-0.24436,-0.68183,0.41701,-0.24021,-0.66455,0.3794,-0.32824,-0.60431,0.38051,-0.35201,-0.60188,0.2256,-0.16091,-0.64766,0.08545,-0.1706,-0.52193,0.14995,-0.12518,-0.47853,0.08146,-0.13674,-0.61026,0.25323,-0.11349,-0.74729,0.21418,-0.0744,-0.67965,0.08211,-0.07119,-0.74821,0.03786,-0.06412
20.64,-0.58492,0.26162,-0.14631,-0.57436,0.33047,-0.29444,-0.613,0.35616,-0.36396,-0.56625,0.25507,-0.30132,-0.63096,0.19342,-0.30328,-0.64747,0.26755,-0.36406,-0.59408,0.2992,-0.3826,-0.59968,0.38219,-0.24462,-0.68264,0.41505,-0.23932,-0.66529,0.378,-0.32757,-0.60504,0.38028,-0.35124,-0.6018,0.2255,-0.16073,-0.64769,0.08539,-0.17053,-0.52197,0.14998,-0.12522,-0.47851,0.08151,-0.13673,-0.61025,0.2532,-0.11337,-0.74731,0.21416,-0.07433,-0.67962,0.08211,-0.07101,-0.74819,0.03788,-0.06396
20.66,-0.5849,0.26155,-0.14617,-0.57449,0.32993,-0.29453,-0.61276,0.35476,-0.36456,-0.5662,0.25452,-0.30116,-0.62996,0.1919,-0.30336,-0.64762,0.26613,-0.3637,-0.5952,0.29887,-0.38307,-0.59994,0.38175,-0.24488,-0.68335,0.41326,-0.23848,-0.666,0.37668,-0.32692,-0.60578,0.38002,-0.35053,-0.60177,0.22541,-0.16056,-0.64774,0.08533,-0.17046,-0.52203,0.15,-0.12525,-0.47851,0.08157,-0.13672,-0.61029,0.25319,-0.11326,-0.74735,0.21415,-0.07422,-0.67961,0.08212,-0.07084,-0.74819,0.03789,-0.0638
20.68,-0.58491,0.26148,-0.14606,-0.57464,0.3294,-0.29465,-0.61248,0.35333,-0.36522,-0.56618,0.25399,-0.30102,-0.62888,0.19032,-0.30348,-0.64783,0.26464,-0.36331,-0.59651,0.29856,-0.38358,-0.60021,0.38133,-0.24517,-0.68405,0.41139,-0.23749,-0.66678,0.37538,-0.32619,-0.6066,0.37984,-0.34975,-0.60176,0.22532,-0.16043,-0.64782,0.08528,-0.17042,-0.52211,0.15004,-0.12531,-0.47854,0.08163,-0.13672,-0.61036,0.25318,-0.11318,-0.74741,0.21414,-0.07413,-0.67963,0.08214,-0.07069,-0.74821,0.03791,-0.06365
20.7,-0.58484,0.26139,-0.14588,-0.57474,0.32882,-0.29471,-0.61226,0.35191,-0.36572,-0.56608,0.25341,-0.30082,-0.62784,0.18885,-0.30354,-0.64784,0.26321,-0.36297,-0.59751,0.29815,-0.38398,-0.60045,0.38085,-0.24541,-0.68464,0.40962,-0.23668,-0.6674,0.37409,-0.32558,-0.6073,0.37955,-0.34909,-0.60168,0.22522,-0.16022,-0.64784,0.08522,-0.17033,-0.52214,0.15006,-0.12531,-0.47852,0.08167,-0.13669,-0.61034,0.25314,-0.11303,-0.74741,0.21411,-0.07402,-0.67959,0.08213,-0.0705,-0.74818,0.03791,-0.06348
20.72,-0.58461,0.26124,-0.14557,-0.57471,0.32813,-0.29465,-0.61223,0.35059,-0.36587,-0.5658,0.25273,-0.30047,-0.62703,0.18767,-0.30343,-0.64738,0.26196,-0.36283,-0.59759,0.29751,-0.38412,-0.6006,0.38027,-0.24556,-0.68504,0.40816,-0.23646,-0.66766,0.37276,-0.32538,-0.60762,0.37891,-0.34887,-0.60144,0.22505,-0.15987,-0.64774,0.08511,-0.17016,-0.52206,0.15003,-0.1252,-0.4784,0.08167,-0.13658,-0.61014,0.25305,-0.11273,-0.74726,0.21405,-0.07386,-0.67946,0.08206,-0.07027,-0.74806,0.03785,-0.06332
20.74,-0.58431,0.26107,-0.14519,-0.57463,0.32739,-0.29454,-0.61227,0.34929,-0.36588,-0.56545,0.252,-0.30006,-0.62629,0.18658,-0.30326,-0.64672,0.26077,-0.36275,-0.59733,0.2968,-0.38415,-0.60072,0.37963,-0.24567,-0.68538,0.40681,-0.23643,-0.66778,0.37142,-0.32531,-0.60779,0.37814,-0.34881,-0.60114,0.22487,-0.15946,-0.64759,0.08499,-0.16994,-0.52194,0.14999,-0.12505,-0.47824,0.08166,-0.13644,-0.60988,0.25294,-0.11236,-0.74705,0.21397,-0.07368,-0.6793,0.08196,-0.07001,-0.74791,0.03776,-0.06315
20.76,-0.58404,0.26092,-0.14484,-0.57457,0.32667,-0.29445,-0.61226,0.34799,-0.36594,-0.56514,0.25129,-0.29967,-0.62552,0.18545,-0.30311,-0.64614,0.25957,-0.36263,-0.59722,0.29612,-0.38421,-0.60084,0.37902,-0.24579,-0.68571,0.40543,-0.23631,-0.66795,0.37009,-0.32518,-0.60803,0.37742,-0.34867,-0.60087,0.22469,-0.15907,-0.64747,0.08488,-0.16974,-0.52183,0.14996,-0.12492,-0.4781,0.08165,-0.13631,-0.60964,0.25284,-0.11203,-0.74687,0.21389,-0.07351,-0.67915,0.08187,-0.06975,-0.74777,0.03768,-0.06297
20.78,-0.58376,0.26075,-0.14452,-0.57453,0.32595,-0.29439,-0.61227,0.34665,-0.36603,-0.56481,0.25058,-0.2993,-0.62468,0.1843,-0.30296,-0.64558,0.2583,-0.36254,-0.59716,0.29539,-0.38433,-0.601,0.37839,-0.24593,-0.6861,0.40394,-0.23616,-0.66817,0.36872,-0.32504,-0.60834,0.37673,-0.34854,-0.60059,0.22451,-0.15871,-0.64734,0.08477,-0.16957,-0.52173,0.14993,-0.12479,-0.47795,0.08164,-0.13619,-0.60939,0.25273,-0.11171,-0.74668,0.21381,-0.07336,-0.67899,0.08178,-0.06954,-0.74764,0.0376,-0.06284
20.8,-0.58349,0.26059,-0.14412,-0.57444,0.32521,-0.29425,-0.61225,0.34538,-0.366,-0.5645,0.24985,-0.29885,-0.62398,0.18323,-0.30277,-0.64493,0.25719,-0.36239,-0.59691,0.29475,-0.38428,-0.60106,0.37777,-0.24601,-0.68633,0.4027,-0.23609,-0.66822,0.36745,-0.32492,-0.60846,0.37595,-0.34842,-0.60031,0.22434,-0.15826,-0.64721,0.08466,-0.16933,-0.52161,0.1499,-0.12463,-0.47781,0.08164,-0.13604,-0.60916,0.25263,-0.11132,-0.7465,0.21374,-0.07317,-0.67883,0.0817,-0.06923,-0.74748,0.03751,-0.06262
20.82,-0.58327,0.26044,-0.1435,-0.57423,0.32438,-0.29392,-0.61212,0.34427,-0.36571,-0.56427,0.24901,-0.29819,-0.62368,0.18234,-0.30243,-0.64409,0.25645,-0.36204,-0.59626,0.29431,-0.38382,-0.60086,0.37715,-0.24592,-0.68615,0.40214,-0.23628,-0.66786,0.36642,-0.32489,-0.60808,0.37485,-0.34837,-0.60009,0.22416,-0.15759,-0.64713,0.08456,-0.16897,-0.52152,0.14987,-0.12439,-0.47771,0.08162,-0.13584,-0.60898,0.25255,-0.11072,-0.7464,0.21367,-0.07285,-0.67868,0.08166,-0.06869,-0.74729,0.03739,-0.06218
20.84,-0.58305,0.2603,-0.14281,-0.57398,0.32354,-0.29352,-0.61196,0.34325,-0.36531,-0.56408,0.24814,-0.29744,-0.62352,0.18153,-0.30206,-0.64317,0.25586,-0.36165,-0.59542,0.29397,-0.38318,-0.60057,0.37655,-0.24576,-0.68583,0.40182,-0.23657,-0.66734,0.36548,-0.32489,-0.60751,0.37367,-0.34834,-0.59987,0.224,-0.15684,-0.64705,0.08446,-0.16856,-0.52143,0.14985,-0.12412,-0.47762,0.0816,-0.13561,-0.60881,0.25249,-0.11005,-0.74633,0.2136,-0.07249,-0.67853,0.08164,-0.06807,-0.74708,0.03727,-0.06166
20.86,-0.58283,0.26015,-0.14215,-0.57375,0.32273,-0.29314,-0.61181,0.34219,-0.36495,-0.56387,0.24731,-0.29673,-0.62326,0.18068,-0.30174,-0.64227,0.25521,-0.36128,-0.59465,0.29362,-0.38256,-0.60033,0.37595,-0.2456,-0.68558,0.40134,-0.23678,-0.66688,0.3645,-0.32484,-0.60702,0.37255,-0.34824,-0.59964,0.22383,-0.15613,-0.64696,0.08437,-0.16817,-0.52133,0.14983,-0.12388,-0.47751,0.08159,-0.13538,-0.60864,0.25242,-0.1094,-0.74623,0.21354,-0.07216,-0.67836,0.08162,-0.06746,-0.74686,0.03715,-0.06116
20.88,-0.58264,0.26001,-0.14147,-0.57351,0.32182,-0.29278,-0.61167,0.34112,-0.36458,-0.56367,0.24637,-0.29599,-0.6231,0.17981,-0.30125,-0.64139,0.2545,-0.36082,-0.59394,0.29313,-0.38208,-0.60006,0.3753,-0.24552,-0.68526,0.40102,-0.23713,-0.66643,0.36351,-0.32489,-0.60655,0.37129,-0.34831,-0.59944,0.22365,-0.15539,-0.6469,0.08428,-0.16778,-0.52129,0.14983,-0.12355,-0.47745,0.08162,-0.13515,-0.6085,0.25238,-0.10876,-0.74616,0.21347,-0.07178,-0.67827,0.08157,-0.06692,-0.74673,0.03702,-0.06073
20.9,-0.58239,0.25985,-0.14082,-0.57329,0.3211,-0.29236,-0.61152,0.3401,-0.36421,-0.56347,0.24565,-0.29529,-0.62277,0.179,-0.30108,-0.64048,0.25393,-0.36052,-0.59309,0.2929,-0.38129,-0.59982,0.37476,-0.24529,-0.68506,0.40044,-0.23721,-0.66594,0.36254,-0.32473,-0.60601,0.3703,-0.34805,-0.59919,0.22349,-0.15471,-0.64678,0.08418,-0.16738,-0.52112,0.14979,-0.12339,-0.47729,0.08156,-0.13491,-0.60828,0.25228,-0.10812,-0.74605,0.2134,-0.07151,-0.67802,0.08159,-0.06623,-0.74639,0.0369,-0.06014
20.92,-0.58199,0.25968,-0.14022,-0.57316,0.3209,-0.29179,-0.61132,0.33903,-0.3639,-0.56328,0.24545,-0.29472,-0.62173,0.17821,-0.30206,-0.6393,0.25374,-0.36079,-0.59175,0.29352,-0.37954,-0.59966,0.37455,-0.24469,-0.68526,0.39896,-0.23649,-0.66531,0.3616,-0.32406,-0.60528,0.37021,-0.34681,-0.59881,0.22334,-0.15415,-0.6465,0.08407,-0.16694,-0.52058,0.14964,-0.12365,-0.47686,0.08125,-0.13463,-0.60784,0.25204,-0.10749,-0.74584,0.21335,-0.07156,-0.67737,0.08182,-0.06511,-0.74557,0.03687,-0.05913
20.94,-0.58155,0.25952,-0.13966,-0.57307,0.32091,-0.29117,-0.61113,0.33805,-0.36358,-0.56312,0.24548,-0.2942,-0.62051,0.17754,-0.30331,-0.63812,0.25369,-0.36121,-0.5904,0.29434,-0.3775,-0.59953,0.37448,-0.24397,-0.68556,0.39726,-0.23548,-0.66467,0.36073,-0.32318,-0.60454,0.37043,-0.34523,-0.59838,0.2232,-0.15365,-0.64617,0.08398,-0.16649,-0.51991,0.14947,-0.12407,-0.47635,0.08087,-0.13433,-0.60731,0.25176,-0.10689,-0.74558,0.21332,-0.07173,-0.67657,0.08216,-0.06383,-0.74457,0.03687,-0.05795
20.96,-0.58112,0.25934,-0.1391,-0.57297,0.32084,-0.29059,-0.61097,0.33713,-0.36322,-0.56296,0.24542,-0.29369,-0.61941,0.17691,-0.30424,-0.63705,0.25354,-0.36149,-0.58925,0.2949,-0.37566,-0.59939,0.37436,-0.2433,-0.68575,0.39577,-0.2346,-0.66405,0.35988,-0.32237,-0.60387,0.37049,-0.34384,-0.59796,0.22305,-0.15315,-0.64585,0.08387,-0.16606,-0.5193,0.14931,-0.12445,-0.47588,0.08052,-0.13403,-0.60681,0.25149,-0.1063,-0.74533,0.21329,-0.07185,-0.67584,0.08246,-0.06261,-0.74364,0.03688,-0.0568
20.98,-0.58073,0.25918,-0.13844,-0.57282,0.32069,-0.28993,-0.61062,0.33572,-0.36294,-0.56276,0.24527,-0.29305,-0.61784,0.17603,-0.3058,-0.63541,0.25347,-0.36198,-0.58774,0.29584,-0.37331,-0.59923,0.37419,-0.24261,-0.68599,0.39377,-0.23368,-0.66328,0.35898,-0.32163,-0.60305,0.37084,-0.34229,-0.59757,0.22292,-0.15254,-0.64557,0.08378,-0.16555,-0.51874,0.14917,-0.12471,-0.47547,0.08021,-0.13371,-0.60636,0.25125,-0.10561,-0.74513,0.21329,-0.07195,-0.67524,0.08278,-0.06138,-0.74289,0.03695,-0.05569
21,-0.58024,0.25899,-0.13801,-0.57278,0.32077,-0.28942,-0.61064,0.33538,-0.36248,-0.56263,0.24538,-0.29269,-0.61711,0.17578,-0.30607,-0.63493,0.2533,-0.36206,-0.58719,0.29596,-0.37191,-0.59913,0.37416,-0.24194,-0.68609,0.39275,-0.23274,-0.66284,0.35829,-0.32068,-0.6026,0.37075,-0.34098,-0.5971,0.22276,-0.15218,-0.64521,0.08367,-0.1652,-0.51806,0.14899,-0.12526,-0.47491,0.07984,-0.13345,-0.60579,0.25094,-0.10514,-0.74478,0.21324,-0.07211,-0.67438,0.08313,-0.06012,-0.7418,0.03696,-0.05441
21.02,-0.57956,0.25875,-0.13824,-0.57297,0.32142,-0.28932,-0.61169,0.33795,-0.36152,-0.56268,0.24606,-0.29307,-0.61878,0.17711,-0.30262,-0.63755,0.25267,-0.36093,-0.58895,0.29371,-0.37314,-0.59921,0.37447,-0.2414,-0.68579,0.39464,-0.23203,-0.6632,0.35809,-0.3193,-0.60298,0.36915,-0.34045,-0.59645,0.22257,-0.15252,-0.64468,0.08349,-0.16525,-0.51707,0.14868,-0.12658,-0.47404,0.07931,-0.13337,-0.60496,0.2505,-0.10531,-0.74405,0.21303,-0.07239,-0.67278,0.08355,-0.05877,-0.73978,0.03683,-0.05267
21.04,-0.57879,0.25847,-0.1387,-0.57327,0.3223,-0.28934,-0.61307,0.34158,-0.36026,-0.56282,0.247,-0.29373,-0.62084,0.17911,-0.29761,-0.64137,0.25161,-0.35912,-0.59197,0.29032,-0.37515,-0.59935,0.37492,-0.24086,-0.6853,0.3975,-0.2312,-0.66402,0.35815,-0.31758,-0.60394,0.36712,-0.34007,-0.5957,0.22237,-0.15313,-0.64406,0.0833,-0.16546,-0.51595,0.14832,-0.12819,-0.47307,0.07872,-0.13334,-0.60402,0.25,-0.1057,-0.74315,0.21276,-0.07272,-0.67091,0.08402,-0.05741,-0.73742,0.03667,-0.05078
21.06,-0.57804,0.25821,-0.13907,-0.57354,0.32312,-0.28928,-0.61426,0.34471,-0.359,-0.56294,0.24788,-0.29426,-0.62214,0.18091,-0.29306,-0.6447,0.2504,-0.35727,-0.59492,0.2871,-0.37653,-0.59946,0.37533,-0.24028,-0.68484,0.39983,-0.23022,-0.66482,0.3582,-0.31582,-0.60496,0.36543,-0.33949,-0.59498,0.22218,-0.15362,-0.64347,0.08311,-0.16559,-0.5149,0.14799,-0.12967,-0.47222,0.07817,-0.13326,-0.6031,0.24952,-0.10599,-0.7423,0.21254,-0.07302,-0.66918,0.08449,-0.05611,-0.73523,0.03658,-0.04898
21.08,-0.57737,0.25796,-0.13939,-0.57372,0.32377,-0.28923,-0.61541,0.3477,-0.3576,-0.56298,0.24858,-0.29471,-0.62305,0.18271,-0.28807,-0.64766,0.24866,-0.35521,-0.59754,0.2831,-0.37749,-0.59951,0.37563,-0.23981,-0.6842,0.4024,-0.2297,-0.66532,0.35818,-0.31426,-0.60567,0.3634,-0.33896,-0.59434,0.22199,-0.15407,-0.64292,0.08293,-0.1657,-0.51391,0.14768,-0.13116,-0.47149,0.07764,-0.13323,-0.60229,0.24907,-0.10626,-0.74156,0.21231,-0.07333,-0.66747,0.08508,-0.05461,-0.73305,0.0366,-0.04696
21.1,-0.5765,0.25767,-0.13986,-0.57411,0.3248,-0.28914,-0.61662,0.35111,-0.35611,-0.56322,0.24969,-0.29536,-0.62354,0.18485,-0.28319,-0.65145,0.24706,-0.35257,-0.60175,0.2795,-0.37852,-0.59968,0.37616,-0.23908,-0.6837,0.40461,-0.228,-0.66673,0.35853,-0.31197,-0.60759,0.3621,-0.33815,-0.59352,0.22178,-0.15468,-0.64224,0.08274,-0.1659,-0.51279,0.14732,-0.13272,-0.47065,0.07708,-0.13313,-0.60122,0.24854,-0.10665,-0.74055,0.21209,-0.07362,-0.66569,0.08551,-0.05355,-0.7308,0.0365,-0.04534
21.12,-0.57513,0.25729,-0.14072,-0.57508,0.32683,-0.28892,-0.618,0.35552,-0.35464,-0.56398,0.25187,-0.2965,-0.62355,0.18753,-0.27912,-0.65733,0.2464,-0.34879,-0.60992,0.27763,-0.37999,-0.60015,0.37727,-0.23767,-0.6837,0.40562,-0.22328,-0.67032,0.35955,-0.3079,-0.61231,0.36263,-0.33656,-0.59225,0.22151,-0.1557,-0.64124,0.08251,-0.16629,-0.51134,0.14686,-0.13441,-0.46947,0.07648,-0.1328,-0.59949,0.2478,-0.10734,-0.73885,0.21192,-0.07382,-0.66373,0.0855,-0.05369,-0.72841,0.03602,-0.04487
21.14,-0.57355,0.25686,-0.14173,-0.57625,0.32921,-0.28855,-0.61945,0.36029,-0.35298,-0.56496,0.25446,-0.29774,-0.62309,0.19038,-0.27528,-0.66363,0.24591,-0.34409,-0.61962,0.27606,-0.38083,-0.60069,0.37855,-0.23594,-0.68368,0.40612,-0.21743,-0.67449,0.36068,-0.30294,-0.61796,0.36373,-0.33442,-0.5908,0.22122,-0.15688,-0.64009,0.08227,-0.16675,-0.50976,0.14636,-0.13615,-0.46822,0.07587,-0.13241,-0.59749,0.24698,-0.10816,-0.73686,0.21177,-0.07399,-0.66171,0.08531,-0.05426,-0.72598,0.0354,-0.04482
21.16,-0.57206,0.25644,-0.14265,-0.57732,0.33139,-0.28808,-0.62084,0.3648,-0.35113,-0.56588,0.25687,-0.2988,-0.62219,0.1931,-0.27135,-0.66904,0.24499,-0.33898,-0.62859,0.27381,-0.38057,-0.60113,0.37968,-0.23423,-0.68341,0.40668,-0.21206,-0.67808,0.36157,-0.29807,-0.62305,0.36447,-0.33211,-0.58944,0.22093,-0.15796,-0.63899,0.08203,-0.16715,-0.50824,0.14588,-0.13786,-0.46713,0.07527,-0.13204,-0.5956,0.24619,-0.10891,-0.73499,0.21163,-0.07415,-0.65975,0.08519,-0.05461,-0.7236,0.03488,-0.04457
21.18,-0.5706,0.25607,-0.14364,-0.57833,0.33352,-0.28765,-0.62208,0.36935,-0.34919,-0.5668,0.25924,-0.29983,-0.62076,0.19596,-0.26704,-0.67428,0.24344,-0.33294,-0.63811,0.27048,-0.37938,-0.60148,0.38077,-0.23261,-0.68284,0.4072,-0.20669,-0.68155,0.3622,-0.29292,-0.62817,0.36481,-0.32951,-0.5881,0.22069,-0.15912,-0.63791,0.08183,-0.16758,-0.50676,0.14545,-0.1396,-0.46617,0.07474,-0.13167,-0.59376,0.24545,-0.10975,-0.73313,0.21155,-0.07429,-0.65771,0.08519,-0.05496,-0.72107,0.0344,-0.04422
21.2,-0.56903,0.25559,-0.14453,-0.57944,0.33575,-0.28687,-0.62351,0.37371,-0.34689,-0.5678,0.26178,-0.30067,-0.61909,0.19859,-0.26368,-0.67841,0.24244,-0.32709,-0.64642,0.2681,-0.37723,-0.60188,0.38184,-0.23056,-0.68231,0.40735,-0.20105,-0.68472,0.36292,-0.28755,-0.63309,0.36574,-0.32655,-0.58669,0.22036,-0.16017,-0.63672,0.08155,-0.16796,-0.50519,0.14492,-0.14127,-0.46519,0.07414,-0.13133,-0.59176,0.24457,-0.11047,-0.73116,0.2114,-0.07443,-0.65582,0.08494,-0.05541,-0.71886,0.03387,-0.04413
21.22,-0.5672,0.25482,-0.14511,-0.5808,0.33824,-0.2853,-0.62552,0.37749,-0.34398,-0.56894,0.26468,-0.30106,-0.6179,0.20043,-0.26277,-0.68069,0.24345,-0.32333,-0.65142,0.26943,-0.37495,-0.60248,0.38283,-0.22751,-0.68221,0.40673,-0.19492,-0.68735,0.36412,-0.2822,-0.63747,0.36842,-0.32331,-0.58506,0.21977,-0.16092,-0.63531,0.08101,-0.16824,-0.50341,0.14411,-0.14276,-0.46395,0.07328,-0.1311,-0.58938,0.24334,-0.11084,-0.72893,0.21105,-0.07458,-0.65438,0.08405,-0.05608,-0.71758,0.0332,-0.0447
21.24,-0.56527,0.25394,-0.14558,-0.58222,0.34078,-0.28331,-0.6277,0.38106,-0.3407,-0.57016,0.26775,-0.30116,-0.61696,0.202,-0.2627,-0.68239,0.24521,-0.32027,-0.65533,0.27216,-0.37259,-0.60306,0.38373,-0.22398,-0.68212,0.4057,-0.1885,-0.68971,0.3654,-0.2767,-0.64167,0.3717,-0.3197,-0.58336,0.21908,-0.16156,-0.63383,0.08038,-0.16849,-0.50156,0.14319,-0.14416,-0.46266,0.07234,-0.13092,-0.58685,0.24197,-0.11111,-0.7266,0.21068,-0.07472,-0.65315,0.08296,-0.0568,-0.71669,0.03254,-0.04547
21.26,-0.56339,0.25312,-0.14609,-0.58353,0.34322,-0.28127,-0.62967,0.38467,-0.33728,-0.57137,0.27073,-0.30116,-0.61585,0.20371,-0.26217,-0.68415,0.24646,-0.31666,-0.65962,0.27405,-0.36988,-0.60349,0.38455,-0.22051,-0.6817,0.40464,-0.18215,-0.69191,0.36642,-0.27101,-0.64582,0.37453,-0.31579,-0.58172,0.21846,-0.16223,-0.63238,0.07981,-0.16872,-0.49978,0.14234,-0.14557,-0.4615,0.07146,-0.13074,-0.5844,0.24067,-0.11143,-0.72432,0.21041,-0.07481,-0.65188,0.08204,-0.05742,-0.71571,0.03199,-0.04603
21.28,-0.5615,0.25228,-0.14665,-0.58473,0.34558,-0.27913,-0.63153,0.38812,-0.33377,-0.57252,0.27369,-0.30105,-0.61471,0.20536,-0.26177,-0.68565,0.24766,-0.31316,-0.6636,0.27594,-0.36709,-0.60378,0.38526,-0.21699,-0.68103,0.40346,-0.17585,-0.69396,0.36733,-0.26524,-0.64993,0.37727,-0.3117,-0.58007,0.21783,-0.16295,-0.63093,0.07923,-0.16896,-0.49798,0.14147,-0.14709,-0.46043,0.07058,-0.13054,-0.58192,0.23936,-0.11181,-0.72199,0.21024,-0.07489,-0.65068,0.08116,-0.05803,-0.71483,0.03154,-0.04654
21.3,-0.55962,0.25143,-0.14708,-0.58596,0.34791,-0.27667,-0.63334,0.39166,-0.32983,-0.5738,0.27666,-0.30065,-0.61364,0.20704,-0.26119,-0.6871,0.24886,-0.30933,-0.66757,0.27785,-0.36386,-0.60399,0.3859,-0.21319,-0.68022,0.40202,-0.16937,-0.69571,0.36804,-0.25919,-0.65376,0.37993,-0.30709,-0.57845,0.21719,-0.16353,-0.62949,0.07864,-0.16915,-0.49624,0.14062,-0.14833,-0.45936,0.06971,-0.13042,-0.57947,0.23804,-0.11209,-0.71971,0.21005,-0.07492,-0.64951,0.0803,-0.05853,-0.71398,0.03111,-0.04697
21.32,-0.55782,0.25061,-0.14726,-0.58738,0.35022,-0.27376,-0.63519,0.3956,-0.32514,-0.5754,0.27967,-0.2998,-0.6127,0.20885,-0.26,-0.68874,0.24994,-0.30463,-0.67198,0.27952,-0.35977,-0.60423,0.38649,-0.20895,-0.67936,0.40026,-0.16251,-0.69705,0.36849,-0.25273,-0.65703,0.38247,-0.30171,-0.57689,0.21658,-0.16387,-0.62813,0.0781,-0.16928,-0.49471,0.13984,-0.14884,-0.45813,0.0689,-0.13045,-0.57715,0.23677,-0.11216,-0.71757,0.20975,-0.07493,-0.64831,0.07947,-0.05883,-0.71302,0.03062,-0.04726
21.34,-0.55605,0.24978,-0.14732,-0.58883,0.35246,-0.27053,-0.63697,0.39957,-0.32,-0.57713,0.28266,-0.29863,-0.6118,0.21065,-0.25859,-0.69028,0.25095,-0.29957,-0.67636,0.28109,-0.35519,-0.6044,0.38697,-0.20445,-0.67835,0.39821,-0.15551,-0.69811,0.36872,-0.24607,-0.66001,0.38488,-0.29589,-0.57536,0.21597,-0.1641,-0.6268,0.07755,-0.16937,-0.49325,0.13906,-0.14908,-0.45682,0.06807,-0.13054,-0.57488,0.23548,-0.11212,-0.71548,0.20944,-0.07492,-0.64712,0.07865,-0.05903,-0.71209,0.03012,-0.04748
21.36,-0.55428,0.24895,-0.1474,-0.59016,0.3546,-0.26718,-0.63861,0.40335,-0.31472,-0.57878,0.28561,-0.29732,-0.61082,0.21242,-0.25721,-0.69157,0.25181,-0.29451,-0.68049,0.28251,-0.35046,-0.60442,0.38733,-0.19992,-0.67708,0.39604,-0.14858,-0.69901,0.3688,-0.23935,-0.66293,0.38711,-0.28992,-0.57384,0.21536,-0.16433,-0.62546,0.07701,-0.16943,-0.49177,0.13828,-0.14942,-0.45557,0.06725,-0.13059,-0.57259,0.2342,-0.11212,-0.71338,0.20921,-0.07488,-0.64599,0.0779,-0.05918,-0.71123,0.02974,-0.04762
21.38,-0.55248,0.24815,-0.14761,-0.59136,0.35668,-0.26382,-0.64011,0.40704,-0.30935,-0.58042,0.28852,-0.29597,-0.60977,0.2142,-0.2559,-0.69265,0.25244,-0.28954,-0.68443,0.28362,-0.34571,-0.60425,0.38762,-0.19545,-0.6755,0.39381,-0.14182,-0.69969,0.36883,-0.23266,-0.6656,0.38928,-0.2838,-0.57231,0.21478,-0.16468,-0.62414,0.0765,-0.16956,-0.4903,0.13753,-0.14977,-0.45432,0.06648,-0.13063,-0.57028,0.23295,-0.11226,-0.7112,0.20911,-0.07479,-0.6449,0.07722,-0.05934,-0.71041,0.02947,-0.04766
21.4,-0.55073,0.24728,-0.14753,-0.59257,0.35861,-0.26001,-0.64148,0.41057,-0.30351,-0.58206,0.29135,-0.29414,-0.60871,0.21589,-0.2543,-0.69352,0.25309,-0.28408,-0.68818,0.2848,-0.34031,-0.60407,0.38771,-0.19059,-0.67387,0.39119,-0.13484,-0.70019,0.36846,-0.22568,-0.66827,0.39105,-0.27732,-0.57082,0.21415,-0.16475,-0.62284,0.07593,-0.16954,-0.48885,0.13672,-0.15001,-0.45308,0.06562,-0.13068,-0.56804,0.23163,-0.11213,-0.70917,0.2089,-0.07473,-0.64383,0.07653,-0.05935,-0.70963,0.02917,-0.04769
21.42,-0.54912,0.24625,-0.14673,-0.5939,0.36027,-0.25531,-0.64282,0.41377,-0.29691,-0.58377,0.29401,-0.29144,-0.60776,0.21738,-0.25215,-0.69421,0.25405,-0.27752,-0.69178,0.28645,-0.33356,-0.6041,0.38746,-0.18492,-0.67244,0.38783,-0.1273,-0.70063,0.36728,-0.2181,-0.67134,0.39209,-0.27028,-0.56946,0.21338,-0.16415,-0.62161,0.07522,-0.16919,-0.48743,0.13573,-0.15012,-0.45184,0.06453,-0.13081,-0.56599,0.23012,-0.11134,-0.70752,0.20838,-0.07486,-0.64279,0.07575,-0.05909,-0.70889,0.0287,-0.04785
21.44,-0.54758,0.24516,-0.14564,-0.59524,0.36178,-0.25016,-0.64405,0.41681,-0.28984,-0.58549,0.29657,-0.28826,-0.60682,0.21879,-0.24969,-0.69468,0.255,-0.27047,-0.69517,0.2881,-0.32615,-0.60413,0.387,-0.17887,-0.67098,0.38407,-0.11959,-0.7009,0.36569,-0.21031,-0.67444,0.39269,-0.2629,-0.56815,0.21256,-0.16328,-0.62043,0.07447,-0.1687,-0.48605,0.13468,-0.15013,-0.45063,0.06336,-0.13095,-0.56405,0.22855,-0.11027,-0.70602,0.20779,-0.07501,-0.64181,0.07498,-0.05869,-0.70822,0.02825,-0.048
21.46,-0.54601,0.2441,-0.14465,-0.59646,0.36318,-0.245,-0.64511,0.41974,-0.28268,-0.58716,0.29907,-0.28502,-0.60579,0.22022,-0.24725,-0.69489,0.25567,-0.26354,-0.69832,0.28937,-0.31875,-0.60398,0.38644,-0.17288,-0.66924,0.38025,-0.1121,-0.70095,0.36402,-0.20262,-0.67729,0.39312,-0.25544,-0.56684,0.21176,-0.1625,-0.61927,0.07374,-0.16825,-0.48469,0.13366,-0.15014,-0.44945,0.06222,-0.13106,-0.56208,0.22701,-0.10933,-0.70447,0.20735,-0.07511,-0.64088,0.0743,-0.05826,-0.70763,0.02794,-0.04802
21.48,-0.54438,0.24305,-0.1438,-0.59755,0.36448,-0.23985,-0.64613,0.42235,-0.27556,-0.58879,0.3015,-0.28175,-0.60484,0.22159,-0.24504,-0.69498,0.25626,-0.2567,-0.70132,0.2906,-0.31126,-0.60365,0.38577,-0.16699,-0.66715,0.37635,-0.10478,-0.70086,0.36237,-0.19495,-0.68004,0.3936,-0.24775,-0.56549,0.21099,-0.16182,-0.61808,0.07305,-0.16783,-0.48329,0.13266,-0.15028,-0.44826,0.06111,-0.13124,-0.56001,0.22549,-0.10851,-0.70279,0.2071,-0.07524,-0.64003,0.07373,-0.05778,-0.70712,0.02778,-0.04792
21.5,-0.54292,0.24195,-0.14257,-0.59863,0.36563,-0.2342,-0.6468,0.42512,-0.26774,-0.59042,0.30385,-0.27797,-0.60363,0.223,-0.2422,-0.69465,0.25654,-0.24947,-0.7039,0.29126,-0.30337,-0.60334,0.38492,-0.16069,-0.66518,0.37209,-0.09742,-0.70046,0.36019,-0.18729,-0.68255,0.39329,-0.24001,-0.56425,0.21018,-0.16082,-0.61702,0.07232,-0.16727,-0.48205,0.13161,-0.15009,-0.44719,0.05993,-0.13123,-0.55821,0.22393,-0.10737,-0.70139,0.20669,-0.07521,-0.63921,0.07313,-0.05718,-0.70668,0.02764,-0.04777
21.52,-0.54182,0.24072,-0.14042,-0.59992,0.36655,-0.22752,-0.64682,0.42853,-0.25825,-0.59219,0.30607,-0.27313,-0.60158,0.22451,-0.23776,-0.69351,0.25609,-0.24122,-0.70578,0.29044,-0.29474,-0.60337,0.38377,-0.15343,-0.66384,0.36703,-0.08975,-0.69955,0.35672,-0.17964,-0.68472,0.39107,-0.23251,-0.56325,0.20923,-0.15904,-0.61626,0.07151,-0.16636,-0.48114,0.13047,-0.14913,-0.44636,0.05862,-0.13075,-0.55706,0.22225,-0.10543,-0.70066,0.20569,-0.07486,-0.63831,0.07226,-0.05642,-0.70627,0.02737,-0.04776
21.54,-0.5409,0.23945,-0.13787,-0.60131,0.36728,-0.22038,-0.64658,0.43187,-0.24802,-0.59403,0.30814,-0.2678,-0.59924,0.22606,-0.23277,-0.69201,0.25531,-0.23277,-0.70724,0.28898,-0.28597,-0.60354,0.3824,-0.14579,-0.66273,0.36161,-0.08211,-0.69842,0.35281,-0.17217,-0.68661,0.38808,-0.2252,-0.56237,0.20825,-0.15693,-0.61561,0.07067,-0.16528,-0.48038,0.1293,-0.14783,-0.44564,0.05728,-0.13006,-0.55619,0.22054,-0.10315,-0.70023,0.20449,-0.07435,-0.63742,0.07133,-0.05557,-0.70588,0.02706,-0.04774
21.56,-0.53996,0.23822,-0.13546,-0.60263,0.36786,-0.21332,-0.64638,0.43471,-0.23787,-0.59584,0.3101,-0.26247,-0.59703,0.22759,-0.2281,-0.69045,0.25448,-0.2247,-0.70853,0.2875,-0.27741,-0.60361,0.38092,-0.13831,-0.6614,0.35619,-0.07475,-0.69725,0.34909,-0.1649,-0.68834,0.38523,-0.21791,-0.56148,0.20731,-0.15492,-0.61494,0.06988,-0.16425,-0.47958,0.12817,-0.14663,-0.4449,0.05599,-0.12943,-0.55526,0.21887,-0.10098,-0.69969,0.20347,-0.07386,-0.63658,0.07051,-0.05469,-0.70552,0.02684,-0.04761
21.58,-0.53877,0.2369,-0.13324,-0.60397,0.3681,-0.20625,-0.64597,0.43716,-0.22752,-0.59776,0.31174,-0.25709,-0.59432,0.22901,-0.2234,-0.68833,0.25299,-0.21638,-0.70955,0.28502,-0.26854,-0.60351,0.37911,-0.13091,-0.65958,0.35032,-0.06751,-0.69567,0.34479,-0.15767,-0.68988,0.3816,-0.21066,-0.56036,0.20629,-0.1531,-0.61413,0.06904,-0.16332,-0.47864,0.12701,-0.14564,-0.44403,0.05467,-0.12895,-0.55407,0.2171,-0.09901,-0.69888,0.20246,-0.07356,-0.63561,0.06965,-0.05387,-0.70508,0.02672,-0.04765
21.6,-0.53815,0.23577,-0.13053,-0.60527,0.36849,-0.19891,-0.64576,0.43932,-0.21705,-0.59952,0.31359,-0.25135,-0.5925,0.23066,-0.21872,-0.68683,0.25231,-0.20897,-0.71038,0.28364,-0.26055,-0.6037,0.37744,-0.1233,-0.65851,0.34494,-0.06061,-0.69458,0.34142,-0.15088,-0.69118,0.37884,-0.20364,-0.55978,0.20545,-0.1508,-0.61364,0.06833,-0.16212,-0.47805,0.12596,-0.14413,-0.44346,0.05346,-0.12812,-0.5535,0.21555,-0.09657,-0.69866,0.20153,-0.07278,-0.635,0.06895,-0.0528,-0.70486,0.02655,-0.04721
21.62,-0.539,0.23517,-0.12661,-0.6065,0.36968,-0.19101,-0.64631,0.4415,-0.20657,-0.60084,0.31628,-0.245,-0.5932,0.2328,-0.21394,-0.68752,0.25413,-0.20345,-0.71144,0.28589,-0.25458,-0.6047,0.3765,-0.11519,-0.65967,0.34114,-0.05421,-0.69514,0.34066,-0.14479,-0.69243,0.37895,-0.19696,-0.56057,0.2051,-0.1473,-0.61394,0.06792,-0.1602,-0.47833,0.12523,-0.14132,-0.44369,0.05252,-0.1264,-0.55453,0.21461,-0.09294,-0.69996,0.20078,-0.07077,-0.63534,0.06861,-0.05114,-0.7052,0.02621,-0.04557
21.64,-0.54044,0.23478,-0.12221,-0.60774,0.37112,-0.18286,-0.64722,0.44359,-0.19607,-0.60202,0.31928,-0.23835,-0.59487,0.23511,-0.20909,-0.68909,0.25691,-0.19856,-0.71263,0.28958,-0.2493,-0.60607,0.37577,-0.10688,-0.66176,0.33795,-0.04806,-0.69637,0.34089,-0.13892,-0.69369,0.38015,-0.19037,-0.56191,0.20494,-0.14334,-0.61454,0.06766,-0.15801,-0.47895,0.12462,-0.13801,-0.44421,0.05171,-0.12435,-0.5562,0.2139,-0.08885,-0.70187,0.2001,-0.0683,-0.63604,0.06844,-0.04924,-0.70573,0.0258,-0.04346
21.66,-0.54167,0.23431,-0.11801,-0.60902,0.3723,-0.17475,-0.64808,0.44539,-0.18553,-0.60328,0.32206,-0.23169,-0.5962,0.23728,-0.20423,-0.69034,0.25924,-0.19336,-0.71382,0.29264,-0.24364,-0.60735,0.37478,-0.09866,-0.66351,0.33449,-0.04198,-0.69737,0.34068,-0.13296,-0.69494,0.38087,-0.18371,-0.56305,0.20471,-0.13956,-0.615,0.06736,-0.15592,-0.47942,0.12398,-0.13493,-0.4446,0.05089,-0.12246,-0.55763,0.2131,-0.08495,-0.70353,0.1994,-0.06603,-0.63659,0.06825,-0.04741,-0.70617,0.02545,-0.04149
21.68,-0.54264,0.23375,-0.11387,-0.61024,0.3732,-0.16661,-0.64867,0.44698,-0.17463,-0.60455,0.32458,-0.22494,-0.59712,0.23938,-0.19894,-0.69125,0.26115,-0.18762,-0.71487,0.295,-0.23754,-0.60843,0.37355,-0.09048,-0.66492,0.33072,-0.03602,-0.6981,0.34019,-0.12697,-0.69608,0.38116,-0.1771,-0.56393,0.2044,-0.13584,-0.61529,0.06704,-0.15389,-0.47975,0.12336,-0.13181,-0.44482,0.05014,-0.12054,-0.5588,0.21222,-0.08112,-0.70493,0.19872,-0.06384,-0.63695,0.06805,-0.04554,-0.70649,0.02517,-0.03961
21.7,-0.54429,0.23345,-0.10951,-0.61168,0.3744,-0.15837,-0.65003,0.44842,-0.16429,-0.60584,0.3275,-0.21807,-0.59912,0.24158,-0.19432,-0.69308,0.26399,-0.18286,-0.71626,0.29898,-0.2322,-0.61009,0.37255,-0.08226,-0.66727,0.32769,-0.0302,-0.69954,0.34047,-0.12107,-0.69743,0.38246,-0.17035,-0.56548,0.20435,-0.13191,-0.61596,0.06689,-0.15164,-0.48041,0.12281,-0.12867,-0.4454,0.04945,-0.11863,-0.56067,0.21159,-0.07708,-0.70697,0.1981,-0.06139,-0.63774,0.06802,-0.04361,-0.70706,0.02483,-0.03734
21.72,-0.54767,0.2337,-0.10455,-0.61357,0.37652,-0.14987,-0.65332,0.44981,-0.15561,-0.60708,0.33151,-0.21095,-0.60392,0.24427,-0.1917,-0.69718,0.26964,-0.18069,-0.71829,0.3076,-0.22874,-0.61314,0.37223,-0.07385,-0.67211,0.32665,-0.02448,-0.70269,0.34284,-0.11539,-0.69922,0.38655,-0.16307,-0.56875,0.20487,-0.12739,-0.6176,0.06708,-0.14884,-0.48184,0.12236,-0.12554,-0.44689,0.0488,-0.1168,-0.56425,0.2115,-0.07246,-0.71067,0.19754,-0.0583,-0.6396,0.06831,-0.04159,-0.70828,0.02431,-0.0341
21.74,-0.5517,0.23422,-0.09939,-0.61567,0.37896,-0.14127,-0.65725,0.45117,-0.14766,-0.6083,0.33592,-0.20366,-0.60956,0.24759,-0.18996,-0.70181,0.2766,-0.17941,-0.72021,0.31804,-0.22567,-0.61677,0.37218,-0.06543,-0.67782,0.32641,-0.01886,-0.70645,0.34599,-0.10974,-0.70119,0.39156,-0.15548,-0.57267,0.20567,-0.12269,-0.61959,0.06748,-0.14581,-0.48355,0.12204,-0.12244,-0.44871,0.04828,-0.11504,-0.5685,0.21167,-0.06765,-0.71498,0.19705,-0.055,-0.64187,0.06882,-0.03952,-0.70977,0.02391,-0.03049
21.76,-0.55543,0.23468,-0.09436,-0.61774,0.38113,-0.13266,-0.6608,0.45244,-0.13948,-0.60955,0.34008,-0.19627,-0.6145,0.25121,-0.1879,-0.70575,0.28326,-0.17748,-0.72172,0.32768,-0.22184,-0.62022,0.37192,-0.05711,-0.68306,0.32584,-0.01332,-0.70988,0.34874,-0.10397,-0.70311,0.39592,-0.14783,-0.57629,0.20642,-0.1181,-0.62139,0.0679,-0.14285,-0.4851,0.1218,-0.11939,-0.45036,0.04788,-0.11329,-0.57244,0.2118,-0.06298,-0.71899,0.1966,-0.05184,-0.64393,0.06937,-0.03742,-0.71115,0.02374,-0.02702
21.78,-0.55921,0.23487,-0.08912,-0.61963,0.383,-0.12381,-0.66425,0.45327,-0.13134,-0.61052,0.34396,-0.18855,-0.61974,0.25509,-0.18582,-0.70961,0.29079,-0.1753,-0.7227,0.33819,-0.21747,-0.62365,0.37137,-0.04866,-0.68865,0.32553,-0.00785,-0.71318,0.35199,-0.09818,-0.70454,0.40086,-0.13981,-0.57994,0.2069,-0.11331,-0.62312,0.06812,-0.13992,-0.48666,0.12147,-0.1162,-0.45194,0.04743,-0.11145,-0.57642,0.21164,-0.05811,-0.72304,0.19599,-0.04858,-0.64599,0.06984,-0.0352,-0.71256,0.0236,-0.02346
21.8,-0.56303,0.23572,-0.08431,-0.622,0.38525,-0.11529,-0.66779,0.45468,-0.12353,-0.61199,0.34823,-0.18108,-0.62398,0.25969,-0.18398,-0.7129,0.29762,-0.17323,-0.72379,0.34755,-0.21303,-0.62738,0.37126,-0.04063,-0.69367,0.325,-0.00247,-0.71674,0.35444,-0.09227,-0.70692,0.40459,-0.13207,-0.58364,0.20801,-0.10891,-0.62498,0.06894,-0.13686,-0.48819,0.12156,-0.11341,-0.45363,0.04739,-0.10984,-0.58044,0.21217,-0.05365,-0.72706,0.19577,-0.04556,-0.64809,0.07071,-0.03314,-0.71403,0.02394,-0.01998
21.82,-0.56684,0.23813,-0.08076,-0.62557,0.38851,-0.1078,-0.67167,0.45771,-0.11621,-0.61485,0.35351,-0.17458,-0.62577,0.26516,-0.18266,-0.71525,0.30176,-0.17189,-0.72596,0.35344,-0.20944,-0.63173,0.37226,-0.03367,-0.69707,0.32322,0.00263,-0.72092,0.35421,-0.08643,-0.71173,0.40482,-0.1258,-0.58735,0.2106,-0.10565,-0.62722,0.07109,-0.13355,-0.48972,0.12254,-0.11171,-0.45564,0.04812,-0.10889,-0.58439,0.21438,-0.05034,-0.73088,0.19643,-0.04334,-0.65024,0.07238,-0.03161,-0.71556,0.0252,-0.01688
21.84,-0.57067,0.24122,-0.07768,-0.62962,0.39219,-0.10073,-0.6757,0.46141,-0.10909,-0.61827,0.35921,-0.16842,-0.62674,0.27118,-0.18141,-0.71727,0.30518,-0.1709,-0.72861,0.35825,-0.20627,-0.63632,0.37373,-0.02715,-0.69977,0.32118,0.00753,-0.72526,0.35301,-0.08078,-0.71741,0.40373,-0.1203,-0.5911,0.21384,-0.10279,-0.6296,0.07384,-0.13014,-0.49127,0.12391,-0.11042,-0.45783,0.04917,-0.10816,-0.58834,0.21731,-0.04746,-0.73464,0.19748,-0.04137,-0.65242,0.07441,-0.03029,-0.71715,0.02695,-0.01395
21.86,-0.57448,0.24412,-0.0744,-0.63347,0.39562,-0.09349,-0.6796,0.4648,-0.10189,-0.62148,0.36467,-0.16203,-0.62803,0.27732,-0.17987,-0.71932,0.3093,-0.16966,-0.73105,0.36371,-0.2028,-0.64077,0.37499,-0.02056,-0.70261,0.31943,0.01232,-0.72938,0.35217,-0.07528,-0.72262,0.40305,-0.11479,-0.59482,0.2169,-0.09976,-0.63188,0.07644,-0.12679,-0.49282,0.12518,-0.10896,-0.45998,0.05016,-0.10728,-0.59228,0.22002,-0.0444,-0.73836,0.19844,-0.0393,-0.65456,0.07638,-0.02888,-0.71877,0.02875,-0.01103
21.88,-0.57835,0.24656,-0.07105,-0.63729,0.39855,-0.08602,-0.68351,0.46765,-0.09463,-0.62452,0.36978,-0.15536,-0.6293,0.28355,-0.17845,-0.72116,0.314,-0.16859,-0.73295,0.36992,-0.19908,-0.64538,0.37562,-0.01385,-0.70573,0.31719,0.01672,-0.73319,0.35115,-0.0702,-0.72698,0.40231,-0.10944,-0.59858,0.21951,-0.09667,-0.63423,0.07861,-0.12331,-0.49454,0.12623,-0.10757,-0.46223,0.05097,-0.1064,-0.59629,0.22229,-0.04128,-0.74216,0.19912,-0.03734,-0.65669,0.07819,-0.02744,-0.7204,0.03053,-0.008
21.9,-0.58212,0.25011,-0.06796,-0.64132,0.40232,-0.07912,-0.68733,0.47158,-0.08751,-0.6281,0.37547,-0.14914,-0.63037,0.29034,-0.17633,-0.72313,0.31814,-0.16714,-0.73591,0.37484,-0.19573,-0.64974,0.37742,-0.00765,-0.70789,0.31605,0.02139,-0.73721,0.35007,-0.06489,-0.73273,0.40104,-0.10461,-0.60227,0.22321,-0.09381,-0.63643,0.08188,-0.12006,-0.496,0.12788,-0.10617,-0.46445,0.05229,-0.1055,-0.60015,0.22566,-0.03839,-0.74572,0.20049,-0.03528,-0.6588,0.08054,-0.02609,-0.72212,0.03289,-0.00538
21.92,-0.58553,0.25641,-0.06543,-0.64572,0.40842,-0.07367,-0.69095,0.47834,-0.08072,-0.63303,0.38273,-0.14423,-0.63109,0.29802,-0.17272,-0.72549,0.32012,-0.16489,-0.74141,0.37589,-0.19373,-0.6533,0.38238,-0.00252,-0.70752,0.31782,0.02721,-0.74176,0.3488,-0.05841,-0.74205,0.39808,-0.10045,-0.6057,0.2297,-0.09145,-0.63819,0.08793,-0.11751,-0.49676,0.13106,-0.1045,-0.46651,0.05494,-0.10453,-0.60356,0.23177,-0.03602,-0.74857,0.20362,-0.03284,-0.66078,0.08421,-0.02495,-0.72378,0.03635,-0.00375
21.94,-0.58884,0.26382,-0.06314,-0.65028,0.41544,-0.06881,-0.69448,0.48618,-0.07408,-0.63847,0.39061,-0.13982,-0.63164,0.30629,-0.1687,-0.72754,0.32139,-0.16257,-0.74723,0.37538,-0.19243,-0.65659,0.38858,0.00216,-0.70603,0.32091,0.03327,-0.74587,0.34731,-0.05145,-0.75194,0.39379,-0.09615,-0.60907,0.23729,-0.08931,-0.63978,0.0951,-0.11521,-0.49731,0.13482,-0.10277,-0.46859,0.05812,-0.10356,-0.60683,0.23897,-0.03387,-0.75114,0.20745,-0.03031,-0.66271,0.08841,-0.02395,-0.7254,0.04025,-0.00254
21.96,-0.59224,0.27081,-0.06076,-0.65477,0.42206,-0.06371,-0.698,0.49349,-0.0674,-0.64369,0.39822,-0.13518,-0.6323,0.31471,-0.16496,-0.72909,0.32332,-0.16058,-0.752,0.37564,-0.19112,-0.66001,0.39425,0.00698,-0.7048,0.3238,0.03894,-0.74919,0.34575,-0.04479,-0.76023,0.38919,-0.09155,-0.6125,0.24447,-0.08709,-0.64141,0.10186,-0.1128,-0.49802,0.13836,-0.10107,-0.47078,0.06113,-0.10257,-0.61019,0.24577,-0.03164,-0.75376,0.21102,-0.02791,-0.66461,0.09246,-0.02295,-0.72699,0.04405,-0.0012
21.98,-0.5955,0.27747,-0.0583,-0.6592,0.42827,-0.0585,-0.70152,0.5003,-0.0607,-0.64888,0.40543,-0.13041,-0.63291,0.32308,-0.16131,-0.73012,0.32505,-0.15868,-0.75605,0.37564,-0.18974,-0.6633,0.39952,0.0119,-0.70318,0.32649,0.04455,-0.75173,0.34345,-0.03802,-0.7674,0.38314,-0.08675,-0.6158,0.25132,-0.08479,-0.6431,0.10839,-0.11042,-0.49892,0.14178,-0.09921,-0.47309,0.06409,-0.10143,-0.61343,0.25224,-0.02933,-0.75623,0.21445,-0.0255,-0.66631,0.09641,-0.02201,-0.72836,0.04773,9e-05
22,-0.599,0.28506,-0.05606,-0.66372,0.4354,-0.05368,-0.70489,0.50813,-0.05416,-0.65419,0.41346,-0.12598,-0.63368,0.3324,-0.1576,-0.73084,0.32779,-0.15712,-0.75966,0.37612,-0.1892,-0.66671,0.40582,0.01642,-0.70163,0.33061,0.04981,-0.75364,0.34236,-0.03155,-0.77371,0.37808,-0.08171,-0.61935,0.2591,-0.0827,-0.6446,0.11575,-0.10809,-0.49959,0.1456,-0.0976,-0.47542,0.06739,-0.10051,-0.6169,0.25963,-0.02724,-0.75873,0.21839,-0.02326,-0.66821,0.10077,-0.02113,-0.72998,0.05186,0.00123
22.02,-0.60318,0.29488,-0.05433,-0.66856,0.44489,-0.04973,-0.70787,0.51861,-0.04776,-0.65978,0.42369,-0.12234,-0.63475,0.34377,-0.15362,-0.73136,0.3327,-0.15611,-0.76299,0.37757,-0.19048,-0.67057,0.41462,0.02011,-0.70073,0.3378,0.05445,-0.75526,0.34462,-0.02581,-0.77978,0.37689,-0.07633,-0.62359,0.2691,-0.08108,-0.64543,0.12506,-0.10575,-0.49944,0.15026,-0.09669,-0.4777,0.07136,-0.10018,-0.62102,0.26928,-0.02563,-0.76145,0.22354,-0.02134,-0.6707,0.10609,-0.02032,-0.73232,0.05702,0.00213
22.04,-0.60757,0.30561,-0.05279,-0.67346,0.45531,-0.04616,-0.71061,0.53003,-0.04155,-0.66542,0.43477,-0.11905,-0.63592,0.35611,-0.1496,-0.73145,0.3387,-0.15537,-0.7654,0.37954,-0.19245,-0.67456,0.42444,0.02344,-0.70005,0.34638,0.05878,-0.75652,0.34831,-0.0204,-0.78522,0.37703,-0.07087,-0.62805,0.27999,-0.07966,-0.64606,0.13528,-0.10348,-0.49919,0.15537,-0.09591,-0.48012,0.07581,-0.09991,-0.62536,0.27983,-0.02421,-0.7641,0.22923,-0.01964,-0.67328,0.11183,-0.01957,-0.73479,0.06263,0.00289
22.06,-0.61185,0.31595,-0.05116,-0.67827,0.46532,-0.04246,-0.71334,0.54085,-0.0354,-0.67096,0.44546,-0.11561,-0.63712,0.36839,-0.14571,-0.73107,0.34486,-0.15472,-0.76674,0.38182,-0.19419,-0.67848,0.43382,0.02687,-0.69928,0.35475,0.06302,-0.75722,0.35167,-0.01505,-0.78947,0.37638,-0.06549,-0.63239,0.29051,-0.07815,-0.64685,0.14529,-0.10125,-0.49933,0.16044,-0.0949,-0.48278,0.08035,-0.09939,-0.6296,0.29,-0.02271,-0.76656,0.23478,-0.01799,-0.67562,0.11748,-0.01888,-0.73702,0.06815,0.00362
22.08,-0.61621,0.32621,-0.04955,-0.68327,0.47514,-0.03862,-0.71599,0.55143,-0.02892,-0.67683,0.45598,-0.11204,-0.63819,0.38099,-0.14161,-0.72977,0.35068,-0.15415,-0.7668,0.38316,-0.19621,-0.6824,0.44302,0.03042,-0.698,0.36311,0.06733,-0.75703,0.35459,-0.00951,-0.79255,0.37476,-0.05978,-0.63685,0.30094,-0.07663,-0.64714,0.15523,-0.09886,-0.49914,0.16533,-0.09392,-0.48548,0.08472,-0.09878,-0.63386,0.30009,-0.0212,-0.7689,0.24031,-0.01622,-0.67777,0.12318,-0.01825,-0.739,0.07366,0.0043
22.1,-0.62045,0.33683,-0.04795,-0.68785,0.48546,-0.03517,-0.7185,0.56231,-0.02334,-0.68198,0.46695,-0.1088,-0.63967,0.39384,-0.13805,-0.72897,0.35864,-0.15384,-0.76641,0.38765,-0.19802,-0.6863,0.45276,0.03358,-0.69774,0.37243,0.0711,-0.75719,0.35923,-0.00475,-0.79501,0.37521,-0.05485,-0.6411,0.31175,-0.07519,-0.64834,0.16577,-0.09687,-0.50007,0.1709,-0.09257,-0.48866,0.08997,-0.09798,-0.63811,0.31053,-0.01976,-0.77103,0.24617,-0.01499,-0.67989,0.12904,-0.01766,-0.74108,0.07948,0.00489
22.12,-0.62439,0.34832,-0.04632,-0.69139,0.49705,-0.03266,-0.72103,0.57415,-0.01994,-0.68532,0.47907,-0.10641,-0.64216,0.40652,-0.13582,-0.73094,0.3711,-0.15382,-0.76781,0.39949,-0.19888,-0.69017,0.46383,0.03585,-0.70036,0.38357,0.07387,-0.7596,0.36786,-0.00166,-0.79825,0.3811,-0.05193,-0.64482,0.32346,-0.07393,-0.65215,0.17753,-0.09587,-0.50382,0.17809,-0.09063,-0.49261,0.0972,-0.09706,-0.6423,0.3218,-0.0185,-0.77285,0.25269,-0.01503,-0.68214,0.13523,-0.01702,-0.74362,0.08599,0.00546
22.14,-0.62819,0.36012,-0.04468,-0.69452,0.5091,-0.03053,-0.72354,0.58637,-0.01738,-0.68795,0.49161,-0.10435,-0.64496,0.4191,-0.13411,-0.73394,0.38516,-0.15389,-0.76995,0.41395,-0.19939,-0.69403,0.4754,0.03775,-0.70404,0.39534,0.07623,-0.76294,0.3779,0.00081,-0.80194,0.38899,-0.0497,-0.64829,0.33551,-0.07276,-0.65688,0.18973,-0.09527,-0.50867,0.18581,-0.08848,-0.497,0.1051,-0.09618,-0.64644,0.33337,-0.01732,-0.77441,0.25951,-0.01559,-0.68431,0.14157,-0.01636,-0.74622,0.09279,0.00594
22.16,-0.63201,0.37173,-0.04305,-0.69781,0.52089,-0.02824,-0.72605,0.59833,-0.01448,-0.69084,0.5039,-0.10214,-0.64756,0.43167,-0.13218,-0.73638,0.3985,-0.15392,-0.77165,0.42726,-0.2,-0.69789,0.48669,0.0398,-0.70726,0.40676,0.07873,-0.7658,0.38721,0.00355,-0.80523,0.39589,-0.04711,-0.65181,0.34736,-0.07155,-0.66118,0.2017,-0.09453,-0.51322,0.19323,-0.0864,-0.5015,0.11267,-0.09538,-0.65056,0.34476,-0.01611,-0.77578,0.26631,-0.016,-0.68622,0.14794,-0.01572,-0.74852,0.09955,0.00636
22.18,-0.63603,0.38357,-0.04144,-0.70137,0.53285,-0.02579,-0.72884,0.61042,-0.01121,-0.69413,0.51639,-0.09979,-0.65044,0.44448,-0.13,-0.739,0.41196,-0.15372,-0.7735,0.44062,-0.20045,-0.70187,0.49814,0.04199,-0.7106,0.41844,0.08152,-0.76868,0.39697,0.00651,-0.80816,0.40309,-0.04448,-0.65558,0.35945,-0.07032,-0.66546,0.2139,-0.09374,-0.51786,0.20104,-0.08479,-0.50562,0.12064,-0.09456,-0.65482,0.35637,-0.01489,-0.77706,0.27337,-0.01629,-0.68803,0.15461,-0.01499,-0.75075,0.10669,0.00689
22.2,-0.6396,0.39499,-0.03979,-0.70432,0.54448,-0.02371,-0.73113,0.62223,-0.0088,-0.69647,0.52851,-0.09775,-0.65286,0.45675,-0.12842,-0.74141,0.42558,-0.15388,-0.77514,0.45456,-0.20097,-0.70564,0.50931,0.04381,-0.71401,0.4297,0.08362,-0.77172,0.4061,0.00896,-0.81155,0.41014,-0.04196,-0.65874,0.37111,-0.06914,-0.66994,0.22575,-0.09317,-0.52295,0.20821,-0.08235,-0.51103,0.12801,-0.09394,-0.65876,0.36758,-0.01374,-0.7779,0.28024,-0.01697,-0.68955,0.16101,-0.01439,-0.75266,0.11342,0.00709
22.22,-0.64193,0.40521,-0.03802,-0.70574,0.55515,-0.02248,-0.73197,0.63326,-0.0085,-0.69634,0.53956,-0.09642,-0.65378,0.4677,-0.12831,-0.74289,0.43925,-0.15499,-0.77591,0.46947,-0.20181,-0.7089,0.51958,0.04477,-0.71728,0.43972,0.08406,-0.77472,0.41306,0.01022,-0.81619,0.41601,-0.03946,-0.66025,0.38153,-0.06805,-0.67484,0.23667,-0.09322,-0.52904,0.21375,-0.07754,-0.51977,0.1341,-0.09424,-0.6618,0.37761,-0.0127,-0.77786,0.28634,-0.01846,-0.6905,0.16643,-0.01398,-0.75384,0.11879,0.0067
22.24,-0.64382,0.41496,-0.03624,-0.70654,0.56545,-0.02154,-0.73222,0.64398,-0.00893,-0.69526,0.5502,-0.09528,-0.65414,0.47823,-0.12877,-0.74394,0.45311,-0.15644,-0.77624,0.48496,-0.20267,-0.7119,0.52952,0.04538,-0.7205,0.44926,0.0838,-0.77771,0.41931,0.01106,-0.8212,0.42159,-0.03689,-0.66114,0.39148,-0.067,-0.67978,0.24735,-0.09371,-0.53573,0.21876,-0.07227,-0.52972,0.14037,-0.09525,-0.6645,0.38721,-0.01175,-0.77735,0.2922,-0.02016,-0.69117,0.17154,-0.01352,-0.75466,0.1237,0.00622
22.26,-0.64595,0.42488,-0.0345,-0.70761,0.57586,-0.02037,-0.73269,0.65476,-0.00889,-0.69465,0.56097,-0.09392,-0.65471,0.48907,-0.12895,-0.74499,0.467,-0.15766,-0.77656,0.50033,-0.20336,-0.71496,0.53956,0.04616,-0.72368,0.45896,0.08381,-0.78061,0.42588,0.01221,-0.82583,0.42728,-0.03415,-0.66232,0.40159,-0.06592,-0.68448,0.25828,-0.09426,-0.54248,0.2241,-0.06783,-0.53912,0.14744,-0.09649,-0.66733,0.39697,-0.01082,-0.77678,0.29829,-0.02157,-0.69178,0.17692,-0.01286,-0.75542,0.12893,0.00602
22.28,-0.64795,0.43503,-0.03259,-0.70882,0.58638,-0.01901,-0.73315,0.66565,-0.00852,-0.694,0.57191,-0.09229,-0.65494,0.5003,-0.12885,-0.74556,0.48119,-0.1586,-0.77644,0.51593,-0.20372,-0.71823,0.54966,0.04703,-0.72682,0.46884,0.08425,-0.78296,0.43237,0.01367,-0.82982,0.43279,-0.03104,-0.6633,0.41195,-0.06467,-0.68935,0.26973,-0.09511,-0.54978,0.23042,-0.06342,-0.54845,0.15648,-0.09865,-0.67005,0.40693,-0.0098,-0.77587,0.30463,-0.02286,-0.69213,0.18259,-0.01181,-0.75592,0.13445,0.00615
22.3,-0.65008,0.44458,-0.03105,-0.70964,0.59649,-0.0179,-0.7334,0.67608,-0.00861,-0.69327,0.58233,-0.0909,-0.65549,0.51096,-0.12927,-0.74642,0.49505,-0.15995,-0.77653,0.53139,-0.20432,-0.72098,0.55946,0.04767,-0.72989,0.47815,0.08373,-0.78599,0.43876,0.01471,-0.83452,0.43849,-0.02818,-0.66448,0.42166,-0.06369,-0.69343,0.28041,-0.09597,-0.55675,0.23512,-0.05996,-0.55772,0.16382,-0.10026,-0.67281,0.41634,-0.00906,-0.77502,0.31068,-0.02397,-0.69261,0.18792,-0.01097,-0.75648,0.13957,0.00614
22.32,-0.65271,0.45277,-0.03044,-0.70949,0.60575,-0.01741,-0.7333,0.68551,-0.00993,-0.69245,0.59156,-0.09026,-0.65734,0.52017,-0.13104,-0.74862,0.50818,-0.16245,-0.77764,0.54661,-0.20577,-0.72239,0.56869,0.04784,-0.73278,0.48621,0.08073,-0.79104,0.4453,0.01444,-0.84135,0.44501,-0.02636,-0.66643,0.42987,-0.06338,-0.69589,0.28886,-0.09622,-0.56279,0.23514,-0.0584,-0.56778,0.1645,-0.09957,-0.67588,0.42451,-0.00894,-0.77477,0.31588,-0.0248,-0.69374,0.19228,-0.01112,-0.75754,0.14365,0.00544
22.34,-0.65547,0.46036,-0.03021,-0.70892,0.61453,-0.01713,-0.73296,0.69439,-0.01166,-0.69153,0.60021,-0.08987,-0.65953,0.52892,-0.13328,-0.75101,0.52112,-0.16539,-0.77871,0.5618,-0.20751,-0.72325,0.57754,0.04787,-0.73561,0.49383,0.0767,-0.79648,0.45178,0.01355,-0.84851,0.45166,-0.02504,-0.66863,0.43743,-0.06335,-0.6977,0.29634,-0.09623,-0.56886,0.23357,-0.0576,-0.57859,0.1632,-0.09838,-0.67902,0.43213,-0.00908,-0.77475,0.32078,-0.02546,-0.6951,0.19631,-0.01154,-0.75874,0.14733,0.00457
22.36,-0.65816,0.46813,-0.02987,-0.70852,0.62332,-0.01664,-0.73261,0.70327,-0.01303,-0.69066,0.60897,-0.08926,-0.66135,0.53811,-0.1352,-0.75283,0.53435,-0.16807,-0.77915,0.57712,-0.20898,-0.72432,0.58634,0.04803,-0.73839,0.50168,0.07303,-0.80113,0.45814,0.01278,-0.85469,0.45794,-0.02365,-0.67071,0.44519,-0.06324,-0.69969,0.30413,-0.09634,-0.57553,0.23305,-0.05681,-0.5895,0.16372,-0.09812,-0.68208,0.43991,-0.00916,-0.77456,0.32591,-0.026,-0.6963,0.20062,-0.01161,-0.75979,0.1513,0.00403
22.38,-0.6609,0.47627,-0.02927,-0.70816,0.63242,-0.01582,-0.73231,0.71241,-0.01426,-0.68974,0.61805,-0.0883,-0.6633,0.54791,-0.137,-0.75464,0.54859,-0.17044,-0.77946,0.59353,-0.20994,-0.7255,0.59546,0.04846,-0.74107,0.50999,0.06954,-0.80537,0.46505,0.01202,-0.8603,0.46471,-0.0223,-0.67277,0.45333,-0.06289,-0.70211,0.31247,-0.09652,-0.58337,0.23291,-0.05649,-0.6019,0.16489,-0.09818,-0.68525,0.44805,-0.00905,-0.77411,0.33128,-0.02641,-0.69738,0.20511,-0.0115,-0.7608,0.15559,0.00382
22.4,-0.66355,0.48348,-0.02929,-0.70763,0.64052,-0.0154,-0.73172,0.72055,-0.01549,-0.6889,0.62616,-0.0878,-0.66475,0.55687,-0.13887,-0.75565,0.56132,-0.17323,-0.77888,0.60812,-0.21151,-0.72629,0.6036,0.04853,-0.74377,0.51757,0.06539,-0.80915,0.47076,0.01065,-0.8653,0.47003,-0.02163,-0.67493,0.46051,-0.06306,-0.70349,0.31944,-0.09647,-0.59011,0.23251,-0.05625,-0.61245,0.16616,-0.09877,-0.6882,0.4553,-0.0094,-0.77412,0.33633,-0.02668,-0.6987,0.20942,-0.01136,-0.76187,0.15943,0.00344
22.42,-0.66593,0.48846,-0.03104,-0.7067,0.64632,-0.01633,-0.73042,0.72645,-0.01708,-0.68824,0.63194,-0.08879,-0.66493,0.56334,-0.14116,-0.75496,0.56962,-0.17746,-0.77665,0.61756,-0.21523,-0.72616,0.60946,0.0474,-0.74683,0.52331,0.05935,-0.81249,0.47348,0.00771,-0.86969,0.47207,-0.02265,-0.67736,0.46534,-0.06469,-0.70205,0.32301,-0.09576,-0.59284,0.23106,-0.0552,-0.61679,0.16676,-0.09993,-0.6906,0.46039,-0.011,-0.77535,0.34041,-0.02694,-0.70056,0.21313,-0.01162,-0.76299,0.1619,0.00206
22.44,-0.66821,0.49251,-0.03338,-0.70558,0.65112,-0.01781,-0.72887,0.73138,-0.01886,-0.68762,0.63671,-0.09039,-0.66471,0.56861,-0.14358,-0.75368,0.57607,-0.1822,-0.77384,0.62486,-0.21974,-0.72564,0.61438,0.0458,-0.75003,0.52866,0.05272,-0.81546,0.47552,0.00416,-0.87346,0.47333,-0.02459,-0.67988,0.46921,-0.06682,-0.69955,0.32547,-0.09483,-0.59399,0.22946,-0.05399,-0.61861,0.1673,-0.10131,-0.69278,0.46459,-0.01302,-0.7771,0.34408,-0.02719,-0.70268,0.21656,-0.01198,-0.76419,0.16389,0.00033
22.46,-0.6705,0.4969,-0.03539,-0.70451,0.65619,-0.01907,-0.72742,0.73655,-0.02057,-0.68692,0.64173,-0.09173,-0.66465,0.57416,-0.14587,-0.75253,0.58317,-0.18659,-0.77111,0.63285,-0.22378,-0.72528,0.61959,0.04439,-0.75313,0.53467,0.04653,-0.81797,0.47846,0.00072,-0.87656,0.47543,-0.02673,-0.68232,0.47345,-0.06867,-0.69753,0.32868,-0.09403,-0.59593,0.2285,-0.05317,-0.62129,0.16856,-0.10291,-0.69503,0.46911,-0.01481,-0.77865,0.34794,-0.02741,-0.70473,0.22014,-0.01217,-0.7654,0.16622,-0.00116
22.48,-0.67293,0.50161,-0.03766,-0.70341,0.66153,-0.02048,-0.72579,0.74202,-0.02266,-0.6862,0.64706,-0.09324,-0.66429,0.5803,-0.14851,-0.75096,0.59094,-0.19137,-0.76785,0.6416,-0.22802,-0.72494,0.62507,0.04281,-0.75643,0.54147,0.03937,-0.81998,0.48186,-0.00387,-0.87912,0.47811,-0.03003,-0.68495,0.47799,-0.07076,-0.69512,0.33229,-0.09309,-0.59795,0.22774,-0.05238,-0.6237,0.17049,-0.10499,-0.6974,0.47397,-0.0168,-0.77993,0.3519,-0.02776,-0.70652,0.22378,-0.01272,-0.76626,0.16861,-0.00294
22.5,-0.67505,0.50542,-0.03952,-0.70229,0.66586,-0.0218,-0.72441,0.74642,-0.02413,-0.68548,0.65128,-0.09462,-0.66432,0.58474,-0.15044,-0.74974,0.59673,-0.19542,-0.7651,0.64799,-0.23192,-0.72446,0.62963,0.04141,-0.75917,0.54758,0.0341,-0.82173,0.48529,-0.00675,-0.88102,0.48048,-0.03238,-0.6872,0.48165,-0.07246,-0.69316,0.33537,-0.09242,-0.59944,0.22755,-0.05215,-0.62535,0.17241,-0.10689,-0.69948,0.47791,-0.01845,-0.78185,0.3556,-0.02783,-0.70891,0.22725,-0.01247,-0.76785,0.17098,-0.00413
22.52,-0.67625,0.50703,-0.04008,-0.70108,0.66789,-0.02264,-0.72375,0.74833,-0.02373,-0.68468,0.65291,-0.09548,-0.66567,0.58499,-0.15041,-0.74993,0.59767,-0.19733,-0.76422,0.64855,-0.23477,-0.72362,0.63213,0.0407,-0.76056,0.551,0.03405,-0.82405,0.48806,-0.00427,-0.88284,0.48112,-0.03058,-0.68834,0.48319,-0.07299,-0.69283,0.3368,-0.09254,-0.59995,0.22807,-0.05279,-0.62629,0.17306,-0.10747,-0.70075,0.47959,-0.019,-0.78549,0.35882,-0.02715,-0.71265,0.23063,-0.01009,-0.77097,0.17346,-0.00386
22.54,-0.67716,0.50775,-0.04021,-0.69991,0.66897,-0.0233,-0.72336,0.74918,-0.02257,-0.68394,0.65351,-0.09613,-0.66757,0.58377,-0.1496,-0.75074,0.59665,-0.19836,-0.76426,0.64673,-0.23716,-0.72268,0.63374,0.04026,-0.76142,0.55329,0.03594,-0.82658,0.49051,0.00024,-0.88463,0.48109,-0.02691,-0.68913,0.48386,-0.07313,-0.69306,0.33748,-0.09291,-0.6,0.22872,-0.05366,-0.62686,0.17313,-0.10749,-0.70174,0.48034,-0.01918,-0.78971,0.36183,-0.02619,-0.71697,0.23388,-0.007,-0.77477,0.17599,-0.00295
22.56,-0.67822,0.50882,-0.04055,-0.69879,0.67037,-0.02399,-0.72285,0.75037,-0.02165,-0.68327,0.65451,-0.09683,-0.66929,0.58333,-0.14907,-0.75137,0.59638,-0.19961,-0.76411,0.64573,-0.23958,-0.72181,0.63561,0.03973,-0.76241,0.55601,0.03705,-0.82886,0.49316,0.00393,-0.88629,0.48144,-0.02364,-0.69011,0.48487,-0.07345,-0.69306,0.33846,-0.09313,-0.60026,0.22929,-0.05439,-0.62757,0.17347,-0.10775,-0.70287,0.48147,-0.01953,-0.79354,0.36494,-0.02536,-0.72109,0.23712,-0.00431,-0.77838,0.17861,-0.00218
22.58,-0.67915,0.51007,-0.04088,-0.69728,0.67197,-0.02485,-0.72208,0.75169,-0.02097,-0.68219,0.65563,-0.09768,-0.67109,0.58298,-0.14857,-0.75213,0.59621,-0.20073,-0.76395,0.64479,-0.24191,-0.72064,0.63778,0.03906,-0.76343,0.5593,0.03778,-0.8312,0.49645,0.00748,-0.88782,0.48193,-0.02044,-0.69091,0.48607,-0.0738,-0.69289,0.33964,-0.09347,-0.60041,0.23002,-0.05527,-0.62825,0.17387,-0.10801,-0.70391,0.48277,-0.01992,-0.79751,0.36854,-0.02464,-0.7244,0.24141,-0.00182,-0.78058,0.18181,-0.00229
22.6,-0.68032,0.51074,-0.04108,-0.69661,0.67285,-0.02524,-0.72187,0.75231,-0.01952,-0.682,0.65622,-0.0981,-0.67308,0.58239,-0.1477,-0.75307,0.59527,-0.20152,-0.76454,0.64288,-0.24391,-0.72008,0.63902,0.03882,-0.76415,0.56125,0.03978,-0.83327,0.49874,0.01193,-0.88935,0.48226,-0.01599,-0.69204,0.48668,-0.07396,-0.69326,0.34024,-0.09358,-0.60074,0.23048,-0.05587,-0.62895,0.17402,-0.10807,-0.70512,0.48349,-0.02011,-0.80118,0.37127,-0.02362,-0.72933,0.24377,0.00109,-0.78554,0.18421,-0.00048
22.62,-0.68199,0.51002,-0.04104,-0.69811,0.67209,-0.02455,-0.72295,0.75145,-0.01621,-0.68408,0.6557,-0.09757,-0.67495,0.58109,-0.14597,-0.75378,0.59236,-0.20183,-0.76624,0.63859,-0.24545,-0.72109,0.63805,0.03958,-0.76392,0.55977,0.04485,-0.83421,0.49795,0.0184,-0.89062,0.48183,-0.00906,-0.69395,0.4859,-0.07379,-0.69489,0.33941,-0.09304,-0.6016,0.23018,-0.05568,-0.62973,0.17358,-0.10778,-0.70666,0.48283,-0.01984,-0.80381,0.37153,-0.02185,-0.73891,0.24083,0.00529,-0.79837,0.18452,0.00684
22.64,-0.68395,0.50874,-0.04085,-0.70048,0.67066,-0.02336,-0.72456,0.74991,-0.01218,-0.68706,0.65469,-0.0966,-0.6769,0.57955,-0.14393,-0.75441,0.58882,-0.20198,-0.76827,0.63348,-0.2468,-0.72275,0.63621,0.0408,-0.76335,0.55723,0.05106,-0.8347,0.4963,0.0254,-0.89163,0.48137,-0.00166,-0.69624,0.48456,-0.07343,-0.69706,0.33801,-0.09224,-0.60269,0.2296,-0.05522,-0.63057,0.17289,-0.10733,-0.70842,0.4816,-0.01935,-0.80619,0.37081,-0.01975,-0.75042,0.23651,0.00994,-0.81391,0.18511,0.01583
22.66,-0.68592,0.5077,-0.04067,-0.70254,0.66951,-0.02231,-0.72596,0.74853,-0.00847,-0.68972,0.6539,-0.09573,-0.67893,0.57822,-0.14208,-0.75502,0.58576,-0.2022,-0.77001,0.62884,-0.2482,-0.72421,0.63474,0.04188,-0.76294,0.55553,0.05664,-0.83528,0.49546,0.03175,-0.89251,0.48132,0.0049,-0.69849,0.48346,-0.07311,-0.69906,0.33686,-0.09154,-0.60374,0.22915,-0.05489,-0.63145,0.17232,-0.10696,-0.71022,0.4806,-0.01892,-0.80875,0.37051,-0.01775,-0.76125,0.23359,0.01433,-0.8279,0.18689,0.02359
22.68,-0.68727,0.5067,-0.04072,-0.70416,0.6684,-0.02162,-0.7267,0.74711,-0.00487,-0.69195,0.65309,-0.09521,-0.68014,0.57661,-0.13996,-0.75486,0.58166,-0.20204,-0.77097,0.62286,-0.24935,-0.72517,0.63333,0.04263,-0.76149,0.55407,0.06235,-0.83441,0.49433,0.03834,-0.89177,0.4807,0.01151,-0.70014,0.48239,-0.07298,-0.70074,0.33573,-0.09097,-0.60447,0.22876,-0.05468,-0.632,0.1718,-0.10671,-0.71139,0.47967,-0.01869,-0.81082,0.37041,-0.0159,-0.77226,0.23132,0.0187,-0.84193,0.1902,0.03151
22.7,-0.68998,0.50549,-0.04026,-0.70685,0.66706,-0.02004,-0.72874,0.74542,-0.00095,-0.69524,0.6522,-0.09381,-0.68295,0.57565,-0.13831,-0.75592,0.57959,-0.20251,-0.77302,0.61921,-0.25081,-0.72729,0.63158,0.04417,-0.76179,0.55257,0.0678,-0.83574,0.49412,0.04378,-0.89333,0.48162,0.01689,-0.70314,0.48115,-0.07239,-0.70316,0.33445,-0.09005,-0.60591,0.22821,-0.05421,-0.63323,0.17116,-0.10625,-0.71392,0.4785,-0.01799,-0.81378,0.36967,-0.01362,-0.7836,0.22902,0.02292,-0.85557,0.19314,0.03846
22.72,-0.69627,0.50388,-0.0385,-0.71217,0.66527,-0.0162,-0.73432,0.74337,0.00367,-0.70113,0.65126,-0.09023,-0.69014,0.57647,-0.13795,-0.7605,0.58342,-0.20475,-0.7782,0.62257,-0.25323,-0.73236,0.62912,0.04771,-0.76713,0.55057,0.07247,-0.84369,0.49635,0.04676,-0.90191,0.48664,0.02007,-0.70964,0.47963,-0.07061,-0.7074,0.33295,-0.08831,-0.60923,0.22734,-0.05313,-0.6363,0.17031,-0.10532,-0.72003,0.4768,-0.01615,-0.81912,0.36735,-0.01027,-0.79537,0.22563,0.0269,-0.86862,0.19289,0.04337
22.74,-0.70393,0.5021,-0.03622,-0.71853,0.66325,-0.01149,-0.74124,0.74114,0.00859,-0.70803,0.65024,-0.08578,-0.69894,0.57819,-0.1379,-0.76619,0.58977,-0.20723,-0.78427,0.62885,-0.25561,-0.7386,0.62633,0.05201,-0.77432,0.54825,0.07691,-0.85382,0.49957,0.04914,-0.91268,0.49333,0.02283,-0.71749,0.47798,-0.06835,-0.71239,0.3314,-0.08625,-0.6133,0.22639,-0.05183,-0.64008,0.16941,-0.10423,-0.72752,0.4749,-0.01383,-0.82539,0.36444,-0.00654,-0.80728,0.22192,0.03074,-0.88144,0.19148,0.04755
22.76,-0.71104,0.50039,-0.03413,-0.72446,0.66129,-0.00715,-0.74755,0.73895,0.01338,-0.7145,0.64922,-0.08167,-0.70703,0.5798,-0.1375,-0.7711,0.59543,-0.209,-0.78953,0.63425,-0.25746,-0.74438,0.62364,0.05597,-0.78068,0.54602,0.08144,-0.86259,0.50255,0.05205,-0.92186,0.49948,0.02612,-0.7248,0.47638,-0.06625,-0.71711,0.32994,-0.08431,-0.6171,0.22555,-0.05068,-0.64359,0.16861,-0.10326,-0.73447,0.4731,-0.01169,-0.83132,0.36185,-0.00301,-0.81901,0.21878,0.03454,-0.89405,0.1909,0.05184
22.78,-0.71785,0.49862,-0.03224,-0.73004,0.65923,-0.00303,-0.75361,0.7366,0.01803,-0.72065,0.64809,-0.07777,-0.7147,0.58133,-0.13693,-0.77533,0.60118,-0.21035,-0.79394,0.63981,-0.2589,-0.74978,0.62087,0.05971,-0.78669,0.54382,0.08603,-0.87087,0.50602,0.05526,-0.93037,0.50614,0.02966,-0.73183,0.47473,-0.06435,-0.72158,0.32847,-0.08265,-0.62067,0.22473,-0.04968,-0.64695,0.16792,-0.10251,-0.74109,0.47123,-0.00973,-0.83672,0.35906,0.00053,-0.8313,0.21563,0.03833,-0.90731,0.19092,0.05624
22.8,-0.72561,0.49699,-0.02981,-0.7365,0.65726,0.00169,-0.7604,0.73448,0.02294,-0.72759,0.64709,-0.07325,-0.72337,0.5838,-0.13625,-0.78037,0.60802,-0.21126,-0.79925,0.64652,-0.25981,-0.75619,0.61818,0.064,-0.79375,0.54146,0.09037,-0.87974,0.50922,0.05831,-0.93938,0.51261,0.03326,-0.73974,0.47322,-0.06194,-0.72675,0.3272,-0.08044,-0.62493,0.22406,-0.04846,-0.65084,0.16723,-0.10145,-0.74871,0.46949,-0.00728,-0.84338,0.35661,0.00406,-0.84235,0.21308,0.04187,-0.91886,0.19006,0.05989
22.82,-0.73575,0.49566,-0.02597,-0.74523,0.65552,0.00795,-0.76902,0.73295,0.02855,-0.73651,0.64641,-0.06715,-0.7345,0.58862,-0.13532,-0.78763,0.61739,-0.21156,-0.80709,0.65587,-0.25989,-0.76516,0.61567,0.0697,-0.80342,0.53865,0.0941,-0.8906,0.51129,0.06073,-0.95044,0.51801,0.03688,-0.74983,0.47199,-0.0582,-0.73367,0.32628,-0.07665,-0.63077,0.22363,-0.04659,-0.65602,0.16635,-0.09942,-0.75886,0.46806,-0.00357,-0.85354,0.35518,0.00755,-0.85002,0.21161,0.04503,-0.92604,0.18628,0.06199
22.84,-0.74676,0.49452,-0.0216,-0.75485,0.65391,0.01479,-0.77837,0.73167,0.03442,-0.7462,0.64588,-0.06044,-0.74617,0.59477,-0.13378,-0.795,0.62816,-0.211,-0.81496,0.66682,-0.25898,-0.77514,0.61328,0.07592,-0.81412,0.5358,0.09754,-0.90219,0.51301,0.06309,-0.96221,0.52295,0.04087,-0.76073,0.47095,-0.05397,-0.74125,0.32563,-0.07227,-0.6373,0.22344,-0.04435,-0.66172,0.16553,-0.09688,-0.76993,0.46682,0.00062,-0.86493,0.35413,0.01103,-0.85642,0.21063,0.04795,-0.93143,0.18158,0.06338
22.86,-0.75731,0.49338,-0.01749,-0.76407,0.65227,0.02133,-0.78735,0.73029,0.04017,-0.75552,0.64531,-0.05402,-0.75689,0.60093,-0.1316,-0.80106,0.63872,-0.2096,-0.82129,0.67772,-0.25719,-0.78467,0.61088,0.08184,-0.82432,0.53309,0.10104,-0.91317,0.51495,0.06584,-0.97324,0.52789,0.04534,-0.77118,0.46993,-0.04998,-0.74852,0.32506,-0.06819,-0.64362,0.22335,-0.04214,-0.66719,0.16488,-0.09445,-0.78052,0.46559,0.00457,-0.87564,0.35296,0.01449,-0.86334,0.20959,0.05088,-0.93741,0.17759,0.06496
22.88,-0.76822,0.49181,-0.01328,-0.7734,0.65012,0.02807,-0.79655,0.72841,0.04595,-0.76497,0.64428,-0.04738,-0.76737,0.60741,-0.12878,-0.80614,0.64995,-0.20721,-0.82675,0.68966,-0.25404,-0.79436,0.60797,0.08793,-0.8349,0.53006,0.10461,-0.9245,0.51741,0.06892,-0.98443,0.53345,0.05028,-0.78201,0.46846,-0.04587,-0.7559,0.32414,-0.06382,-0.64989,0.22304,-0.03995,-0.67279,0.16399,-0.0919,-0.79145,0.46394,0.00865,-0.88691,0.35156,0.01808,-0.87048,0.20845,0.05387,-0.94334,0.17317,0.06637
22.9,-0.77855,0.49121,-0.00916,-0.78275,0.64892,0.0345,-0.80548,0.72748,0.05169,-0.77431,0.64413,-0.04103,-0.77698,0.61428,-0.12524,-0.8107,0.66031,-0.20403,-0.83116,0.70064,-0.2504,-0.80401,0.60603,0.09373,-0.84495,0.52783,0.10785,-0.93494,0.5189,0.072,-0.99482,0.53727,0.0555,-0.79221,0.46799,-0.0419,-0.76324,0.32421,-0.05983,-0.65655,0.22349,-0.03742,-0.67833,0.16384,-0.08917,-0.80184,0.46322,0.01256,-0.89725,0.35074,0.02138,-0.87686,0.20798,0.05649,-0.94852,0.16992,0.06764
22.92,-0.78722,0.49322,-0.0054,-0.792,0.65042,0.04001,-0.81354,0.72928,0.05739,-0.7833,0.6465,-0.03554,-0.78546,0.62151,-0.12134,-0.816,0.6682,-0.20102,-0.83493,0.70819,-0.24833,-0.81333,0.60682,0.09868,-0.85326,0.52769,0.1103,-0.94309,0.51752,0.07439,-1.00344,0.53649,0.0605,-0.80059,0.47023,-0.03842,-0.77024,0.32685,-0.0572,-0.66397,0.2258,-0.03426,-0.68323,0.16567,-0.08644,-0.81065,0.46504,0.01592,-0.90481,0.35145,0.02392,-0.88147,0.20898,0.05835,-0.95257,0.16977,0.06915
22.94,-0.79525,0.49619,-0.00176,-0.80121,0.65291,0.04515,-0.82131,0.73204,0.06303,-0.79215,0.64979,-0.03039,-0.79355,0.62885,-0.11729,-0.82155,0.67522,-0.19808,-0.83846,0.71445,-0.24677,-0.82254,0.60861,0.1033,-0.86089,0.52838,0.11244,-0.95024,0.51513,0.07634,-1.01119,0.53399,0.06514,-0.80826,0.47347,-0.03511,-0.77714,0.3304,-0.05497,-0.67168,0.22877,-0.03088,-0.68803,0.16821,-0.08355,-0.81884,0.46779,0.01909,-0.91132,0.35277,0.02616,-0.8853,0.21062,0.05997,-0.95604,0.17076,0.07074
22.96,-0.80347,0.49873,0.00192,-0.81039,0.65493,0.05039,-0.82922,0.73429,0.06862,-0.801,0.65262,-0.02515,-0.80159,0.63609,-0.113,-0.82662,0.68257,-0.1947,-0.8417,0.72119,-0.24447,-0.83174,0.60994,0.10799,-0.86868,0.52881,0.11467,-0.95757,0.51328,0.07833,-1.01894,0.53211,0.06973,-0.81613,0.47626,-0.03173,-0.78407,0.33351,-0.05244,-0.67921,0.23145,-0.02761,-0.69299,0.17045,-0.08051,-0.82719,0.47012,0.02232,-0.91817,0.35386,0.02852,-0.88938,0.2121,0.06176,-0.95965,0.17136,0.07234
22.98,-0.81218,0.50128,0.00574,-0.82001,0.65692,0.05586,-0.83739,0.73653,0.07446,-0.81036,0.65547,-0.01966,-0.80996,0.64358,-0.10826,-0.83166,0.69012,-0.19087,-0.8444,0.7281,-0.24177,-0.84133,0.61122,0.11291,-0.87674,0.52923,0.11694,-0.96501,0.51117,0.08027,-1.02675,0.52991,0.07454,-0.8245,0.47909,-0.02822,-0.79094,0.33687,-0.05013,-0.68688,0.2342,-0.02441,-0.69736,0.17299,-0.07783,-0.83602,0.47246,0.02569,-0.92543,0.35494,0.03104,-0.89365,0.21369,0.06371,-0.96344,0.17209,0.07412
23,-0.81968,0.50401,0.00919,-0.82875,0.65915,0.06065,-0.84501,0.73889,0.07968,-0.81868,0.65842,-0.01482,-0.81733,0.65048,-0.10385,-0.83623,0.69685,-0.18725,-0.84737,0.73407,-0.23908,-0.8501,0.6128,0.11718,-0.88391,0.53007,0.11899,-0.97145,0.50946,0.08192,-1.03349,0.52775,0.07844,-0.83164,0.48205,-0.02504,-0.79781,0.33997,-0.04744,-0.69427,0.23694,-0.02108,-0.70285,0.17521,-0.07422,-0.84367,0.475,0.02869,-0.93147,0.35624,0.03318,-0.89729,0.21546,0.06544,-0.96664,0.1731,0.07572
23.02,-0.82409,0.50704,0.0117,-0.83516,0.66184,0.06375,-0.85124,0.7415,0.08328,-0.82424,0.66156,-0.01161,-0.82227,0.65595,-0.1008,-0.83984,0.70172,-0.18482,-0.85173,0.73809,-0.23708,-0.85671,0.61505,0.11982,-0.88897,0.53168,0.12057,-0.97581,0.50885,0.08316,-1.03819,0.52605,0.08025,-0.83563,0.48519,-0.02275,-0.80504,0.34214,-0.04362,-0.70093,0.23967,-0.01737,-0.71171,0.17632,-0.06816,-0.84829,0.47793,0.03081,-0.93448,0.35797,0.03438,-0.8995,0.21738,0.06662,-0.96848,0.1744,0.07676
23.04,-0.8273,0.51017,0.01383,-0.84063,0.66471,0.06613,-0.8569,0.7442,0.08619,-0.82872,0.66474,-0.00908,-0.82627,0.6608,-0.09836,-0.84304,0.70583,-0.18293,-0.8564,0.74132,-0.23544,-0.86245,0.61755,0.12179,-0.89319,0.5336,0.12193,-0.9793,0.50863,0.08421,-1.04202,0.52456,0.08126,-0.83839,0.48839,-0.02082,-0.81237,0.34416,-0.03959,-0.70738,0.24236,-0.01422,-0.72176,0.17734,-0.06192,-0.85172,0.48101,0.03256,-0.9363,0.35988,0.03522,-0.9011,0.21937,0.0676,-0.96976,0.17584,0.07763
23.06,-0.83103,0.51321,0.0161,-0.84647,0.66745,0.06872,-0.86281,0.74679,0.08929,-0.83365,0.66783,-0.00634,-0.8306,0.66581,-0.09566,-0.84618,0.7102,-0.1808,-0.86055,0.74485,-0.23361,-0.86851,0.61989,0.12396,-0.89773,0.53541,0.12336,-0.98306,0.50831,0.08532,-1.04607,0.52309,0.08258,-0.84167,0.49152,-0.01874,-0.81961,0.34643,-0.03587,-0.71401,0.24497,-0.01168,-0.73124,0.17872,-0.05665,-0.85566,0.48398,0.03445,-0.93861,0.36171,0.03626,-0.90291,0.22135,0.06873,-0.97123,0.17726,0.07866
23.08,-0.83487,0.51649,0.0185,-0.85264,0.67037,0.07144,-0.86891,0.74957,0.09256,-0.83884,0.67116,-0.00344,-0.83506,0.67115,-0.09276,-0.84936,0.71473,-0.17854,-0.86483,0.74844,-0.23164,-0.87488,0.62238,0.12623,-0.90228,0.5373,0.12485,-0.98663,0.50771,0.08649,-1.04996,0.52107,0.08395,-0.84505,0.4949,-0.01654,-0.82751,0.349,-0.03187,-0.72093,0.24816,-0.00943,-0.74121,0.18062,-0.05109,-0.85969,0.48718,0.03645,-0.94087,0.36373,0.03741,-0.90477,0.2235,0.07002,-0.97272,0.17884,0.07986
23.1,-0.83819,0.51925,0.02054,-0.85791,0.67286,0.07357,-0.8745,0.75188,0.09514,-0.84325,0.67393,-0.00114,-0.83895,0.67557,-0.09042,-0.85201,0.71868,-0.17663,-0.86838,0.75169,-0.22991,-0.88037,0.62458,0.128,-0.90655,0.53912,0.12614,-0.99014,0.50783,0.08748,-1.05367,0.52024,0.08497,-0.84792,0.49774,-0.01467,-0.83421,0.35128,-0.02865,-0.72749,0.25016,-0.00827,-0.75058,0.18209,-0.04753,-0.86322,0.48989,0.03811,-0.94288,0.36545,0.03837,-0.90633,0.22537,0.07111,-0.97395,0.18019,0.08088
23.12,-0.84044,0.52068,0.02173,-0.86101,0.67431,0.0744,-0.87888,0.75301,0.09611,-0.84574,0.67532,-0.0002,-0.84149,0.67774,-0.08946,-0.8535,0.72131,-0.17559,-0.87017,0.75434,-0.22876,-0.88379,0.62603,0.1287,-0.91047,0.54073,0.12692,-0.99413,0.51,0.08795,-1.05758,0.52273,0.08516,-0.84967,0.49915,-0.0136,-0.83752,0.35255,-0.02747,-0.73304,0.24886,-0.0084,-0.75821,0.18185,-0.0482,-0.86572,0.49134,0.03896,-0.94449,0.36633,0.03881,-0.9073,0.22643,0.07161,-0.97468,0.18088,0.08136
23.14,-0.8422,0.52155,0.02258,-0.86322,0.6753,0.07469,-0.8827,0.75362,0.09641,-0.84745,0.67612,0.00019,-0.84348,0.67904,-0.08906,-0.85458,0.72342,-0.17491,-0.87143,0.75676,-0.22783,-0.88633,0.62716,0.12897,-0.91414,0.54222,0.12748,-0.99816,0.51286,0.08821,-1.06142,0.52639,0.08502,-0.85094,0.49997,-0.01286,-0.83953,0.35333,-0.02702,-0.73812,0.24647,-0.00902,-0.76511,0.18109,-0.05032,-0.86774,0.49224,0.03948,-0.94592,0.36686,0.03907,-0.90804,0.22715,0.07188,-0.97521,0.1813,0.08164
23.16,-0.84415,0.52258,0.02355,-0.86576,0.67641,0.07517,-0.88669,0.75435,0.09691,-0.84948,0.67709,0.00079,-0.8457,0.6807,-0.08846,-0.85584,0.72573,-0.17408,-0.87294,0.75933,-0.22675,-0.88917,0.62835,0.1294,-0.91782,0.54369,0.12812,-1.00204,0.51532,0.08855,-1.06515,0.52943,0.08501,-0.85241,0.50097,-0.01198,-0.84207,0.35427,-0.02627,-0.74335,0.24472,-0.00949,-0.77219,0.18077,-0.05176,-0.86992,0.49329,0.04014,-0.94745,0.36751,0.03944,-0.9089,0.22799,0.07228,-0.97584,0.18182,0.08206
23.18,-0.84622,0.52399,0.02461,-0.8685,0.67789,0.07576,-0.89094,0.75539,0.09756,-0.85155,0.67846,0.00152,-0.84775,0.6826,-0.08769,-0.85674,0.72815,-0.17317,-0.87406,0.762,-0.22561,-0.89234,0.6299,0.12986,-0.92189,0.54554,0.12873,-1.00629,0.51824,0.08881,-1.06925,0.53296,0.08488,-0.85387,0.50233,-0.01102,-0.84484,0.35557,-0.02557,-0.74936,0.24299,-0.01007,-0.7801,0.18076,-0.05356,-0.8723,0.49475,0.0408,-0.94889,0.36839,0.03976,-0.90977,0.22908,0.07281,-0.97649,0.18258,0.08259
23.2,-0.84793,0.52448,0.02542,-0.8706,0.6785,0.07602,-0.89445,0.75561,0.0977,-0.85335,0.67887,0.00185,-0.84992,0.68385,-0.08734,-0.85814,0.73026,-0.17242,-0.87571,0.76455,-0.22449,-0.8946,0.63064,0.13017,-0.92508,0.5466,0.12931,-1.00971,0.52042,0.08913,-1.07248,0.5358,0.08487,-0.85528,0.50281,-0.01028,-0.84682,0.35603,-0.02498,-0.75382,0.24125,-0.01063,-0.78611,0.18046,-0.05503,-0.87415,0.49523,0.04138,-0.9505,0.36874,0.04022,-0.9106,0.22962,0.07314,-0.97711,0.18284,0.08299
23.22,-0.8487,0.52254,0.02555,-0.87118,0.67681,0.07545,-0.89608,0.75373,0.09663,-0.85463,0.67678,0.00112,-0.85239,0.68335,-0.088,-0.86068,0.73142,-0.17216,-0.8785,0.76638,-0.2237,-0.89458,0.62923,0.1301,-0.92589,0.5455,0.12992,-1.01085,0.52033,0.08979,-1.07344,0.53645,0.08539,-0.85659,0.50105,-0.01014,-0.84681,0.3543,-0.0244,-0.7538,0.23943,-0.01091,-0.78706,0.17903,-0.05511,-0.8746,0.49316,0.04178,-0.95263,0.36769,0.0411,-0.91131,0.22872,0.07289,-0.97765,0.18174,0.08294
23.24,-0.84914,0.51968,0.02544,-0.87123,0.67425,0.0746,-0.89708,0.75102,0.09516,-0.85574,0.67373,5e-05,-0.85487,0.68216,-0.08894,-0.8634,0.73218,-0.17193,-0.88137,0.76789,-0.2229,-0.89375,0.62699,0.12991,-0.92588,0.54357,0.13052,-1.01118,0.5194,0.09051,-1.07356,0.53626,0.08599,-0.8579,0.49841,-0.01018,-0.84608,0.35177,-0.02395,-0.75215,0.23756,-0.01118,-0.78611,0.17718,-0.0549,-0.87455,0.49013,0.04212,-0.95495,0.36615,0.04227,-0.912,0.22733,0.07248,-0.97819,0.1802,0.08282
23.26,-0.84978,0.51723,0.02546,-0.8716,0.67205,0.07394,-0.89847,0.74862,0.09393,-0.857,0.67111,-0.00079,-0.85722,0.68127,-0.08961,-0.86568,0.73304,-0.17152,-0.88369,0.76946,-0.22197,-0.89337,0.6251,0.12979,-0.92629,0.542,0.13111,-1.01189,0.51879,0.09114,-1.07406,0.53634,0.08641,-0.85926,0.49616,-0.01009,-0.84576,0.34964,-0.02354,-0.75132,0.23577,-0.01155,-0.78602,0.17559,-0.05496,-0.87478,0.48753,0.0425,-0.95718,0.36488,0.04346,-0.91274,0.22621,0.07222,-0.97878,0.17893,0.08282
23.28,-0.8502,0.51479,0.02536,-0.8719,0.66987,0.07307,-0.89988,0.74615,0.09265,-0.85818,0.66847,-0.00182,-0.85917,0.68003,-0.09046,-0.86713,0.73326,-0.17149,-0.88494,0.77019,-0.22164,-0.89286,0.62322,0.12949,-0.92656,0.54046,0.13174,-1.01246,0.5182,0.09189,-1.07441,0.53651,0.08711,-0.86041,0.49394,-0.01012,-0.84493,0.34758,-0.02317,-0.75008,0.23395,-0.01216,-0.78568,0.17402,-0.05517,-0.87477,0.48492,0.04274,-0.95926,0.36372,0.04476,-0.91341,0.22521,0.07198,-0.9793,0.17778,0.08282
23.3,-0.85101,0.51212,0.02546,-0.87237,0.66743,0.07258,-0.9013,0.74351,0.09152,-0.85958,0.66564,-0.00246,-0.86149,0.67913,-0.09081,-0.86926,0.73417,-0.17064,-0.88701,0.7719,-0.2202,-0.89255,0.62106,0.12952,-0.92698,0.53861,0.13229,-1.01307,0.51726,0.09235,-1.07481,0.53613,0.08713,-0.86199,0.49147,-0.0099,-0.84497,0.34527,-0.02291,-0.74928,0.23228,-0.01256,-0.78536,0.17246,-0.05531,-0.87513,0.48212,0.04322,-0.96159,0.36233,0.04624,-0.91425,0.22401,0.07184,-0.98002,0.17648,0.083
23.32,-0.85292,0.50899,0.02615,-0.87328,0.66446,0.07318,-0.90272,0.7407,0.09067,-0.86147,0.66247,-0.00202,-0.86479,0.67951,-0.08971,-0.87321,0.73756,-0.16731,-0.89134,0.777,-0.21539,-0.89284,0.61827,0.13048,-0.92793,0.53608,0.13247,-1.01392,0.51559,0.09187,-1.07553,0.53444,0.08518,-0.86471,0.48843,-0.00901,-0.84774,0.3423,-0.02285,-0.75018,0.23096,-0.01214,-0.78566,0.17091,-0.05508,-0.87659,0.47892,0.04438,-0.96467,0.36034,0.04795,-0.91565,0.2223,0.07185,-0.9813,0.17472,0.0835
23.34,-0.85523,0.50568,0.02704,-0.87435,0.66129,0.07414,-0.90415,0.73776,0.08992,-0.86356,0.65915,-0.00121,-0.86778,0.68007,-0.08802,-0.87645,0.7413,-0.16311,-0.89468,0.78263,-0.20953,-0.89332,0.61525,0.13175,-0.92908,0.53332,0.13258,-1.01488,0.51374,0.09115,-1.07631,0.53242,0.08262,-0.86786,0.48517,-0.00786,-0.85145,0.33909,-0.02277,-0.75171,0.22977,-0.01129,-0.78621,0.16936,-0.05453,-0.87846,0.47558,0.04578,-0.96804,0.35814,0.04979,-0.91731,0.22043,0.07197,-0.98285,0.17285,0.08417
23.36,-0.85739,0.50251,0.02784,-0.87539,0.65826,0.07491,-0.90569,0.73483,0.08918,-0.8656,0.65596,-0.00057,-0.87,0.68005,-0.08654,-0.8781,0.74385,-0.15952,-0.89594,0.78672,-0.20468,-0.89375,0.61238,0.13285,-0.93021,0.53076,0.13279,-1.01587,0.51212,0.09064,-1.07707,0.53075,0.08045,-0.87082,0.48206,-0.00679,-0.85472,0.33604,-0.0226,-0.7531,0.22854,-0.01052,-0.78684,0.16786,-0.05398,-0.88017,0.47235,0.04706,-0.97128,0.35612,0.05168,-0.91894,0.21874,0.07216,-0.9844,0.17117,0.08485
23.38,-0.85941,0.49908,0.02859,-0.8763,0.65498,0.07555,-0.90706,0.73169,0.08802,-0.86753,0.65249,-5e-05,-0.87158,0.67986,-0.08506,-0.87858,0.74617,-0.15588,-0.89566,0.79056,-0.19985,-0.89402,0.60929,0.13383,-0.93116,0.52799,0.13262,-1.01659,0.51019,0.08963,-1.0775,0.52869,0.07768,-0.87371,0.47872,-0.00574,-0.85822,0.33275,-0.02263,-0.75461,0.22727,-0.00968,-0.78745,0.16626,-0.05336,-0.88167,0.46886,0.04831,-0.97452,0.35404,0.05368,-0.92065,0.217,0.07229,-0.98599,0.16944,0.08561
23.4,-0.86184,0.49615,0.02951,-0.87758,0.65217,0.07649,-0.9089,0.72884,0.08768,-0.86979,0.64955,0.00078,-0.8731,0.67884,-0.08361,-0.87862,0.74667,-0.15312,-0.89473,0.79206,-0.19643,-0.8947,0.60661,0.13505,-0.93263,0.52569,0.13319,-1.01797,0.50901,0.08958,-1.07852,0.52758,0.07599,-0.87683,0.47583,-0.00455,-0.86157,0.32992,-0.02218,-0.75634,0.22613,-0.00864,-0.78849,0.16491,-0.05256,-0.88369,0.46591,0.04964,-0.9778,0.35216,0.05568,-0.92245,0.2155,0.07273,-0.98775,0.16799,0.08645
23.42,-0.86535,0.49464,0.03085,-0.87975,0.65067,0.07822,-0.91186,0.72698,0.08964,-0.87289,0.64811,0.00242,-0.87573,0.67684,-0.08219,-0.88009,0.74457,-0.15187,-0.89549,0.79021,-0.19518,-0.89639,0.60511,0.13692,-0.93542,0.5247,0.13587,-1.02108,0.50974,0.09228,-1.08114,0.52896,0.07746,-0.88052,0.47421,-0.00307,-0.86422,0.3284,-0.02052,-0.75827,0.22527,-0.00748,-0.79039,0.16425,-0.05169,-0.88712,0.46447,0.05119,-0.98117,0.35068,0.05743,-0.92431,0.21456,0.07378,-0.98976,0.1672,0.08724
23.44,-0.86927,0.49364,0.03235,-0.88228,0.64962,0.08027,-0.91523,0.72545,0.09247,-0.8763,0.64723,0.00439,-0.87871,0.67476,-0.08062,-0.88199,0.74202,-0.15081,-0.89673,0.78775,-0.19425,-0.89849,0.604,0.13905,-0.93866,0.52415,0.13932,-1.02474,0.51113,0.09593,-1.08427,0.53112,0.08004,-0.88443,0.47306,-0.00148,-0.86664,0.32736,-0.01843,-0.7603,0.22453,-0.00624,-0.7926,0.16384,-0.05075,-0.89106,0.46357,0.05281,-0.98458,0.34936,0.05909,-0.9262,0.21383,0.07503,-0.99187,0.16663,0.08801
23.46,-0.87298,0.49242,0.03375,-0.88466,0.64836,0.08217,-0.91842,0.72374,0.09491,-0.87955,0.64611,0.00622,-0.88145,0.67294,-0.07903,-0.88354,0.74005,-0.14942,-0.89753,0.78602,-0.19284,-0.90043,0.60269,0.14103,-0.94165,0.52338,0.1424,-1.02803,0.51221,0.0991,-1.08703,0.53283,0.08208,-0.88824,0.47173,4e-05,-0.86915,0.32615,-0.01657,-0.7623,0.22378,-0.00505,-0.79467,0.16333,-0.04984,-0.89474,0.46245,0.05439,-0.98796,0.34799,0.06078,-0.92808,0.21305,0.07615,-0.99393,0.166,0.08878
23.48,-0.8768,0.49112,0.03523,-0.88697,0.64704,0.08404,-0.92151,0.72196,0.0974,-0.88281,0.64489,0.00804,-0.88412,0.67117,-0.0774,-0.8849,0.7383,-0.14779,-0.89806,0.78466,-0.19106,-0.90229,0.60136,0.14301,-0.94461,0.52266,0.14554,-1.03124,0.51313,0.10234,-1.08966,0.53431,0.08408,-0.8921,0.47029,0.00162,-0.87175,0.32484,-0.01461,-0.76434,0.22298,-0.00383,-0.79686,0.16283,-0.04892,-0.89855,0.46125,0.05602,-0.99142,0.34651,0.0625,-0.92997,0.21222,0.07735,-0.99603,0.16536,0.08956
23.5,-0.88048,0.49013,0.03659,-0.88951,0.64593,0.08602,-0.92488,0.72034,0.10002,-0.88612,0.64402,0.00997,-0.88685,0.66977,-0.07563,-0.88642,0.7368,-0.14611,-0.89881,0.78345,-0.18931,-0.90443,0.60012,0.14499,-0.94761,0.52194,0.14875,-1.03448,0.5144,0.10564,-1.09238,0.53615,0.0864,-0.89587,0.46918,0.0031,-0.8741,0.3239,-0.01278,-0.76632,0.22236,-0.00266,-0.79891,0.1624,-0.04796,-0.9022,0.46035,0.05754,-0.99469,0.34531,0.06415,-0.93186,0.21159,0.07842,-0.99806,0.16485,0.09031
23.52,-0.88375,0.48991,0.0376,-0.89252,0.64533,0.08823,-0.92895,0.71915,0.10268,-0.88947,0.64399,0.01215,-0.88959,0.66917,-0.07362,-0.88807,0.73565,-0.14461,-0.89989,0.78225,-0.18802,-0.90718,0.59909,0.14692,-0.9507,0.52115,0.1518,-1.03782,0.51673,0.10877,-1.09522,0.53943,0.08912,-0.89938,0.46888,0.00427,-0.87584,0.32386,-0.01145,-0.76811,0.22223,-0.00169,-0.80048,0.16216,-0.04698,-0.90533,0.46018,0.05878,-0.99744,0.34486,0.06565,-0.93373,0.21148,0.07913,-0.99989,0.16465,0.09093
23.54,-0.88685,0.48998,0.03848,-0.89571,0.64493,0.09054,-0.93325,0.7181,0.10542,-0.89284,0.64428,0.01444,-0.89223,0.66896,-0.07147,-0.88961,0.7348,-0.14303,-0.90082,0.78127,-0.18674,-0.91017,0.59813,0.14884,-0.9538,0.52034,0.15492,-1.04109,0.5194,0.11201,-1.09799,0.54312,0.09213,-0.90277,0.46889,0.00532,-0.87733,0.32418,-0.01031,-0.7698,0.22231,-0.00084,-0.80188,0.16201,-0.04606,-0.90826,0.4603,0.05989,-0.99998,0.34469,0.06708,-0.93559,0.21155,0.07971,-1.00164,0.16457,0.09149
23.56,-0.88999,0.48991,0.03941,-0.89881,0.64441,0.09279,-0.93739,0.71694,0.10813,-0.8962,0.64439,0.01668,-0.89477,0.66882,-0.0693,-0.89095,0.73427,-0.14115,-0.90142,0.78078,-0.185,-0.91303,0.59711,0.15075,-0.9568,0.51952,0.15811,-1.04412,0.52177,0.1153,-1.10051,0.54638,0.09505,-0.90617,0.46875,0.00642,-0.87892,0.32436,-0.00913,-0.77151,0.22233,-3e-05,-0.80334,0.16187,-0.04521,-0.91124,0.46028,0.06105,-1.00259,0.34438,0.06851,-0.93744,0.21155,0.08032,-1.00341,0.16444,0.09205
23.58,-0.89331,0.48988,0.04037,-0.90181,0.64394,0.09507,-0.94152,0.71578,0.11081,-0.89946,0.64456,0.01896,-0.89697,0.66897,-0.067,-0.89156,0.73423,-0.13893,-0.90135,0.78097,-0.1827,-0.91588,0.59617,0.15268,-0.95989,0.5188,0.16088,-1.04712,0.52462,0.11823,-1.10275,0.55057,0.09753,-0.90975,0.46865,0.00756,-0.88057,0.32463,-0.00794,-0.77332,0.2224,0.00075,-0.80487,0.16179,-0.04441,-0.91438,0.46031,0.06225,-1.00531,0.3441,0.07,-0.93939,0.21157,0.08092,-1.00529,0.16434,0.09261
23.6,-0.89622,0.48983,0.04122,-0.90498,0.64337,0.0973,-0.94561,0.71458,0.11354,-0.90286,0.64467,0.02119,-0.89959,0.66914,-0.06472,-0.89319,0.73424,-0.13672,-0.90205,0.7811,-0.18055,-0.91874,0.59507,0.15453,-0.96268,0.51785,0.16451,-1.04971,0.52651,0.12193,-1.10495,0.55291,0.1008,-0.91291,0.46854,0.00858,-0.88204,0.32487,-0.0069,-0.7749,0.22249,0.00141,-0.80621,0.16173,-0.04372,-0.91713,0.4603,0.06332,-1.00772,0.34385,0.07134,-0.94113,0.21159,0.08145,-1.00694,0.16424,0.09312
23.62,-0.89802,0.48958,0.04176,-0.90861,0.64244,0.09936,-0.94962,0.71325,0.11637,-0.90671,0.64451,0.02327,-0.90344,0.66877,-0.06271,-0.89756,0.73346,-0.13512,-0.90457,0.77988,-0.17974,-0.92159,0.5934,0.15615,-0.96434,0.51621,0.17047,-1.05111,0.52533,0.12747,-1.10709,0.54959,0.10569,-0.91496,0.46827,0.00926,-0.88309,0.32482,-0.00618,-0.77588,0.22249,0.00188,-0.80705,0.16162,-0.0432,-0.91876,0.46006,0.06403,-1.00933,0.34362,0.07236,-0.94229,0.21154,0.08185,-1.00802,0.16407,0.0935
23.64,-0.89941,0.4893,0.04219,-0.91236,0.64136,0.1014,-0.95356,0.71184,0.11929,-0.91068,0.64425,0.02532,-0.90752,0.66812,-0.06077,-0.90252,0.73223,-0.13375,-0.90731,0.77798,-0.17935,-0.9244,0.59153,0.15771,-0.96544,0.51455,0.17724,-1.05193,0.52312,0.13356,-1.10879,0.54419,0.11078,-0.9166,0.46799,0.00981,-0.88396,0.32471,-0.0056,-0.77665,0.22248,0.00228,-0.8077,0.16151,-0.04274,-0.91999,0.45977,0.06461,-1.01064,0.34341,0.07323,-0.94324,0.21148,0.08221,-1.00887,0.16388,0.09384
23.66,-0.901,0.48905,0.04268,-0.91597,0.6403,0.10348,-0.95743,0.71039,0.12225,-0.91455,0.64398,0.02743,-0.91114,0.66758,-0.05873,-0.90657,0.73121,-0.13216,-0.90919,0.77639,-0.1785,-0.92713,0.58973,0.1593,-0.9665,0.51323,0.18355,-1.05269,0.5214,0.13919,-1.11001,0.53961,0.11514,-0.91841,0.46775,0.01043,-0.8849,0.32466,-0.00497,-0.77751,0.22249,0.00268,-0.80845,0.16143,-0.0423,-0.92142,0.45952,0.06525,-1.01209,0.3432,0.07414,-0.94428,0.21144,0.08258,-1.00983,0.16372,0.0942
23.68,-0.90254,0.48872,0.0431,-0.91965,0.63904,0.1056,-0.96133,0.70878,0.1252,-0.91854,0.64358,0.0296,-0.91463,0.66718,-0.05654,-0.91013,0.73048,-0.13025,-0.90989,0.77513,-0.17718,-0.92984,0.5877,0.16091,-0.96686,0.51163,0.18981,-1.05255,0.51886,0.14435,-1.10998,0.53393,0.11846,-0.92025,0.46741,0.01101,-0.88587,0.32453,-0.00436,-0.77834,0.22249,0.00307,-0.80913,0.16132,-0.04186,-0.92275,0.4592,0.06586,-1.01351,0.34298,0.07515,-0.94536,0.21136,0.08293,-1.01082,0.16352,0.09455
23.7,-0.90408,0.48855,0.04365,-0.92309,0.63801,0.10766,-0.965,0.70732,0.12825,-0.92224,0.6433,0.0317,-0.91779,0.66659,-0.05449,-0.91348,0.72942,-0.12862,-0.91126,0.77348,-0.17605,-0.93244,0.58599,0.16249,-0.96777,0.51106,0.19606,-1.05326,0.51746,0.1501,-1.11071,0.5295,0.1227,-0.92193,0.46724,0.01163,-0.88673,0.32457,-0.00377,-0.7792,0.22252,0.00341,-0.80989,0.16129,-0.04151,-0.92419,0.45902,0.06649,-1.01492,0.34278,0.07591,-0.94632,0.21137,0.0833,-1.0117,0.16341,0.09489
23.72,-0.90574,0.48882,0.04461,-0.926,0.63776,0.10943,-0.96829,0.7064,0.13147,-0.92518,0.64348,0.0335,-0.92035,0.66526,-0.05306,-0.91685,0.72684,-0.12828,-0.91547,0.77008,-0.17648,-0.93491,0.58537,0.16397,-0.97059,0.51299,0.20243,-1.05688,0.5195,0.15799,-1.115,0.52893,0.13101,-0.92325,0.46758,0.01236,-0.88732,0.32511,-0.0032,-0.78021,0.22259,0.00372,-0.81092,0.16149,-0.04136,-0.92608,0.45924,0.06717,-1.0164,0.34263,0.07598,-0.94697,0.21168,0.08373,-1.01227,0.16358,0.09522
23.74,-0.90742,0.48923,0.04572,-0.92872,0.63779,0.11107,-0.97143,0.70565,0.13467,-0.92785,0.6438,0.03517,-0.9226,0.66362,-0.05184,-0.92001,0.72362,-0.12837,-0.92037,0.76584,-0.17748,-0.93735,0.58514,0.1654,-0.97365,0.51588,0.20872,-1.06116,0.52286,0.16682,-1.12032,0.52982,0.14138,-0.92442,0.46808,0.01314,-0.8878,0.3258,-0.00262,-0.78124,0.22269,0.00404,-0.81201,0.16176,-0.04123,-0.92811,0.45959,0.06788,-1.01787,0.34249,0.07582,-0.9475,0.21208,0.08422,-1.01272,0.16386,0.0956
23.76,-0.90909,0.48956,0.04675,-0.93152,0.63769,0.11273,-0.97461,0.70478,0.13777,-0.93064,0.64402,0.03685,-0.9247,0.66217,-0.05048,-0.92263,0.72072,-0.12813,-0.92408,0.76194,-0.17807,-0.93981,0.58474,0.16683,-0.97584,0.51842,0.21473,-1.06447,0.52566,0.17531,-1.12451,0.53008,0.15142,-0.92566,0.46849,0.01391,-0.88832,0.32641,-0.00201,-0.78224,0.2228,0.0044,-0.81303,0.162,-0.04105,-0.93006,0.45987,0.06858,-1.01933,0.34235,0.07579,-0.94809,0.21245,0.08473,-1.01323,0.16409,0.09601
23.78,-0.91072,0.48996,0.04778,-0.93446,0.63759,0.1144,-0.97797,0.7038,0.14103,-0.93359,0.64428,0.03855,-0.92656,0.6605,-0.04907,-0.92487,0.71736,-0.12798,-0.92734,0.75732,-0.1789,-0.94234,0.58434,0.16826,-0.97723,0.52115,0.221,-1.06707,0.5282,0.18439,-1.12806,0.52951,0.16262,-0.92682,0.46897,0.01465,-0.88874,0.32711,-0.00139,-0.78317,0.22296,0.00475,-0.814,0.16231,-0.04086,-0.93198,0.46021,0.06923,-1.02073,0.34225,0.07569,-0.94862,0.21287,0.08528,-1.01369,0.1644,0.09642
23.8,-0.91245,0.49026,0.04887,-0.93712,0.63752,0.11597,-0.98096,0.70299,0.14385,-0.93619,0.64447,0.04014,-0.92835,0.65925,-0.04767,-0.9268,0.71481,-0.1275,-0.93028,0.75377,-0.17913,-0.94476,0.58404,0.16963,-0.97878,0.52372,0.22615,-1.06979,0.53153,0.19273,-1.13158,0.53088,0.1733,-0.92812,0.46933,0.01549,-0.88932,0.32768,-0.0007,-0.78419,0.22307,0.00521,-0.81502,0.16255,-0.04057,-0.93399,0.46046,0.06998,-1.02222,0.34207,0.07573,-0.94924,0.21322,0.08585,-1.01424,0.16464,0.09695
23.82,-0.91453,0.49024,0.05006,-0.93899,0.63746,0.11732,-0.98298,0.70267,0.14555,-0.93785,0.64452,0.04151,-0.93058,0.65911,-0.04638,-0.92904,0.71463,-0.12624,-0.93375,0.75362,-0.17775,-0.94689,0.58391,0.17088,-0.982,0.52565,0.22889,-1.07378,0.53699,0.19874,-1.13615,0.5375,0.18124,-0.92991,0.46929,0.01655,-0.89047,0.32784,0.00017,-0.78552,0.22304,0.00586,-0.81618,0.16256,-0.04009,-0.93625,0.46044,0.07099,-1.02401,0.34168,0.07618,-0.95016,0.21334,0.08637,-1.01504,0.16465,0.09768
23.84,-0.91672,0.4901,0.0513,-0.94054,0.63741,0.11861,-0.98461,0.70255,0.14687,-0.93915,0.64452,0.04281,-0.93294,0.65944,-0.04511,-0.93139,0.7154,-0.12466,-0.93745,0.75486,-0.17567,-0.94889,0.58386,0.17211,-0.98583,0.52743,0.23078,-1.07797,0.54336,0.20395,-1.14079,0.5461,0.1884,-0.93185,0.46912,0.01771,-0.8918,0.32787,0.00111,-0.78694,0.22297,0.00659,-0.81739,0.16251,-0.03952,-0.9386,0.46034,0.07211,-1.0259,0.34122,0.07679,-0.95117,0.21338,0.08689,-1.01593,0.16459,0.09851
23.86,-0.91883,0.49001,0.05252,-0.94223,0.63733,0.11994,-0.98639,0.70233,0.14839,-0.94062,0.64452,0.04415,-0.93521,0.65962,-0.04379,-0.93365,0.71585,-0.12315,-0.94095,0.75566,-0.17372,-0.95094,0.58376,0.17335,-0.98913,0.52925,0.23303,-1.08137,0.54931,0.20957,-1.14462,0.55374,0.1963,-0.9337,0.469,0.01883,-0.89302,0.32794,0.00204,-0.78828,0.22291,0.00731,-0.81855,0.16249,-0.03897,-0.94088,0.46026,0.07318,-1.02772,0.34079,0.07735,-0.95212,0.21346,0.08744,-1.01677,0.16458,0.09932
23.88,-0.92103,0.48995,0.05376,-0.94396,0.63729,0.12132,-0.98831,0.7021,0.14991,-0.94207,0.64458,0.04554,-0.9376,0.65996,-0.04241,-0.93598,0.71655,-0.12151,-0.94464,0.75686,-0.17146,-0.95309,0.58368,0.17462,-0.9924,0.5313,0.23547,-1.08445,0.55568,0.21559,-1.14807,0.56171,0.20503,-0.9356,0.46892,0.01996,-0.8943,0.32807,0.00298,-0.7897,0.2229,0.00805,-0.81974,0.16249,-0.0384,-0.94326,0.46022,0.07425,-1.02961,0.34038,0.07787,-0.9531,0.21359,0.08801,-1.01762,0.16462,0.10017
23.9,-0.92307,0.48979,0.05497,-0.94553,0.63716,0.12262,-0.98987,0.70191,0.15136,-0.94347,0.64451,0.04685,-0.93971,0.66027,-0.04106,-0.93806,0.71726,-0.11988,-0.94776,0.75809,-0.16922,-0.95499,0.58354,0.17586,-0.99547,0.53287,0.23738,-1.08696,0.5614,0.22074,-1.15073,0.5694,0.21267,-0.93743,0.46872,0.0211,-0.89549,0.32808,0.00395,-0.79096,0.22282,0.0088,-0.82084,0.16245,-0.0378,-0.94544,0.4601,0.07535,-1.03135,0.33993,0.07853,-0.95405,0.21362,0.08859,-1.01847,0.16459,0.10102
23.92,-0.92468,0.48935,0.05611,-0.94675,0.63678,0.12375,-0.99052,0.70182,0.15272,-0.9448,0.64411,0.04798,-0.94106,0.66016,-0.03988,-0.93945,0.71744,-0.11849,-0.94939,0.75851,-0.16758,-0.95622,0.58319,0.17702,-0.99823,0.53315,0.23803,-1.08894,0.56519,0.22366,-1.15244,0.57595,0.2167,-0.93901,0.46818,0.02229,-0.89643,0.32775,0.005,-0.79182,0.22256,0.00954,-0.82173,0.16228,-0.03715,-0.94708,0.45973,0.07656,-1.03271,0.33935,0.07956,-0.95487,0.21334,0.08917,-1.01927,0.16433,0.10184
23.94,-0.92612,0.48881,0.05722,-0.94782,0.63632,0.12481,-0.9908,0.70177,0.15401,-0.94608,0.64359,0.04903,-0.94216,0.65993,-0.03877,-0.94067,0.71747,-0.11719,-0.9506,0.75869,-0.16616,-0.95718,0.58279,0.17815,-1.00092,0.53303,0.23818,-1.09071,0.56829,0.22571,-1.15369,0.58209,0.21946,-0.94051,0.46752,0.0235,-0.89729,0.3273,0.00607,-0.79253,0.22224,0.01028,-0.82254,0.16207,-0.03649,-0.94851,0.45928,0.07781,-1.03392,0.33874,0.08071,-0.95566,0.21295,0.08975,-1.02004,0.16399,0.10264
23.96,-0.92761,0.48832,0.05832,-0.94894,0.63589,0.12588,-0.99123,0.70169,0.15532,-0.94737,0.64312,0.05009,-0.9434,0.65975,-0.03765,-0.94204,0.71756,-0.11587,-0.9521,0.75896,-0.16466,-0.95825,0.58241,0.17927,-1.00359,0.5332,0.23856,-1.09234,0.57163,0.22817,-1.15473,0.58823,0.22294,-0.94202,0.46692,0.02468,-0.89818,0.32691,0.00713,-0.7933,0.22196,0.011,-0.82339,0.16188,-0.03585,-0.95,0.45887,0.07902,-1.03517,0.33816,0.0818,-0.95644,0.21262,0.09033,-1.02081,0.1637,0.10343
23.98,-0.92919,0.48782,0.0595,-0.95009,0.63547,0.12702,-0.99167,0.70163,0.15666,-0.94869,0.64265,0.05123,-0.94453,0.65963,-0.03644,-0.94317,0.71777,-0.11441,-0.95326,0.75941,-0.163,-0.95939,0.58203,0.18047,-1.00649,0.5335,0.23893,-1.09399,0.57519,0.23077,-1.15563,0.59472,0.22681,-0.94362,0.4663,0.02594,-0.8991,0.32653,0.00821,-0.79412,0.22167,0.01176,-0.82428,0.16171,-0.0352,-0.9516,0.45846,0.08032,-1.0365,0.33755,0.08295,-0.95727,0.21229,0.09093,-1.02162,0.1634,0.10429
24,-0.93054,0.48732,0.06052,-0.95114,0.63503,0.128,-0.99202,0.70152,0.15789,-0.94994,0.64216,0.0522,-0.94585,0.65936,-0.03543,-0.94477,0.71769,-0.11327,-0.95505,0.75943,-0.16172,-0.96033,0.58163,0.18151,-1.00888,0.53363,0.23922,-1.09521,0.57803,0.23294,-1.15605,0.60006,0.22998,-0.94502,0.4657,0.02704,-0.89994,0.32612,0.00923,-0.79481,0.22139,0.01243,-0.82506,0.1615,-0.03456,-0.95294,0.45804,0.08145,-1.03763,0.33699,0.084,-0.958,0.21196,0.09147,-1.02233,0.1631,0.10501
24.02,-0.9313,0.48687,0.06108,-0.95194,0.63457,0.12857,-0.99219,0.70126,0.15886,-0.95105,0.64166,0.05276,-0.94784,0.65866,-0.03495,-0.94777,0.71677,-0.11296,-0.95871,0.75826,-0.16149,-0.96081,0.58118,0.18214,-1.00989,0.53321,0.23942,-1.09549,0.57912,0.23422,-1.15573,0.60275,0.23127,-0.94589,0.46517,0.02771,-0.90055,0.32565,0.01012,-0.79518,0.22116,0.01288,-0.82556,0.16119,-0.03392,-0.95364,0.45764,0.08216,-1.03827,0.33655,0.08476,-0.95843,0.21163,0.09187,-1.02281,0.16282,0.10536
24.04,-0.93182,0.48642,0.06147,-0.95263,0.6341,0.12898,-0.99227,0.70095,0.15971,-0.95209,0.64115,0.05316,-0.95003,0.65783,-0.03464,-0.95126,0.71557,-0.11291,-0.96302,0.75669,-0.16156,-0.9611,0.58071,0.18261,-1.01039,0.53254,0.23955,-1.09545,0.57951,0.2351,-1.15516,0.6044,0.23177,-0.94657,0.46466,0.02821,-0.90107,0.32515,0.01095,-0.79541,0.22094,0.01324,-0.82593,0.16083,-0.03328,-0.95409,0.45725,0.08271,-1.03873,0.33617,0.08541,-0.95876,0.21132,0.09222,-1.0232,0.16255,0.10557
24.06,-0.93246,0.48598,0.06193,-0.95337,0.63363,0.12946,-0.99239,0.70066,0.16059,-0.95315,0.64065,0.05363,-0.95211,0.65709,-0.03423,-0.95452,0.71456,-0.11267,-0.96703,0.75538,-0.16139,-0.96149,0.58025,0.18315,-1.01115,0.53198,0.23968,-1.09557,0.58017,0.23613,-1.15467,0.60645,0.23265,-0.94734,0.46415,0.02877,-0.90163,0.32467,0.01178,-0.79571,0.22072,0.01362,-0.82634,0.16049,-0.03266,-0.95465,0.45686,0.08332,-1.03927,0.33577,0.08611,-0.95913,0.211,0.09259,-1.02363,0.16228,0.10584
24.08,-0.93308,0.48552,0.06243,-0.95411,0.63315,0.12996,-0.99248,0.70035,0.16154,-0.95427,0.64013,0.05413,-0.95437,0.65629,-0.03379,-0.95805,0.71346,-0.11241,-0.97134,0.75394,-0.16119,-0.96182,0.57978,0.18372,-1.0118,0.53143,0.2399,-1.09552,0.58089,0.23738,-1.15393,0.60865,0.23378,-0.9481,0.46362,0.02938,-0.90219,0.32417,0.0127,-0.796,0.22049,0.01403,-0.82676,0.1601,-0.03197,-0.9552,0.45646,0.08397,-1.0398,0.33535,0.08684,-0.95951,0.21067,0.09298,-1.02407,0.16201,0.10613
24.1,-0.93368,0.4851,0.06282,-0.95482,0.6327,0.13038,-0.99261,0.70005,0.16232,-0.95526,0.63965,0.05455,-0.95636,0.65561,-0.0334,-0.96121,0.71253,-0.11213,-0.97529,0.75275,-0.16091,-0.96222,0.57932,0.18418,-1.01253,0.53082,0.23993,-1.09569,0.58125,0.23813,-1.1535,0.61022,0.23435,-0.94883,0.46314,0.02986,-0.90273,0.32372,0.01343,-0.79629,0.22028,0.01436,-0.82711,0.15976,-0.03142,-0.95573,0.45608,0.08449,-1.04031,0.33497,0.08747,-0.95986,0.21038,0.09331,-1.02447,0.16175,0.10634
24.12,-0.9343,0.48476,0.06295,-0.95552,0.6323,0.13063,-0.99293,0.69981,0.16268,-0.95597,0.63931,0.0548,-0.95759,0.65526,-0.03314,-0.96324,0.71217,-0.11182,-0.97806,0.75235,-0.16042,-0.96288,0.57887,0.18439,-1.01368,0.53008,0.23943,-1.09664,0.58084,0.2376,-1.15409,0.61048,0.23355,-0.94952,0.46277,0.03005,-0.90323,0.32342,0.01365,-0.79663,0.22014,0.01453,-0.8274,0.15959,-0.03124,-0.95629,0.45577,0.08471,-1.04088,0.33466,0.08784,-0.96022,0.21019,0.09346,-1.02483,0.16153,0.10638
24.14,-0.93491,0.48447,0.06298,-0.95622,0.63193,0.13079,-0.99333,0.69958,0.16289,-0.95658,0.63902,0.05497,-0.95856,0.65501,-0.03296,-0.96486,0.71199,-0.11155,-0.9804,0.75218,-0.15991,-0.96364,0.57844,0.18448,-1.01494,0.52929,0.23873,-1.09785,0.58011,0.23656,-1.15506,0.61016,0.23217,-0.95019,0.46246,0.03012,-0.90372,0.32317,0.01368,-0.79699,0.22003,0.01463,-0.82767,0.15947,-0.03121,-0.95686,0.45549,0.08479,-1.04145,0.33438,0.08809,-0.96058,0.21004,0.09354,-1.02517,0.16132,0.10635
24.16,-0.93552,0.48416,0.06305,-0.95691,0.63155,0.13098,-0.99369,0.69934,0.16317,-0.95723,0.63871,0.05516,-0.95964,0.65473,-0.03275,-0.96666,0.71172,-0.11126,-0.98289,0.75189,-0.15942,-0.96435,0.57802,0.18462,-1.01611,0.52854,0.23813,-1.09892,0.57952,0.23575,-1.15584,0.61007,0.23108,-0.95087,0.46212,0.03024,-0.90421,0.32289,0.01379,-0.79734,0.2199,0.01476,-0.82795,0.15933,-0.0311,-0.95743,0.4552,0.08493,-1.04201,0.3341,0.08838,-0.96094,0.20988,0.09365,-1.02551,0.16112,0.10635
24.18,-0.93613,0.48384,0.06312,-0.9576,0.63115,0.1312,-0.99404,0.69909,0.16345,-0.95787,0.63839,0.0554,-0.96075,0.6545,-0.03248,-0.96857,0.71158,-0.11086,-0.98563,0.75178,-0.1587,-0.96506,0.57755,0.18478,-1.01733,0.52771,0.23745,-1.09999,0.57893,0.23496,-1.15657,0.61008,0.23008,-0.95156,0.46178,0.03036,-0.90471,0.32262,0.0139,-0.79769,0.21978,0.01489,-0.82822,0.1592,-0.03102,-0.95799,0.4549,0.08507,-1.04258,0.3338,0.08871,-0.9613,0.20971,0.09377,-1.02586,0.1609,0.10634
24.2,-0.93673,0.48355,0.06317,-0.95829,0.63081,0.13134,-0.99442,0.69887,0.1637,-0.9585,0.63811,0.05554,-0.96174,0.6542,-0.03234,-0.97017,0.71126,-0.11066,-0.98778,0.75139,-0.15836,-0.96578,0.57718,0.18487,-1.01844,0.52704,0.23687,-1.10109,0.57826,0.23402,-1.15745,0.60976,0.22882,-0.95221,0.46147,0.03045,-0.90519,0.32237,0.01398,-0.79804,0.21966,0.01499,-0.82851,0.15907,-0.03094,-0.95857,0.45463,0.08517,-1.04314,0.33353,0.08895,-0.96165,0.20958,0.09385,-1.02619,0.16072,0.10634
24.22,-0.93733,0.48336,0.06321,-0.95905,0.63065,0.13127,-0.99486,0.69873,0.16395,-0.95917,0.63791,0.05546,-0.96245,0.65365,-0.03247,-0.97097,0.71033,-0.11106,-0.98836,0.75008,-0.15916,-0.96658,0.57704,0.18482,-1.01931,0.5268,0.23665,-1.10226,0.57746,0.23282,-1.15871,0.60867,0.22691,-0.95277,0.46126,0.03049,-0.90564,0.32219,0.01408,-0.79839,0.21959,0.01503,-0.82894,0.15893,-0.03076,-0.95919,0.45446,0.08521,-1.04373,0.33333,0.08899,-0.96197,0.20955,0.09387,-1.02644,0.16061,0.1064
24.24,-0.93792,0.48322,0.06324,-0.95981,0.63056,0.13111,-0.99533,0.69861,0.16417,-0.95983,0.63774,0.0553,-0.96304,0.65303,-0.03271,-0.97145,0.70921,-0.11167,-0.98836,0.74848,-0.16033,-0.96738,0.57701,0.18471,-1.02007,0.52673,0.23656,-1.10343,0.5766,0.2315,-1.16008,0.60728,0.22476,-0.9533,0.46109,0.03051,-0.90608,0.32204,0.01418,-0.79874,0.21953,0.01505,-0.82939,0.15878,-0.03055,-0.95983,0.45433,0.08522,-1.04431,0.33317,0.08896,-0.96229,0.20957,0.09386,-1.02667,0.16053,0.10649
24.26,-0.9385,0.48305,0.06327,-0.96057,0.63044,0.13099,-0.99579,0.69848,0.16439,-0.9605,0.63755,0.05518,-0.96368,0.65244,-0.03291,-0.97208,0.7082,-0.11217,-0.98864,0.74705,-0.16129,-0.96818,0.57692,0.18463,-1.02087,0.52658,0.2364,-1.10457,0.57575,0.23026,-1.16134,0.60601,0.22274,-0.95384,0.4609,0.03053,-0.90653,0.32187,0.01427,-0.79909,0.21946,0.01508,-0.82983,0.15864,-0.03036,-0.96045,0.45418,0.08524,-1.0449,0.33299,0.08896,-0.96261,0.20956,0.09386,-1.0269,0.16044,0.10657
24.28,-0.93911,0.48289,0.06333,-0.96133,0.63033,0.1309,-0.99622,0.69835,0.16467,-0.96116,0.63738,0.05508,-0.96431,0.65182,-0.03309,-0.97265,0.70708,-0.11271,-0.98875,0.74542,-0.16237,-0.969,0.57685,0.18456,-1.0217,0.52643,0.23625,-1.10575,0.57485,0.22893,-1.16266,0.60465,0.2206,-0.95438,0.46072,0.03058,-0.90696,0.32172,0.01439,-0.79945,0.21939,0.01512,-0.83029,0.15849,-0.03015,-0.9611,0.45404,0.08528,-1.04549,0.33281,0.08895,-0.96293,0.20957,0.09388,-1.02714,0.16035,0.10666
24.3,-0.93968,0.48272,0.06333,-0.96208,0.63021,0.13073,-0.99672,0.69821,0.1648,-0.96182,0.63719,0.0549,-0.96494,0.65125,-0.03333,-0.97327,0.70612,-0.11321,-0.98906,0.74411,-0.16324,-0.96978,0.57678,0.18444,-1.02243,0.52632,0.23613,-1.10678,0.57404,0.22776,-1.16381,0.60338,0.21869,-0.95492,0.46053,0.03058,-0.90742,0.32154,0.01446,-0.7998,0.21934,0.01513,-0.8307,0.15834,-0.02996,-0.9617,0.45389,0.08527,-1.04606,0.33264,0.08895,-0.96325,0.20956,0.09385,-1.02738,0.16026,0.10673
24.32,-0.94014,0.48251,0.06318,-0.96279,0.63004,0.13039,-0.99739,0.69804,0.16451,-0.96248,0.63693,0.05455,-0.9656,0.65084,-0.0337,-0.97412,0.70579,-0.11351,-0.99011,0.74383,-0.16343,-0.97045,0.57667,0.18416,-1.0229,0.52621,0.23607,-1.10743,0.57348,0.22703,-1.16458,0.60245,0.2175,-0.95543,0.46029,0.03047,-0.90793,0.32129,0.01441,-0.80009,0.21932,0.01507,-0.83094,0.15818,-0.02986,-0.96213,0.4537,0.08518,-1.04654,0.33249,0.08896,-0.96357,0.20951,0.09374,-1.02761,0.16013,0.10674
24.34,-0.94056,0.4823,0.06297,-0.96348,0.62988,0.12998,-0.99812,0.69787,0.16407,-0.96313,0.63668,0.05414,-0.96626,0.65048,-0.03413,-0.97504,0.70563,-0.11377,-0.9914,0.74387,-0.16343,-0.97109,0.57656,0.18381,-1.02326,0.52614,0.23603,-1.10795,0.57304,0.22647,-1.16521,0.60165,0.21656,-0.95593,0.46004,0.03032,-0.90846,0.32104,0.01431,-0.80036,0.21933,0.01498,-0.83111,0.15802,-0.02979,-0.9625,0.45351,0.08505,-1.04699,0.33236,0.08897,-0.96389,0.20946,0.09359,-1.02784,0.16,0.10673
24.36,-0.94102,0.48208,0.0628,-0.96418,0.62972,0.12961,-0.99883,0.6977,0.16372,-0.9638,0.63642,0.05376,-0.96693,0.65007,-0.03453,-0.97594,0.70534,-0.11407,-0.99258,0.74369,-0.16355,-0.97175,0.57646,0.1835,-1.02368,0.52608,0.236,-1.10853,0.57256,0.22585,-1.1659,0.60081,0.21554,-0.95645,0.4598,0.0302,-0.90899,0.32079,0.01425,-0.80065,0.21934,0.0149,-0.83132,0.15786,-0.0297,-0.96292,0.45332,0.08495,-1.04746,0.33221,0.08899,-0.96422,0.20941,0.09346,-1.02808,0.15987,0.10674
24.38,-0.94142,0.48185,0.06259,-0.96486,0.62952,0.12923,-0.99955,0.6975,0.1633,-0.96443,0.63614,0.05337,-0.96757,0.64976,-0.03492,-0.97684,0.70524,-0.11428,-0.99378,0.74378,-0.16351,-0.97239,0.5763,0.18318,-1.02407,0.5259,0.23591,-1.10908,0.57193,0.22519,-1.16657,0.59978,0.21444,-0.95693,0.45954,0.03004,-0.90949,0.32051,0.01416,-0.80091,0.21932,0.01482,-0.83151,0.15769,-0.02962,-0.96328,0.45311,0.08482,-1.04791,0.33206,0.08899,-0.96453,0.20935,0.09331,-1.02829,0.15972,0.10673
24.4,-0.94192,0.48168,0.06245,-0.96558,0.62942,0.12886,-1.00026,0.69737,0.16298,-0.96513,0.63593,0.05299,-0.96827,0.64928,-0.03534,-0.97777,0.7048,-0.11465,-0.995,0.74339,-0.16373,-0.97307,0.57627,0.18288,-1.0245,0.52597,0.23595,-1.10964,0.57163,0.22466,-1.16723,0.59913,0.21356,-0.95748,0.45934,0.02995,-0.91005,0.3203,0.0141,-0.80123,0.21937,0.01474,-0.8317,0.15757,-0.02955,-0.96374,0.45296,0.08474,-1.04839,0.33193,0.08903,-0.96487,0.20931,0.09319,-1.02855,0.15961,0.10674
24.42,-0.94262,0.48157,0.06247,-0.96638,0.62946,0.1285,-1.0009,0.69733,0.16297,-0.96593,0.63578,0.05262,-0.96908,0.6482,-0.03585,-0.97876,0.70321,-0.11549,-0.99618,0.74144,-0.16479,-0.97383,0.57645,0.18266,-1.02509,0.52666,0.23636,-1.11024,0.57217,0.22452,-1.16784,0.59954,0.21322,-0.9582,0.45918,0.03001,-0.91077,0.32015,0.01411,-0.80169,0.21949,0.01468,-0.83188,0.15749,-0.02952,-0.96444,0.45289,0.08482,-1.04896,0.33178,0.08922,-0.96528,0.20926,0.09315,-1.0289,0.15953,0.10686
24.44,-0.94341,0.48155,0.06257,-0.96723,0.62963,0.12816,-1.00154,0.69738,0.16305,-0.9668,0.63572,0.05226,-0.96992,0.64698,-0.03637,-0.97975,0.7013,-0.11646,-0.99732,0.73903,-0.16609,-0.97464,0.57677,0.18248,-1.02573,0.52759,0.2369,-1.11084,0.57302,0.22452,-1.16846,0.60032,0.21309,-0.95899,0.45912,0.03014,-0.91156,0.3201,0.01416,-0.80223,0.21971,0.01463,-0.83206,0.15749,-0.0295,-0.96524,0.45291,0.08496,-1.04957,0.33167,0.08946,-0.96572,0.20925,0.09314,-1.02929,0.15949,0.10701
24.46,-0.94419,0.48155,0.06265,-0.96808,0.6298,0.12783,-1.00219,0.69746,0.16309,-0.96767,0.63567,0.05191,-0.97073,0.6459,-0.03684,-0.9807,0.69962,-0.11732,-0.99843,0.73691,-0.16723,-0.97546,0.57709,0.1823,-1.02633,0.52842,0.23738,-1.11145,0.57369,0.22445,-1.16909,0.60088,0.21287,-0.95978,0.45907,0.03026,-0.91234,0.32006,0.0142,-0.80277,0.21994,0.01458,-0.83224,0.15749,-0.02948,-0.96602,0.45295,0.08508,-1.05015,0.33158,0.08968,-0.96617,0.20925,0.09312,-1.02968,0.15946,0.10714
24.48,-0.94485,0.48128,0.06265,-0.96879,0.6297,0.12741,-1.00275,0.69722,0.1631,-0.9684,0.63536,0.05147,-0.97146,0.64445,-0.0374,-0.98156,0.69751,-0.1183,-0.99942,0.73433,-0.16851,-0.97613,0.57715,0.18203,-1.0269,0.5292,0.23783,-1.11197,0.57441,0.22439,-1.16962,0.60152,0.21269,-0.96045,0.45874,0.0303,-0.91301,0.31974,0.01418,-0.80315,0.21993,0.01449,-0.8324,0.15734,-0.0295,-0.96669,0.45272,0.08513,-1.05075,0.3313,0.08987,-0.96655,0.20912,0.09307,-1.02999,0.15929,0.10724
24.5,-0.94577,0.48162,0.06283,-0.96983,0.6302,0.12718,-1.00351,0.69769,0.16318,-0.96944,0.63565,0.05123,-0.97233,0.64375,-0.03775,-0.98253,0.6962,-0.11903,-1.00053,0.73258,-0.16951,-0.97713,0.57779,0.18194,-1.02755,0.53015,0.23832,-1.11269,0.57507,0.22435,-1.17039,0.60201,0.21248,-0.96137,0.45904,0.03051,-0.91393,0.32005,0.0143,-0.80388,0.22045,0.01448,-0.83261,0.15755,-0.02943,-0.9676,0.45309,0.08535,-1.05132,0.33144,0.09013,-0.96707,0.20928,0.0931,-1.03047,0.15944,0.10743
24.52,-0.94738,0.48345,0.06341,-0.97171,0.63213,0.12742,-1.00474,0.69996,0.16338,-0.97127,0.63742,0.05146,-0.97362,0.645,-0.03758,-0.98388,0.69704,-0.11912,-1.00213,0.73314,-0.16971,-0.97897,0.57983,0.18229,-1.02845,0.53143,0.23886,-1.11395,0.57545,0.22423,-1.17177,0.60198,0.21204,-0.96301,0.46088,0.03109,-0.91556,0.3219,0.01476,-0.80553,0.22229,0.01463,-0.83295,0.1587,-0.02911,-0.9692,0.45492,0.08594,-1.05192,0.33257,0.09054,-0.968,0.21018,0.09327,-1.0314,0.16039,0.10781
24.54,-0.94922,0.48593,0.06417,-0.97392,0.63469,0.12787,-1.00618,0.70299,0.16364,-0.97339,0.63983,0.05189,-0.97506,0.64708,-0.03719,-0.98534,0.69875,-0.11896,-1.00385,0.7346,-0.16964,-0.98115,0.58249,0.18282,-1.02942,0.53295,0.23946,-1.11537,0.57585,0.22414,-1.17334,0.60187,0.21156,-0.96487,0.46339,0.03185,-0.91743,0.32443,0.01536,-0.80751,0.22469,0.01486,-0.83331,0.16029,-0.02868,-0.97102,0.45738,0.0867,-1.05245,0.33416,0.09102,-0.96906,0.21141,0.09352,-1.03247,0.1617,0.10827
24.56,-0.95093,0.48824,0.06489,-0.97601,0.63708,0.12824,-1.00759,0.70576,0.16388,-0.9754,0.64206,0.05226,-0.97642,0.6489,-0.03687,-0.9867,0.70017,-0.11889,-1.00545,0.73573,-0.16968,-0.9832,0.58497,0.1833,-1.03034,0.53449,0.24006,-1.11668,0.57633,0.22407,-1.17479,0.60188,0.21116,-0.9666,0.46571,0.03257,-0.91915,0.32677,0.01594,-0.80935,0.22691,0.01506,-0.83363,0.16179,-0.02829,-0.97271,0.45967,0.08741,-1.05293,0.33565,0.09148,-0.97003,0.21255,0.09376,-1.03345,0.16292,0.1087
24.58,-0.95278,0.49005,0.06542,-0.97798,0.639,0.12849,-1.00874,0.70808,0.16407,-0.97735,0.64384,0.0525,-0.9778,0.65025,-0.03666,-0.98815,0.70119,-0.11888,-1.00721,0.73652,-0.16972,-0.98515,0.58699,0.18365,-1.03121,0.5358,0.24066,-1.11787,0.57668,0.22392,-1.17609,0.60177,0.21061,-0.96847,0.46754,0.03311,-0.92104,0.32861,0.01635,-0.81116,0.22883,0.01519,-0.83396,0.16306,-0.02798,-0.97453,0.46148,0.08796,-1.0537,0.33678,0.09188,-0.97106,0.21351,0.09387,-1.03448,0.16394,0.10905
24.6,-0.95439,0.49304,0.06639,-0.98027,0.64203,0.12906,-1.01047,0.71151,0.16436,-0.97947,0.6467,0.05306,-0.97915,0.65283,-0.03612,-0.9894,0.70333,-0.11862,-1.00859,0.73832,-0.16964,-0.98739,0.59012,0.18432,-1.03214,0.53779,0.24133,-1.11925,0.57745,0.224,-1.17762,0.60203,0.2104,-0.97009,0.47056,0.03406,-0.92264,0.33165,0.01714,-0.81311,0.2315,0.01552,-0.83424,0.16504,-0.02745,-0.97614,0.46443,0.0889,-1.05382,0.3388,0.09241,-0.97198,0.21499,0.09426,-1.03541,0.16549,0.10959
24.62,-0.95536,0.49911,0.06852,-0.98337,0.64803,0.13044,-1.01371,0.71784,0.16495,-0.98202,0.65244,0.05443,-0.98043,0.65852,-0.03474,-0.99016,0.70822,-0.11779,-1.00897,0.74248,-0.16944,-0.99036,0.59624,0.18582,-1.03306,0.54159,0.24223,-1.12103,0.57927,0.22483,-1.17969,0.60317,0.21125,-0.971,0.47675,0.03607,-0.92348,0.33791,0.0189,-0.81538,0.23623,0.01632,-0.83433,0.16894,-0.02638,-0.97714,0.47041,0.09087,-1.05223,0.34318,0.09328,-0.97259,0.21795,0.09537,-1.03611,0.16853,0.11058
24.64,-0.95608,0.50633,0.07107,-0.98676,0.6551,0.1321,-1.01754,0.72522,0.16558,-0.98468,0.65923,0.05609,-0.98164,0.66545,-0.03303,-0.99064,0.7143,-0.11667,-1.00884,0.74775,-0.16906,-0.99362,0.60343,0.18762,-1.03386,0.54619,0.24326,-1.1228,0.5816,0.22601,-1.1818,0.60473,0.21262,-0.97162,0.48414,0.03846,-0.92401,0.34535,0.02102,-0.8178,0.24173,0.01734,-0.83441,0.17365,-0.02507,-0.9779,0.4775,0.09322,-1.04994,0.3485,0.09428,-0.97306,0.22156,0.09666,-1.03669,0.1722,0.11163
24.66,-0.95688,0.51301,0.07342,-0.99,0.6616,0.13361,-1.02114,0.73201,0.16612,-0.98723,0.66549,0.05761,-0.98284,0.67187,-0.03145,-0.99113,0.72,-0.11558,-1.00877,0.75276,-0.1686,-0.99677,0.61005,0.18924,-1.03454,0.55062,0.24432,-1.12433,0.58387,0.22715,-1.18366,0.60624,0.21392,-0.97233,0.49096,0.04067,-0.92463,0.35224,0.02296,-0.8202,0.24687,0.01833,-0.83455,0.17813,-0.02382,-0.97874,0.48407,0.09538,-1.04786,0.35347,0.09523,-0.97355,0.22502,0.09775,-1.03727,0.17571,0.1125
24.68,-0.95787,0.51981,0.07581,-0.99335,0.66821,0.1351,-1.02461,0.73893,0.16681,-0.98994,0.67184,0.05912,-0.9842,0.67818,-0.02987,-0.99178,0.72532,-0.11462,-1.00887,0.75721,-0.16834,-0.99998,0.61679,0.19088,-1.03486,0.55539,0.2457,-1.12558,0.58608,0.22863,-1.1853,0.60751,0.2156,-0.97326,0.49789,0.04294,-0.92545,0.35924,0.02497,-0.8227,0.25229,0.01914,-0.8345,0.18286,-0.02268,-0.97975,0.49075,0.09761,-1.0459,0.35864,0.09622,-0.97415,0.22873,0.09872,-1.03794,0.17946,0.11327
24.7,-0.95839,0.52661,0.07822,-0.99651,0.67471,0.13662,-1.02844,0.74567,0.16712,-0.99225,0.67816,0.06067,-0.98514,0.68506,-0.02818,-0.99191,0.73185,-0.11319,-1.00825,0.76328,-0.16742,-1.00313,0.62339,0.19248,-1.03553,0.56015,0.24673,-1.12692,0.58887,0.22982,-1.18693,0.60962,0.21702,-0.97364,0.50486,0.04518,-0.92578,0.36626,0.02693,-0.82508,0.25742,0.02042,-0.83487,0.18757,-0.02122,-0.98033,0.49743,0.09979,-1.0434,0.36384,0.09719,-0.97445,0.23242,0.09968,-1.03832,0.18317,0.11396
24.72,-0.95767,0.53333,0.08064,-0.99918,0.68087,0.13813,-1.03306,0.75185,0.16638,-0.99357,0.6843,0.06226,-0.98514,0.69318,-0.02629,-0.99099,0.7412,-0.11068,-1.00616,0.77318,-0.16493,-1.00603,0.6295,0.19392,-1.0371,0.5643,0.24659,-1.1287,0.59257,0.23008,-1.18879,0.61329,0.21758,-0.97257,0.51179,0.0473,-0.92474,0.37324,0.02866,-0.82705,0.26166,0.02273,-0.83638,0.19189,-0.01916,-0.97978,0.50398,0.10179,-1.03958,0.36892,0.09808,-0.97399,0.2358,0.10081,-1.03794,0.18653,0.1147
24.74,-0.95649,0.53998,0.08306,-1.00163,0.68684,0.13955,-1.03789,0.75768,0.16507,-0.99445,0.69035,0.06383,-0.98468,0.70176,-0.0243,-0.9896,0.75164,-0.10766,-1.00345,0.78459,-0.16168,-1.00883,0.63538,0.19522,-1.03892,0.56816,0.24589,-1.1306,0.59652,0.23003,-1.19072,0.61741,0.21798,-0.97098,0.51868,0.04939,-0.92322,0.38016,0.03033,-0.82893,0.26564,0.02517,-0.83842,0.19617,-0.01716,-0.97883,0.51046,0.10373,-1.03526,0.37398,0.099,-0.97325,0.23916,0.10198,-1.03727,0.18987,0.11541
24.76,-0.95555,0.54656,0.08545,-1.0041,0.69273,0.14088,-1.04245,0.76338,0.16374,-0.99541,0.69631,0.06531,-0.98431,0.71008,-0.02231,-0.98837,0.76161,-0.10472,-1.00096,0.79543,-0.1585,-1.01166,0.6412,0.19643,-1.04042,0.57212,0.24533,-1.13231,0.6002,0.2302,-1.19253,0.62112,0.2187,-0.96964,0.52548,0.05147,-0.92195,0.38699,0.03204,-0.83094,0.26984,0.02717,-0.84036,0.20057,-0.01552,-0.97807,0.51686,0.10566,-1.03115,0.37908,0.09999,-0.97263,0.24272,0.10304,-1.03671,0.19338,0.11604
24.78,-0.95447,0.55362,0.08797,-1.00674,0.69896,0.14219,-1.04691,0.7694,0.16243,-0.99659,0.70261,0.06681,-0.9843,0.7185,-0.0203,-0.98745,0.77134,-0.1019,-0.99876,0.80581,-0.15557,-1.01449,0.64736,0.19765,-1.04115,0.57642,0.24508,-1.13347,0.60352,0.23082,-1.19398,0.62391,0.21988,-0.96817,0.53279,0.05368,-0.92037,0.39441,0.0337,-0.83296,0.27456,0.02878,-0.84213,0.20555,-0.01438,-0.97717,0.52374,0.10771,-1.02668,0.38468,0.10111,-0.97193,0.24676,0.10419,-1.03607,0.19737,0.11672
24.8,-0.95356,0.55964,0.09022,-1.00888,0.70429,0.14325,-1.05117,0.77429,0.16048,-0.99708,0.70809,0.06811,-0.9834,0.72671,-0.01824,-0.98582,0.78167,-0.09847,-0.99589,0.81739,-0.15155,-1.01722,0.65258,0.19852,-1.04288,0.58002,0.24399,-1.13532,0.60722,0.23075,-1.19585,0.62794,0.22061,-0.96683,0.53901,0.05563,-0.91927,0.40058,0.03545,-0.835,0.2785,0.03045,-0.84448,0.20977,-0.01307,-0.97647,0.52961,0.10949,-1.02273,0.38947,0.10216,-0.97128,0.25028,0.1051,-1.03546,0.20084,0.11719
24.82,-0.95322,0.56285,0.09178,-1.00976,0.70738,0.14385,-1.05503,0.77638,0.15703,-0.99584,0.71147,0.06909,-0.98013,0.73452,-0.01584,-0.98238,0.79362,-0.09307,-0.99143,0.83219,-0.14431,-1.01975,0.65545,0.19864,-1.0478,0.58158,0.24044,-1.1394,0.61207,0.22857,-1.19909,0.63565,0.21982,-0.96591,0.54233,0.05692,-0.91968,0.40335,0.03742,-0.83716,0.28007,0.03292,-0.84834,0.21158,-0.01059,-0.97641,0.53275,0.11058,-1.02034,0.39188,0.10288,-0.97079,0.25199,0.10553,-1.035,0.20252,0.11732
24.84,-0.95306,0.56499,0.09306,-1.01014,0.70962,0.14427,-1.05837,0.77733,0.15287,-0.99395,0.71405,0.07,-0.97591,0.74199,-0.01298,-0.97827,0.80564,-0.0865,-0.98644,0.84747,-0.13528,-1.02213,0.65745,0.19843,-1.05375,0.58263,0.23577,-1.14406,0.61729,0.22552,-1.20248,0.64437,0.21852,-0.96513,0.54454,0.05794,-0.92062,0.40487,0.0394,-0.83937,0.28072,0.03566,-0.85277,0.21255,-0.00773,-0.97657,0.53485,0.11139,-1.01853,0.39339,0.10351,-0.97036,0.25302,0.10587,-1.0346,0.20353,0.11745
24.86,-0.95284,0.56758,0.09442,-1.0107,0.71221,0.14473,-1.0613,0.7786,0.14878,-0.99236,0.71694,0.07097,-0.97211,0.74933,-0.00985,-0.97459,0.81685,-0.07983,-0.98197,0.86147,-0.1262,-1.02448,0.65982,0.19824,-1.05889,0.58424,0.23132,-1.14808,0.62212,0.22281,-1.20535,0.65193,0.21765,-0.96431,0.5472,0.05906,-0.92134,0.40695,0.04128,-0.8416,0.28181,0.03816,-0.85694,0.21403,-0.0052,-0.97663,0.53738,0.11229,-1.01649,0.39532,0.10426,-0.96993,0.25441,0.10639,-1.03419,0.2049,0.11774
24.88,-0.95253,0.57034,0.09596,-1.01135,0.71492,0.14527,-1.06407,0.77976,0.14417,-0.99073,0.71998,0.07214,-0.96817,0.75722,-0.00593,-0.97097,0.82859,-0.07197,-0.97769,0.87602,-0.11557,-1.02697,0.6623,0.19805,-1.06408,0.586,0.22622,-1.15211,0.62689,0.21988,-1.20815,0.65924,0.21695,-0.96334,0.55006,0.06033,-0.92209,0.40921,0.04318,-0.84394,0.28306,0.0404,-0.86144,0.21578,-0.00291,-0.97662,0.54007,0.1133,-1.01424,0.39741,0.10517,-0.96942,0.25593,0.10712,-1.03372,0.20643,0.11825
24.9,-0.95244,0.57249,0.09708,-1.01165,0.71719,0.14558,-1.06584,0.78058,0.14002,-0.98903,0.7225,0.07306,-0.96434,0.76351,-0.00244,-0.9675,0.83794,-0.06499,-0.9737,0.88771,-0.10597,-1.02903,0.66439,0.19762,-1.06878,0.58798,0.22155,-1.15565,0.63149,0.21697,-1.21048,0.66598,0.21601,-0.96269,0.55226,0.06126,-0.92295,0.41089,0.04493,-0.84616,0.28388,0.04294,-0.86547,0.21709,-0.00037,-0.97678,0.54218,0.11401,-1.01255,0.39905,0.10591,-0.9691,0.25714,0.10772,-1.03343,0.20763,0.11869
24.92,-0.95296,0.57325,0.09715,-1.01121,0.71844,0.14536,-1.06616,0.78095,0.13775,-0.98737,0.7238,0.07324,-0.96116,0.76573,-0.00124,-0.96457,0.84177,-0.06181,-0.97039,0.89298,-0.10104,-1.03006,0.66563,0.19687,-1.07256,0.59014,0.21895,-1.15817,0.63613,0.21466,-1.21184,0.67238,0.2146,-0.96302,0.55296,0.06131,-0.92397,0.41124,0.04644,-0.84809,0.28367,0.04661,-0.86813,0.21717,0.00319,-0.97741,0.54299,0.11399,-1.01229,0.39963,0.10607,-0.96935,0.25756,0.1077,-1.03362,0.20799,0.11867
24.94,-0.95369,0.57345,0.09682,-1.01044,0.71927,0.14491,-1.06594,0.78114,0.13608,-0.98563,0.72457,0.07311,-0.95808,0.76644,-0.00091,-0.96168,0.84359,-0.06005,-0.96714,0.89591,-0.09784,-1.03069,0.66653,0.19596,-1.076,0.5924,0.21703,-1.16024,0.64083,0.21246,-1.21275,0.67875,0.21286,-0.96366,0.55306,0.06101,-0.92507,0.41104,0.04784,-0.84991,0.28308,0.05069,-0.87027,0.2168,0.00708,-0.97822,0.54325,0.11368,-1.0126,0.39976,0.10598,-0.96976,0.25765,0.10745,-1.03396,0.20799,0.11846
24.96,-0.9543,0.57388,0.09669,-1.00978,0.72026,0.14454,-1.06579,0.7814,0.13403,-0.98386,0.72551,0.07313,-0.95491,0.76776,-0.00014,-0.9588,0.84613,-0.05762,-0.96397,0.8996,-0.09381,-1.03147,0.6676,0.19508,-1.07943,0.59476,0.2147,-1.16231,0.64548,0.2101,-1.21362,0.685,0.21114,-0.9641,0.55341,0.06088,-0.92614,0.41108,0.04925,-0.85182,0.28272,0.05453,-0.87261,0.21672,0.0107,-0.97893,0.54374,0.1135,-1.01264,0.40008,0.106,-0.97007,0.25789,0.10733,-1.0342,0.20815,0.11837
24.98,-0.95504,0.57436,0.09648,-1.00925,0.72123,0.14431,-1.06589,0.78146,0.13209,-0.98231,0.72647,0.07328,-0.95201,0.76894,0.00069,-0.9563,0.84852,-0.05508,-0.96126,0.90316,-0.08952,-1.0323,0.66861,0.1943,-1.0831,0.59733,0.21246,-1.16432,0.65069,0.20812,-1.21422,0.69194,0.21006,-0.9648,0.5538,0.06071,-0.92734,0.41121,0.0508,-0.85399,0.28241,0.05854,-0.87535,0.21671,0.01454,-0.97972,0.54428,0.11334,-1.01274,0.40044,0.10611,-0.97056,0.25814,0.10721,-1.03463,0.20835,0.1183
25,-0.95554,0.57462,0.09633,-1.00835,0.72213,0.14376,-1.06516,0.78186,0.12998,-0.98029,0.72716,0.07315,-0.94862,0.76987,0.00129,-0.95321,0.85038,-0.05312,-0.95793,0.90588,-0.08618,-1.03289,0.66972,0.19325,-1.08596,0.59978,0.21012,-1.16594,0.65494,0.20536,-1.21477,0.69744,0.20764,-0.96503,0.55397,0.06054,-0.92831,0.4111,0.05203,-0.85574,0.28204,0.06226,-0.87721,0.21664,0.01787,-0.98038,0.54461,0.11306,-1.01284,0.40063,0.10597,-0.97071,0.25832,0.10709,-1.03471,0.20842,0.1182
25.02,-0.95537,0.57444,0.09645,-1.00656,0.72295,0.14248,-1.06242,0.78329,0.12751,-0.97705,0.72732,0.07242,-0.94398,0.77068,0.00158,-0.94865,0.8516,-0.05219,-0.95299,0.90739,-0.08481,-1.03294,0.67111,0.19162,-1.0868,0.60149,0.20727,-1.16689,0.65627,0.20037,-1.21568,0.69885,0.20155,-0.96391,0.55372,0.06046,-0.92871,0.41045,0.05242,-0.85632,0.28149,0.06508,-0.87692,0.21636,0.01988,-0.98067,0.54447,0.11257,-1.01287,0.40046,0.10519,-0.96998,0.25838,0.10703,-1.03383,0.20827,0.11806
25.04,-0.95494,0.57405,0.09662,-1.00432,0.72368,0.14102,-1.0588,0.78504,0.12514,-0.97329,0.72721,0.07157,-0.93899,0.77127,0.00176,-0.9438,0.85235,-0.05176,-0.9478,0.90821,-0.08432,-1.03266,0.67253,0.1898,-1.08675,0.60287,0.20438,-1.16736,0.65645,0.19466,-1.21647,0.69868,0.19417,-0.96228,0.55327,0.0604,-0.92881,0.40958,0.05239,-0.85648,0.28086,0.06751,-0.87574,0.21601,0.02133,-0.98079,0.54414,0.11194,-1.01284,0.40011,0.10414,-0.9689,0.25837,0.10696,-1.03259,0.20804,0.11789
25.06,-0.95461,0.57375,0.09674,-1.00216,0.72435,0.13979,-1.05542,0.78654,0.123,-0.9697,0.72713,0.07096,-0.93433,0.77182,0.0021,-0.93949,0.85308,-0.05113,-0.94329,0.90905,-0.08351,-1.03239,0.67386,0.18811,-1.08692,0.60432,0.20163,-1.16774,0.65705,0.18937,-1.21695,0.69912,0.18745,-0.96086,0.55289,0.06036,-0.92897,0.40883,0.05241,-0.85691,0.28028,0.07,-0.87495,0.21573,0.02291,-0.98094,0.54389,0.11132,-1.01279,0.39983,0.10317,-0.96797,0.25838,0.10691,-1.03152,0.20785,0.11775
25.08,-0.95438,0.57348,0.09698,-1.00007,0.72497,0.13894,-1.05206,0.78796,0.1212,-0.96621,0.72708,0.07076,-0.93,0.77252,0.00283,-0.93559,0.854,-0.05002,-0.93925,0.91012,-0.08215,-1.03214,0.67509,0.1867,-1.08708,0.60561,0.19883,-1.16806,0.65748,0.18421,-1.21729,0.69945,0.181,-0.95955,0.55258,0.06046,-0.92932,0.40817,0.05253,-0.85747,0.27984,0.07251,-0.87439,0.2155,0.02472,-0.98115,0.54366,0.11082,-1.01288,0.39961,0.10226,-0.9672,0.25847,0.10692,-1.0306,0.20774,0.1177
25.1,-0.95387,0.5731,0.09697,-0.99757,0.7255,0.1377,-1.0482,0.78942,0.11936,-0.96231,0.72683,0.07022,-0.92529,0.7727,0.00302,-0.93158,0.85407,-0.04991,-0.93524,0.91015,-0.08212,-1.03151,0.67633,0.18491,-1.08671,0.60695,0.19633,-1.16783,0.65775,0.17896,-1.2172,0.69939,0.17405,-0.95784,0.5521,0.06035,-0.92911,0.40739,0.05214,-0.85781,0.27918,0.07468,-0.87316,0.21526,0.02581,-0.98113,0.54335,0.10998,-1.0126,0.39925,0.10114,-0.96607,0.25843,0.10683,-1.02934,0.20752,0.11751
25.12,-0.95276,0.57243,0.09632,-0.99414,0.72591,0.13539,-1.04329,0.79102,0.1172,-0.95743,0.72617,0.06868,-0.91928,0.77171,0.00189,-0.92658,0.85226,-0.05215,-0.93037,0.90786,-0.08518,-1.03011,0.6777,0.18209,-1.08554,0.60867,0.19447,-1.16664,0.65809,0.17347,-1.21637,0.69889,0.16579,-0.9552,0.55122,0.05969,-0.92753,0.40637,0.05056,-0.85769,0.27793,0.07618,-0.87024,0.21502,0.02525,-0.98065,0.54283,0.10831,-1.01147,0.39859,0.0996,-0.96417,0.25807,0.10647,-1.02735,0.20703,0.11699
25.14,-0.95137,0.57165,0.0954,-0.99024,0.7262,0.13285,-1.03782,0.79261,0.11522,-0.95209,0.72531,0.06695,-0.91274,0.77027,0.00046,-0.92119,0.84967,-0.05511,-0.92517,0.90459,-0.08921,-1.02825,0.67901,0.17897,-1.08396,0.61052,0.19295,-1.16494,0.65836,0.16812,-1.21501,0.69803,0.1574,-0.95216,0.5502,0.05884,-0.92528,0.40528,0.04853,-0.85742,0.27646,0.07735,-0.86656,0.21478,0.02423,-0.97991,0.54224,0.10626,-1.01004,0.39783,0.09789,-0.96207,0.25761,0.10604,-1.0252,0.20646,0.11641
25.16,-0.95006,0.57093,0.09455,-0.98639,0.72638,0.13075,-1.03244,0.79401,0.11371,-0.94688,0.72448,0.06568,-0.90649,0.76897,-0.0005,-0.9161,0.84723,-0.05747,-0.92026,0.90153,-0.09253,-1.02637,0.68016,0.17619,-1.08247,0.61227,0.19147,-1.16321,0.65855,0.16314,-1.21347,0.69714,0.14971,-0.94928,0.54925,0.05812,-0.92311,0.40428,0.04667,-0.85735,0.27508,0.07853,-0.86312,0.21454,0.02366,-0.97918,0.54169,0.10428,-1.00877,0.39715,0.09622,-0.96023,0.25721,0.10568,-1.02333,0.20599,0.11591
25.18,-0.94895,0.57021,0.09392,-0.98271,0.72644,0.12925,-1.0271,0.79533,0.1129,-0.94179,0.72363,0.06509,-0.9003,0.76774,-0.00066,-0.91071,0.84486,-0.05902,-0.9149,0.89846,-0.09516,-1.0247,0.68113,0.17378,-1.08134,0.61389,0.18995,-1.16159,0.65872,0.15811,-1.21182,0.69621,0.14177,-0.94657,0.54831,0.05769,-0.92091,0.40336,0.04481,-0.85748,0.27381,0.07976,-0.85945,0.2145,0.02329,-0.97862,0.54114,0.10245,-1.00773,0.39649,0.0947,-0.9587,0.25681,0.10545,-1.02181,0.20559,0.11555
25.2,-0.94735,0.56944,0.09276,-0.97844,0.72639,0.12733,-1.02142,0.79639,0.11195,-0.93635,0.72264,0.06398,-0.89403,0.76618,-0.00162,-0.90595,0.84185,-0.06157,-0.91043,0.89481,-0.0986,-1.02225,0.68204,0.17106,-1.07942,0.61566,0.18886,-1.15934,0.65875,0.15395,-1.20968,0.69501,0.13533,-0.94346,0.54729,0.05681,-0.9182,0.40238,0.04285,-0.85743,0.27232,0.08052,-0.85589,0.21412,0.02291,-0.97751,0.54057,0.10014,-1.00627,0.39582,0.09285,-0.95693,0.25637,0.10501,-1.02005,0.20513,0.115
25.22,-0.94455,0.56855,0.09019,-0.97274,0.72626,0.1238,-1.01498,0.79701,0.10986,-0.9301,0.72136,0.0609,-0.88755,0.76377,-0.00531,-0.90308,0.83703,-0.06739,-0.90865,0.88958,-0.10484,-1.0179,0.68301,0.16726,-1.07545,0.61814,0.18898,-1.15576,0.65874,0.15205,-1.20685,0.69367,0.13296,-0.93943,0.54607,0.05461,-0.91463,0.40107,0.0407,-0.85687,0.27019,0.08024,-0.85299,0.21272,0.02201,-0.97518,0.53994,0.09664,-1.00371,0.39511,0.09012,-0.95441,0.2558,0.10394,-1.01744,0.20444,0.11387
25.24,-0.94124,0.5676,0.0871,-0.9664,0.72601,0.1198,-1.00811,0.79739,0.10753,-0.92344,0.71995,0.05722,-0.8809,0.76101,-0.00983,-0.90068,0.83127,-0.07413,-0.90759,0.88344,-0.1119,-1.01274,0.6839,0.16314,-1.07068,0.62107,0.18934,-1.15159,0.65904,0.15095,-1.20356,0.69279,0.1321,-0.93501,0.54477,0.05192,-0.91075,0.39964,0.03841,-0.85608,0.26788,0.0794,-0.8503,0.21099,0.02076,-0.97231,0.53929,0.09268,-1.00076,0.39441,0.08706,-0.95168,0.2552,0.10264,-1.01461,0.2037,0.11252
25.26,-0.93809,0.56668,0.08423,-0.96025,0.72565,0.11638,-1.00128,0.79769,0.10578,-0.9169,0.71856,0.05418,-0.87427,0.7584,-0.01355,-0.89782,0.82556,-0.07985,-0.9059,0.87723,-0.11807,-1.00782,0.6846,0.15941,-1.06627,0.62396,0.18935,-1.14759,0.65958,0.1496,-1.20022,0.69232,0.13079,-0.93074,0.54351,0.04949,-0.907,0.39829,0.03612,-0.85539,0.26574,0.07851,-0.84748,0.20947,0.01952,-0.96956,0.53865,0.08888,-0.99804,0.39374,0.08412,-0.94927,0.25463,0.10141,-1.01214,0.20306,0.11125
25.28,-0.93527,0.56576,0.08141,-0.9543,0.72519,0.11326,-0.99468,0.79786,0.10469,-0.9106,0.71713,0.05143,-0.86793,0.75558,-0.01707,-0.89549,0.81892,-0.08555,-0.90474,0.8699,-0.12443,-1.00308,0.68521,0.15593,-1.06205,0.62735,0.19008,-1.14379,0.6606,0.14914,-1.19705,0.69257,0.1308,-0.92678,0.54224,0.04717,-0.9033,0.39695,0.03402,-0.85512,0.26346,0.07747,-0.8447,0.20795,0.01814,-0.96713,0.53803,0.08506,-0.99561,0.39309,0.08115,-0.94723,0.25406,0.10006,-1.0101,0.20248,0.10991
25.3,-0.93164,0.56482,0.07836,-0.94778,0.72459,0.11013,-0.98749,0.7978,0.10322,-0.90374,0.71568,0.04865,-0.86103,0.75302,-0.02044,-0.89201,0.81312,-0.09036,-0.90233,0.86358,-0.12965,-0.99767,0.68556,0.15239,-1.05734,0.63012,0.18925,-1.13939,0.6614,0.14741,-1.19311,0.69265,0.12916,-0.92217,0.54098,0.0446,-0.89946,0.39557,0.03143,-0.85405,0.2615,0.07608,-0.84189,0.20645,0.01666,-0.96384,0.53737,0.08111,-0.99272,0.3925,0.07802,-0.9449,0.25352,0.09871,-1.00775,0.20191,0.10847
25.32,-0.92594,0.5639,0.07481,-0.9398,0.72388,0.10658,-0.97872,0.79754,0.09995,-0.89532,0.71431,0.04551,-0.85246,0.7514,-0.02362,-0.88536,0.81077,-0.0933,-0.89664,0.86145,-0.13203,-0.99072,0.68564,0.14831,-1.05138,0.63061,0.18415,-1.13362,0.66061,0.14174,-1.18761,0.69063,0.12226,-0.91577,0.53979,0.04145,-0.89526,0.39413,0.02752,-0.85072,0.26048,0.07423,-0.839,0.20504,0.01509,-0.95839,0.53669,0.07689,-0.98836,0.39202,0.07465,-0.94138,0.2531,0.09751,-1.00412,0.20131,0.10703
25.34,-0.91944,0.56295,0.07105,-0.93125,0.72309,0.10286,-0.96937,0.79715,0.09609,-0.88636,0.71292,0.0422,-0.84335,0.75008,-0.02681,-0.87767,0.80961,-0.09565,-0.88988,0.86078,-0.13345,-0.98312,0.68555,0.14408,-1.04486,0.63028,0.17762,-1.12717,0.65926,0.13464,-1.18125,0.68788,0.11339,-0.90873,0.5386,0.03803,-0.89087,0.3927,0.02302,-0.84636,0.25984,0.07198,-0.83587,0.2038,0.01316,-0.9521,0.53595,0.07258,-0.98355,0.39159,0.07108,-0.93753,0.25274,0.09625,-1.00012,0.20071,0.10542
25.36,-0.91328,0.56197,0.06738,-0.92297,0.72221,0.09938,-0.96032,0.79668,0.09278,-0.87771,0.71148,0.03909,-0.8346,0.74857,-0.02989,-0.87057,0.80781,-0.09814,-0.88373,0.85932,-0.13515,-0.97575,0.68539,0.14008,-1.03851,0.63026,0.1719,-1.12085,0.65816,0.12826,-1.17496,0.6855,0.10545,-0.90201,0.53738,0.03473,-0.88649,0.39133,0.01865,-0.84225,0.25911,0.06955,-0.83259,0.20269,0.01096,-0.94615,0.5352,0.06832,-0.97909,0.39117,0.06745,-0.93405,0.25241,0.09482,-0.9965,0.20015,0.10362
25.38,-0.90721,0.56115,0.06372,-0.91471,0.72145,0.09599,-0.95121,0.79635,0.0894,-0.86889,0.71013,0.03623,-0.82559,0.74725,-0.0326,-0.86323,0.80637,-0.10006,-0.87734,0.8583,-0.13611,-0.96858,0.68539,0.13595,-1.03224,0.63013,0.16569,-1.11473,0.65671,0.12152,-1.1689,0.68258,0.09719,-0.89524,0.53629,0.03152,-0.88211,0.39015,0.0141,-0.8379,0.25861,0.06675,-0.82911,0.20184,0.00837,-0.94029,0.53463,0.06391,-0.97425,0.39083,0.06391,-0.93042,0.25211,0.09336,-0.99286,0.19983,0.10213
25.4,-0.9008,0.56001,0.05998,-0.90634,0.72031,0.09268,-0.94218,0.79555,0.08645,-0.86038,0.70855,0.03312,-0.81712,0.74562,-0.03577,-0.85624,0.80449,-0.10259,-0.87129,0.8567,-0.13785,-0.96087,0.68485,0.13228,-1.02564,0.62992,0.1602,-1.10785,0.65578,0.11509,-1.16169,0.68056,0.08896,-0.88848,0.53495,0.02808,-0.87759,0.38877,0.0095,-0.83335,0.25796,0.06393,-0.8254,0.20093,0.00568,-0.93404,0.53368,0.05978,-0.97018,0.39041,0.05991,-0.92732,0.25189,0.09158,-0.9895,0.19918,0.09965
25.42,-0.89354,0.55803,0.05616,-0.89762,0.71827,0.08936,-0.93335,0.79366,0.08441,-0.85267,0.70641,0.02905,-0.81008,0.74297,-0.04052,-0.85029,0.8011,-0.10735,-0.86633,0.85315,-0.14241,-0.95173,0.68303,0.12971,-1.0183,0.63003,0.15712,-1.09917,0.65667,0.1101,-1.15187,0.68136,0.08164,-0.88179,0.53295,0.02406,-0.87283,0.38666,0.0053,-0.82901,0.25667,0.06197,-0.82169,0.19951,0.00376,-0.92679,0.53173,0.05654,-0.9683,0.38993,0.05502,-0.92539,0.25213,0.08966,-0.98638,0.19777,0.09551
25.44,-0.886,0.55573,0.05227,-0.88878,0.7159,0.08596,-0.92454,0.79137,0.08261,-0.84528,0.70404,0.0246,-0.80362,0.73999,-0.04586,-0.84477,0.79719,-0.11292,-0.86179,0.84891,-0.148,-0.94205,0.68073,0.12747,-1.01057,0.63035,0.15502,-1.08976,0.6582,0.10588,-1.141,0.68302,0.07499,-0.87516,0.53068,0.01983,-0.86803,0.38426,0.0013,-0.82471,0.25523,0.06048,-0.81799,0.19794,0.00233,-0.91921,0.5294,0.0536,-0.96721,0.3897,0.05026,-0.92424,0.25292,0.08865,-0.98363,0.19663,0.09225
25.46,-0.87868,0.55357,0.0484,-0.88003,0.71366,0.08254,-0.91569,0.78922,0.08065,-0.8378,0.70176,0.0203,-0.79702,0.73717,-0.05093,-0.83917,0.79348,-0.11812,-0.85718,0.84493,-0.15311,-0.93265,0.67863,0.125,-1.00289,0.63076,0.15269,-1.08061,0.65945,0.10172,-1.13053,0.68413,0.06863,-0.86859,0.52852,0.01572,-0.86334,0.38201,-0.0027,-0.8204,0.25399,0.05893,-0.81429,0.19653,0.00088,-0.91185,0.52724,0.05049,-0.96575,0.38974,0.046,-0.92313,0.25403,0.08839,-0.98103,0.19613,0.09047
25.48,-0.87094,0.55147,0.04457,-0.87095,0.7115,0.07899,-0.90648,0.78715,0.07847,-0.83004,0.69954,0.01589,-0.79001,0.73424,-0.05611,-0.83324,0.78979,-0.12325,-0.85233,0.84097,-0.15807,-0.92284,0.67661,0.12245,-0.99474,0.63157,0.1506,-1.07114,0.66076,0.09795,-1.11981,0.68489,0.06266,-0.86165,0.52644,0.01163,-0.85826,0.37983,-0.00645,-0.81576,0.25289,0.05765,-0.81031,0.19526,-0.00029,-0.90403,0.52511,0.04747,-0.96422,0.39028,0.0421,-0.92151,0.25617,0.08923,-0.97746,0.19636,0.09059
25.5,-0.86402,0.54917,0.04064,-0.86249,0.70909,0.07557,-0.89783,0.78482,0.07665,-0.82296,0.69712,0.0116,-0.78406,0.73144,-0.0612,-0.82821,0.78585,-0.12867,-0.84825,0.83665,-0.16351,-0.91365,0.67432,0.11998,-0.98697,0.63203,0.14875,-1.06197,0.66192,0.0945,-1.10936,0.68583,0.05737,-0.85554,0.52413,0.0075,-0.85395,0.37746,-0.01035,-0.81168,0.25177,0.05632,-0.80677,0.19391,-0.00144,-0.89704,0.52283,0.04434,-0.96283,0.39065,0.03868,-0.92124,0.25785,0.09029,-0.97588,0.19683,0.09098
25.52,-0.8593,0.54636,0.03641,-0.85563,0.70597,0.07255,-0.89067,0.78178,0.07579,-0.81756,0.69418,0.00766,-0.78069,0.72893,-0.06599,-0.82521,0.78143,-0.13472,-0.84579,0.8317,-0.17001,-0.90614,0.67129,0.11776,-0.9806,0.63135,0.14694,-1.05366,0.66293,0.09101,-1.09948,0.68798,0.05269,-0.85155,0.52117,0.0032,-0.85176,0.37454,-0.01502,-0.80917,0.25045,0.0544,-0.80454,0.19219,-0.00299,-0.89234,0.52016,0.04084,-0.96177,0.38985,0.03544,-0.92451,0.25693,0.08997,-0.9798,0.19652,0.08867
25.54,-0.85544,0.54337,0.03208,-0.8494,0.70258,0.06965,-0.88401,0.77845,0.07523,-0.81282,0.69104,0.00387,-0.77836,0.72656,-0.07058,-0.82298,0.77684,-0.14089,-0.84398,0.82652,-0.17675,-0.89931,0.66797,0.11558,-0.97474,0.63023,0.14519,-1.04559,0.66369,0.08754,-1.08968,0.69028,0.04824,-0.84841,0.51799,-0.00114,-0.85039,0.37143,-0.01987,-0.8073,0.24913,0.05234,-0.80283,0.19042,-0.00461,-0.88853,0.51736,0.03722,-0.96089,0.38863,0.03233,-0.92916,0.25524,0.08916,-0.98566,0.19606,0.08531
25.56,-0.85128,0.5405,0.02782,-0.84292,0.69931,0.06661,-0.877,0.77522,0.0744,-0.80779,0.68799,1e-05,-0.77562,0.72416,-0.07514,-0.82038,0.77236,-0.1468,-0.84188,0.82151,-0.18311,-0.89223,0.66478,0.11325,-0.96854,0.62934,0.14346,-1.03731,0.66423,0.08417,-1.07973,0.69194,0.04381,-0.84496,0.51495,-0.00542,-0.84869,0.36847,-0.02448,-0.80517,0.24797,0.05044,-0.80092,0.18883,-0.00607,-0.88438,0.51466,0.03367,-0.95987,0.38771,0.02941,-0.93319,0.25434,0.08884,-0.99044,0.19607,0.08287
25.58,-0.8467,0.53748,0.02345,-0.83596,0.69587,0.06337,-0.86964,0.77169,0.07346,-0.80247,0.6848,-0.00411,-0.77252,0.72136,-0.07999,-0.81718,0.76801,-0.15274,-0.83915,0.81677,-0.18928,-0.88451,0.66139,0.11084,-0.96177,0.62894,0.14195,-1.02837,0.66529,0.08107,-1.06901,0.69404,0.03964,-0.84116,0.51174,-0.00978,-0.84684,0.36538,-0.02919,-0.80281,0.24688,0.04859,-0.79883,0.18725,-0.00742,-0.87979,0.51182,0.03009,-0.95871,0.38695,0.02647,-0.93693,0.25408,0.08892,-0.99478,0.19664,0.08092
25.6,-0.84324,0.53473,0.01928,-0.83009,0.69264,0.06038,-0.86287,0.76855,0.07251,-0.79785,0.6818,-0.00775,-0.77036,0.71932,-0.08409,-0.81507,0.76358,-0.15828,-0.83757,0.81178,-0.19524,-0.87823,0.65828,0.10835,-0.95598,0.6276,0.14005,-1.02057,0.66478,0.07754,-1.05958,0.69436,0.03513,-0.83832,0.50883,-0.01392,-0.84556,0.36256,-0.03354,-0.80105,0.24593,0.04675,-0.79723,0.18589,-0.00882,-0.87633,0.50923,0.02653,-0.95772,0.38593,0.0239,-0.94141,0.25328,0.08845,-0.99989,0.19682,0.07839
25.62,-0.84259,0.53273,0.01562,-0.82708,0.69004,0.05817,-0.85778,0.76658,0.07173,-0.79501,0.67935,-0.01007,-0.77064,0.71933,-0.08622,-0.81551,0.759,-0.16287,-0.83851,0.80624,-0.20075,-0.87571,0.65596,0.10584,-0.95293,0.62352,0.13707,-1.01591,0.66048,0.07281,-1.05363,0.69067,0.02966,-0.83779,0.50675,-0.01754,-0.84555,0.3605,-0.03709,-0.80077,0.24512,0.04483,-0.79682,0.1849,-0.01055,-0.87572,0.50732,0.02299,-0.95723,0.38409,0.02206,-0.94791,0.25044,0.08594,-1.00723,0.19537,0.07341
25.64,-0.84307,0.53102,0.01216,-0.82522,0.68764,0.0563,-0.85342,0.76492,0.07107,-0.79293,0.67707,-0.01185,-0.77196,0.71991,-0.08745,-0.81617,0.75481,-0.16675,-0.8394,0.80128,-0.20545,-0.87469,0.65392,0.10335,-0.9509,0.61843,0.13375,-1.01248,0.65486,0.06785,-1.0491,0.68567,0.02419,-0.8382,0.50499,-0.02095,-0.84609,0.35872,-0.04036,-0.8011,0.24435,0.04286,-0.79692,0.18405,-0.01242,-0.87626,0.50567,0.01947,-0.957,0.38193,0.02042,-0.95515,0.2471,0.08243,-1.01529,0.1936,0.06723
25.66,-0.8431,0.52921,0.00864,-0.82293,0.68511,0.0543,-0.8488,0.76294,0.07036,-0.79056,0.67466,-0.01383,-0.77292,0.71995,-0.08885,-0.81577,0.75129,-0.17036,-0.83907,0.79741,-0.20941,-0.8731,0.65175,0.10087,-0.94837,0.61381,0.13063,-1.00853,0.64988,0.06325,-1.04404,0.68132,0.01913,-0.83825,0.50311,-0.02441,-0.84643,0.35684,-0.04371,-0.8012,0.2436,0.04091,-0.79683,0.18318,-0.01423,-0.87634,0.50393,0.01597,-0.95671,0.37997,0.01865,-0.96191,0.2445,0.07908,-1.0226,0.19246,0.06128
25.68,-0.84287,0.52729,0.00496,-0.82039,0.68241,0.05218,-0.8439,0.76066,0.06976,-0.78804,0.67212,-0.01598,-0.77406,0.71978,-0.09031,-0.81478,0.74828,-0.17392,-0.83801,0.79458,-0.21282,-0.87117,0.64937,0.09831,-0.94523,0.60912,0.12809,-1.00397,0.64496,0.05934,-1.03834,0.67714,0.01486,-0.83808,0.50109,-0.02803,-0.84662,0.35484,-0.04726,-0.8012,0.24283,0.03888,-0.79663,0.18229,-0.0161,-0.87617,0.5021,0.01234,-0.9562,0.37799,0.01706,-0.96908,0.24206,0.07526,-1.0303,0.19169,0.05464
25.7,-0.84346,0.52567,0.00168,-0.81869,0.67997,0.05041,-0.83978,0.75867,0.06901,-0.78607,0.66973,-0.01763,-0.77529,0.71958,-0.09105,-0.81378,0.74636,-0.17628,-0.83695,0.79299,-0.2148,-0.87032,0.64739,0.09592,-0.94321,0.60436,0.1247,-1.00085,0.63975,0.05479,-1.03441,0.67249,0.0101,-0.83858,0.49944,-0.03128,-0.84723,0.35317,-0.05033,-0.80158,0.24215,0.03695,-0.79681,0.18152,-0.01792,-0.8768,0.50051,0.00898,-0.95622,0.37606,0.01516,-0.97531,0.24007,0.07148,-1.03663,0.19094,0.04837
25.72,-0.84597,0.52475,-0.00053,-0.81893,0.67822,0.04957,-0.83748,0.75762,0.06793,-0.78541,0.66774,-0.01799,-0.7765,0.71955,-0.09029,-0.81353,0.74529,-0.17648,-0.83669,0.79169,-0.21529,-0.87194,0.64642,0.09403,-0.94366,0.59928,0.11906,-1.00119,0.63331,0.04839,-1.03497,0.66584,0.00371,-0.84066,0.49866,-0.03352,-0.84878,0.3523,-0.05215,-0.80281,0.2416,0.03539,-0.79788,0.18101,-0.0195,-0.87929,0.49945,0.00634,-0.95756,0.37426,0.01237,-0.97895,0.23856,0.06856,-1.03955,0.18931,0.04384
25.74,-0.84926,0.52412,-0.00233,-0.82,0.67674,0.04913,-0.83592,0.75685,0.06682,-0.78535,0.66588,-0.0178,-0.7778,0.71956,-0.08889,-0.81351,0.74454,-0.17585,-0.8365,0.79057,-0.2152,-0.87456,0.64584,0.09235,-0.94439,0.59398,0.11297,-1.00259,0.62588,0.04187,-1.03735,0.65768,-0.0026,-0.84338,0.49823,-0.03539,-0.85073,0.35177,-0.05347,-0.80443,0.24113,0.03397,-0.79932,0.18061,-0.02098,-0.88254,0.49862,0.00395,-0.95938,0.37252,0.0093,-0.98167,0.23716,0.06595,-1.04128,0.18734,0.03998
25.76,-0.85222,0.52339,-0.00433,-0.82077,0.67508,0.04856,-0.83407,0.75575,0.06588,-0.78513,0.66388,-0.0178,-0.77917,0.71936,-0.08764,-0.81323,0.74395,-0.17537,-0.83594,0.78991,-0.21497,-0.87673,0.64508,0.0906,-0.94399,0.58877,0.1078,-1.00313,0.61825,0.03642,-1.03911,0.64915,-0.0077,-0.84581,0.49767,-0.03742,-0.85251,0.35111,-0.055,-0.80592,0.24066,0.03251,-0.80064,0.18018,-0.02248,-0.88546,0.49771,0.00143,-0.96097,0.3708,0.00642,-0.98473,0.2357,0.06311,-1.04343,0.18555,0.03575
25.78,-0.85513,0.52256,-0.0063,-0.8215,0.67327,0.04804,-0.83196,0.7544,0.06518,-0.78501,0.66174,-0.01779,-0.78103,0.71902,-0.0863,-0.81325,0.74323,-0.17483,-0.83571,0.78909,-0.21469,-0.87875,0.64417,0.08896,-0.94239,0.58311,0.10354,-1.00307,0.60932,0.03217,-1.04063,0.63858,-0.01175,-0.84825,0.49703,-0.03943,-0.85432,0.35038,-0.05644,-0.80742,0.24014,0.03118,-0.80199,0.17971,-0.02384,-0.88832,0.49671,-0.00101,-0.96252,0.36901,0.00348,-0.98799,0.23418,0.06006,-1.04556,0.18356,0.03121
25.8,-0.8583,0.52199,-0.00822,-0.8226,0.67168,0.04761,-0.83057,0.75318,0.06431,-0.78507,0.65972,-0.01756,-0.78225,0.71858,-0.08479,-0.81275,0.74323,-0.17381,-0.83463,0.78936,-0.21367,-0.88123,0.64357,0.08724,-0.94133,0.57847,0.0991,-1.00348,0.60124,0.02783,-1.04299,0.62906,-0.01531,-0.85081,0.49663,-0.04136,-0.8562,0.3499,-0.05789,-0.80905,0.23976,0.02973,-0.80344,0.17937,-0.02532,-0.89144,0.49597,-0.00355,-0.96421,0.36744,0.0007,-0.99053,0.23282,0.05739,-1.04721,0.18187,0.02737
25.82,-0.86198,0.52204,-0.01019,-0.82442,0.67065,0.04728,-0.83093,0.75251,0.0628,-0.78534,0.65807,-0.01686,-0.78157,0.71812,-0.08297,-0.81085,0.74469,-0.17184,-0.83149,0.79184,-0.21117,-0.88479,0.64377,0.08511,-0.94291,0.57628,0.09271,-1.00558,0.59661,0.02115,-1.04732,0.62444,-0.01982,-0.85353,0.49681,-0.04319,-0.85819,0.35003,-0.05955,-0.81089,0.23978,0.02784,-0.805,0.17939,-0.02719,-0.89514,0.49589,-0.00645,-0.96627,0.36648,-0.00157,-0.99146,0.23201,0.056,-1.04818,0.18129,0.02567
25.84,-0.86587,0.52235,-0.01211,-0.82663,0.66982,0.04712,-0.83198,0.75203,0.06121,-0.78588,0.65654,-0.01582,-0.78034,0.71763,-0.08084,-0.80866,0.74658,-0.16929,-0.82783,0.79493,-0.20789,-0.88877,0.64425,0.08295,-0.94524,0.57501,0.08578,-1.00795,0.593,0.01363,-1.052,0.62101,-0.02472,-0.85637,0.49722,-0.04491,-0.86025,0.35041,-0.06118,-0.81282,0.23996,0.02588,-0.80663,0.17955,-0.0291,-0.89905,0.49609,-0.00944,-0.96856,0.36583,-0.00357,-0.99194,0.2316,0.05529,-1.04903,0.18128,0.02499
25.86,-0.86968,0.52256,-0.01402,-0.82882,0.66883,0.04706,-0.83276,0.75132,0.05994,-0.78657,0.65489,-0.01475,-0.77965,0.71706,-0.07861,-0.80695,0.74815,-0.16665,-0.82481,0.79755,-0.20455,-0.89253,0.64454,0.08095,-0.94665,0.5734,0.0797,-1.00949,0.58837,0.00698,-1.05584,0.61579,-0.02901,-0.85917,0.49755,-0.0466,-0.86231,0.3507,-0.06271,-0.81475,0.24009,0.02408,-0.80828,0.17967,-0.03084,-0.90284,0.49619,-0.01235,-0.97085,0.36519,-0.00555,-0.99289,0.23126,0.05452,-1.05021,0.18127,0.02412
25.88,-0.87347,0.52268,-0.01604,-0.83101,0.66765,0.04704,-0.83342,0.75036,0.05876,-0.78726,0.65299,-0.01354,-0.77922,0.71638,-0.07606,-0.8053,0.74978,-0.16362,-0.82184,0.80028,-0.20066,-0.89629,0.64472,0.07885,-0.94746,0.57161,0.07364,-1.01051,0.58292,0.00044,-1.0593,0.6093,-0.03303,-0.86194,0.49781,-0.04839,-0.86436,0.35093,-0.06428,-0.8167,0.24021,0.02232,-0.80993,0.17975,-0.03252,-0.90656,0.49618,-0.01539,-0.97319,0.36454,-0.0075,-0.99404,0.23109,0.05403,-1.05175,0.18158,0.02357
25.9,-0.87735,0.52304,-0.01782,-0.83353,0.66673,0.04723,-0.83456,0.74962,0.05788,-0.78849,0.65147,-0.01224,-0.77876,0.71575,-0.0736,-0.80411,0.75122,-0.16056,-0.81939,0.80265,-0.19684,-0.90011,0.64503,0.07716,-0.94867,0.57048,0.06847,-1.01122,0.57839,-0.0056,-1.06204,0.60354,-0.03691,-0.86482,0.49826,-0.04986,-0.8665,0.35135,-0.06558,-0.81868,0.24044,0.0207,-0.81166,0.17997,-0.03409,-0.91037,0.49646,-0.01817,-0.9757,0.36423,-0.00918,-0.99529,0.23117,0.0536,-1.05325,0.18197,0.02311
25.92,-0.88145,0.52405,-0.01901,-0.83664,0.66662,0.04779,-0.83676,0.74962,0.05752,-0.7908,0.65109,-0.01099,-0.77779,0.71542,-0.07168,-0.80368,0.75237,-0.15786,-0.81787,0.80444,-0.19368,-0.90404,0.64572,0.07641,-0.95145,0.57082,0.06488,-1.0121,0.57695,-0.01093,-1.06415,0.60098,-0.04108,-0.86799,0.49922,-0.05064,-0.86878,0.35229,-0.06625,-0.82068,0.24095,0.0193,-0.81349,0.18055,-0.03556,-0.91448,0.49751,-0.02035,-0.97842,0.36467,-0.01035,-0.99651,0.23161,0.05288,-1.05417,0.18209,0.02237
25.94,-0.88563,0.52528,-0.01993,-0.84004,0.66679,0.04859,-0.83949,0.74989,0.05746,-0.79356,0.65114,-0.00966,-0.77674,0.71513,-0.06977,-0.80366,0.75383,-0.15486,-0.81683,0.80658,-0.19006,-0.90809,0.64651,0.0761,-0.95496,0.57173,0.06187,-1.01307,0.57688,-0.01597,-1.06601,0.59985,-0.04537,-0.87128,0.50036,-0.05109,-0.87115,0.35342,-0.06661,-0.8227,0.24158,0.01809,-0.81537,0.18128,-0.03686,-0.91868,0.49883,-0.02224,-0.98129,0.36545,-0.0112,-0.99781,0.23231,0.05228,-1.05508,0.18229,0.02183
25.96,-0.88977,0.52638,-0.02093,-0.84345,0.66674,0.04943,-0.84215,0.74992,0.0575,-0.79629,0.65096,-0.00823,-0.77601,0.71469,-0.06755,-0.8037,0.75563,-0.15133,-0.81587,0.80921,-0.18563,-0.91217,0.64711,0.07573,-0.95813,0.57234,0.05879,-1.01378,0.57626,-0.02089,-1.0677,0.59799,-0.04946,-0.87454,0.50139,-0.05161,-0.87353,0.35444,-0.06699,-0.82475,0.24217,0.01696,-0.81727,0.18195,-0.03805,-0.92279,0.49999,-0.02419,-0.98425,0.36618,-0.01202,-0.99939,0.2331,0.05194,-1.05641,0.18274,0.02159
25.98,-0.89396,0.52764,-0.02215,-0.8469,0.66668,0.0503,-0.84463,0.7499,0.05764,-0.79901,0.65079,-0.00674,-0.77513,0.7142,-0.06504,-0.80357,0.75795,-0.14713,-0.81477,0.81255,-0.18013,-0.9163,0.64776,0.07527,-0.96094,0.5729,0.0554,-1.01412,0.57548,-0.02601,-1.06926,0.59515,-0.05371,-0.8778,0.50257,-0.05229,-0.87588,0.35561,-0.06743,-0.82683,0.24289,0.01575,-0.81921,0.18272,-0.03929,-0.92692,0.50132,-0.02646,-0.98725,0.36712,-0.01286,-1.00118,0.2342,0.05169,-1.05797,0.18349,0.02148
26,-0.89804,0.52861,-0.02282,-0.85058,0.66658,0.0514,-0.84786,0.74985,0.05803,-0.80209,0.65068,-0.00512,-0.77501,0.7136,-0.06256,-0.80404,0.76022,-0.14285,-0.81422,0.81579,-0.17454,-0.92049,0.64815,0.0753,-0.96452,0.57361,0.05301,-1.01483,0.57541,-0.03023,-1.07053,0.59424,-0.05739,-0.88113,0.50347,-0.05248,-0.87837,0.35651,-0.06749,-0.82892,0.24346,0.01501,-0.82117,0.18333,-0.04008,-0.93094,0.50237,-0.02799,-0.99046,0.36792,-0.01332,-1.00316,0.23514,0.05176,-1.05982,0.18418,0.02172
26.02,-0.90181,0.52878,-0.02205,-0.85459,0.66643,0.05292,-0.85269,0.74978,0.05873,-0.80581,0.65067,-0.00339,-0.77653,0.71278,-0.06062,-0.80574,0.76149,-0.13959,-0.81476,0.81757,-0.17072,-0.92466,0.648,0.07636,-0.97013,0.57468,0.05296,-1.01673,0.57675,-0.0324,-1.07124,0.5987,-0.05966,-0.88463,0.50358,-0.0515,-0.88111,0.35665,-0.06672,-0.83097,0.24354,0.01527,-0.82304,0.1835,-0.03987,-0.9347,0.5026,-0.02755,-0.99392,0.36801,-0.01303,-1.00501,0.2352,0.05229,-1.06165,0.18416,0.02236
26.04,-0.90545,0.52867,-0.02073,-0.85872,0.66629,0.05458,-0.85818,0.74972,0.0595,-0.80976,0.65073,-0.00163,-0.77867,0.71192,-0.0589,-0.80787,0.76247,-0.13671,-0.81568,0.8189,-0.16754,-0.92881,0.64767,0.07782,-0.97652,0.57598,0.05386,-1.01921,0.57849,-0.03351,-1.07148,0.60504,-0.06106,-0.88819,0.50339,-0.05007,-0.88394,0.35652,-0.06564,-0.833,0.24346,0.01592,-0.82488,0.18352,-0.03931,-0.93837,0.50255,-0.02636,-0.99745,0.36784,-0.01246,-1.00675,0.23493,0.05295,-1.06339,0.18385,0.02309
26.06,-0.90913,0.52868,-0.01964,-0.8628,0.66617,0.05618,-0.86343,0.74964,0.06021,-0.81362,0.65078,0.00012,-0.78063,0.71109,-0.05703,-0.8097,0.76378,-0.13346,-0.81631,0.82066,-0.16373,-0.93296,0.64743,0.07911,-0.98253,0.57725,0.05442,-1.02153,0.5798,-0.03465,-1.07157,0.61027,-0.06229,-0.89171,0.50334,-0.04883,-0.88672,0.35652,-0.06467,-0.83501,0.24348,0.01644,-0.82671,0.18363,-0.03886,-0.94207,0.50264,-0.02548,-1.00093,0.36779,-0.01198,-1.00851,0.23483,0.05355,-1.06513,0.18369,0.02377
26.08,-0.91288,0.5287,-0.01862,-0.86691,0.666,0.05776,-0.86844,0.7495,0.06096,-0.81748,0.65077,0.00187,-0.78234,0.70998,-0.05514,-0.8111,0.76492,-0.13008,-0.81638,0.82221,-0.15985,-0.93717,0.64719,0.08033,-0.98843,0.57853,0.05482,-1.02339,0.58064,-0.03592,-1.07056,0.61512,-0.06389,-0.89527,0.50329,-0.04764,-0.88953,0.35653,-0.06375,-0.83705,0.24353,0.01692,-0.82856,0.18376,-0.03844,-0.94583,0.50272,-0.02471,-1.00445,0.36773,-0.0116,-1.01023,0.23474,0.05405,-1.06685,0.18353,0.02437
26.1,-0.91644,0.52865,-0.01733,-0.87098,0.66592,0.05941,-0.87408,0.74941,0.06161,-0.82138,0.6509,0.00361,-0.78478,0.70935,-0.05328,-0.81311,0.76646,-0.12675,-0.81723,0.82421,-0.1558,-0.94124,0.64691,0.08177,-0.99459,0.57999,0.05592,-1.02646,0.58189,-0.03596,-1.07069,0.62023,-0.06369,-0.89875,0.50317,-0.04622,-0.89228,0.35647,-0.06262,-0.83902,0.24354,0.01763,-0.83035,0.18386,-0.0378,-0.94942,0.50275,-0.02355,-1.00789,0.36764,-0.01094,-1.01193,0.23459,0.05472,-1.06852,0.18332,0.02509
26.12,-0.91959,0.52852,-0.01539,-0.87496,0.66613,0.06123,-0.88141,0.74945,0.06197,-0.82536,0.65145,0.00534,-0.78911,0.71015,-0.05151,-0.81711,0.76914,-0.12361,-0.8206,0.82752,-0.15144,-0.94504,0.64662,0.08374,-1.00136,0.58186,0.05871,-1.03264,0.5846,-0.03336,-1.07491,0.62625,-0.05931,-0.90202,0.50291,-0.04426,-0.89492,0.35628,-0.06104,-0.84086,0.24347,0.01884,-0.83204,0.18391,-0.0367,-0.95268,0.50274,-0.02154,-1.01118,0.36758,-0.00956,-1.0137,0.23438,0.05588,-1.07017,0.18303,0.02615
26.14,-0.92254,0.52833,-0.01319,-0.87888,0.66643,0.06311,-0.88935,0.74934,0.06226,-0.82936,0.65215,0.00704,-0.79414,0.71146,-0.04982,-0.82186,0.77205,-0.12068,-0.82488,0.83106,-0.14723,-0.94869,0.6463,0.08591,-1.00823,0.58392,0.06233,-1.03989,0.58787,-0.02956,-1.08038,0.63255,-0.0532,-0.9052,0.50259,-0.04207,-0.89749,0.35604,-0.05927,-0.84263,0.24335,0.02024,-0.83367,0.18394,-0.03543,-0.95577,0.50269,-0.01916,-1.01438,0.36752,-0.0079,-1.01549,0.23413,0.05719,-1.0718,0.1827,0.02731
26.16,-0.92555,0.52817,-0.0111,-0.88279,0.66668,0.06495,-0.89697,0.74901,0.06264,-0.83334,0.65277,0.00874,-0.79886,0.71251,-0.04812,-0.82619,0.77469,-0.11775,-0.82861,0.83424,-0.14313,-0.95236,0.646,0.08799,-1.0148,0.58597,0.06585,-1.04656,0.59075,-0.02597,-1.08491,0.63829,-0.04754,-0.90839,0.50229,-0.03998,-0.90008,0.35582,-0.05758,-0.84442,0.24327,0.02156,-0.83533,0.18399,-0.03423,-0.9589,0.50265,-0.01694,-1.0176,0.36747,-0.00637,-1.01724,0.23392,0.05838,-1.07342,0.18241,0.02837
26.18,-0.92868,0.52801,-0.00902,-0.88687,0.66693,0.06679,-0.90474,0.74849,0.06296,-0.83747,0.65339,0.01044,-0.80372,0.71358,-0.04639,-0.83076,0.77751,-0.11453,-0.83262,0.83763,-0.13858,-0.95619,0.64568,0.09006,-1.02139,0.58808,0.06953,-1.0534,0.59338,-0.02217,-1.08937,0.64362,-0.04161,-0.9117,0.502,-0.03788,-0.90276,0.35562,-0.0559,-0.84629,0.2432,0.02286,-0.83705,0.18406,-0.03305,-0.96216,0.50262,-0.01474,-1.02095,0.36742,-0.00484,-1.01908,0.23372,0.05957,-1.0751,0.18214,0.02937
26.2,-0.9315,0.52783,-0.00687,-0.89058,0.66719,0.06863,-0.91226,0.74774,0.06349,-0.84129,0.65401,0.0121,-0.8085,0.71469,-0.04477,-0.835,0.77975,-0.11206,-0.83619,0.84023,-0.13521,-0.95963,0.64537,0.09219,-1.02746,0.5902,0.0736,-1.06001,0.59636,-0.01786,-1.09367,0.64891,-0.03522,-0.91473,0.50169,-0.03574,-0.90523,0.3554,-0.05417,-0.84799,0.24312,0.02423,-0.83863,0.18412,-0.03181,-0.96511,0.50258,-0.01242,-1.024,0.36738,-0.00326,-1.02076,0.2335,0.06074,-1.07664,0.18187,0.03041
26.22,-0.93351,0.52764,-0.00461,-0.89337,0.66744,0.07049,-0.91904,0.74676,0.06455,-0.84431,0.65464,0.01368,-0.81281,0.71583,-0.04338,-0.83812,0.78082,-0.11118,-0.83831,0.84134,-0.13427,-0.96207,0.64503,0.0945,-1.03231,0.59217,0.07829,-1.06566,0.60028,-0.01273,-1.09747,0.6545,-0.02835,-0.91705,0.50135,-0.03352,-0.90719,0.35513,-0.05231,-0.84922,0.243,0.02578,-0.83987,0.18415,-0.03041,-0.96727,0.50254,-0.00989,-1.02625,0.36732,-0.00157,-1.02198,0.23324,0.06195,-1.07783,0.18158,0.03159
26.24,-0.93519,0.52743,-0.00229,-0.89578,0.66769,0.07235,-0.9255,0.74553,0.06588,-0.84701,0.65525,0.01522,-0.81701,0.71698,-0.04207,-0.84091,0.78139,-0.11092,-0.84004,0.8418,-0.13429,-0.96412,0.6447,0.09686,-1.03658,0.59413,0.08333,-1.07082,0.60453,-0.00712,-1.10097,0.66013,-0.02111,-0.91907,0.50099,-0.03126,-0.90893,0.35484,-0.05042,-0.85028,0.24287,0.02739,-0.84097,0.18417,-0.02896,-0.96911,0.50249,-0.00726,-1.0282,0.36726,0.00015,-1.02306,0.23298,0.06316,-1.07889,0.18129,0.03283
26.26,-0.937,0.52723,0,-0.89835,0.66793,0.07421,-0.932,0.74411,0.06724,-0.84982,0.65584,0.01678,-0.82132,0.71809,-0.04069,-0.84392,0.78207,-0.11039,-0.84206,0.84239,-0.13393,-0.96632,0.64438,0.09919,-1.04081,0.59613,0.08845,-1.07591,0.60849,-0.00142,-1.10426,0.66541,-0.01376,-0.92122,0.50065,-0.02901,-0.91077,0.35456,-0.04855,-0.85142,0.24276,0.02896,-0.84214,0.18419,-0.02754,-0.97108,0.50245,-0.00468,-1.03029,0.36723,0.00184,-1.02424,0.23275,0.06436,-1.08004,0.18103,0.03403
26.28,-0.93887,0.52704,0.00233,-0.90104,0.66818,0.07611,-0.93854,0.7425,0.06868,-0.85285,0.65652,0.01831,-0.82565,0.71918,-0.03936,-0.84689,0.78355,-0.10913,-0.84387,0.84406,-0.13202,-0.96857,0.64398,0.10164,-1.0448,0.59793,0.0939,-1.08074,0.61217,0.00464,-1.10732,0.67023,-0.00624,-0.92342,0.5003,-0.02673,-0.91265,0.35429,-0.04662,-0.8526,0.24263,0.03057,-0.84337,0.18424,-0.02612,-0.9731,0.50242,-0.00205,-1.03243,0.36721,0.00358,-1.02549,0.23253,0.06558,-1.08127,0.1808,0.03522
26.3,-0.94054,0.52682,0.00457,-0.90338,0.66838,0.07791,-0.94465,0.74065,0.07028,-0.85541,0.65697,0.01989,-0.82998,0.72022,-0.03794,-0.84987,0.78348,-0.10911,-0.84605,0.84367,-0.13274,-0.9706,0.64372,0.10383,-1.04846,0.60004,0.09919,-1.08529,0.61609,0.0106,-1.11004,0.67523,0.00133,-0.92543,0.49995,-0.02453,-0.91439,0.35401,-0.04482,-0.85367,0.24253,0.03209,-0.84447,0.18425,-0.02473,-0.97492,0.50235,0.00049,-1.03443,0.36719,0.00522,-1.02664,0.23234,0.06673,-1.08238,0.18057,0.03638
26.32,-0.9418,0.52655,0.0066,-0.90488,0.66839,0.0795,-0.94988,0.73842,0.07204,-0.85673,0.65676,0.02166,-0.83454,0.72119,-0.03621,-0.85223,0.77956,-0.11199,-0.84808,0.83801,-0.13958,-0.97217,0.64382,0.10531,-1.05176,0.60314,0.10377,-1.08965,0.621,0.01598,-1.11227,0.68129,0.00897,-0.927,0.49956,-0.02256,-0.91585,0.35369,-0.04333,-0.85446,0.24246,0.0334,-0.84525,0.18417,-0.0234,-0.9763,0.5022,0.00282,-1.03619,0.36717,0.00659,-1.02753,0.23219,0.06771,-1.08319,0.18027,0.03746
26.34,-0.94287,0.52624,0.00853,-0.90603,0.66833,0.08098,-0.95461,0.73597,0.07389,-0.85758,0.65633,0.02348,-0.83913,0.72192,-0.03438,-0.85295,0.77547,-0.1144,-0.84763,0.83195,-0.14567,-0.97353,0.64405,0.10652,-1.05468,0.60657,0.10805,-1.09361,0.62631,0.02112,-1.11395,0.68763,0.01657,-0.92838,0.49916,-0.02069,-0.91718,0.35337,-0.04196,-0.85513,0.2424,0.03463,-0.8459,0.18405,-0.0221,-0.97748,0.502,0.00505,-1.03782,0.36715,0.00785,-1.02833,0.23207,0.06861,-1.08389,0.17996,0.03851
26.36,-0.94401,0.52595,0.0105,-0.90733,0.66831,0.08251,-0.95931,0.73341,0.07582,-0.85864,0.656,0.02528,-0.84365,0.72249,-0.03257,-0.8532,0.77347,-0.11486,-0.84621,0.82881,-0.14778,-0.97498,0.6442,0.10785,-1.05734,0.60978,0.11249,-1.09722,0.63137,0.02644,-1.11529,0.69353,0.02416,-0.92983,0.49877,-0.01878,-0.91855,0.35305,-0.04053,-0.85585,0.24234,0.0359,-0.84662,0.18395,-0.0208,-0.97873,0.50182,0.00732,-1.0395,0.36715,0.00917,-1.02919,0.23196,0.06955,-1.08467,0.17969,0.03956
26.38,-0.94522,0.52567,0.01253,-0.9087,0.66831,0.08408,-0.96409,0.73058,0.07789,-0.85975,0.65568,0.02712,-0.84891,0.72305,-0.03064,-0.85357,0.77323,-0.11383,-0.84463,0.82824,-0.14685,-0.97648,0.6444,0.10921,-1.05985,0.61317,0.11736,-1.1008,0.63668,0.03231,-1.11641,0.69954,0.03253,-0.93134,0.49837,-0.01678,-0.92002,0.35274,-0.03908,-0.85664,0.2423,0.03718,-0.84739,0.18387,-0.01947,-0.98005,0.50167,0.00964,-1.04129,0.3672,0.01051,-1.03017,0.23192,0.07053,-1.08553,0.17946,0.04067
26.4,-0.94624,0.52535,0.01438,-0.90985,0.66821,0.08554,-0.96812,0.72787,0.07995,-0.86065,0.65529,0.02888,-0.85281,0.7231,-0.02884,-0.85384,0.77366,-0.11194,-0.84344,0.82874,-0.14439,-0.9778,0.64451,0.11044,-1.06184,0.61608,0.12142,-1.10351,0.64141,0.03725,-1.11686,0.70475,0.03948,-0.93267,0.49797,-0.01501,-0.92127,0.35242,-0.03772,-0.85731,0.24221,0.0384,-0.84805,0.18375,-0.01822,-0.98115,0.50144,0.01181,-1.04285,0.36718,0.01178,-1.03098,0.23178,0.07141,-1.08628,0.17921,0.04162
26.42,-0.94676,0.52492,0.01575,-0.91056,0.66788,0.08679,-0.97063,0.72576,0.08176,-0.86105,0.65475,0.03044,-0.8527,0.72227,-0.02755,-0.85223,0.77158,-0.1114,-0.84081,0.82565,-0.14518,-0.97869,0.64434,0.11134,-1.06321,0.61776,0.12323,-1.10469,0.64464,0.03945,-1.11643,0.70827,0.04238,-0.93355,0.49756,-0.01383,-0.92196,0.35202,-0.03659,-0.85766,0.24197,0.03945,-0.84839,0.18353,-0.01719,-0.98169,0.50098,0.01362,-1.04381,0.36692,0.0129,-1.03137,0.23136,0.07205,-1.08672,0.1789,0.04215
26.44,-0.94709,0.52442,0.01693,-0.91106,0.66743,0.08797,-0.97253,0.72388,0.0835,-0.86124,0.65413,0.03194,-0.85116,0.72111,-0.02639,-0.84985,0.76836,-0.11141,-0.83753,0.82085,-0.14731,-0.97938,0.64405,0.11215,-1.06432,0.61894,0.12423,-1.10531,0.64726,0.04068,-1.1157,0.71112,0.04389,-0.93426,0.49713,-0.01287,-0.92243,0.3516,-0.03556,-0.85788,0.24165,0.04043,-0.84861,0.18326,-0.01626,-0.982,0.50042,0.01528,-1.04456,0.36656,0.01397,-1.03163,0.23082,0.07261,-1.08709,0.17858,0.04254
26.46,-0.9475,0.52396,0.01819,-0.91163,0.66702,0.0892,-0.97457,0.72187,0.08532,-0.86151,0.65354,0.03348,-0.85031,0.72011,-0.02513,-0.84784,0.76569,-0.11102,-0.83454,0.81679,-0.14853,-0.98013,0.6438,0.11302,-1.06543,0.62025,0.12567,-1.10608,0.65003,0.04247,-1.11506,0.71407,0.04619,-0.93505,0.4967,-0.01181,-0.923,0.3512,-0.0345,-0.85815,0.24137,0.04142,-0.84888,0.18302,-0.01532,-0.9824,0.4999,0.017,-1.04542,0.36627,0.01509,-1.032,0.23037,0.07322,-1.08756,0.17831,0.04302
26.48,-0.94793,0.5235,0.01945,-0.91226,0.66662,0.09045,-0.97673,0.71971,0.08721,-0.86179,0.65294,0.0351,-0.84924,0.71903,-0.02377,-0.84554,0.7627,-0.11061,-0.83113,0.81219,-0.14984,-0.98096,0.64357,0.11385,-1.06663,0.62169,0.12702,-1.10682,0.65308,0.04419,-1.11426,0.71729,0.04842,-0.93586,0.49628,-0.01074,-0.92358,0.3508,-0.03344,-0.85844,0.2411,0.0424,-0.84916,0.18279,-0.01437,-0.9828,0.4994,0.01874,-1.04633,0.36602,0.01621,-1.03246,0.22995,0.07385,-1.08813,0.17808,0.04354
26.5,-0.94828,0.52301,0.02067,-0.9127,0.66615,0.09168,-0.97833,0.71783,0.08905,-0.862,0.65233,0.03657,-0.84828,0.718,-0.02251,-0.8437,0.76004,-0.11011,-0.82845,0.80805,-0.15082,-0.98155,0.64324,0.11479,-1.06745,0.62262,0.12846,-1.10735,0.65529,0.04599,-1.11362,0.71959,0.05067,-0.93658,0.49585,-0.00972,-0.92408,0.35039,-0.03241,-0.85867,0.24078,0.04334,-0.84939,0.18254,-0.0135,-0.98313,0.49885,0.0204,-1.04715,0.36572,0.01735,-1.03285,0.22948,0.07449,-1.08864,0.17785,0.044
26.52,-0.94853,0.52247,0.02179,-0.9127,0.66554,0.09282,-0.9787,0.71676,0.09066,-0.86212,0.65171,0.0376,-0.84807,0.71723,-0.02157,-0.84331,0.7586,-0.10948,-0.8279,0.8059,-0.15096,-0.98152,0.64267,0.11604,-1.06739,0.62233,0.13032,-1.10754,0.65542,0.04813,-1.11365,0.71971,0.05312,-0.93711,0.49539,-0.00877,-0.92439,0.34993,-0.03138,-0.85878,0.24035,0.04423,-0.84957,0.18224,-0.01276,-0.98331,0.49823,0.02187,-1.04773,0.36529,0.01857,-1.03305,0.22885,0.07512,-1.08894,0.17756,0.04424
26.54,-0.94872,0.52192,0.02286,-0.91251,0.66488,0.09391,-0.97859,0.71603,0.09218,-0.86217,0.6511,0.03846,-0.84802,0.71654,-0.02078,-0.84341,0.75755,-0.10886,-0.82812,0.80438,-0.15091,-0.98124,0.64202,0.1174,-1.067,0.62159,0.13225,-1.10757,0.65478,0.05031,-1.11388,0.71903,0.05554,-0.93754,0.49493,-0.00786,-0.92462,0.34947,-0.03037,-0.85883,0.23989,0.04509,-0.84971,0.18194,-0.01207,-0.98343,0.49758,0.02326,-1.04821,0.36482,0.0198,-1.03316,0.22817,0.07575,-1.08915,0.17727,0.0444
26.56,-0.94893,0.52138,0.02395,-0.9124,0.66424,0.09502,-0.97867,0.71515,0.09374,-0.86225,0.65048,0.03939,-0.84788,0.7158,-0.01992,-0.84328,0.75631,-0.10824,-0.82798,0.80254,-0.15095,-0.98107,0.64141,0.11872,-1.06674,0.62106,0.13414,-1.10766,0.65449,0.05247,-1.11399,0.71872,0.05795,-0.93801,0.49447,-0.00694,-0.92488,0.34901,-0.02937,-0.8589,0.23945,0.04595,-0.84986,0.18164,-0.01138,-0.98358,0.49694,0.02467,-1.04874,0.36438,0.02102,-1.03334,0.22753,0.07639,-1.08944,0.177,0.04463
26.58,-0.94916,0.52082,0.02506,-0.9123,0.6636,0.09614,-0.97878,0.71425,0.09531,-0.86233,0.64984,0.04035,-0.84776,0.71505,-0.01904,-0.84319,0.75506,-0.10758,-0.82788,0.80068,-0.15095,-0.98092,0.64079,0.12003,-1.06649,0.62051,0.13605,-1.10775,0.65419,0.05466,-1.11413,0.7184,0.06043,-0.9385,0.494,-0.006,-0.92515,0.34855,-0.02834,-0.85897,0.23899,0.04681,-0.85001,0.18134,-0.01068,-0.98373,0.49629,0.02612,-1.0493,0.36393,0.02232,-1.03354,0.22686,0.07705,-1.08978,0.17676,0.04485
26.6,-0.94934,0.52028,0.02612,-0.91211,0.66295,0.09722,-0.97869,0.71346,0.09685,-0.86237,0.64924,0.04121,-0.84762,0.71434,-0.01825,-0.84312,0.75392,-0.10699,-0.82787,0.799,-0.15093,-0.98063,0.64015,0.12136,-1.06612,0.61992,0.13793,-1.10775,0.65376,0.05679,-1.11419,0.71793,0.06278,-0.93893,0.49354,-0.0051,-0.92539,0.34811,-0.02738,-0.85903,0.23856,0.04762,-0.85015,0.18106,-0.01003,-0.98383,0.49567,0.02748,-1.04978,0.36351,0.02349,-1.03372,0.22627,0.07768,-1.09006,0.17654,0.04509
26.62,-0.94938,0.51978,0.02704,-0.91168,0.66229,0.09822,-0.97818,0.7129,0.09834,-0.86232,0.64871,0.04185,-0.84739,0.71367,-0.01772,-0.84307,0.75298,-0.10659,-0.82795,0.79767,-0.15097,-0.98004,0.63943,0.12277,-1.06547,0.61924,0.13968,-1.10753,0.65304,0.05875,-1.11406,0.7172,0.06479,-0.93917,0.49308,-0.00427,-0.92562,0.34765,-0.02663,-0.85909,0.23818,0.04833,-0.85031,0.18084,-0.0095,-0.98384,0.49512,0.02863,-1.05009,0.36313,0.02429,-1.03382,0.22581,0.07824,-1.09016,0.17629,0.04534
26.64,-0.94937,0.5193,0.0279,-0.91115,0.66163,0.09917,-0.97749,0.71245,0.09978,-0.86222,0.6482,0.04239,-0.84713,0.71303,-0.01729,-0.84302,0.75214,-0.10626,-0.82809,0.79653,-0.151,-0.97932,0.63869,0.12418,-1.0647,0.61854,0.14137,-1.10721,0.65222,0.06062,-1.11386,0.71637,0.06666,-0.93933,0.49263,-0.00349,-0.92583,0.34721,-0.02596,-0.85915,0.23783,0.04899,-0.85047,0.18064,-0.009,-0.98379,0.49462,0.02969,-1.05033,0.36277,0.02495,-1.03389,0.22543,0.07876,-1.09019,0.17605,0.04559
26.66,-0.94939,0.51882,0.02877,-0.91066,0.66096,0.10013,-0.97687,0.71195,0.10122,-0.86214,0.64768,0.04296,-0.84688,0.71238,-0.01682,-0.84296,0.75124,-0.1059,-0.82819,0.79529,-0.15103,-0.97865,0.63796,0.12556,-1.06398,0.61787,0.14305,-1.10693,0.65149,0.0625,-1.11366,0.71562,0.06857,-0.93953,0.49218,-0.00271,-0.92606,0.34677,-0.02526,-0.85922,0.23747,0.04966,-0.85063,0.18043,-0.0085,-0.98377,0.4941,0.03077,-1.05061,0.36242,0.02567,-1.034,0.22502,0.0793,-1.09029,0.17582,0.04585
26.68,-0.9494,0.5183,0.0297,-0.91018,0.66027,0.10112,-0.97623,0.71145,0.10271,-0.8621,0.64716,0.04354,-0.84669,0.71171,-0.01636,-0.84302,0.75033,-0.10556,-0.82844,0.79403,-0.1511,-0.97796,0.63718,0.12702,-1.06322,0.6171,0.14484,-1.10665,0.65057,0.06449,-1.11352,0.71469,0.07056,-0.93973,0.49169,-0.00186,-0.9263,0.3463,-0.02452,-0.85928,0.23708,0.05037,-0.85081,0.18021,-0.00797,-0.98375,0.49354,0.03192,-1.05091,0.36204,0.02642,-1.03411,0.22461,0.07989,-1.09039,0.17559,0.04614
26.7,-0.9494,0.51787,0.03051,-0.90965,0.65965,0.10202,-0.97558,0.71097,0.10408,-0.86195,0.64666,0.0441,-0.84636,0.71107,-0.0159,-0.84284,0.74947,-0.1052,-0.82839,0.79285,-0.15109,-0.97727,0.63652,0.12831,-1.06251,0.61655,0.14638,-1.1063,0.65003,0.06624,-1.1132,0.71415,0.07235,-0.93991,0.49129,-0.00113,-0.9265,0.34591,-0.02388,-0.85935,0.23676,0.051,-0.85096,0.18003,-0.00749,-0.98371,0.49308,0.03293,-1.05116,0.36174,0.02711,-1.03423,0.22426,0.0804,-1.09049,0.1754,0.0464
26.72,-0.94937,0.51769,0.03104,-0.90902,0.65923,0.10269,-0.97495,0.71054,0.10514,-0.8615,0.6462,0.04464,-0.84555,0.71051,-0.01537,-0.84194,0.74873,-0.10475,-0.82745,0.79186,-0.15085,-0.97665,0.63627,0.1291,-1.06196,0.61667,0.14727,-1.10579,0.65061,0.06734,-1.11238,0.71474,0.07367,-0.94004,0.49114,-0.00067,-0.92658,0.34578,-0.02348,-0.85946,0.23663,0.05144,-0.851,0.17995,-0.00709,-0.98364,0.49287,0.03365,-1.0513,0.36165,0.02768,-1.0343,0.22407,0.08073,-1.09055,0.17532,0.04655
26.74,-0.94933,0.5176,0.03146,-0.90835,0.65888,0.10327,-0.97431,0.71013,0.10607,-0.86094,0.64574,0.04515,-0.8446,0.70997,-0.01485,-0.8408,0.74803,-0.10428,-0.82621,0.79094,-0.15056,-0.97604,0.63614,0.12972,-1.06145,0.61701,0.1479,-1.10521,0.65157,0.06819,-1.11138,0.71571,0.07479,-0.94016,0.49108,-0.00032,-0.92662,0.34573,-0.02317,-0.85958,0.23657,0.05179,-0.85101,0.1799,-0.00673,-0.98357,0.49275,0.03424,-1.05139,0.36162,0.0282,-1.03435,0.22394,0.08097,-1.09059,0.17528,0.04666
26.76,-0.94928,0.51747,0.03193,-0.9077,0.6585,0.10388,-0.97367,0.70971,0.10705,-0.86044,0.64529,0.04565,-0.84372,0.70941,-0.01434,-0.83979,0.7473,-0.10385,-0.82513,0.78998,-0.15031,-0.97542,0.63595,0.13041,-1.06091,0.61724,0.14864,-1.10465,0.65232,0.06916,-1.11046,0.71647,0.07599,-0.94028,0.49097,7e-05,-0.92668,0.34564,-0.02282,-0.8597,0.23647,0.05218,-0.85103,0.17984,-0.00636,-0.98349,0.49259,0.03489,-1.0515,0.36156,0.02874,-1.03442,0.22379,0.08126,-1.09065,0.17522,0.04679
26.78,-0.94927,0.51735,0.03241,-0.90704,0.65811,0.10451,-0.97303,0.70927,0.10804,-0.85991,0.6448,0.0462,-0.8428,0.70882,-0.0138,-0.8387,0.74652,-0.10337,-0.82397,0.78895,-0.15004,-0.97481,0.63579,0.1311,-1.06039,0.61755,0.14939,-1.10408,0.65321,0.07014,-1.10947,0.71737,0.07721,-0.94042,0.49088,0.00049,-0.92676,0.34556,-0.02247,-0.85984,0.23638,0.05257,-0.85107,0.17978,-0.00598,-0.98343,0.49243,0.03555,-1.05164,0.36151,0.0293,-1.03451,0.22365,0.08156,-1.09073,0.17518,0.04693
26.8,-0.94919,0.51722,0.03283,-0.90638,0.65775,0.10505,-0.97237,0.70888,0.10895,-0.8594,0.64437,0.04664,-0.84193,0.70829,-0.01337,-0.83772,0.74582,-0.10301,-0.82291,0.78805,-0.14984,-0.97417,0.6356,0.13174,-1.05982,0.61774,0.15006,-1.10349,0.65392,0.07103,-1.10855,0.71808,0.07834,-0.9405,0.49079,0.00084,-0.92679,0.34548,-0.02216,-0.85992,0.23629,0.05292,-0.85107,0.17972,-0.00564,-0.98332,0.49229,0.03615,-1.05171,0.36146,0.02981,-1.03456,0.22351,0.08181,-1.09078,0.17513,0.04706
26.82,-0.94893,0.51709,0.0331,-0.90572,0.65745,0.10541,-0.97167,0.7086,0.10967,-0.85897,0.64413,0.0468,-0.8413,0.70795,-0.01326,-0.83709,0.74537,-0.10295,-0.82219,0.78755,-0.1498,-0.97343,0.63531,0.13232,-1.0591,0.61751,0.1506,-1.10289,0.65401,0.07177,-1.10787,0.71815,0.07931,-0.94039,0.49066,0.00106,-0.92669,0.34535,-0.02195,-0.85985,0.2362,0.0532,-0.85098,0.17966,-0.0054,-0.98303,0.49215,0.03658,-1.05161,0.36143,0.03015,-1.03453,0.2234,0.08198,-1.09076,0.17507,0.04716
26.84,-0.94859,0.51696,0.0333,-0.90505,0.65717,0.1057,-0.97095,0.70837,0.1103,-0.85856,0.64396,0.04686,-0.84074,0.70766,-0.01327,-0.83655,0.74501,-0.10299,-0.82155,0.78718,-0.14982,-0.97265,0.635,0.13284,-1.05834,0.61716,0.15105,-1.10227,0.65393,0.07243,-1.10725,0.71804,0.08018,-0.94022,0.49052,0.00123,-0.92655,0.34521,-0.02179,-0.85972,0.2361,0.05344,-0.85085,0.1796,-0.00519,-0.98269,0.49202,0.03695,-1.05145,0.3614,0.03043,-1.03446,0.2233,0.0821,-1.09071,0.17501,0.04726
26.86,-0.9483,0.51683,0.03354,-0.9044,0.65689,0.10601,-0.97025,0.70812,0.11096,-0.85814,0.64375,0.04697,-0.84014,0.70735,-0.01323,-0.83596,0.74459,-0.10299,-0.82086,0.78673,-0.14981,-0.97191,0.63471,0.13338,-1.05761,0.61689,0.15152,-1.10166,0.65396,0.07312,-1.1066,0.71805,0.08109,-0.94008,0.4904,0.00143,-0.92643,0.34508,-0.02159,-0.85962,0.23601,0.0537,-0.85074,0.17954,-0.00496,-0.98238,0.49189,0.03735,-1.05132,0.36137,0.03074,-1.03443,0.2232,0.08226,-1.09068,0.17495,0.04737
26.88,-0.94798,0.51667,0.03377,-0.90371,0.65656,0.10634,-0.96949,0.70784,0.11167,-0.85771,0.64354,0.04707,-0.83956,0.70703,-0.01319,-0.83544,0.74417,-0.103,-0.82026,0.78629,-0.14981,-0.97111,0.63434,0.13396,-1.05682,0.61651,0.15204,-1.10102,0.65385,0.07385,-1.10595,0.71792,0.08204,-0.93991,0.49023,0.00162,-0.92632,0.34492,-0.02142,-0.85951,0.23591,0.05396,-0.85062,0.17947,-0.00473,-0.98203,0.49173,0.03775,-1.05118,0.36132,0.03106,-1.03438,0.22308,0.08241,-1.09065,0.17488,0.04748
26.9,-0.94771,0.51659,0.03399,-0.90309,0.65635,0.1066,-0.96883,0.70765,0.11225,-0.8573,0.64337,0.04715,-0.83896,0.70673,-0.01318,-0.8348,0.74378,-0.10302,-0.81949,0.78586,-0.14982,-0.97041,0.63415,0.13442,-1.05614,0.61635,0.15244,-1.10044,0.65401,0.07445,-1.1053,0.71805,0.08284,-0.93979,0.49015,0.00181,-0.92619,0.34484,-0.02122,-0.8594,0.23584,0.0542,-0.85051,0.17944,-0.00453,-0.98175,0.49165,0.03813,-1.05105,0.36133,0.03135,-1.03435,0.22302,0.08255,-1.09063,0.17485,0.04759
26.92,-0.94761,0.51671,0.03423,-0.90262,0.65642,0.10672,-0.96843,0.7076,0.11253,-0.85688,0.64328,0.04727,-0.83829,0.70649,-0.01314,-0.83385,0.74345,-0.10301,-0.81825,0.78534,-0.14989,-0.96998,0.6344,0.13457,-1.05577,0.61689,0.15263,-1.10001,0.65494,0.0748,-1.10458,0.71898,0.08339,-0.93978,0.49028,0.00202,-0.92604,0.34496,-0.02091,-0.85932,0.23585,0.05442,-0.85044,0.17953,-0.00438,-0.98163,0.49177,0.03847,-1.05094,0.36146,0.0316,-1.03434,0.22308,0.08266,-1.09063,0.17494,0.04768
26.94,-0.94757,0.51692,0.03447,-0.90222,0.6566,0.10678,-0.96813,0.70764,0.1127,-0.85648,0.64323,0.04738,-0.8376,0.70627,-0.01313,-0.83279,0.74315,-0.10301,-0.81683,0.78483,-0.14996,-0.96967,0.63483,0.13462,-1.05551,0.61766,0.15271,-1.09964,0.65612,0.07503,-1.10388,0.72016,0.08378,-0.93983,0.49048,0.00224,-0.92589,0.34516,-0.02055,-0.85925,0.23591,0.05463,-0.85038,0.17968,-0.00427,-0.98158,0.49197,0.0388,-1.05083,0.36164,0.03182,-1.03434,0.2232,0.08275,-1.09063,0.17508,0.04777
26.96,-0.94753,0.5171,0.03472,-0.90182,0.65675,0.10685,-0.96781,0.70768,0.1129,-0.85611,0.64319,0.04748,-0.83696,0.70604,-0.01314,-0.83179,0.74285,-0.10303,-0.81549,0.78435,-0.15001,-0.96933,0.63519,0.13471,-1.05523,0.6183,0.15281,-1.09926,0.65717,0.07527,-1.10321,0.72121,0.08418,-0.93987,0.49067,0.00246,-0.92577,0.34534,-0.02021,-0.85918,0.23595,0.05483,-0.85034,0.1798,-0.00414,-0.98152,0.49215,0.03913,-1.05075,0.3618,0.03206,-1.03435,0.22331,0.08285,-1.09066,0.1752,0.04786
26.98,-0.9474,0.51722,0.03493,-0.90131,0.65681,0.10695,-0.96743,0.70755,0.11316,-0.85559,0.64304,0.04763,-0.83622,0.70578,-0.01304,-0.83076,0.74248,-0.10296,-0.8142,0.78366,-0.15013,-0.96891,0.63549,0.13478,-1.05486,0.61903,0.15304,-1.0988,0.65832,0.07565,-1.10235,0.72234,0.08485,-0.93983,0.4908,0.00265,-0.92557,0.34547,-0.01993,-0.85907,0.23597,0.05503,-0.85022,0.17991,-0.00404,-0.98138,0.49228,0.03944,-1.0506,0.36193,0.03225,-1.03432,0.22338,0.08293,-1.09063,0.17529,0.04793
27,-0.94746,0.51748,0.03521,-0.90104,0.65709,0.10699,-0.96717,0.70781,0.11326,-0.85538,0.64313,0.04767,-0.83566,0.70559,-0.01317,-0.82977,0.74222,-0.10309,-0.8128,0.78339,-0.15013,-0.96867,0.63596,0.13488,-1.05469,0.61963,0.15296,-1.0985,0.65929,0.0757,-1.10189,0.72332,0.08489,-0.93997,0.49106,0.00291,-0.92551,0.34573,-0.01949,-0.85905,0.23605,0.05524,-0.85024,0.18007,-0.0039,-0.98143,0.49253,0.0398,-1.05057,0.36215,0.03254,-1.03438,0.22353,0.08305,-1.09071,0.17547,0.04804
27.02,-0.94799,0.5181,0.03565,-0.90138,0.65793,0.10687,-0.96721,0.70906,0.11295,-0.85595,0.64384,0.0474,-0.83571,0.70565,-0.01393,-0.82876,0.7424,-0.10372,-0.8108,0.78444,-0.14962,-0.96888,0.63683,0.13509,-1.05499,0.6198,0.15204,-1.0986,0.65984,0.07486,-1.10244,0.72395,0.08328,-0.94053,0.49168,0.00334,-0.92581,0.34632,-0.01868,-0.85927,0.23632,0.05551,-0.85066,0.18037,-0.00369,-0.98195,0.49315,0.04028,-1.0508,0.36261,0.03304,-1.03465,0.22388,0.08328,-1.09104,0.17594,0.0482
27.04,-0.94873,0.51886,0.03617,-0.90199,0.659,0.10668,-0.96739,0.71071,0.11246,-0.85685,0.6448,0.04701,-0.83594,0.70578,-0.01492,-0.82783,0.74265,-0.10457,-0.80872,0.78578,-0.14895,-0.9693,0.63787,0.13534,-1.05546,0.61979,0.15082,-1.09891,0.66015,0.07371,-1.10346,0.72435,0.08108,-0.94128,0.49245,0.00385,-0.92626,0.34705,-0.01771,-0.85961,0.23667,0.0558,-0.85124,0.18072,-0.00344,-0.98268,0.49389,0.04081,-1.05116,0.36316,0.03363,-1.03501,0.22431,0.08354,-1.09148,0.17651,0.04839
27.06,-0.94941,0.51956,0.03667,-0.90251,0.65999,0.10652,-0.96753,0.71221,0.11203,-0.85766,0.64567,0.04668,-0.83602,0.70583,-0.0158,-0.82695,0.74274,-0.10534,-0.80682,0.78674,-0.1484,-0.96966,0.63885,0.13557,-1.05585,0.61983,0.14974,-1.09918,0.66046,0.07271,-1.10437,0.7247,0.07915,-0.94198,0.49316,0.00434,-0.92666,0.34773,-0.01678,-0.85991,0.23698,0.05608,-0.85175,0.18105,-0.0032,-0.98335,0.49459,0.04133,-1.05148,0.36367,0.03419,-1.03534,0.22471,0.08379,-1.09189,0.17704,0.04858
27.08,-0.94995,0.52023,0.03709,-0.90285,0.66087,0.10635,-0.96753,0.71353,0.11166,-0.85824,0.64642,0.04636,-0.83642,0.70596,-0.01665,-0.82575,0.74319,-0.10588,-0.80427,0.78822,-0.14719,-0.96985,0.63977,0.13575,-1.05603,0.61984,0.14866,-1.0992,0.661,0.07182,-1.10504,0.72527,0.07739,-0.94254,0.49384,0.00475,-0.927,0.34837,-0.01596,-0.86016,0.23729,0.05633,-0.85225,0.18138,-0.003,-0.98388,0.49525,0.04177,-1.0517,0.36416,0.03469,-1.03561,0.2251,0.084,-1.09222,0.17757,0.04872
27.1,-0.95082,0.52101,0.0377,-0.90367,0.66202,0.10619,-0.96787,0.71531,0.11109,-0.85938,0.64746,0.04598,-0.83625,0.70591,-0.01759,-0.82524,0.7428,-0.10692,-0.80294,0.7884,-0.14715,-0.97044,0.64085,0.13606,-1.05656,0.61979,0.14756,-1.09982,0.66086,0.07072,-1.10647,0.72513,0.07524,-0.94342,0.49463,0.00535,-0.92748,0.34913,-0.0149,-0.86056,0.23764,0.05667,-0.85286,0.18174,-0.0027,-0.98474,0.49601,0.0424,-1.05215,0.36471,0.03534,-1.03604,0.22553,0.08431,-1.09273,0.17813,0.04897
27.12,-0.95248,0.52204,0.03877,-0.90571,0.66377,0.10602,-0.96901,0.71819,0.10998,-0.86189,0.6492,0.04547,-0.83427,0.705,-0.01868,-0.82665,0.74084,-0.10878,-0.80488,0.78629,-0.14947,-0.97203,0.64228,0.13665,-1.05801,0.61976,0.14623,-1.10175,0.65917,0.0688,-1.10944,0.72342,0.07186,-0.94507,0.49569,0.00639,-0.92831,0.35022,-0.0133,-0.86134,0.2381,0.05722,-0.85373,0.18225,-0.00221,-0.98638,0.49701,0.04345,-1.0532,0.36542,0.03635,-1.03688,0.22609,0.08482,-1.09368,0.17881,0.04949
27.14,-0.95447,0.52319,0.04004,-0.90826,0.66577,0.10586,-0.97048,0.7215,0.10865,-0.86499,0.65122,0.04491,-0.83203,0.70344,-0.01973,-0.82927,0.74046,-0.10964,-0.80838,0.78666,-0.14994,-0.97403,0.64387,0.13737,-1.05976,0.6197,0.14493,-1.10411,0.65681,0.0667,-1.11291,0.72097,0.06807,-0.94702,0.49688,0.00764,-0.92928,0.35144,-0.01147,-0.86226,0.2386,0.05786,-0.85473,0.18282,-0.00164,-0.98834,0.49812,0.04469,-1.05449,0.36619,0.03751,-1.03789,0.2267,0.08542,-1.0948,0.17952,0.05013
27.16,-0.95635,0.5243,0.04124,-0.91066,0.66767,0.10568,-0.97183,0.72459,0.1074,-0.86794,0.65312,0.04435,-0.83052,0.70169,-0.0207,-0.83128,0.74201,-0.10922,-0.81035,0.78982,-0.14759,-0.97589,0.6454,0.13804,-1.06129,0.61961,0.14377,-1.10615,0.65462,0.06487,-1.11604,0.71863,0.0646,-0.94887,0.49802,0.00881,-0.93021,0.35262,-0.00973,-0.86315,0.23911,0.05845,-0.85569,0.18338,-0.0011,-0.9902,0.49919,0.04587,-1.05568,0.36694,0.03861,-1.03884,0.22729,0.086,-1.09585,0.18023,0.05073
27.18,-0.95807,0.52535,0.04232,-0.91276,0.66941,0.10549,-0.97287,0.72748,0.106,-0.87051,0.65478,0.04385,-0.82844,0.69901,-0.02145,-0.83069,0.74565,-0.10679,-0.80819,0.79587,-0.14095,-0.97754,0.64689,0.13858,-1.06265,0.61976,0.14194,-1.10758,0.65289,0.06228,-1.11832,0.71674,0.06043,-0.95058,0.4991,0.00987,-0.93105,0.35375,-0.00811,-0.86395,0.23962,0.05899,-0.85659,0.18396,-0.00064,-0.99189,0.50021,0.04694,-1.0568,0.36767,0.03966,-1.03971,0.22787,0.08652,-1.09684,0.18094,0.05126
27.2,-0.96019,0.52655,0.04371,-0.91563,0.67151,0.10533,-0.97458,0.73075,0.10477,-0.87403,0.65692,0.04324,-0.82833,0.69695,-0.02233,-0.83098,0.74955,-0.10411,-0.80645,0.80158,-0.13388,-0.97973,0.64853,0.13942,-1.06424,0.61946,0.14149,-1.10995,0.65005,0.06126,-1.1219,0.7136,0.05761,-0.95266,0.50035,0.01124,-0.93211,0.35506,-0.00615,-0.86498,0.2402,0.05966,-0.85767,0.18457,-1e-05,-0.994,0.50137,0.04829,-1.05813,0.36847,0.04085,-1.04078,0.22853,0.08718,-1.09801,0.18166,0.05199
27.22,-0.96335,0.52816,0.04585,-0.92037,0.67453,0.10523,-0.978,0.73505,0.10408,-0.87999,0.66029,0.04225,-0.83373,0.69786,-0.02438,-0.84133,0.75139,-0.10524,-0.81782,0.80412,-0.1346,-0.98312,0.65049,0.14105,-1.06624,0.61784,0.14504,-1.11489,0.6441,0.06501,-1.12923,0.707,0.05915,-0.95567,0.50201,0.01337,-0.9337,0.35685,-0.00333,-0.86661,0.24095,0.06066,-0.85922,0.18525,0.00106,-0.99712,0.50292,0.05029,-1.05999,0.36944,0.04234,-1.04236,0.22938,0.08819,-1.0996,0.18242,0.05316
27.24,-0.96688,0.52992,0.04832,-0.92586,0.67786,0.10513,-0.98205,0.73971,0.10346,-0.88693,0.664,0.04118,-0.84073,0.69945,-0.02664,-0.85484,0.75207,-0.10723,-0.83353,0.80509,-0.13772,-0.98698,0.65266,0.14293,-1.0682,0.61599,0.14998,-1.1203,0.63712,0.0706,-1.13747,0.69905,0.06243,-0.95903,0.50384,0.01583,-0.93549,0.35885,-0.00015,-0.86847,0.2418,0.06179,-0.86094,0.18598,0.00232,-1.00063,0.50461,0.05258,-1.06205,0.3705,0.04398,-1.04411,0.23033,0.08936,-1.10133,0.1832,0.05452
27.26,-0.97025,0.53162,0.05068,-0.93107,0.68098,0.10501,-0.98581,0.7441,0.10263,-0.89348,0.66733,0.04022,-0.84667,0.70003,-0.02856,-0.86565,0.75315,-0.10781,-0.84556,0.80663,-0.13834,-0.99063,0.65484,0.14461,-1.06987,0.61459,0.15422,-1.12475,0.6308,0.07556,-1.14457,0.6916,0.06524,-0.96223,0.50561,0.01818,-0.93721,0.36078,0.00292,-0.87025,0.24267,0.06288,-0.86261,0.18675,0.00352,-1.00397,0.50624,0.05478,-1.064,0.37154,0.04559,-1.04576,0.23125,0.09049,-1.10299,0.184,0.05583
27.28,-0.97364,0.53328,0.05288,-0.93614,0.68395,0.10476,-0.98927,0.74839,0.10163,-0.90021,0.67053,0.03898,-0.85482,0.70145,-0.03155,-0.88122,0.75388,-0.10911,-0.86318,0.80795,-0.13987,-0.9939,0.65687,0.14635,-1.07082,0.61307,0.15884,-1.12856,0.62422,0.08135,-1.15117,0.68367,0.06913,-0.96546,0.50733,0.02037,-0.93895,0.3627,0.00587,-0.87203,0.2436,0.0639,-0.86432,0.1876,0.00462,-1.00733,0.50785,0.05682,-1.06597,0.37257,0.04711,-1.04737,0.23219,0.09156,-1.10459,0.18481,0.05706
27.3,-0.97706,0.53506,0.0555,-0.94168,0.68713,0.1047,-0.99333,0.75271,0.10058,-0.90691,0.67364,0.03831,-0.85932,0.70035,-0.03249,-0.88778,0.75442,-0.10819,-0.87007,0.80868,-0.13881,-0.99793,0.65937,0.14787,-1.07246,0.61236,0.16296,-1.13222,0.61834,0.08645,-1.15746,0.67624,0.07208,-0.96869,0.50918,0.02297,-0.94068,0.36476,0.00917,-0.87388,0.24458,0.06507,-0.866,0.18844,0.00596,-1.01071,0.50954,0.05925,-1.0679,0.3737,0.04888,-1.04902,0.23318,0.0928,-1.10625,0.18565,0.05854
27.32,-0.98057,0.53706,0.0591,-0.94827,0.69082,0.10506,-0.99895,0.75705,0.09964,-0.91315,0.6766,0.03901,-0.85721,0.68888,-0.02963,-0.8727,0.75026,-0.10348,-0.85079,0.80309,-0.13387,-1.00401,0.66288,0.14877,-1.0766,0.6135,0.16561,-1.13665,0.61444,0.08909,-1.16382,0.67064,0.07182,-0.97195,0.51131,0.02654,-0.94239,0.36715,0.01328,-0.87583,0.24568,0.06662,-0.86753,0.1892,0.00789,-1.01415,0.51142,0.06261,-1.06975,0.37499,0.05125,-1.05076,0.23428,0.09447,-1.10807,0.18651,0.06067
27.34,-0.98409,0.53916,0.06312,-0.95531,0.69462,0.10558,-1.00518,0.76133,0.09874,-0.91924,0.67949,0.04025,-0.86394,0.67174,-0.02956,-0.86485,0.73775,-0.10101,-0.83946,0.7879,-0.1332,-1.01095,0.66665,0.14942,-1.08173,0.61522,0.16774,-1.14125,0.61111,0.09091,-1.17007,0.66537,0.07039,-0.97517,0.51356,0.03053,-0.94406,0.36968,0.01773,-0.87785,0.24686,0.06833,-0.86901,0.18998,0.01005,-1.01759,0.51338,0.06634,-1.07152,0.37638,0.05387,-1.05249,0.23543,0.09631,-1.1099,0.18741,0.06304
27.36,-0.98757,0.54124,0.06699,-0.96219,0.69819,0.10598,-1.0111,0.76545,0.0977,-0.92535,0.68227,0.04126,-0.88121,0.65983,-0.03316,-0.8736,0.72859,-0.10154,-0.84791,0.77743,-0.13546,-1.01758,0.67015,0.15008,-1.08639,0.6167,0.17006,-1.14537,0.60751,0.09326,-1.17584,0.65957,0.06965,-0.97835,0.51577,0.03437,-0.94571,0.37219,0.02207,-0.87986,0.2481,0.06997,-0.87053,0.19087,0.01211,-1.02099,0.51532,0.06991,-1.07324,0.37777,0.05642,-1.05414,0.2366,0.09809,-1.11165,0.18837,0.0653
27.38,-0.99122,0.54325,0.07072,-0.96894,0.70151,0.10614,-1.01701,0.7692,0.09655,-0.93151,0.68477,0.04198,-0.9098,0.65563,-0.0397,-0.89494,0.72863,-0.10224,-0.87178,0.7787,-0.13619,-1.02401,0.67347,0.15064,-1.09091,0.61847,0.17278,-1.14957,0.60433,0.09648,-1.18143,0.65422,0.07019,-0.9818,0.51791,0.03805,-0.94757,0.37465,0.02636,-0.88186,0.24948,0.07159,-0.87207,0.19185,0.01422,-1.02456,0.5172,0.07345,-1.0752,0.37915,0.05891,-1.05589,0.23779,0.09983,-1.11349,0.1893,0.06758
27.4,-0.99451,0.54542,0.07481,-0.97603,0.70493,0.10662,-1.02298,0.77316,0.09541,-0.93741,0.68744,0.04337,-0.93554,0.66107,-0.04203,-0.91693,0.73869,-0.09763,-0.89598,0.79197,-0.12792,-1.03108,0.67681,0.1511,-1.09588,0.61986,0.17453,-1.15302,0.60062,0.09819,-1.1863,0.64761,0.06852,-0.98466,0.52023,0.04216,-0.94902,0.37728,0.03089,-0.88395,0.2508,0.0733,-0.8736,0.19287,0.01633,-1.02776,0.51922,0.07713,-1.07657,0.38062,0.06163,-1.05729,0.23901,0.1017,-1.115,0.19038,0.06987
27.42,-0.99686,0.54801,0.07992,-0.98385,0.7088,0.10774,-1.02884,0.77794,0.09435,-0.94272,0.69069,0.04627,-0.9406,0.65935,-0.03742,-0.92478,0.73764,-0.09294,-0.90181,0.79078,-0.12199,-1.03951,0.68035,0.15123,-1.10139,0.62001,0.17406,-1.15424,0.59512,0.09628,-1.189,0.63703,0.0612,-0.98599,0.52303,0.04743,-0.94938,0.38033,0.03609,-0.88602,0.2519,0.07511,-0.87492,0.19393,0.01832,-1.03001,0.52161,0.08122,-1.07643,0.38226,0.06505,-1.05782,0.24029,0.10414,-1.11566,0.19176,0.07238
27.44,-0.99884,0.55074,0.08536,-0.99172,0.71259,0.10883,-1.03438,0.78272,0.09311,-0.94759,0.69398,0.04963,-0.93737,0.65425,-0.0298,-0.92676,0.73093,-0.08871,-0.90068,0.78313,-0.11681,-1.04826,0.68372,0.15089,-1.10666,0.61964,0.17268,-1.1539,0.58914,0.09331,-1.18922,0.62488,0.05243,-0.98671,0.526,0.05314,-0.94928,0.38353,0.04157,-0.88797,0.25307,0.07696,-0.87601,0.19515,0.02029,-1.03184,0.52412,0.08542,-1.07566,0.38399,0.06881,-1.05794,0.24163,0.10689,-1.11591,0.19328,0.07509
27.46,-1.00097,0.5534,0.09058,-0.9992,0.71599,0.10946,-1.03953,0.78699,0.09163,-0.95233,0.69695,0.05255,-0.9372,0.65111,-0.02269,-0.93043,0.72649,-0.0838,-0.90216,0.77872,-0.10966,-1.0565,0.68675,0.1502,-1.11131,0.61947,0.17169,-1.15311,0.58366,0.09149,-1.18805,0.61323,0.04566,-0.98767,0.52889,0.05864,-0.94933,0.38667,0.04699,-0.8898,0.25448,0.07878,-0.87699,0.19657,0.02228,-1.03377,0.52656,0.08948,-1.07507,0.38571,0.07256,-1.05809,0.243,0.10966,-1.11619,0.19481,0.07789
27.48,-1.00319,0.55609,0.09611,-1.00647,0.7192,0.1096,-1.04435,0.7911,0.09011,-0.95709,0.69964,0.05503,-0.93631,0.6474,-0.01447,-0.93329,0.72047,-0.07861,-0.90307,0.77283,-0.10187,-1.06439,0.68969,0.14926,-1.11523,0.61969,0.17173,-1.1517,0.57833,0.0916,-1.18549,0.60062,0.04103,-0.98882,0.5318,0.06447,-0.94936,0.38989,0.05275,-0.89119,0.2562,0.08055,-0.87764,0.19827,0.02426,-1.03578,0.52905,0.09396,-1.07466,0.38754,0.07678,-1.05835,0.24451,0.11291,-1.11663,0.19646,0.08122
27.5,-1.00513,0.55875,0.10107,-1.01328,0.72201,0.10981,-1.04858,0.79462,0.08819,-0.96103,0.70236,0.05802,-0.93368,0.64561,-0.0054,-0.9344,0.71592,-0.07262,-0.90328,0.76925,-0.0922,-1.07211,0.69201,0.14773,-1.11907,0.61926,0.16996,-1.1492,0.57346,0.0896,-1.18073,0.58976,0.03542,-0.98946,0.53471,0.06985,-0.94925,0.39301,0.05813,-0.89291,0.25787,0.08244,-0.87835,0.20002,0.02631,-1.03741,0.53149,0.09764,-1.07367,0.38927,0.08053,-1.05812,0.24594,0.11579,-1.11652,0.19807,0.08405
27.52,-1.00642,0.56137,0.10443,-1.01958,0.72442,0.1105,-1.05188,0.7973,0.08536,-0.96359,0.70567,0.06242,-0.92972,0.64799,0.00311,-0.93413,0.71592,-0.06638,-0.90421,0.77151,-0.08086,-1.07989,0.6932,0.14495,-1.12286,0.61694,0.16309,-1.14427,0.56907,0.08116,-1.17287,0.58346,0.02485,-0.9889,0.53767,0.07395,-0.9489,0.3959,0.0623,-0.89571,0.25908,0.08422,-0.8795,0.20173,0.02803,-1.0382,0.5338,0.09918,-1.07134,0.39074,0.08287,-1.05687,0.24714,0.11751,-1.11529,0.19949,0.08549
27.54,-1.00742,0.56393,0.10718,-1.02551,0.72658,0.11098,-1.05435,0.79953,0.08214,-0.96569,0.70913,0.06721,-0.92512,0.65189,0.01181,-0.93299,0.71684,-0.06017,-0.90598,0.77502,-0.06918,-1.08726,0.69388,0.14125,-1.12557,0.61415,0.15416,-1.13716,0.56552,0.07072,-1.1626,0.57961,0.01284,-0.98788,0.5406,0.07766,-0.9484,0.3987,0.06595,-0.89853,0.2603,0.08568,-0.88035,0.2036,0.02943,-1.03853,0.53605,0.09994,-1.06858,0.39216,0.08492,-1.0554,0.24834,0.11916,-1.11381,0.20096,0.08672
27.56,-1.00853,0.56647,0.11018,-1.03112,0.7286,0.11086,-1.0563,0.80165,0.07901,-0.96799,0.71235,0.0715,-0.92128,0.65533,0.02091,-0.93192,0.71649,-0.05397,-0.90869,0.77682,-0.058,-1.09392,0.69452,0.13719,-1.12698,0.61196,0.14624,-1.12909,0.56267,0.06241,-1.15122,0.57593,0.00299,-0.98713,0.54348,0.08169,-0.9479,0.40152,0.06983,-0.90067,0.26186,0.08697,-0.88058,0.20576,0.03077,-1.03888,0.53828,0.10111,-1.06617,0.3937,0.08753,-1.05431,0.24969,0.12142,-1.11275,0.20262,0.08856
27.58,-1.00975,0.56925,0.11336,-1.03676,0.73067,0.10996,-1.05773,0.80397,0.07572,-0.97064,0.71568,0.07528,-0.91833,0.65869,0.03049,-0.93109,0.71468,-0.04802,-0.91241,0.7767,-0.04757,-1.10027,0.69519,0.13245,-1.12697,0.61015,0.13925,-1.1193,0.55951,0.05655,-1.13826,0.5709,-0.00433,-0.98647,0.54667,0.08605,-0.94717,0.40473,0.07411,-0.90222,0.26393,0.08764,-0.88034,0.20862,0.03133,-1.03917,0.54074,0.10247,-1.0639,0.39554,0.09077,-1.05363,0.25129,0.12418,-1.11225,0.2045,0.09126
27.6,-1.01066,0.57148,0.11598,-1.04129,0.73215,0.10927,-1.0584,0.80533,0.07272,-0.97255,0.71856,0.07944,-0.91497,0.66287,0.03977,-0.92922,0.71443,-0.04148,-0.91627,0.77774,-0.03698,-1.10534,0.69526,0.12756,-1.1263,0.60842,0.13081,-1.10925,0.55913,0.0487,-1.12456,0.57112,-0.01309,-0.98569,0.54921,0.08993,-0.94665,0.40725,0.07754,-0.90358,0.26566,0.0889,-0.8795,0.2109,0.03295,-1.03915,0.54271,0.10341,-1.06169,0.39702,0.09347,-1.05291,0.25266,0.12685,-1.11146,0.20638,0.0931
27.62,-1.01082,0.57226,0.11723,-1.04385,0.73243,0.11012,-1.05823,0.80457,0.07044,-0.97289,0.72044,0.08523,-0.90993,0.66884,0.04828,-0.92559,0.71919,-0.03346,-0.91987,0.78321,-0.02541,-1.10837,0.69419,0.1233,-1.12549,0.60664,0.11767,-1.09981,0.56532,0.03344,-1.11072,0.58443,-0.02748,-0.98456,0.55009,0.0924,-0.94681,0.40791,0.07853,-0.90585,0.26591,0.09223,-0.87862,0.21081,0.03808,-1.03859,0.54341,0.10329,-1.05938,0.3974,0.09437,-1.05149,0.2532,0.12867,-1.10924,0.208,0.09219
27.64,-1.01068,0.57245,0.11791,-1.04585,0.7322,0.11147,-1.05745,0.80295,0.06851,-0.97307,0.72184,0.09163,-0.90479,0.67559,0.05713,-0.92171,0.7255,-0.02463,-0.92392,0.78931,-0.01371,-1.1105,0.69269,0.11912,-1.1235,0.60578,0.10272,-1.08931,0.57542,0.01686,-1.09603,0.60386,-0.04094,-0.98331,0.5503,0.0943,-0.94706,0.40794,0.07846,-0.90866,0.26563,0.09593,-0.87819,0.20989,0.04423,-1.03777,0.54359,0.10272,-1.057,0.39732,0.09457,-1.04985,0.25342,0.13022,-1.10627,0.20946,0.0903
27.66,-1.01067,0.57287,0.11879,-1.04817,0.73208,0.11225,-1.05629,0.80164,0.06665,-0.97396,0.72328,0.0976,-0.90087,0.68208,0.06676,-0.91851,0.73034,-0.01584,-0.92857,0.79302,-0.00298,-1.11247,0.69135,0.11458,-1.11991,0.60601,0.08904,-1.07734,0.58595,0.00391,-1.08081,0.6222,-0.04966,-0.98219,0.55077,0.09648,-0.94697,0.40837,0.07874,-0.91119,0.26574,0.09888,-0.8779,0.20948,0.04953,-1.03697,0.54396,0.10235,-1.05473,0.39745,0.0952,-1.04853,0.25382,0.1321,-1.1035,0.21098,0.08906
27.68,-1.01067,0.57349,0.1199,-1.05065,0.73207,0.11281,-1.05462,0.80037,0.06481,-0.9754,0.72486,0.10367,-0.89785,0.68882,0.07764,-0.91536,0.73437,-0.0065,-0.93348,0.79504,0.00715,-1.11415,0.69015,0.10972,-1.11454,0.60747,0.07574,-1.06349,0.59803,-0.00652,-1.06453,0.64146,-0.05456,-0.98113,0.55144,0.09895,-0.94685,0.40911,0.07892,-0.91415,0.2662,0.10206,-0.87799,0.20929,0.05555,-1.03612,0.54455,0.10223,-1.05263,0.39783,0.09654,-1.04755,0.25437,0.1343,-1.10143,0.21299,0.08854
27.7,-1.01059,0.57353,0.12041,-1.05284,0.73152,0.11327,-1.0528,0.79874,0.06361,-0.97701,0.72574,0.1093,-0.89576,0.69527,0.08783,-0.91302,0.73889,0.00262,-0.93854,0.79678,0.0165,-1.1152,0.6886,0.10502,-1.1088,0.6098,0.06329,-1.05106,0.61165,-0.01497,-1.05112,0.66178,-0.05599,-0.9801,0.55152,0.10083,-0.94628,0.40938,0.07884,-0.9164,0.26619,0.10403,-0.87811,0.20878,0.0599,-1.03517,0.54454,0.10161,-1.05043,0.39766,0.09668,-1.04639,0.25464,0.13618,-1.09781,0.21411,0.08697
27.72,-1.0104,0.57212,0.11941,-1.05439,0.72969,0.11369,-1.05167,0.79636,0.06336,-0.97838,0.72497,0.11384,-0.89435,0.7007,0.09539,-0.91248,0.74492,0.01067,-0.94403,0.79965,0.02501,-1.11558,0.6862,0.10092,-1.10492,0.61224,0.05185,-1.04403,0.62622,-0.02271,-1.04482,0.68229,-0.05514,-0.97907,0.55021,0.10108,-0.94487,0.40824,0.07858,-0.91632,0.26468,0.10322,-0.87737,0.2073,0.05964,-1.0341,0.54305,0.09963,-1.04756,0.39604,0.09339,-1.04468,0.25424,0.13712,-1.08961,0.21277,0.08261
27.74,-1.01015,0.57012,0.11784,-1.05585,0.72727,0.11408,-1.05091,0.79356,0.06343,-0.9799,0.72343,0.11797,-0.89363,0.70574,0.10258,-0.9129,0.75127,0.01881,-0.94989,0.80243,0.03331,-1.11575,0.68343,0.09708,-1.10153,0.61521,0.04108,-1.03922,0.64155,-0.02881,-1.04187,0.70214,-0.05157,-0.97806,0.54833,0.10073,-0.94323,0.40652,0.07817,-0.91537,0.26261,0.10151,-0.87622,0.20545,0.05783,-1.03297,0.54097,0.09716,-1.04434,0.39388,0.08895,-1.04368,0.25369,0.1377,-1.08026,0.21081,0.07827
27.76,-1.00992,0.56836,0.11655,-1.05762,0.72494,0.11429,-1.05005,0.7908,0.0634,-0.98192,0.72201,0.12209,-0.89394,0.71074,0.11101,-0.91356,0.75668,0.02754,-0.95585,0.80379,0.04124,-1.1159,0.68078,0.09305,-1.0972,0.61904,0.03116,-1.03393,0.65706,-0.0322,-1.0393,0.72031,-0.04507,-0.97711,0.54667,0.10073,-0.94166,0.40507,0.07782,-0.91466,0.26086,0.10026,-0.87506,0.20386,0.05676,-1.03181,0.53914,0.095,-1.04114,0.39199,0.08535,-1.0436,0.25338,0.13838,-1.0722,0.20949,0.07542
27.78,-1.00969,0.5667,0.11516,-1.05953,0.72263,0.11422,-1.04916,0.78805,0.06325,-0.98433,0.72052,0.12606,-0.89527,0.71533,0.12039,-0.9143,0.76103,0.03666,-0.96153,0.80381,0.04828,-1.11591,0.67824,0.08873,-1.09263,0.62375,0.0218,-1.02949,0.67295,-0.03347,-1.03842,0.73705,-0.03614,-0.9762,0.54512,0.10066,-0.94006,0.40368,0.07781,-0.91366,0.25916,0.09889,-0.87357,0.2024,0.05553,-1.0306,0.53739,0.09277,-1.03749,0.39021,0.08173,-1.04459,0.25337,0.13878,-1.0636,0.20848,0.07296
27.8,-1.00945,0.56472,0.11384,-1.06159,0.71989,0.1142,-1.04857,0.78498,0.06342,-0.98706,0.71855,0.12972,-0.89767,0.7196,0.12952,-0.91628,0.76575,0.04594,-0.96768,0.80395,0.05566,-1.11595,0.67535,0.08486,-1.08802,0.62858,0.01398,-1.02634,0.68773,-0.03248,-1.03959,0.75077,-0.02576,-0.97536,0.54323,0.10066,-0.93843,0.4021,0.07721,-0.91267,0.25736,0.09761,-0.8722,0.20081,0.05432,-1.02939,0.53533,0.09068,-1.03435,0.38816,0.07843,-1.04593,0.25306,0.1388,-1.05753,0.20734,0.07183
27.82,-1.00919,0.56193,0.11282,-1.06387,0.71621,0.11457,-1.04865,0.78126,0.06435,-0.99,0.71569,0.13305,-0.90111,0.72408,0.13743,-0.92129,0.77236,0.05543,-0.97612,0.80546,0.06512,-1.11627,0.67152,0.08209,-1.08346,0.63265,0.00857,-1.02434,0.69993,-0.02937,-1.04243,0.76049,-0.01519,-0.97456,0.54054,0.10093,-0.93659,0.40013,0.07497,-0.91209,0.25536,0.0967,-0.87148,0.19887,0.05346,-1.02817,0.53247,0.08896,-1.03294,0.38537,0.07581,-1.04584,0.25173,0.13909,-1.05713,0.2054,0.0725
27.84,-1.00892,0.55885,0.11191,-1.06629,0.71213,0.11499,-1.04912,0.77724,0.06547,-0.99312,0.71243,0.13605,-0.90558,0.72782,0.14563,-0.9275,0.77872,0.06569,-0.98514,0.80662,0.07539,-1.11674,0.66729,0.07972,-1.07932,0.63653,0.00459,-1.02369,0.71069,-0.02487,-1.04672,0.76768,-0.00443,-0.97384,0.53755,0.10128,-0.93454,0.39811,0.07221,-0.91146,0.25342,0.09592,-0.8708,0.19697,0.05268,-1.02696,0.52932,0.08741,-1.03211,0.38232,0.07334,-1.04495,0.25006,0.13946,-1.05835,0.20321,0.07363
27.86,-1.00869,0.55593,0.11096,-1.06885,0.70811,0.11509,-1.04964,0.77323,0.06635,-0.99651,0.70921,0.13883,-0.91111,0.73028,0.15476,-0.93364,0.78345,0.07648,-0.99361,0.80642,0.08492,-1.11718,0.66318,0.07708,-1.07554,0.64086,0.00119,-1.02427,0.72096,-0.01925,-1.05226,0.77321,0.00686,-0.97319,0.53472,0.1016,-0.93238,0.39631,0.06985,-0.9106,0.25168,0.09515,-0.8698,0.19531,0.05194,-1.02576,0.52633,0.08585,-1.03093,0.37943,0.07084,-1.04431,0.24864,0.13973,-1.05861,0.20128,0.07445
27.88,-1.00832,0.55287,0.10995,-1.07152,0.70379,0.11492,-1.05019,0.76897,0.06717,-1.00024,0.70568,0.14163,-0.91803,0.73224,0.16461,-0.94118,0.78733,0.08785,-1.00321,0.80485,0.09432,-1.11739,0.65884,0.074,-1.07168,0.64559,-0.00167,-1.02582,0.7307,-0.01237,-1.05892,0.77685,0.01876,-0.97243,0.53176,0.10198,-0.92983,0.39453,0.06753,-0.9094,0.25002,0.0945,-0.86841,0.19381,0.05127,-1.02433,0.5232,0.08424,-1.02954,0.3764,0.06826,-1.04325,0.24719,0.14,-1.05873,0.19933,0.07536
27.9,-1.00823,0.55004,0.10908,-1.07428,0.69971,0.11469,-1.05108,0.76491,0.06784,-1.00391,0.70238,0.14365,-0.92494,0.7316,0.17367,-0.9477,0.78954,0.09893,-1.01083,0.80337,0.10322,-1.11803,0.65471,0.07157,-1.06931,0.64976,-0.00321,-1.02916,0.73833,-0.0053,-1.06656,0.77831,0.02933,-0.97204,0.52901,0.10231,-0.92758,0.39303,0.06536,-0.90836,0.24865,0.09393,-0.8672,0.19251,0.05077,-1.02332,0.52031,0.08289,-1.02849,0.37362,0.06594,-1.04239,0.24586,0.14021,-1.05898,0.19762,0.07613
27.92,-1.00894,0.54788,0.10858,-1.0771,0.69658,0.11475,-1.05266,0.76161,0.0683,-1.00695,0.70003,0.14416,-0.93008,0.72836,0.17995,-0.95165,0.79037,0.10817,-1.015,0.80359,0.11098,-1.11996,0.65126,0.07107,-1.06993,0.65234,-0.003,-1.03443,0.74283,0.00058,-1.07445,0.77851,0.03693,-0.97262,0.52687,0.10249,-0.92652,0.39202,0.06347,-0.90822,0.24778,0.09327,-0.86704,0.19135,0.0505,-1.02351,0.51813,0.08211,-1.02846,0.37154,0.06428,-1.0427,0.24487,0.14032,-1.05966,0.19641,0.0765
27.94,-1.00993,0.54597,0.10821,-1.07991,0.6938,0.11493,-1.05447,0.75859,0.06867,-1.00971,0.69806,0.14412,-0.93536,0.72658,0.18474,-0.95715,0.79139,0.11556,-1.02076,0.80349,0.11702,-1.12234,0.64805,0.07129,-1.07174,0.65422,-0.00214,-1.04031,0.74591,0.006,-1.08222,0.77811,0.04345,-0.97353,0.52497,0.10262,-0.92589,0.39123,0.06169,-0.90843,0.24711,0.09261,-0.86733,0.19028,0.05031,-1.02414,0.51622,0.08155,-1.02882,0.36972,0.06289,-1.04338,0.24398,0.1404,-1.06057,0.19538,0.07675
27.96,-1.01079,0.54395,0.10778,-1.08272,0.69082,0.11496,-1.0562,0.75541,0.06901,-1.01261,0.6959,0.14425,-0.94154,0.7268,0.18881,-0.96567,0.79247,0.12123,-1.02977,0.80174,0.12139,-1.12449,0.64468,0.07109,-1.07337,0.65624,-0.00133,-1.04628,0.74873,0.01186,-1.09008,0.77692,0.05036,-0.97429,0.52297,0.10278,-0.92501,0.39041,0.05997,-0.90845,0.24644,0.09203,-0.8674,0.18926,0.05014,-1.02455,0.51419,0.08091,-1.02894,0.36779,0.0614,-1.04381,0.24308,0.1405,-1.06132,0.19432,0.07706
27.98,-1.01168,0.54189,0.10735,-1.08569,0.68771,0.11492,-1.05805,0.75205,0.06931,-1.01571,0.69367,0.14433,-0.94846,0.7289,0.19153,-0.97717,0.79342,0.12464,-1.04174,0.79853,0.124,-1.12675,0.64113,0.07084,-1.07526,0.65839,-0.00017,-1.05278,0.75121,0.0183,-1.09836,0.77505,0.05767,-0.9751,0.52091,0.10294,-0.92405,0.38967,0.05821,-0.9085,0.24585,0.09145,-0.8675,0.18831,0.05001,-1.025,0.51212,0.08025,-1.02911,0.36583,0.05989,-1.04429,0.2422,0.1406,-1.06205,0.19326,0.07736
28,-1.01256,0.54,0.10695,-1.08834,0.68489,0.11482,-1.05976,0.74903,0.0695,-1.01842,0.69165,0.14421,-0.95396,0.73131,0.19179,-0.98824,0.7933,0.12512,-1.053,0.79444,0.125,-1.12884,0.63789,0.07068,-1.07749,0.65979,0.00086,-1.05888,0.75246,0.02384,-1.10573,0.77262,0.06376,-0.9759,0.51905,0.10308,-0.92326,0.389,0.05672,-0.90854,0.24533,0.09096,-0.86764,0.18745,0.0499,-1.02547,0.51022,0.07968,-1.0292,0.36403,0.05853,-1.04468,0.24139,0.14068,-1.06274,0.19233,0.07763
28.02,-1.0133,0.53845,0.10665,-1.09011,0.68278,0.11468,-1.06111,0.74684,0.06951,-1.02012,0.69009,0.14378,-0.95654,0.73103,0.19145,-0.99377,0.79215,0.12556,-1.05854,0.79163,0.126,-1.13045,0.63544,0.07075,-1.07998,0.65952,0.001,-1.06345,0.75184,0.02679,-1.11084,0.77012,0.06698,-0.97657,0.51757,0.10318,-0.92289,0.38832,0.05578,-0.90843,0.24478,0.09065,-0.86773,0.18663,0.04977,-1.02586,0.50861,0.07928,-1.029,0.3625,0.05747,-1.04485,0.24069,0.14079,-1.06337,0.19165,0.07786
28.04,-1.01402,0.53708,0.10639,-1.09153,0.68104,0.11453,-1.06229,0.74504,0.06944,-1.02142,0.68878,0.14321,-0.958,0.72973,0.19108,-0.99703,0.7908,0.12621,-1.06178,0.78955,0.12709,-1.13187,0.63338,0.07094,-1.08253,0.65864,0.0008,-1.06731,0.75057,0.02871,-1.11498,0.76774,0.06906,-0.9772,0.51629,0.10327,-0.92273,0.38768,0.05506,-0.90829,0.24425,0.09041,-0.86782,0.18586,0.04964,-1.02627,0.50718,0.07895,-1.02872,0.36114,0.05658,-1.04497,0.24008,0.14089,-1.06399,0.1911,0.07805
28.06,-1.01476,0.53569,0.10612,-1.09311,0.67918,0.11436,-1.06354,0.74311,0.06937,-1.02291,0.6874,0.14269,-0.95995,0.72889,0.19071,-1.00124,0.78944,0.12675,-1.06595,0.78704,0.12813,-1.13337,0.6312,0.07105,-1.08506,0.65802,0.00078,-1.07139,0.74944,0.03106,-1.11939,0.76519,0.0716,-0.97786,0.51498,0.10336,-0.92251,0.38707,0.05431,-0.90815,0.24376,0.09018,-0.8679,0.18513,0.04955,-1.02668,0.50573,0.0786,-1.02849,0.35977,0.05567,-1.04514,0.23947,0.141,-1.06462,0.19056,0.07825
28.08,-1.01547,0.53407,0.10584,-1.09477,0.67704,0.11418,-1.06492,0.74089,0.06928,-1.02447,0.68581,0.14209,-0.96204,0.72766,0.19049,-1.00543,0.78785,0.12759,-1.07009,0.78444,0.12927,-1.13494,0.62867,0.07122,-1.08784,0.65717,0.00079,-1.07576,0.74795,0.03358,-1.12407,0.7622,0.07431,-0.9785,0.51346,0.10347,-0.92213,0.38637,0.05342,-0.90793,0.24321,0.08995,-0.86792,0.18429,0.0495,-1.02705,0.50404,0.07824,-1.02817,0.35818,0.05463,-1.04528,0.23879,0.14113,-1.06528,0.18996,0.07847
28.1,-1.01622,0.53296,0.10559,-1.09616,0.67557,0.11398,-1.066,0.73936,0.06918,-1.02579,0.68473,0.14159,-0.96356,0.72686,0.19,-1.00892,0.78647,0.12794,-1.0735,0.78204,0.13024,-1.13627,0.62694,0.07126,-1.09013,0.65656,0.00066,-1.07923,0.74672,0.03552,-1.12776,0.75985,0.07636,-0.97919,0.51242,0.10354,-0.9221,0.38589,0.05291,-0.90783,0.24284,0.08982,-0.86799,0.18375,0.04945,-1.02752,0.50288,0.07793,-1.02799,0.35708,0.05394,-1.04548,0.23832,0.14123,-1.06585,0.18958,0.07863
28.12,-1.01704,0.53318,0.10541,-1.09695,0.67581,0.11371,-1.06635,0.73953,0.06913,-1.02658,0.68497,0.14134,-0.96383,0.72771,0.18853,-1.01131,0.78595,0.12676,-1.07569,0.78008,0.13078,-1.13706,0.62716,0.07101,-1.09115,0.65674,0.00024,-1.08068,0.74655,0.03611,-1.12937,0.75931,0.07687,-0.97999,0.51264,0.1035,-0.92294,0.38593,0.05329,-0.90807,0.24287,0.08993,-0.86828,0.18394,0.04927,-1.02822,0.50309,0.07771,-1.02815,0.35723,0.05411,-1.04579,0.23839,0.14126,-1.06614,0.18968,0.07864
28.14,-1.01788,0.53392,0.10527,-1.09744,0.67675,0.11343,-1.06638,0.74042,0.06909,-1.02711,0.68571,0.14123,-0.96342,0.72869,0.18692,-1.01271,0.78569,0.1254,-1.07681,0.77859,0.13148,-1.13757,0.62822,0.07062,-1.09162,0.65726,-0.00035,-1.08123,0.74683,0.03614,-1.13006,0.75956,0.07675,-0.98085,0.51336,0.10342,-0.92412,0.38618,0.05402,-0.90847,0.24306,0.09009,-0.86866,0.18443,0.04902,-1.02903,0.50384,0.07754,-1.02847,0.35787,0.05461,-1.04614,0.23867,0.14126,-1.06633,0.18995,0.07858
28.16,-1.01875,0.53444,0.10512,-1.09801,0.67744,0.11316,-1.06653,0.74106,0.06904,-1.02773,0.68624,0.14111,-0.96321,0.72916,0.18569,-1.01403,0.78523,0.12457,-1.07782,0.77717,0.13245,-1.13816,0.62902,0.07023,-1.09224,0.65772,-0.00089,-1.08206,0.74696,0.03643,-1.13104,0.75957,0.07689,-0.98171,0.51388,0.10337,-0.92516,0.38638,0.0546,-0.90882,0.24321,0.0902,-0.86902,0.18483,0.04878,-1.02982,0.50437,0.07736,-1.02876,0.35832,0.05498,-1.04649,0.23887,0.14127,-1.06657,0.19014,0.07857
28.18,-1.01948,0.53484,0.10495,-1.09878,0.67783,0.11291,-1.0668,0.74135,0.06901,-1.02846,0.68669,0.14076,-0.96284,0.72937,0.18393,-1.01543,0.78492,0.12385,-1.07879,0.77583,0.13379,-1.13897,0.62934,0.07011,-1.09328,0.65775,-0.00128,-1.08341,0.74677,0.03669,-1.13251,0.75906,0.0771,-0.98243,0.51429,0.1033,-0.92616,0.38643,0.05515,-0.90913,0.24326,0.09037,-0.86945,0.18504,0.0486,-1.03048,0.50477,0.07717,-1.02887,0.35865,0.05529,-1.04674,0.23902,0.14131,-1.06674,0.1903,0.07858
28.2,-1.02049,0.53564,0.10482,-1.09909,0.67902,0.1126,-1.06673,0.74254,0.06898,-1.02891,0.68744,0.14094,-0.96257,0.72938,0.18373,-1.01576,0.78439,0.12368,-1.07884,0.77486,0.1349,-1.13924,0.63085,0.06942,-1.09333,0.65876,-0.00202,-1.08347,0.74735,0.03691,-1.13275,0.7598,0.07706,-0.98346,0.51505,0.10325,-0.92736,0.38683,0.05585,-0.90964,0.24358,0.0904,-0.86981,0.18574,0.04824,-1.03145,0.50558,0.07699,-1.02941,0.35936,0.05583,-1.04718,0.23934,0.14131,-1.06702,0.19057,0.07857
28.22,-1.02231,0.53734,0.1048,-1.0983,0.68214,0.11214,-1.06584,0.74591,0.06896,-1.02886,0.68881,0.14268,-0.96295,0.7294,0.1874,-1.01419,0.78299,0.12442,-1.07748,0.77436,0.13514,-1.13806,0.63533,0.06713,-1.09059,0.66221,-0.00369,-1.08014,0.74983,0.03724,-1.12983,0.76364,0.07643,-0.98535,0.51662,0.10329,-0.92902,0.38814,0.05689,-0.91061,0.24466,0.09009,-0.86997,0.18772,0.04748,-1.0333,0.50738,0.07688,-1.03116,0.361,0.05688,-1.04822,0.24009,0.14125,-1.06768,0.19113,0.07853
28.24,-1.02439,0.53942,0.10481,-1.097,0.68598,0.11163,-1.06454,0.75007,0.06892,-1.02865,0.6904,0.14491,-0.96361,0.72946,0.1922,-1.01186,0.78115,0.1254,-1.07552,0.7741,0.13507,-1.13614,0.6409,0.06436,-1.08671,0.66647,-0.00561,-1.07549,0.75288,0.03763,-1.12551,0.76853,0.07569,-0.98753,0.51854,0.10334,-0.93089,0.38979,0.05808,-0.91174,0.24603,0.08966,-0.87,0.19024,0.0466,-1.03545,0.50959,0.07678,-1.03334,0.36303,0.05816,-1.04948,0.24103,0.14114,-1.06847,0.19185,0.07845
28.26,-1.02634,0.54136,0.10478,-1.09582,0.68944,0.11115,-1.06332,0.75377,0.06884,-1.02859,0.69185,0.14681,-0.96423,0.72946,0.19617,-1.00989,0.77933,0.12624,-1.0738,0.77382,0.13524,-1.13431,0.6459,0.06194,-1.08325,0.6702,-0.0073,-1.07141,0.75543,0.03805,-1.12161,0.77276,0.07515,-0.98956,0.52032,0.10336,-0.93271,0.39127,0.05923,-0.91277,0.24729,0.08927,-0.87001,0.19259,0.04582,-1.03745,0.51164,0.07666,-1.03532,0.36491,0.05935,-1.05066,0.24193,0.14103,-1.06923,0.19257,0.07837
28.28,-1.02839,0.54321,0.10485,-1.09485,0.6927,0.1107,-1.06226,0.75725,0.06881,-1.02902,0.69312,0.14897,-0.96561,0.72923,0.20062,-1.00837,0.77714,0.12756,-1.07251,0.77329,0.13572,-1.13231,0.6507,0.05941,-1.07928,0.67362,-0.00881,-1.06722,0.75767,0.03865,-1.11767,0.7767,0.07454,-0.99169,0.52202,0.10349,-0.93447,0.39282,0.06032,-0.91375,0.24868,0.08905,-0.87019,0.19497,0.04517,-1.03954,0.5136,0.07663,-1.03742,0.36674,0.06051,-1.05191,0.24287,0.14098,-1.0701,0.19333,0.07834
28.3,-1.03027,0.54532,0.10472,-1.09322,0.69632,0.1102,-1.06062,0.76107,0.0686,-1.0287,0.69469,0.15061,-0.96592,0.72932,0.204,-1.00605,0.77517,0.12817,-1.07035,0.77341,0.1358,-1.12999,0.65585,0.0572,-1.07571,0.67744,-0.01046,-1.06289,0.76014,0.03911,-1.11311,0.78096,0.07434,-0.99366,0.52397,0.10339,-0.93642,0.39433,0.06157,-0.91481,0.24998,0.08853,-0.86994,0.19757,0.04437,-1.04148,0.51582,0.0764,-1.03939,0.3688,0.06182,-1.05312,0.24388,0.14079,-1.07087,0.19417,0.07816
28.32,-1.03165,0.54808,0.10402,-1.08999,0.70093,0.10954,-1.0576,0.76584,0.06803,-1.02611,0.69707,0.15082,-0.96283,0.73039,0.20445,-1.00154,0.77409,0.12665,-1.06582,0.77508,0.13458,-1.12724,0.66191,0.0558,-1.07379,0.68256,-0.01281,-1.05854,0.76348,0.03896,-1.10735,0.78616,0.075,-0.99516,0.52655,0.10268,-0.93883,0.39574,0.06331,-0.9159,0.25106,0.08722,-0.86833,0.20091,0.04329,-1.04298,0.51873,0.07559,-1.04084,0.37148,0.06356,-1.05412,0.2451,0.14024,-1.07126,0.19516,0.07761
28.34,-1.03284,0.55107,0.10311,-1.08607,0.70576,0.10883,-1.05395,0.77085,0.06739,-1.02266,0.69961,0.15055,-0.95846,0.73159,0.20391,-0.99629,0.77313,0.1245,-1.06038,0.77718,0.13298,-1.12421,0.66822,0.05466,-1.07232,0.68817,-0.01534,-1.05403,0.76703,0.03859,-1.10092,0.79151,0.07597,-0.99646,0.52934,0.10173,-0.94143,0.39716,0.06521,-0.91706,0.25218,0.08564,-0.8664,0.20463,0.04227,-1.04431,0.52187,0.07458,-1.04213,0.37441,0.06546,-1.05498,0.24645,0.13956,-1.07146,0.19627,0.07696
28.36,-1.03408,0.55392,0.1023,-1.08235,0.71023,0.10815,-1.05044,0.7755,0.06684,-1.01962,0.70186,0.1505,-0.95467,0.7324,0.20379,-0.99162,0.77182,0.1229,-1.05539,0.77888,0.13176,-1.12112,0.67415,0.05343,-1.07047,0.69345,-0.01766,-1.04949,0.77018,0.03834,-1.09456,0.79633,0.07681,-0.99782,0.532,0.10089,-0.94399,0.39862,0.06704,-0.91822,0.25346,0.08423,-0.86483,0.20835,0.04152,-1.04568,0.52486,0.07367,-1.04352,0.37726,0.06729,-1.05581,0.24786,0.13895,-1.0717,0.19746,0.07637
28.38,-1.03552,0.55695,0.10147,-1.07868,0.71474,0.10743,-1.04702,0.78024,0.06629,-1.0168,0.70413,0.15053,-0.95112,0.73326,0.20371,-0.98735,0.77014,0.12132,-1.05064,0.78045,0.13044,-1.11792,0.68019,0.05207,-1.06856,0.6988,-0.0201,-1.04497,0.77322,0.03793,-1.08801,0.80105,0.07753,-0.99937,0.53484,0.10007,-0.94672,0.40033,0.06894,-0.91907,0.25518,0.08293,-0.86284,0.21278,0.0411,-1.04721,0.52805,0.07274,-1.04499,0.38035,0.0692,-1.05667,0.24953,0.13834,-1.07193,0.19886,0.07582
28.4,-1.03648,0.55964,0.10062,-1.07459,0.71872,0.10678,-1.04306,0.78438,0.0658,-1.01341,0.706,0.15029,-0.94684,0.73348,0.20325,-0.98269,0.76867,0.11995,-1.04536,0.78199,0.12952,-1.11451,0.68562,0.05101,-1.06652,0.70393,-0.02215,-1.04025,0.77595,0.03771,-1.08128,0.80509,0.07849,-1.00045,0.53735,0.09913,-0.94921,0.4017,0.07074,-0.92038,0.2565,0.08148,-0.86175,0.21638,0.04072,-1.04834,0.53089,0.0718,-1.04627,0.38315,0.071,-1.05726,0.251,0.13767,-1.07199,0.20012,0.0752
28.42,-1.03625,0.56141,0.09973,-1.06967,0.72152,0.10623,-1.03795,0.78713,0.06531,-1.0086,0.70699,0.14933,-0.94087,0.7323,0.20189,-0.9767,0.76809,0.11884,-1.03867,0.78362,0.12948,-1.11089,0.68965,0.0507,-1.06431,0.70852,-0.02323,-1.03512,0.7782,0.03804,-1.07452,0.80791,0.08001,-1.00034,0.53895,0.09786,-0.95105,0.40202,0.07229,-0.92273,0.25652,0.0798,-0.86258,0.21742,0.04028,-1.0485,0.53279,0.07094,-1.04709,0.38504,0.07244,-1.05736,0.2517,0.13682,-1.07179,0.20079,0.0743
28.44,-1.03555,0.56282,0.09881,-1.06436,0.72382,0.10561,-1.03233,0.7893,0.06472,-1.00323,0.70758,0.14801,-0.93429,0.73056,0.20008,-0.97013,0.76774,0.11766,-1.03137,0.78515,0.12958,-1.1071,0.69311,0.05058,-1.06194,0.71287,-0.02399,-1.02974,0.78017,0.03843,-1.06762,0.81017,0.08156,-0.99976,0.54021,0.09648,-0.95255,0.40205,0.07377,-0.92485,0.25631,0.07834,-0.86337,0.21785,0.04026,-1.04824,0.53433,0.0701,-1.04765,0.38662,0.07379,-1.05725,0.25217,0.13592,-1.07145,0.20128,0.07333
28.46,-1.035,0.56437,0.09789,-1.05914,0.72613,0.10487,-1.02681,0.7915,0.06404,-0.99812,0.70816,0.14674,-0.92814,0.72887,0.19836,-0.96389,0.76705,0.11635,-1.0243,0.78644,0.1294,-1.10322,0.69664,0.05023,-1.05939,0.71717,-0.02492,-1.02432,0.78198,0.03857,-1.06061,0.81234,0.08281,-0.99934,0.5416,0.09516,-0.95409,0.40235,0.0753,-0.92617,0.25659,0.07729,-0.86316,0.21903,0.04085,-1.04811,0.53601,0.06923,-1.04821,0.38837,0.07519,-1.05718,0.25284,0.13503,-1.07114,0.20195,0.07239
28.48,-1.03468,0.56604,0.09701,-1.05405,0.72843,0.10407,-1.02144,0.7937,0.06331,-0.99319,0.70872,0.14538,-0.9222,0.72706,0.19652,-0.95785,0.76627,0.11495,-1.01729,0.78768,0.12926,-1.09949,0.7002,0.04988,-1.05703,0.72162,-0.02581,-1.01904,0.78376,0.03867,-1.0536,0.81449,0.08402,-0.99917,0.54311,0.09382,-0.95597,0.40279,0.07714,-0.92713,0.2572,0.07671,-0.86245,0.22066,0.04222,-1.04825,0.53781,0.06844,-1.04897,0.39028,0.0767,-1.05725,0.25367,0.13413,-1.07099,0.20281,0.07141
28.5,-1.03376,0.56737,0.09605,-1.04854,0.73025,0.1031,-1.01553,0.79536,0.06242,-0.9879,0.70889,0.14391,-0.91607,0.72502,0.19462,-0.95148,0.76531,0.11347,-1.01001,0.78849,0.12874,-1.09522,0.70324,0.04934,-1.05387,0.72543,-0.02675,-1.01325,0.78506,0.03849,-1.04635,0.81597,0.0848,-0.99837,0.54429,0.09249,-0.95695,0.40315,0.07847,-0.92718,0.25776,0.07643,-0.86103,0.22211,0.04384,-1.04771,0.53926,0.06753,-1.04911,0.39189,0.07801,-1.05695,0.25435,0.13326,-1.07048,0.2035,0.07049
28.52,-1.03141,0.5679,0.09485,-1.04208,0.73109,0.10195,-1.00838,0.79593,0.06138,-0.98174,0.70823,0.14239,-0.90932,0.7226,0.19279,-0.94424,0.76401,0.11199,-1.00223,0.78841,0.12738,-1.08974,0.70526,0.04848,-1.04892,0.7277,-0.02782,-1.00633,0.78541,0.03788,-1.03867,0.81609,0.08488,-0.99611,0.5447,0.09119,-0.95589,0.4031,0.07835,-0.92624,0.25769,0.07576,-0.85926,0.22248,0.04442,-1.0455,0.53989,0.0663,-1.04785,0.39268,0.07876,-1.05578,0.25455,0.13249,-1.06912,0.20367,0.0697
28.54,-1.02844,0.56809,0.09356,-1.03521,0.73149,0.10074,-1.00072,0.79599,0.06031,-0.97523,0.7072,0.14087,-0.90234,0.71998,0.19103,-0.93663,0.76255,0.11057,-0.99423,0.78796,0.12582,-1.08374,0.7068,0.04751,-1.0432,0.72937,-0.0289,-0.99893,0.78537,0.03717,-1.03085,0.81564,0.08472,-0.99321,0.54479,0.08991,-0.95394,0.40287,0.07763,-0.92497,0.25733,0.07489,-0.85742,0.22233,0.04456,-1.04259,0.54018,0.06496,-1.04601,0.39316,0.07929,-1.05429,0.25456,0.13174,-1.06746,0.20363,0.06896
28.56,-1.02568,0.56842,0.09232,-1.02849,0.73193,0.09956,-0.99322,0.79611,0.05927,-0.96891,0.70619,0.13939,-0.89559,0.71733,0.1893,-0.92923,0.76103,0.10917,-0.98634,0.78753,0.1244,-1.07785,0.70843,0.04656,-1.03766,0.73125,-0.02996,-0.99168,0.78537,0.03651,-1.0231,0.81528,0.08462,-0.99053,0.545,0.08863,-0.95227,0.40275,0.07713,-0.92373,0.25713,0.07419,-0.85551,0.22241,0.04504,-1.03992,0.5406,0.06367,-1.04437,0.39381,0.07991,-1.05298,0.25471,0.13098,-1.06598,0.20375,0.06818
28.58,-1.02324,0.56881,0.09107,-1.02191,0.73234,0.0984,-0.98593,0.79622,0.05828,-0.96273,0.7051,0.13781,-0.88895,0.71438,0.18742,-0.92195,0.75924,0.10767,-0.97853,0.78686,0.12289,-1.07221,0.71011,0.04572,-1.03235,0.7331,-0.03092,-0.98459,0.78523,0.03589,-1.0154,0.81474,0.08462,-0.98817,0.54528,0.0873,-0.95119,0.4026,0.07687,-0.9227,0.25698,0.0735,-0.85375,0.22269,0.04557,-1.0376,0.5411,0.06237,-1.04302,0.39457,0.08056,-1.05192,0.25495,0.13014,-1.06476,0.20399,0.06732
28.6,-1.01997,0.56899,0.08981,-1.01492,0.73244,0.09719,-0.97806,0.79594,0.05726,-0.95628,0.70385,0.13647,-0.88224,0.7117,0.18594,-0.91443,0.75765,0.10648,-0.97053,0.78627,0.12161,-1.06582,0.71138,0.04461,-1.02614,0.73472,-0.03202,-0.97702,0.78501,0.0352,-1.00758,0.81412,0.08434,-0.98497,0.54536,0.08607,-0.94865,0.40249,0.07597,-0.92105,0.25669,0.0728,-0.85161,0.22246,0.04606,-1.03437,0.54136,0.06106,-1.04091,0.39511,0.08107,-1.05038,0.2551,0.12941,-1.06309,0.2041,0.06659
28.62,-1.01483,0.56864,0.08864,-1.00698,0.73198,0.09593,-0.96885,0.79488,0.05625,-0.94926,0.70241,0.13583,-0.87538,0.70998,0.18559,-0.90642,0.75681,0.10619,-0.96215,0.78625,0.12113,-1.05771,0.71176,0.04286,-1.01793,0.73597,-0.03345,-0.96838,0.78492,0.03445,-0.99952,0.81369,0.08342,-0.97982,0.54498,0.08516,-0.94238,0.40252,0.07345,-0.91803,0.25612,0.07207,-0.84858,0.22107,0.04645,-1.02902,0.54103,0.05976,-1.03707,0.39508,0.08136,-1.04765,0.25491,0.129,-1.06025,0.20383,0.06621
28.64,-1.00884,0.56808,0.08748,-0.99861,0.7313,0.0947,-0.95908,0.7935,0.05529,-0.94194,0.7009,0.13547,-0.86839,0.70864,0.18568,-0.89816,0.75626,0.10626,-0.95357,0.78642,0.12094,-1.04886,0.71178,0.04091,-1.00886,0.73701,-0.03495,-0.95928,0.78487,0.03371,-0.99132,0.8133,0.08229,-0.9738,0.54442,0.08435,-0.93461,0.40264,0.07037,-0.91433,0.25561,0.07143,-0.84508,0.21941,0.04687,-1.02274,0.54047,0.05846,-1.03247,0.39484,0.08146,-1.04446,0.25462,0.12863,-1.05697,0.20344,0.06592
28.66,-1.00309,0.56762,0.08628,-0.99036,0.73066,0.09351,-0.94952,0.7922,0.0544,-0.93469,0.6994,0.13502,-0.86142,0.70713,0.18564,-0.88995,0.75554,0.10624,-0.94503,0.78645,0.12065,-1.04023,0.71189,0.03911,-1.00003,0.73805,-0.03633,-0.95033,0.78475,0.03304,-0.98315,0.81283,0.08131,-0.96803,0.54395,0.08347,-0.92742,0.40277,0.06761,-0.91076,0.25532,0.07085,-0.84166,0.21813,0.04737,-1.01674,0.54002,0.05713,-1.02813,0.39474,0.08153,-1.0415,0.25446,0.12814,-1.05394,0.20318,0.06549
28.68,-0.99795,0.56713,0.0852,-0.98244,0.72993,0.09244,-0.94021,0.79074,0.05367,-0.9279,0.69775,0.13472,-0.8549,0.70544,0.18575,-0.88216,0.75474,0.10645,-0.93683,0.78639,0.12076,-1.0319,0.71198,0.03739,-0.99148,0.73918,-0.03756,-0.9416,0.7846,0.03252,-0.97524,0.81247,0.08035,-0.96287,0.54344,0.08272,-0.92041,0.40305,0.06482,-0.90742,0.2553,0.07045,-0.83835,0.21727,0.04826,-1.01133,0.53956,0.05591,-1.02433,0.39468,0.08186,-1.03898,0.25425,0.12763,-1.05128,0.20298,0.06494
28.7,-0.99133,0.56665,0.0839,-0.97374,0.72924,0.09127,-0.93028,0.7894,0.05285,-0.92019,0.69635,0.13428,-0.84755,0.70419,0.18579,-0.87355,0.75412,0.10646,-0.92795,0.78645,0.12032,-1.02271,0.71192,0.03559,-0.98204,0.73996,-0.03892,-0.93234,0.78446,0.03188,-0.96679,0.81186,0.07939,-0.95623,0.54298,0.08173,-0.91261,0.40318,0.06208,-0.90317,0.25527,0.07002,-0.83443,0.21614,0.04873,-1.00445,0.53907,0.05449,-1.01927,0.39456,0.0815,-1.0356,0.25422,0.12698,-1.04791,0.20278,0.06443
28.72,-0.98097,0.56619,0.08198,-0.96297,0.72872,0.08968,-0.91876,0.78853,0.05155,-0.90998,0.69563,0.13323,-0.83788,0.70403,0.1854,-0.8627,0.75391,0.10567,-0.91711,0.78685,0.11794,-1.01139,0.71159,0.03346,-0.97047,0.73988,-0.04081,-0.92175,0.78434,0.03069,-0.95686,0.81046,0.07844,-0.94577,0.54263,0.08007,-0.9031,0.40267,0.05952,-0.89673,0.25471,0.06926,-0.82912,0.21379,0.04771,-0.99381,0.5385,0.05255,-1.01099,0.39424,0.07947,-1.02994,0.2546,0.12607,-1.04259,0.20257,0.0641
28.74,-0.96915,0.56576,0.07984,-0.95142,0.7283,0.08792,-0.90664,0.78786,0.05008,-0.89883,0.69522,0.13196,-0.82735,0.70435,0.18485,-0.85101,0.75394,0.10459,-0.90551,0.7874,0.11491,-0.99925,0.71119,0.0312,-0.95808,0.73952,-0.04292,-0.91065,0.78426,0.02927,-0.94634,0.80884,0.07741,-0.93384,0.54236,0.07818,-0.89287,0.40198,0.057,-0.88939,0.25404,0.06841,-0.82324,0.21112,0.04624,-0.9817,0.53794,0.05041,-1.00141,0.39388,0.07672,-1.02335,0.25525,0.12498,-1.03653,0.20245,0.06377
28.76,-0.95796,0.56536,0.07782,-0.94023,0.72787,0.08626,-0.89482,0.78714,0.04872,-0.88812,0.69473,0.13081,-0.81724,0.70452,0.18438,-0.83973,0.75394,0.10367,-0.89422,0.78788,0.11226,-0.98748,0.71085,0.02902,-0.94607,0.73933,-0.0449,-0.89979,0.7842,0.02796,-0.93607,0.80738,0.07635,-0.92254,0.54209,0.07643,-0.88294,0.40144,0.05448,-0.88233,0.2536,0.0677,-0.81752,0.20888,0.04514,-0.97023,0.53742,0.04838,-0.99235,0.39362,0.07416,-1.01713,0.25596,0.12381,-1.03084,0.20246,0.06332
28.78,-0.9469,0.56477,0.07572,-0.92903,0.72725,0.08451,-0.88294,0.7862,0.04729,-0.87743,0.69398,0.12956,-0.80724,0.70442,0.18393,-0.82837,0.75364,0.10273,-0.88271,0.78828,0.10927,-0.97571,0.71035,0.02677,-0.93399,0.73893,-0.04694,-0.88893,0.78392,0.02659,-0.92573,0.80552,0.07533,-0.91137,0.54165,0.07459,-0.87308,0.40077,0.05181,-0.87514,0.25314,0.06699,-0.8118,0.20655,0.04404,-0.95888,0.5367,0.04629,-0.98351,0.39327,0.07188,-1.01119,0.25657,0.12264,-1.02535,0.20263,0.06265
28.8,-0.93522,0.56458,0.07373,-0.91769,0.72707,0.08289,-0.87105,0.78579,0.04599,-0.86651,0.69383,0.12843,-0.7969,0.70502,0.18339,-0.81699,0.75401,0.10179,-0.87135,0.78887,0.1068,-0.96376,0.71017,0.02466,-0.92187,0.73891,-0.0489,-0.87799,0.78407,0.02524,-0.91532,0.80439,0.07412,-0.89962,0.54158,0.07285,-0.86293,0.40038,0.04943,-0.86775,0.253,0.06635,-0.80577,0.20476,0.04309,-0.94694,0.5364,0.04429,-0.97386,0.39319,0.06872,-1.00446,0.25774,0.12113,-1.0194,0.20292,0.06213
28.82,-0.92216,0.56545,0.07213,-0.90613,0.72809,0.08165,-0.8592,0.7868,0.04509,-0.85512,0.69523,0.12766,-0.78569,0.70742,0.18264,-0.80568,0.75618,0.10087,-0.86074,0.78989,0.10603,-0.95145,0.71085,0.02293,-0.90983,0.74006,-0.0506,-0.86691,0.78535,0.02403,-0.90491,0.80532,0.07253,-0.88653,0.54248,0.07146,-0.8521,0.40075,0.0478,-0.86027,0.25364,0.06571,-0.79921,0.20428,0.0424,-0.93369,0.53726,0.04264,-0.96229,0.39379,0.06337,-0.99581,0.26033,0.11899,-1.01249,0.20343,0.06248
28.84,-0.90855,0.56673,0.07066,-0.89448,0.72953,0.08051,-0.84739,0.78834,0.04433,-0.84358,0.69721,0.12701,-0.77419,0.71047,0.18179,-0.79439,0.75897,0.09993,-0.85033,0.79109,0.10577,-0.939,0.71185,0.02131,-0.89777,0.74158,-0.05222,-0.85576,0.78702,0.02283,-0.89448,0.80696,0.07077,-0.87293,0.54374,0.07019,-0.84104,0.40143,0.04646,-0.85276,0.25464,0.06505,-0.79246,0.20434,0.04173,-0.91992,0.53856,0.04109,-0.94992,0.39477,0.05719,-0.98638,0.2637,0.11651,-1.00533,0.20457,0.0631
28.86,-0.89523,0.56784,0.06913,-0.88293,0.73075,0.07929,-0.83564,0.78963,0.04349,-0.83218,0.6989,0.12628,-0.76291,0.71316,0.18097,-0.78316,0.76143,0.09898,-0.83981,0.79222,0.1052,-0.92666,0.71269,0.01962,-0.88571,0.74287,-0.05389,-0.84466,0.78847,0.0216,-0.88408,0.80822,0.06905,-0.85961,0.54484,0.06887,-0.83016,0.40203,0.045,-0.84527,0.25565,0.06435,-0.78583,0.20436,0.041,-0.90643,0.53966,0.03949,-0.93785,0.39577,0.05136,-0.97724,0.26712,0.11401,-0.9985,0.20626,0.06347
28.88,-0.88165,0.56892,0.0676,-0.87114,0.73195,0.07806,-0.82358,0.79084,0.04264,-0.82054,0.70057,0.12553,-0.7513,0.71575,0.17999,-0.7717,0.7639,0.09797,-0.82912,0.79307,0.1049,-0.91407,0.7135,0.01794,-0.87358,0.74423,-0.0556,-0.83342,0.78989,0.02032,-0.8735,0.80947,0.06729,-0.84602,0.54594,0.06749,-0.819,0.40269,0.04332,-0.83772,0.25684,0.06351,-0.77917,0.20455,0.04012,-0.89272,0.54074,0.03792,-0.92564,0.39689,0.0455,-0.96824,0.271,0.11157,-0.99209,0.20846,0.06436
28.9,-0.86852,0.57013,0.06609,-0.85986,0.73324,0.07683,-0.81219,0.79229,0.04184,-0.80945,0.70235,0.12481,-0.74039,0.71854,0.17923,-0.76078,0.76639,0.09703,-0.81874,0.79443,0.10414,-0.90194,0.71441,0.01622,-0.86159,0.74547,-0.05725,-0.82248,0.79136,0.01908,-0.86329,0.81081,0.06547,-0.83291,0.54711,0.06627,-0.80839,0.40342,0.04211,-0.8303,0.25809,0.06282,-0.77257,0.20491,0.03941,-0.87937,0.54197,0.03631,-0.91338,0.39821,0.03951,-0.95858,0.27492,0.10868,-0.98498,0.21138,0.06423
28.92,-0.85675,0.57156,0.06456,-0.84998,0.73475,0.07553,-0.80258,0.79431,0.04101,-0.79984,0.70436,0.12412,-0.73152,0.7219,0.17904,-0.75126,0.76888,0.09618,-0.80922,0.79724,0.10182,-0.89108,0.71552,0.01438,-0.84995,0.74635,-0.05876,-0.81235,0.79297,0.01788,-0.85413,0.81222,0.06349,-0.82123,0.54842,0.06535,-0.79928,0.40419,0.04198,-0.8234,0.25916,0.06237,-0.76626,0.20537,0.03891,-0.86713,0.54351,0.03452,-0.9013,0.39976,0.0333,-0.94726,0.27816,0.10492,-0.97571,0.21487,0.06141
28.94,-0.84547,0.57309,0.06304,-0.84062,0.73634,0.07414,-0.79366,0.79652,0.04012,-0.79082,0.70648,0.12339,-0.72346,0.72549,0.179,-0.74228,0.77138,0.09532,-0.80002,0.80051,0.09889,-0.88068,0.71668,0.01243,-0.83845,0.74707,-0.06026,-0.80254,0.79461,0.01664,-0.84534,0.81368,0.06135,-0.81008,0.54979,0.06457,-0.7908,0.40502,0.04219,-0.81672,0.26021,0.06187,-0.76009,0.20591,0.03833,-0.85528,0.54517,0.03268,-0.88903,0.40143,0.02703,-0.93487,0.28109,0.10082,-0.96497,0.21835,0.0576
28.96,-0.834,0.57458,0.06152,-0.83106,0.73787,0.07268,-0.78447,0.7986,0.03913,-0.78161,0.70853,0.1226,-0.71515,0.72897,0.17879,-0.73312,0.77383,0.09437,-0.79069,0.80347,0.0961,-0.87007,0.71779,0.01044,-0.82688,0.74782,-0.06183,-0.79259,0.79618,0.01529,-0.83636,0.81509,0.05913,-0.79874,0.55113,0.06374,-0.78215,0.40592,0.04209,-0.81002,0.26138,0.06111,-0.75393,0.20656,0.03748,-0.84327,0.54678,0.03088,-0.87653,0.40316,0.02086,-0.92234,0.28418,0.09685,-0.95396,0.22179,0.05423
28.98,-0.82235,0.5761,0.05999,-0.82137,0.73941,0.07114,-0.77519,0.80067,0.03799,-0.77223,0.71064,0.12169,-0.70677,0.73252,0.1785,-0.72379,0.77634,0.09334,-0.78107,0.80657,0.09306,-0.85937,0.71889,0.00842,-0.81514,0.74851,-0.0634,-0.78255,0.79779,0.01387,-0.82733,0.81647,0.05679,-0.78724,0.5525,0.06285,-0.77334,0.40692,0.04172,-0.80337,0.2627,0.05986,-0.74785,0.20739,0.03604,-0.83111,0.54844,0.02907,-0.86411,0.40515,0.01449,-0.90932,0.28771,0.09318,-0.94308,0.2258,0.05152
29,-0.81122,0.57755,0.05849,-0.81208,0.74087,0.06954,-0.76628,0.80268,0.03687,-0.76341,0.71263,0.12084,-0.69895,0.736,0.17821,-0.71496,0.77866,0.09227,-0.77198,0.80932,0.0901,-0.84892,0.71993,0.00627,-0.80371,0.74917,-0.06509,-0.77275,0.79924,0.01235,-0.81843,0.81781,0.05435,-0.77627,0.55382,0.0621,-0.76515,0.40791,0.04164,-0.79678,0.26393,0.05893,-0.74176,0.20817,0.035,-0.81936,0.55001,0.0273,-0.85101,0.40689,0.00868,-0.89598,0.29042,0.08895,-0.93022,0.22866,0.04745
29.02,-0.80135,0.57887,0.05707,-0.80369,0.74219,0.0679,-0.75819,0.8046,0.03598,-0.75587,0.71438,0.12023,-0.69227,0.73925,0.17791,-0.7073,0.78053,0.09112,-0.76431,0.81108,0.08761,-0.83906,0.7209,0.00391,-0.79313,0.74995,-0.06706,-0.76342,0.80033,0.01067,-0.80974,0.8191,0.05187,-0.76655,0.55509,0.06168,-0.75855,0.40882,0.0424,-0.79035,0.2648,0.05909,-0.73571,0.20865,0.03522,-0.8086,0.55136,0.02563,-0.8363,0.40778,0.00447,-0.88302,0.29105,0.08334,-0.91352,0.22861,0.03999
29.04,-0.79202,0.5801,0.0557,-0.79569,0.74342,0.0662,-0.75047,0.80645,0.0351,-0.74889,0.71601,0.11965,-0.68609,0.74239,0.17754,-0.70011,0.78219,0.0899,-0.75717,0.81248,0.08523,-0.82945,0.7218,0.00146,-0.78285,0.75071,-0.06914,-0.7543,0.80126,0.00891,-0.80117,0.82036,0.04933,-0.75739,0.55631,0.06141,-0.75265,0.40974,0.04335,-0.78424,0.26559,0.05925,-0.72996,0.20906,0.03541,-0.79827,0.55262,0.02403,-0.82097,0.40842,0.0011,-0.87008,0.29083,0.0772,-0.89509,0.22762,0.03151
29.06,-0.78249,0.58134,0.05432,-0.78753,0.74465,0.06442,-0.7426,0.80825,0.03406,-0.74172,0.71766,0.11893,-0.67976,0.74551,0.17704,-0.69271,0.78387,0.08859,-0.74975,0.81398,0.08267,-0.81971,0.72267,-0.001,-0.77238,0.75138,-0.07119,-0.74507,0.80221,0.00712,-0.79253,0.8216,0.04671,-0.74808,0.55752,0.06108,-0.74656,0.41077,0.0439,-0.77831,0.26654,0.05867,-0.72446,0.20964,0.03477,-0.78778,0.55388,0.02245,-0.80578,0.40932,-0.00225,-0.85693,0.29101,0.07136,-0.87704,0.2273,0.02397
29.08,-0.77276,0.58274,0.05288,-0.77918,0.74602,0.06256,-0.73464,0.8102,0.03288,-0.73437,0.71946,0.11811,-0.67317,0.74877,0.17629,-0.68508,0.78559,0.08705,-0.74208,0.81552,0.0799,-0.80979,0.7237,-0.00349,-0.76185,0.75221,-0.07335,-0.73561,0.80323,0.0052,-0.78357,0.82295,0.04402,-0.73859,0.55888,0.06068,-0.7406,0.41207,0.04415,-0.77255,0.26772,0.05734,-0.71918,0.21046,0.03324,-0.7771,0.55531,0.02085,-0.79025,0.41049,-0.00537,-0.84355,0.29169,0.06586,-0.85853,0.2275,0.01724
29.1,-0.76357,0.58378,0.05156,-0.77123,0.74704,0.06063,-0.72693,0.81173,0.03168,-0.72753,0.72091,0.11725,-0.6672,0.75162,0.17564,-0.67794,0.78703,0.08568,-0.73487,0.81679,0.0773,-0.80018,0.72435,-0.00604,-0.75137,0.75259,-0.07541,-0.72653,0.80399,0.00335,-0.77511,0.82401,0.04125,-0.72968,0.5599,0.06043,-0.73473,0.4131,0.0444,-0.76706,0.26871,0.05601,-0.71412,0.21112,0.03172,-0.76689,0.55636,0.01938,-0.77502,0.41138,-0.00792,-0.83011,0.29133,0.05979,-0.83966,0.22706,0.00992
29.12,-0.75569,0.58385,0.05053,-0.76424,0.74712,0.05866,-0.71984,0.81217,0.0307,-0.72188,0.72143,0.11648,-0.66286,0.75348,0.17548,-0.6721,0.78787,0.08496,-0.72889,0.81749,0.07527,-0.79142,0.72401,-0.00862,-0.74102,0.75184,-0.07701,-0.71851,0.80416,0.00185,-0.76806,0.8243,0.03838,-0.72212,0.55999,0.0606,-0.72888,0.4132,0.04513,-0.76187,0.26889,0.05584,-0.70915,0.21107,0.03161,-0.75787,0.55642,0.01828,-0.76089,0.41133,-0.00951,-0.81642,0.2884,0.0524,-0.82019,0.22491,0.00079
29.14,-0.74833,0.58356,0.04961,-0.75759,0.74684,0.05664,-0.71296,0.81219,0.02976,-0.71668,0.72159,0.11568,-0.65912,0.75494,0.1754,-0.66673,0.78844,0.0844,-0.72335,0.81793,0.07341,-0.78293,0.72329,-0.0112,-0.73071,0.75065,-0.07841,-0.71083,0.80407,0.00042,-0.76145,0.82428,0.03542,-0.71513,0.55974,0.06091,-0.72312,0.41295,0.04598,-0.75688,0.26877,0.05606,-0.7043,0.21077,0.03197,-0.74932,0.5561,0.01732,-0.74717,0.41099,-0.01048,-0.80199,0.28463,0.04481,-0.79966,0.22241,-0.00841
29.16,-0.74075,0.58342,0.04864,-0.7507,0.74671,0.05456,-0.70593,0.81238,0.0287,-0.71124,0.7219,0.11477,-0.65508,0.75654,0.17508,-0.66107,0.78907,0.08361,-0.71749,0.81842,0.07133,-0.7742,0.72272,-0.01379,-0.7203,0.74961,-0.07984,-0.7029,0.80404,-0.00112,-0.75447,0.82436,0.03239,-0.70796,0.55963,0.06113,-0.71742,0.4129,0.04656,-0.75195,0.26884,0.05574,-0.69956,0.21064,0.03171,-0.74057,0.55594,0.01635,-0.73328,0.41096,-0.01121,-0.78686,0.28155,0.03792,-0.77841,0.2207,-0.01625
29.18,-0.73312,0.58331,0.0477,-0.74372,0.74659,0.0525,-0.69883,0.81256,0.02765,-0.70575,0.72222,0.11384,-0.65103,0.75819,0.1747,-0.65537,0.78974,0.08278,-0.71152,0.819,0.06912,-0.76539,0.72217,-0.0163,-0.70982,0.74863,-0.08113,-0.69487,0.80405,-0.0026,-0.74736,0.82448,0.02939,-0.70078,0.55954,0.06138,-0.71191,0.4129,0.04707,-0.7471,0.26894,0.05515,-0.69489,0.21059,0.03109,-0.73177,0.5558,0.01547,-0.71924,0.41105,-0.01145,-0.77104,0.27884,0.03172,-0.75625,0.21957,-0.02284
29.2,-0.72571,0.58307,0.0467,-0.73681,0.74635,0.05028,-0.69178,0.8126,0.02643,-0.70039,0.72243,0.11272,-0.64705,0.75958,0.17409,-0.6497,0.79017,0.08179,-0.70563,0.81928,0.06695,-0.75662,0.72149,-0.01892,-0.69936,0.74739,-0.08249,-0.68689,0.80387,-0.00428,-0.74027,0.82441,0.02612,-0.69387,0.55934,0.06154,-0.70624,0.41278,0.04734,-0.74235,0.269,0.05451,-0.6903,0.21047,0.03053,-0.72319,0.55553,0.01456,-0.70572,0.41115,-0.01151,-0.75458,0.27603,0.02572,-0.73372,0.21864,-0.02887
29.22,-0.7188,0.58259,0.0455,-0.7301,0.74588,0.04769,-0.68487,0.81234,0.02484,-0.69536,0.7224,0.11125,-0.64312,0.76031,0.17309,-0.64405,0.79007,0.08049,-0.70005,0.81879,0.06518,-0.74801,0.72054,-0.02185,-0.689,0.74559,-0.08415,-0.67904,0.80324,-0.00644,-0.73331,0.8239,0.02226,-0.68751,0.55887,0.06149,-0.70001,0.41234,0.04722,-0.73773,0.26895,0.05414,-0.68583,0.21014,0.03056,-0.71512,0.55504,0.01348,-0.69338,0.41109,-0.01181,-0.73754,0.27286,0.01936,-0.71152,0.2176,-0.03521
29.24,-0.71208,0.58198,0.04421,-0.72341,0.74528,0.04495,-0.67796,0.81193,0.0231,-0.69043,0.72225,0.1096,-0.63919,0.76075,0.17192,-0.63838,0.78973,0.07907,-0.69453,0.81803,0.0635,-0.73943,0.71946,-0.02487,-0.67865,0.74354,-0.08584,-0.67119,0.8024,-0.00876,-0.7263,0.82319,0.01818,-0.68138,0.55828,0.06132,-0.6936,0.41173,0.04697,-0.73323,0.26886,0.05382,-0.68147,0.20971,0.03076,-0.70726,0.55441,0.01236,-0.68155,0.41097,-0.01202,-0.71992,0.26985,0.01334,-0.68909,0.2169,-0.04103
29.26,-0.70526,0.58142,0.04293,-0.71658,0.74473,0.04226,-0.67095,0.81156,0.02139,-0.68536,0.72213,0.10794,-0.63516,0.76127,0.1707,-0.63259,0.78945,0.07763,-0.68879,0.81741,0.06167,-0.7307,0.71843,-0.0278,-0.66821,0.7416,-0.08737,-0.66317,0.80162,-0.01099,-0.71907,0.82253,0.01419,-0.67518,0.55774,0.06114,-0.68733,0.41119,0.0467,-0.72877,0.26882,0.05326,-0.67718,0.20936,0.03063,-0.69929,0.55384,0.01129,-0.66963,0.41095,-0.01186,-0.70178,0.26746,0.0083,-0.66607,0.21697,-0.0454
29.28,-0.69855,0.5809,0.04177,-0.70971,0.74421,0.03964,-0.66389,0.81122,0.01976,-0.68032,0.72205,0.1063,-0.63104,0.76172,0.16946,-0.62677,0.78917,0.07624,-0.68312,0.81678,0.06019,-0.72193,0.71742,-0.03059,-0.65772,0.73959,-0.08869,-0.65506,0.80082,-0.01316,-0.71169,0.82187,0.01021,-0.66914,0.55723,0.06106,-0.68119,0.41068,0.0465,-0.72449,0.26884,0.0525,-0.67308,0.20908,0.03028,-0.69144,0.55331,0.01037,-0.65758,0.41113,-0.01129,-0.68309,0.26573,0.00418,-0.64269,0.21783,-0.04856
29.3,-0.69162,0.58027,0.04034,-0.70266,0.74356,0.03686,-0.65669,0.81074,0.01792,-0.67508,0.72183,0.10443,-0.62687,0.76211,0.16802,-0.62074,0.78874,0.07466,-0.67702,0.81613,0.05798,-0.71301,0.71633,-0.0335,-0.6472,0.73763,-0.09013,-0.64683,0.79993,-0.01543,-0.7041,0.8211,0.0062,-0.6629,0.55663,0.06068,-0.67486,0.41009,0.04605,-0.72006,0.26882,0.05166,-0.66885,0.20871,0.02988,-0.6834,0.55265,0.00924,-0.64613,0.41107,-0.01073,-0.66428,0.26421,0.00073,-0.61926,0.21903,-0.05065
29.32,-0.68409,0.57938,0.03821,-0.69531,0.74262,0.03365,-0.64922,0.80995,0.01555,-0.66942,0.72127,0.102,-0.62279,0.76254,0.16614,-0.61436,0.788,0.07264,-0.66985,0.81548,0.0536,-0.7038,0.71503,-0.03682,-0.63671,0.73584,-0.09211,-0.63849,0.79887,-0.01805,-0.69626,0.82015,0.00208,-0.65604,0.55583,0.05958,-0.66807,0.40929,0.04501,-0.71514,0.26865,0.05088,-0.66418,0.20814,0.02965,-0.67479,0.55167,0.00749,-0.63608,0.41025,-0.0108,-0.64581,0.26236,-0.00275,-0.59601,0.22012,-0.05218
29.34,-0.67631,0.57838,0.03579,-0.68779,0.74157,0.03024,-0.6416,0.80904,0.01293,-0.66358,0.72058,0.09932,-0.6187,0.76296,0.16398,-0.60781,0.78714,0.0704,-0.66214,0.81476,0.04846,-0.69446,0.71366,-0.04029,-0.6262,0.7341,-0.09429,-0.63006,0.79774,-0.02083,-0.68828,0.81912,-0.00212,-0.64895,0.55496,0.05818,-0.6611,0.40841,0.04372,-0.71007,0.26845,0.05007,-0.65939,0.20751,0.02942,-0.66597,0.55056,0.00552,-0.62659,0.40912,-0.01114,-0.62765,0.26078,-0.00624,-0.57332,0.22171,-0.05347
29.36,-0.6686,0.57741,0.03349,-0.68024,0.74056,0.02688,-0.63396,0.80817,0.01038,-0.65773,0.71994,0.09665,-0.61453,0.76335,0.16177,-0.60123,0.78631,0.06818,-0.65444,0.81398,0.0437,-0.68508,0.71231,-0.04366,-0.61565,0.73231,-0.0963,-0.62156,0.79661,-0.02355,-0.68019,0.81809,-0.00631,-0.64198,0.55411,0.05685,-0.65425,0.40757,0.04247,-0.70517,0.26831,0.04909,-0.65476,0.20695,0.02899,-0.65723,0.5495,0.00368,-0.61694,0.40812,-0.01127,-0.60949,0.2599,-0.00921,-0.55103,0.22419,-0.05412
29.38,-0.66107,0.57648,0.03128,-0.67274,0.73958,0.02357,-0.62636,0.80731,0.00784,-0.652,0.71933,0.09399,-0.61054,0.76382,0.15951,-0.5947,0.78546,0.06601,-0.64652,0.81321,0.0388,-0.67573,0.71098,-0.04693,-0.60512,0.7305,-0.09817,-0.61307,0.79547,-0.02621,-0.67206,0.81712,-0.01048,-0.63522,0.5533,0.05562,-0.6476,0.40677,0.04121,-0.70045,0.26824,0.04798,-0.65035,0.20648,0.02838,-0.64867,0.54847,0.00197,-0.60749,0.40717,-0.01119,-0.59086,0.25969,-0.01194,-0.5283,0.22776,-0.0541
29.4,-0.65311,0.57546,0.0288,-0.66493,0.7385,0.02007,-0.6185,0.80636,0.00512,-0.64588,0.71861,0.09106,-0.60609,0.7641,0.15693,-0.5879,0.78457,0.06359,-0.63844,0.81227,0.03403,-0.66614,0.70957,-0.05036,-0.59445,0.72873,-0.10021,-0.60437,0.79428,-0.02903,-0.66371,0.81596,-0.01475,-0.62805,0.55239,0.05405,-0.64064,0.40587,0.03974,-0.6955,0.26814,0.04673,-0.64572,0.20594,0.02771,-0.63974,0.54735,2e-05,-0.59804,0.40606,-0.01143,-0.5736,0.25969,-0.01435,-0.50788,0.23121,-0.05409
29.42,-0.6441,0.57418,0.02568,-0.65647,0.73712,0.0161,-0.61008,0.80519,0.00196,-0.63887,0.71758,0.08756,-0.60046,0.76384,0.15371,-0.58055,0.78361,0.06057,-0.63048,0.81102,0.02972,-0.65602,0.70794,-0.05423,-0.58347,0.72708,-0.10282,-0.59526,0.79299,-0.03226,-0.65502,0.81432,-0.01928,-0.6198,0.55121,0.05174,-0.63292,0.40469,0.03789,-0.68993,0.26785,0.0453,-0.64046,0.20516,0.02709,-0.62986,0.54598,-0.0026,-0.58828,0.40454,-0.01255,-0.55953,0.25898,-0.01641,-0.49231,0.23264,-0.05509
29.44,-0.63467,0.5728,0.02229,-0.64773,0.73564,0.0119,-0.60143,0.80393,-0.00145,-0.63148,0.71643,0.08377,-0.59437,0.76339,0.15017,-0.57297,0.78261,0.05725,-0.62251,0.80965,0.02546,-0.64568,0.70623,-0.05831,-0.57235,0.72546,-0.10568,-0.58597,0.79164,-0.03571,-0.64616,0.8125,-0.02397,-0.61112,0.54992,0.04911,-0.6249,0.40341,0.0358,-0.68414,0.26755,0.04369,-0.63504,0.20433,0.02636,-0.61961,0.54453,-0.00548,-0.57846,0.40288,-0.01407,-0.5468,0.25793,-0.01836,-0.47865,0.23316,-0.05645
29.46,-0.62539,0.57147,0.01901,-0.63902,0.73421,0.00772,-0.59281,0.80271,-0.00484,-0.62419,0.71535,0.07999,-0.58841,0.76303,0.1466,-0.56541,0.78162,0.05394,-0.61443,0.80831,0.02106,-0.63537,0.70454,-0.06232,-0.56125,0.7238,-0.10843,-0.57667,0.79029,-0.03913,-0.63723,0.81075,-0.02867,-0.60263,0.54868,0.04657,-0.61705,0.4022,0.03369,-0.67855,0.26736,0.04192,-0.62985,0.20361,0.0254,-0.60952,0.54313,-0.00823,-0.56874,0.40129,-0.01545,-0.53368,0.25714,-0.02018,-0.46445,0.2341,-0.0574
29.48,-0.61627,0.57009,0.01578,-0.63041,0.73272,0.00356,-0.58429,0.80141,-0.00826,-0.61702,0.71421,0.0762,-0.58254,0.76263,0.14296,-0.55792,0.78056,0.05058,-0.60638,0.80693,0.01664,-0.62514,0.70279,-0.06627,-0.55025,0.72208,-0.11112,-0.56747,0.78889,-0.04254,-0.62839,0.80891,-0.0334,-0.59434,0.54741,0.0441,-0.60953,0.40097,0.03159,-0.67322,0.26717,0.03994,-0.62485,0.20296,0.02422,-0.59957,0.54165,-0.01086,-0.55918,0.39964,-0.01668,-0.52008,0.25656,-0.02192,-0.44971,0.23573,-0.0583
29.5,-0.60673,0.56882,0.01237,-0.62142,0.73132,-0.00081,-0.57542,0.80022,-0.01184,-0.60943,0.71317,0.07217,-0.57629,0.76228,0.13911,-0.55013,0.77961,0.04704,-0.59808,0.80559,0.01209,-0.61457,0.70115,-0.07039,-0.53895,0.72044,-0.11397,-0.55792,0.78755,-0.04616,-0.61914,0.80718,-0.03826,-0.58559,0.5462,0.04133,-0.6014,0.39979,0.0292,-0.66752,0.26719,0.03785,-0.61973,0.20237,0.0229,-0.5893,0.54033,-0.01375,-0.54945,0.39812,-0.01835,-0.50799,0.2557,-0.02352,-0.43687,0.23596,-0.05904
29.52,-0.59607,0.56781,0.00851,-0.61151,0.73017,-0.0056,-0.56571,0.79934,-0.01571,-0.60082,0.71238,0.06766,-0.56922,0.76211,0.13489,-0.54161,0.77901,0.04317,-0.58913,0.80438,0.0072,-0.60314,0.69976,-0.07491,-0.5268,0.71901,-0.11726,-0.54752,0.78641,-0.05025,-0.60896,0.80572,-0.04337,-0.57557,0.54513,0.03788,-0.59174,0.39872,0.02624,-0.66079,0.26768,0.03577,-0.61411,0.2019,0.02151,-0.57807,0.53938,-0.01728,-0.53904,0.39692,-0.02111,-0.49955,0.2539,-0.02505,-0.42851,0.23231,-0.05965
29.54,-0.58502,0.56693,0.00447,-0.60126,0.72913,-0.01059,-0.55569,0.79858,-0.01973,-0.59184,0.71169,0.06294,-0.56183,0.76199,0.13047,-0.53282,0.77853,0.03912,-0.57995,0.80323,0.00219,-0.59138,0.69851,-0.0796,-0.51434,0.71767,-0.12071,-0.53679,0.78536,-0.05455,-0.59841,0.80439,-0.0486,-0.56509,0.54413,0.03414,-0.58144,0.3977,0.02306,-0.65362,0.26845,0.03366,-0.60833,0.20157,0.02007,-0.56652,0.5386,-0.02108,-0.5284,0.39588,-0.02433,-0.4926,0.25186,-0.02674,-0.4221,0.22732,-0.06045
29.56,-0.57418,0.56604,0.0005,-0.59113,0.72806,-0.01554,-0.54579,0.79779,-0.02374,-0.58301,0.71099,0.05822,-0.55456,0.76185,0.12601,-0.52412,0.778,0.03504,-0.57084,0.80205,-0.00283,-0.57974,0.69723,-0.08423,-0.50202,0.7163,-0.12407,-0.52615,0.78427,-0.05881,-0.58795,0.80303,-0.05384,-0.55485,0.54314,0.03049,-0.57136,0.39669,0.01993,-0.64663,0.26928,0.03142,-0.60274,0.20134,0.0185,-0.55518,0.53778,-0.02476,-0.51793,0.39482,-0.02739,-0.4851,0.25008,-0.02858,-0.41507,0.22313,-0.06143
29.58,-0.56317,0.56497,-0.00344,-0.58091,0.7268,-0.02053,-0.53587,0.79682,-0.02782,-0.5741,0.7101,0.05345,-0.54732,0.76162,0.12142,-0.5154,0.77735,0.03089,-0.56158,0.80074,-0.00805,-0.56798,0.69575,-0.08884,-0.4896,0.71483,-0.12738,-0.51549,0.78305,-0.06306,-0.57746,0.80148,-0.05908,-0.54449,0.54198,0.02689,-0.56177,0.39559,0.01678,-0.63998,0.27003,0.02893,-0.59717,0.2013,0.01656,-0.54363,0.53679,-0.02837,-0.5073,0.39358,-0.03045,-0.47759,0.24816,-0.03054,-0.40812,0.21883,-0.06252
29.6,-0.55244,0.56428,-0.00748,-0.57069,0.72595,-0.02558,-0.52589,0.79622,-0.03192,-0.5652,0.70959,0.04859,-0.5399,0.76156,0.11678,-0.50661,0.77692,0.02668,-0.55242,0.79967,-0.01307,-0.5563,0.69469,-0.09351,-0.47726,0.71355,-0.13076,-0.5047,0.78209,-0.06742,-0.56679,0.8003,-0.06444,-0.53431,0.54119,0.02311,-0.55112,0.3947,0.01358,-0.63257,0.2713,0.02662,-0.59168,0.20129,0.015,-0.53244,0.5362,-0.03215,-0.497,0.39276,-0.0337,-0.47063,0.2467,-0.03273,-0.40192,0.21483,-0.06391
29.62,-0.5425,0.56458,-0.01182,-0.56056,0.72617,-0.03075,-0.51586,0.79659,-0.03606,-0.55636,0.71005,0.04355,-0.53203,0.7619,0.11219,-0.49766,0.77706,0.02246,-0.54373,0.79922,-0.01732,-0.54496,0.69471,-0.09832,-0.46518,0.71278,-0.13436,-0.49368,0.78179,-0.07201,-0.55579,0.80008,-0.07009,-0.52466,0.5413,0.01879,-0.53754,0.39434,0.0104,-0.62316,0.27396,0.02477,-0.58669,0.20137,0.01426,-0.52226,0.53665,-0.03647,-0.48749,0.39305,-0.03745,-0.46467,0.24641,-0.03532,-0.397,0.21166,-0.06571
29.64,-0.53287,0.56527,-0.01624,-0.55048,0.72682,-0.03593,-0.50582,0.79734,-0.04016,-0.54756,0.7109,0.03848,-0.52403,0.76243,0.10765,-0.48869,0.77745,0.01827,-0.53521,0.79904,-0.0213,-0.53376,0.69515,-0.10313,-0.45323,0.71223,-0.13798,-0.48259,0.78177,-0.07663,-0.54467,0.80024,-0.07578,-0.51522,0.54178,0.01433,-0.52288,0.39439,0.00728,-0.61295,0.2774,0.02248,-0.5819,0.20219,0.0131,-0.51246,0.53751,-0.04095,-0.47832,0.39376,-0.04136,-0.4592,0.24661,-0.03804,-0.39281,0.20889,-0.06768
29.66,-0.52315,0.56581,-0.02057,-0.54041,0.7273,-0.04104,-0.49585,0.79793,-0.04422,-0.53877,0.71161,0.03345,-0.51617,0.76293,0.10307,-0.47979,0.77778,0.01409,-0.52659,0.7988,-0.02544,-0.52253,0.69543,-0.10785,-0.4413,0.71163,-0.14148,-0.47156,0.78167,-0.08114,-0.53361,0.80026,-0.08136,-0.50575,0.54213,0.00999,-0.50874,0.39451,0.00427,-0.60304,0.28091,0.01951,-0.57707,0.2037,0.011,-0.50253,0.53822,-0.04529,-0.4691,0.39429,-0.04514,-0.45363,0.24674,-0.04077,-0.38857,0.20624,-0.06968
29.68,-0.51322,0.56624,-0.02511,-0.5301,0.72767,-0.04636,-0.48572,0.79846,-0.04849,-0.52974,0.71221,0.0282,-0.50801,0.7632,0.09834,-0.47069,0.77798,0.00973,-0.51802,0.79835,-0.02951,-0.51109,0.6956,-0.11276,-0.42918,0.71086,-0.14515,-0.46033,0.78138,-0.08583,-0.52232,0.80011,-0.0871,-0.49601,0.54235,0.00539,-0.49435,0.39466,0.00111,-0.5931,0.28483,0.01577,-0.57292,0.20589,0.00736,-0.49241,0.53885,-0.04989,-0.45951,0.3948,-0.04922,-0.44794,0.24693,-0.04388,-0.38447,0.20346,-0.072
29.7,-0.50381,0.56697,-0.02924,-0.52026,0.72834,-0.05125,-0.47597,0.79921,-0.05234,-0.52119,0.7131,0.02335,-0.50045,0.76397,0.09387,-0.46201,0.77848,0.0057,-0.50941,0.79839,-0.0337,-0.50012,0.69607,-0.11721,-0.41756,0.71047,-0.14833,-0.44951,0.78151,-0.09008,-0.51144,0.80036,-0.0924,-0.48686,0.54292,0.00129,-0.48028,0.39533,-0.00155,-0.58281,0.28883,0.01167,-0.56738,0.20876,0.00385,-0.48277,0.53971,-0.05398,-0.4508,0.39546,-0.05274,-0.44271,0.24739,-0.0465,-0.38067,0.20153,-0.07401
29.72,-0.49573,0.56839,-0.03227,-0.51163,0.72972,-0.05505,-0.46717,0.80048,-0.0551,-0.51393,0.71469,0.01957,-0.49453,0.76607,0.0901,-0.45441,0.77972,0.00254,-0.50043,0.79974,-0.0384,-0.49032,0.69723,-0.12054,-0.40716,0.71106,-0.15029,-0.43976,0.78275,-0.0932,-0.50163,0.80161,-0.09657,-0.47928,0.54435,-0.00147,-0.46718,0.3971,-0.00286,-0.572,0.29259,0.00816,-0.55853,0.21195,0.00319,-0.4743,0.54113,-0.05667,-0.44444,0.39643,-0.05475,-0.43854,0.2483,-0.04764,-0.37712,0.20148,-0.07494
29.74,-0.48818,0.57009,-0.03488,-0.50346,0.73137,-0.0584,-0.45874,0.80197,-0.05741,-0.50715,0.71655,0.0162,-0.48917,0.76864,0.08659,-0.4472,0.78124,-0.00026,-0.49132,0.80153,-0.04312,-0.48098,0.69867,-0.1234,-0.39726,0.71201,-0.15174,-0.43042,0.78438,-0.09584,-0.49222,0.80325,-0.10028,-0.47229,0.54612,-0.00373,-0.45455,0.39944,-0.00352,-0.56097,0.29631,0.0048,-0.54853,0.21536,0.00345,-0.46632,0.54276,-0.05882,-0.43898,0.39757,-0.05626,-0.43481,0.24942,-0.04839,-0.37371,0.20218,-0.07567
29.76,-0.48039,0.57166,-0.03765,-0.49507,0.73289,-0.0619,-0.45019,0.80335,-0.05985,-0.50014,0.71828,0.01266,-0.48351,0.77097,0.08294,-0.43982,0.78263,-0.00318,-0.48226,0.80305,-0.04765,-0.47146,0.69999,-0.12639,-0.38719,0.71279,-0.15333,-0.4209,0.78581,-0.09861,-0.48262,0.8047,-0.10409,-0.46504,0.54775,-0.00619,-0.44194,0.40182,-0.00424,-0.54997,0.30018,0.00107,-0.5391,0.21901,0.00265,-0.45814,0.54428,-0.06117,-0.43316,0.39869,-0.05807,-0.43093,0.25052,-0.04953,-0.37031,0.20265,-0.07675
29.78,-0.47259,0.57327,-0.04059,-0.48657,0.73444,-0.06557,-0.44148,0.80475,-0.06245,-0.49306,0.72006,0.00892,-0.47789,0.77342,0.07903,-0.43232,0.78401,-0.00626,-0.47266,0.80466,-0.05253,-0.46179,0.70132,-0.12951,-0.37699,0.7136,-0.155,-0.4112,0.78729,-0.1015,-0.47282,0.80616,-0.10801,-0.45782,0.54938,-0.00883,-0.42886,0.40455,-0.00482,-0.53895,0.30501,-0.00279,-0.53064,0.22364,0.00142,-0.44991,0.54586,-0.06366,-0.42733,0.39988,-0.06012,-0.42713,0.25174,-0.05097,-0.36699,0.20324,-0.07817
29.8,-0.46496,0.57485,-0.04306,-0.47837,0.73597,-0.06871,-0.43321,0.80617,-0.06454,-0.48618,0.7218,0.0057,-0.47224,0.77571,0.07563,-0.42511,0.78546,-0.0089,-0.4639,0.80612,-0.05648,-0.45251,0.70266,-0.13212,-0.36724,0.71444,-0.15622,-0.40194,0.78873,-0.1039,-0.46342,0.80766,-0.11145,-0.45069,0.55106,-0.011,-0.41717,0.40727,-0.0051,-0.52781,0.30834,-0.00671,-0.52029,0.22708,0.00026,-0.44194,0.54737,-0.0657,-0.4218,0.40105,-0.06177,-0.42337,0.25294,-0.05218,-0.36365,0.20396,-0.07945
29.82,-0.45766,0.57641,-0.04439,-0.47096,0.73745,-0.0706,-0.42598,0.8077,-0.06545,-0.47973,0.72344,0.00373,-0.46638,0.77754,0.07363,-0.41859,0.78712,-0.01055,-0.45772,0.80717,-0.05811,-0.44421,0.70403,-0.13358,-0.35855,0.71534,-0.1565,-0.39374,0.79012,-0.10521,-0.45502,0.80925,-0.11383,-0.44362,0.55286,-0.01206,-0.40885,0.40942,-0.00507,-0.51635,0.30722,-0.01038,-0.50475,0.22687,0.00049,-0.43454,0.54872,-0.06667,-0.41687,0.40208,-0.0623,-0.41958,0.25401,-0.05248,-0.3601,0.20482,-0.07989
29.84,-0.45053,0.57793,-0.04525,-0.46388,0.73888,-0.07197,-0.41919,0.80924,-0.06587,-0.4735,0.72502,0.00228,-0.46052,0.77919,0.0722,-0.41238,0.78883,-0.01177,-0.45245,0.80808,-0.05888,-0.43631,0.70539,-0.13455,-0.35031,0.71626,-0.15637,-0.386,0.79147,-0.10606,-0.44704,0.81085,-0.11577,-0.43662,0.55468,-0.01265,-0.40182,0.41128,-0.00494,-0.50454,0.30451,-0.01365,-0.48746,0.22592,0.00185,-0.4274,0.54998,-0.06719,-0.41221,0.40308,-0.06236,-0.41582,0.25504,-0.05242,-0.35649,0.20577,-0.08
29.86,-0.44335,0.57944,-0.04628,-0.45667,0.7403,-0.07353,-0.41226,0.81074,-0.06647,-0.46719,0.72658,0.00064,-0.4547,0.78088,0.07054,-0.40606,0.7905,-0.01315,-0.44674,0.80905,-0.06002,-0.42826,0.70671,-0.13568,-0.34192,0.71715,-0.15635,-0.37809,0.79281,-0.10707,-0.43889,0.81238,-0.11784,-0.42962,0.55645,-0.01341,-0.39428,0.41323,-0.00485,-0.49256,0.30264,-0.0167,-0.47134,0.22612,0.00336,-0.42017,0.55126,-0.06787,-0.40744,0.40414,-0.06263,-0.41209,0.25613,-0.05258,-0.35294,0.20673,-0.08033
29.88,-0.43608,0.5811,-0.0475,-0.44934,0.74188,-0.07527,-0.40521,0.81241,-0.06727,-0.46076,0.72831,-0.00122,-0.44866,0.78268,0.0687,-0.3996,0.79227,-0.01474,-0.44104,0.81005,-0.06123,-0.4201,0.70821,-0.13699,-0.33344,0.71819,-0.15653,-0.37001,0.79428,-0.10822,-0.43052,0.81414,-0.12005,-0.42253,0.55842,-0.01434,-0.38649,0.41545,-0.00475,-0.48018,0.3013,-0.0196,-0.45534,0.22747,0.00573,-0.41286,0.55267,-0.0687,-0.40273,0.40537,-0.06301,-0.40832,0.2574,-0.05288,-0.34934,0.20788,-0.08079
29.9,-0.42903,0.58241,-0.04821,-0.44233,0.74309,-0.0765,-0.39855,0.81372,-0.06757,-0.4546,0.72966,-0.00256,-0.44305,0.78418,0.06734,-0.39349,0.79381,-0.01581,-0.43548,0.81091,-0.06208,-0.41227,0.70935,-0.13779,-0.32531,0.71892,-0.15615,-0.36238,0.79546,-0.10893,-0.42264,0.81541,-0.12182,-0.41562,0.55997,-0.01482,-0.37954,0.41704,-0.00468,-0.4679,0.29904,-0.0219,-0.43979,0.22811,0.0079,-0.40577,0.55377,-0.06911,-0.39794,0.40634,-0.06311,-0.40467,0.25842,-0.05296,-0.34586,0.2088,-0.08105
29.92,-0.42246,0.58273,-0.0477,-0.43608,0.74329,-0.07651,-0.39273,0.81406,-0.06666,-0.44914,0.72998,-0.00268,-0.43864,0.78494,0.06703,-0.38832,0.79473,-0.01563,-0.43007,0.81142,-0.06226,-0.4052,0.70953,-0.13738,-0.31792,0.71877,-0.15439,-0.35578,0.7958,-0.10861,-0.41593,0.81532,-0.12264,-0.40911,0.56034,-0.01426,-0.37458,0.41698,-0.00483,-0.45609,0.29431,-0.02319,-0.42438,0.22577,0.00851,-0.39918,0.55405,-0.06852,-0.39297,0.40655,-0.06256,-0.40126,0.25869,-0.05255,-0.34263,0.20899,-0.08086
29.94,-0.41611,0.58267,-0.0467,-0.43017,0.7431,-0.07601,-0.3873,0.81404,-0.06524,-0.44395,0.72989,-0.0023,-0.43467,0.78537,0.06718,-0.38352,0.7954,-0.01495,-0.4248,0.81176,-0.06211,-0.39847,0.70936,-0.13647,-0.3109,0.71831,-0.15207,-0.34962,0.79582,-0.10786,-0.40969,0.81472,-0.12303,-0.40279,0.56026,-0.01326,-0.37042,0.41632,-0.00502,-0.44441,0.28906,-0.02395,-0.40904,0.22287,0.00887,-0.39281,0.55401,-0.06751,-0.38788,0.40645,-0.06172,-0.39795,0.25869,-0.05187,-0.33951,0.2089,-0.08042
29.96,-0.40969,0.58275,-0.04588,-0.42414,0.74306,-0.0757,-0.38175,0.81414,-0.06403,-0.43866,0.72994,-0.00211,-0.4305,0.78588,0.06714,-0.37858,0.79614,-0.01448,-0.4195,0.81213,-0.06207,-0.39164,0.70933,-0.13573,-0.30381,0.71799,-0.14997,-0.34329,0.79597,-0.10727,-0.40324,0.81434,-0.12355,-0.39642,0.56035,-0.01242,-0.36591,0.41596,-0.00516,-0.43253,0.28475,-0.02454,-0.39399,0.22125,0.00997,-0.38636,0.55409,-0.06666,-0.38276,0.40648,-0.06101,-0.39461,0.25885,-0.05129,-0.33637,0.20895,-0.08006
29.98,-0.40315,0.58295,-0.04521,-0.41795,0.74312,-0.07558,-0.37611,0.81437,-0.06297,-0.43328,0.73012,-0.00214,-0.42636,0.78654,0.06685,-0.37361,0.79699,-0.0142,-0.4141,0.81262,-0.06228,-0.3846,0.70939,-0.13515,-0.29651,0.71772,-0.14792,-0.33675,0.79617,-0.10682,-0.39654,0.81397,-0.12425,-0.3899,0.56057,-0.01172,-0.36143,0.41572,-0.0055,-0.41974,0.28059,-0.02478,-0.37791,0.22035,0.01169,-0.3798,0.55427,-0.06595,-0.37801,0.40663,-0.06035,-0.39122,0.2591,-0.05089,-0.3331,0.20921,-0.07991
30,-0.39692,0.58282,-0.04413,-0.41217,0.74287,-0.07492,-0.37082,0.81424,-0.06149,-0.42815,0.72991,-0.00161,-0.42225,0.78677,0.06712,-0.36881,0.79752,-0.01344,-0.40894,0.81279,-0.06193,-0.37809,0.70919,-0.13411,-0.28981,0.71731,-0.1456,-0.33073,0.79616,-0.10598,-0.39038,0.81341,-0.12441,-0.38373,0.56042,-0.01063,-0.35706,0.41518,-0.00544,-0.40848,0.2773,-0.02474,-0.3644,0.21973,0.01336,-0.37354,0.55415,-0.06484,-0.37245,0.40649,-0.05951,-0.38794,0.25918,-0.05008,-0.33011,0.20907,-0.07928
30.02,-0.3915,0.58195,-0.04208,-0.40743,0.74192,-0.07293,-0.36631,0.81334,-0.05901,-0.42364,0.72888,0.00032,-0.4181,0.78605,0.06882,-0.36436,0.79729,-0.01148,-0.4044,0.81224,-0.06015,-0.37295,0.70842,-0.13199,-0.28459,0.71668,-0.14278,-0.32608,0.79575,-0.1042,-0.38565,0.81254,-0.12328,-0.37845,0.55944,-0.0086,-0.35273,0.41401,-0.00429,-0.40165,0.27541,-0.02494,-0.35754,0.21832,0.01385,-0.368,0.55337,-0.06279,-0.36495,0.40572,-0.05825,-0.38514,0.25899,-0.0485,-0.32795,0.20819,-0.07778
30.04,-0.38641,0.58075,-0.03966,-0.40311,0.74065,-0.07043,-0.36214,0.81208,-0.05614,-0.41939,0.72748,0.00278,-0.41399,0.78492,0.07107,-0.36009,0.79673,-0.00904,-0.40011,0.81137,-0.05782,-0.36834,0.70737,-0.12944,-0.27995,0.71588,-0.13972,-0.32197,0.79511,-0.10204,-0.3815,0.81146,-0.12165,-0.37354,0.5581,-0.00621,-0.34848,0.41252,-0.00274,-0.39651,0.27389,-0.02521,-0.35309,0.21643,0.01382,-0.36276,0.55228,-0.06036,-0.35661,0.4047,-0.05678,-0.38246,0.25888,-0.04689,-0.3261,0.20721,-0.07626
30.06,-0.38119,0.57963,-0.03739,-0.39863,0.73947,-0.06814,-0.35785,0.81092,-0.05342,-0.41505,0.72618,0.00501,-0.40989,0.7839,0.07308,-0.35577,0.79626,-0.0068,-0.39572,0.81059,-0.05574,-0.36351,0.70639,-0.12706,-0.27507,0.71509,-0.13675,-0.31762,0.79448,-0.10003,-0.37708,0.81039,-0.12022,-0.36849,0.55686,-0.00396,-0.34421,0.41113,-0.00137,-0.39065,0.2722,-0.02528,-0.34757,0.21478,0.01417,-0.35741,0.55127,-0.05807,-0.3485,0.4038,-0.05534,-0.37968,0.25901,-0.04567,-0.32414,0.20655,-0.0752
30.08,-0.37585,0.57875,-0.03515,-0.39406,0.73849,-0.06594,-0.35346,0.80997,-0.05084,-0.41062,0.72511,0.00717,-0.40572,0.78314,0.075,-0.35142,0.79601,-0.00468,-0.39131,0.81,-0.05375,-0.3586,0.70561,-0.12476,-0.27012,0.71454,-0.13387,-0.31318,0.79412,-0.09816,-0.37256,0.80956,-0.11893,-0.36331,0.55583,-0.00176,-0.33981,0.40996,-7e-05,-0.38437,0.2707,-0.02559,-0.34185,0.21323,0.01439,-0.35193,0.55052,-0.05584,-0.34096,0.40318,-0.05394,-0.37718,0.25952,-0.04504,-0.32222,0.2067,-0.07502
30.1,-0.37086,0.57732,-0.03279,-0.38976,0.73699,-0.0635,-0.34935,0.80848,-0.04794,-0.40645,0.72347,0.00956,-0.40173,0.78176,0.07716,-0.3472,0.79523,-0.00226,-0.38701,0.80895,-0.05148,-0.35398,0.70433,-0.12225,-0.26546,0.71344,-0.13076,-0.30904,0.79314,-0.09597,-0.36834,0.80814,-0.11729,-0.35848,0.5543,0.00059,-0.33566,0.40832,0.00143,-0.3793,0.269,-0.02534,-0.33711,0.21146,0.01488,-0.34681,0.54916,-0.05344,-0.33205,0.40214,-0.05236,-0.37403,0.26002,-0.04416,-0.32019,0.20612,-0.07424
30.12,-0.36673,0.57445,-0.03018,-0.38611,0.73415,-0.06047,-0.34598,0.80564,-0.04426,-0.40294,0.72035,0.0125,-0.3982,0.77886,0.07992,-0.34333,0.79315,0.00087,-0.38298,0.80672,-0.04852,-0.35006,0.70178,-0.11923,-0.26148,0.71086,-0.12708,-0.30563,0.79055,-0.09299,-0.36486,0.80515,-0.11478,-0.35447,0.55155,0.00333,-0.33233,0.40546,0.00342,-0.37722,0.26659,-0.02361,-0.33449,0.20917,0.01622,-0.34265,0.54619,-0.05064,-0.31947,0.40026,-0.05045,-0.36943,0.26074,-0.04229,-0.31859,0.20357,-0.07156
30.14,-0.36293,0.57104,-0.02748,-0.3827,0.73079,-0.05724,-0.34288,0.80229,-0.04028,-0.39969,0.71668,0.01563,-0.39484,0.77537,0.08289,-0.33959,0.79055,0.00428,-0.37904,0.80404,-0.0453,-0.34641,0.69875,-0.11602,-0.25776,0.70774,-0.1232,-0.30249,0.78737,-0.08971,-0.36165,0.80158,-0.11195,-0.35077,0.54832,0.00618,-0.32924,0.40215,0.00558,-0.37629,0.26398,-0.02138,-0.33278,0.20669,0.01777,-0.33884,0.54264,-0.04773,-0.30573,0.39864,-0.04848,-0.36418,0.26245,-0.0404,-0.31723,0.2016,-0.06873
30.16,-0.35898,0.56788,-0.02487,-0.37917,0.72767,-0.05414,-0.33963,0.79914,-0.03644,-0.39631,0.71325,0.01864,-0.3914,0.77212,0.08573,-0.3358,0.78817,0.00755,-0.37504,0.80157,-0.04221,-0.34261,0.69594,-0.11292,-0.2539,0.70486,-0.11941,-0.29919,0.78444,-0.08659,-0.35826,0.79826,-0.1093,-0.34692,0.5453,0.00894,-0.32596,0.39904,0.00764,-0.37478,0.26152,-0.01942,-0.33065,0.20433,0.01919,-0.33485,0.53936,-0.04492,-0.29283,0.39771,-0.04661,-0.35909,0.26511,-0.03908,-0.31591,0.20132,-0.06691
30.18,-0.35508,0.56471,-0.02204,-0.37574,0.72452,-0.05087,-0.33652,0.79601,-0.03256,-0.39296,0.70983,0.02184,-0.38793,0.76893,0.08872,-0.33206,0.78583,0.0109,-0.37116,0.7991,-0.039,-0.33898,0.69308,-0.10969,-0.25023,0.70197,-0.1156,-0.29604,0.78151,-0.0834,-0.35506,0.79494,-0.10647,-0.34314,0.54232,0.01192,-0.32299,0.39596,0.0098,-0.37345,0.259,-0.01715,-0.32853,0.20196,0.02078,-0.33095,0.53604,-0.04187,-0.27982,0.39744,-0.04487,-0.35477,0.26952,-0.03801,-0.31655,0.20264,-0.06586
30.2,-0.35112,0.56142,-0.01965,-0.37214,0.72129,-0.04791,-0.33319,0.7927,-0.02874,-0.3896,0.70625,0.02466,-0.38456,0.76548,0.09143,-0.32823,0.78327,0.01415,-0.36705,0.7965,-0.03599,-0.33505,0.6902,-0.10671,-0.24623,0.69893,-0.11182,-0.2926,0.77842,-0.08032,-0.35147,0.79149,-0.10397,-0.33928,0.53914,0.01443,-0.31942,0.39275,0.01177,-0.37194,0.2566,-0.01533,-0.32653,0.19963,0.02211,-0.32695,0.53266,-0.03931,-0.2675,0.39745,-0.04313,-0.34881,0.27343,-0.03703,-0.3141,0.20454,-0.06457
30.22,-0.347,0.55795,-0.01842,-0.36808,0.71795,-0.04583,-0.32931,0.78905,-0.02517,-0.38628,0.7024,0.02645,-0.38153,0.76149,0.09335,-0.3242,0.78024,0.01704,-0.36238,0.79367,-0.03354,-0.33031,0.68734,-0.10444,-0.24136,0.69554,-0.10812,-0.28846,0.77498,-0.07757,-0.34684,0.78782,-0.10251,-0.33526,0.53553,0.0156,-0.31413,0.38931,0.01321,-0.36973,0.2546,-0.01491,-0.32469,0.19748,0.02274,-0.32274,0.5293,-0.03812,-0.25672,0.39715,-0.04104,-0.33872,0.27353,-0.03615,-0.30262,0.20465,-0.06187
30.24,-0.34279,0.55438,-0.01764,-0.36383,0.71455,-0.04408,-0.32524,0.78521,-0.02169,-0.38294,0.69839,0.02784,-0.3786,0.75726,0.09497,-0.32009,0.77698,0.01981,-0.35747,0.7907,-0.03128,-0.32524,0.68446,-0.10242,-0.23618,0.692,-0.10447,-0.28403,0.77138,-0.07494,-0.34179,0.78404,-0.10139,-0.33115,0.53174,0.01627,-0.30823,0.38578,0.01448,-0.36727,0.25283,-0.01497,-0.32291,0.19549,0.02315,-0.31841,0.5259,-0.03744,-0.24653,0.39681,-0.03882,-0.32699,0.27213,-0.03545,-0.28775,0.20412,-0.05877
30.26,-0.33858,0.55085,-0.01667,-0.35964,0.71117,-0.04219,-0.32125,0.78142,-0.01818,-0.37957,0.69445,0.02938,-0.37558,0.75312,0.0967,-0.316,0.77379,0.02264,-0.35265,0.78777,-0.0289,-0.32029,0.6816,-0.10029,-0.23116,0.68853,-0.10081,-0.27968,0.76786,-0.07228,-0.33685,0.78033,-0.10006,-0.32704,0.52805,0.01716,-0.30263,0.38233,0.01583,-0.36485,0.2511,-0.01476,-0.32102,0.19359,0.02372,-0.31408,0.52252,-0.03654,-0.23634,0.39687,-0.03665,-0.31597,0.27162,-0.03497,-0.27445,0.2043,-0.05625
30.28,-0.3346,0.54728,-0.0156,-0.35566,0.70774,-0.04023,-0.31754,0.77756,-0.01463,-0.37641,0.69047,0.03097,-0.37275,0.74896,0.09847,-0.31208,0.77058,0.02558,-0.34796,0.78483,-0.02644,-0.31556,0.67865,-0.09806,-0.22639,0.68484,-0.09703,-0.27553,0.76417,-0.06959,-0.33199,0.77649,-0.09883,-0.32312,0.52428,0.01812,-0.297,0.37885,0.01724,-0.3625,0.24951,-0.01455,-0.31923,0.19181,0.02427,-0.31001,0.51911,-0.03558,-0.22608,0.3975,-0.03435,-0.30576,0.27228,-0.03445,-0.26239,0.20544,-0.05346
30.3,-0.33008,0.54381,-0.01487,-0.35118,0.70441,-0.03849,-0.31329,0.77373,-0.01123,-0.37279,0.68653,0.03231,-0.36954,0.74478,0.10004,-0.30784,0.76731,0.0283,-0.34296,0.78186,-0.02415,-0.3103,0.67586,-0.09605,-0.22112,0.6815,-0.09353,-0.27088,0.76077,-0.06702,-0.32677,0.77289,-0.09745,-0.31875,0.52064,0.01879,-0.29126,0.37546,0.01852,-0.3598,0.24799,-0.0144,-0.31712,0.19016,0.02488,-0.30534,0.51578,-0.03486,-0.21658,0.39768,-0.03222,-0.29374,0.27091,-0.03444,-0.24753,0.20548,-0.05154
30.32,-0.32418,0.54064,-0.01496,-0.3455,0.7014,-0.03727,-0.30765,0.77002,-0.00822,-0.36796,0.68275,0.03306,-0.36541,0.74061,0.10116,-0.30286,0.76394,0.03042,-0.33734,0.77885,-0.02234,-0.30377,0.67355,-0.09456,-0.21464,0.67929,-0.09075,-0.26514,0.75825,-0.06474,-0.32087,0.76995,-0.09561,-0.31327,0.51738,0.01877,-0.28544,0.37227,0.01943,-0.35638,0.24636,-0.01442,-0.31429,0.18858,0.02556,-0.29915,0.51268,-0.03471,-0.20863,0.39598,-0.03054,-0.2766,0.2641,-0.03484,-0.22501,0.20256,-0.05097
30.34,-0.31771,0.53758,-0.01538,-0.33934,0.69849,-0.03628,-0.30153,0.76632,-0.00539,-0.36269,0.67901,0.03354,-0.36095,0.73642,0.10204,-0.29759,0.76052,0.03228,-0.33146,0.7758,-0.02077,-0.29673,0.67141,-0.09328,-0.20768,0.67745,-0.08824,-0.25898,0.75601,-0.06258,-0.3147,0.76723,-0.09364,-0.30733,0.51425,0.01847,-0.27955,0.36914,0.02019,-0.35267,0.24474,-0.01457,-0.31118,0.18707,0.02621,-0.29236,0.50968,-0.03479,-0.20126,0.39349,-0.02903,-0.25703,0.25608,-0.03501,-0.19949,0.19979,-0.05016
30.36,-0.31144,0.53447,-0.01565,-0.33338,0.6955,-0.0352,-0.2957,0.76255,-0.00251,-0.35762,0.67523,0.03408,-0.35664,0.73222,0.10295,-0.29246,0.75708,0.03421,-0.32569,0.77273,-0.01914,-0.2899,0.66917,-0.09189,-0.20094,0.6754,-0.08559,-0.25302,0.7536,-0.06039,-0.30866,0.76436,-0.09176,-0.30154,0.51106,0.01829,-0.27368,0.36598,0.02102,-0.34903,0.24319,-0.01471,-0.30816,0.18562,0.02681,-0.28578,0.50664,-0.03476,-0.19367,0.39134,-0.02741,-0.23803,0.24988,-0.03467,-0.17548,0.19882,-0.0484
30.38,-0.30545,0.53133,-0.01593,-0.32779,0.69248,-0.03412,-0.29022,0.75872,0.00032,-0.3528,0.6714,0.03465,-0.35264,0.72793,0.1039,-0.28773,0.75366,0.03617,-0.32038,0.76965,-0.01744,-0.28349,0.66689,-0.09052,-0.19466,0.67338,-0.08293,-0.24748,0.75122,-0.05816,-0.30303,0.7615,-0.08984,-0.29602,0.50785,0.01808,-0.268,0.36282,0.02182,-0.34553,0.24172,-0.01498,-0.30529,0.18422,0.02725,-0.2795,0.50358,-0.03474,-0.18621,0.38935,-0.02566,-0.21858,0.2447,-0.03312,-0.15137,0.1995,-0.04537
30.4,-0.29872,0.52828,-0.01628,-0.32145,0.68952,-0.03315,-0.28412,0.75491,0.00313,-0.3474,0.66764,0.03502,-0.348,0.72379,0.10457,-0.28225,0.75014,0.0379,-0.31422,0.76653,-0.01599,-0.2762,0.66469,-0.08914,-0.18749,0.67136,-0.08036,-0.24113,0.7488,-0.05608,-0.29661,0.75862,-0.08803,-0.28982,0.50473,0.01783,-0.26199,0.3597,0.02262,-0.34161,0.24027,-0.01517,-0.30203,0.18288,0.02783,-0.27245,0.50059,-0.03473,-0.17871,0.38687,-0.02411,-0.19887,0.24004,-0.03223,-0.12774,0.20073,-0.04244
30.42,-0.29018,0.52547,-0.01665,-0.31324,0.68677,-0.03237,-0.27646,0.75125,0.00602,-0.34061,0.66408,0.03497,-0.34174,0.72013,0.1046,-0.27478,0.74643,0.03914,-0.30578,0.76341,-0.01514,-0.26666,0.6627,-0.08759,-0.17804,0.66927,-0.0779,-0.23269,0.74618,-0.05427,-0.28808,0.75561,-0.0865,-0.28196,0.50188,0.01761,-0.25515,0.35669,0.02345,-0.33675,0.23883,-0.01502,-0.29785,0.18164,0.02886,-0.26354,0.4978,-0.03461,-0.17109,0.38311,-0.0232,-0.17897,0.23529,-0.034,-0.10487,0.20102,-0.04062
30.44,-0.28089,0.52272,-0.01708,-0.30429,0.68408,-0.0317,-0.26821,0.7476,0.00889,-0.3332,0.66057,0.03471,-0.3348,0.71658,0.10436,-0.26652,0.74261,0.04015,-0.29647,0.76024,-0.01451,-0.25626,0.66079,-0.086,-0.16771,0.66717,-0.07553,-0.22347,0.7435,-0.05258,-0.27878,0.75256,-0.08506,-0.2734,0.4991,0.01733,-0.24797,0.35371,0.0242,-0.3315,0.23741,-0.01486,-0.2933,0.18045,0.02991,-0.25386,0.49508,-0.03448,-0.16333,0.37891,-0.0226,-0.15902,0.23113,-0.03574,-0.0827,0.20145,-0.03781
30.46,-0.27187,0.51993,-0.01753,-0.29569,0.68132,-0.03104,-0.26034,0.74387,0.01166,-0.32603,0.657,0.03443,-0.32811,0.71291,0.10415,-0.25862,0.7388,0.0412,-0.28758,0.75705,-0.01379,-0.24629,0.65882,-0.08444,-0.15783,0.6651,-0.07316,-0.21466,0.74083,-0.05087,-0.26988,0.74951,-0.08359,-0.26508,0.49628,0.017,-0.24094,0.35073,0.02487,-0.3264,0.23608,-0.0149,-0.28892,0.17931,0.03072,-0.24448,0.49232,-0.03439,-0.15553,0.37499,-0.02196,-0.13936,0.22808,-0.03568,-0.06141,0.20306,-0.03299
30.48,-0.26315,0.51719,-0.01779,-0.28743,0.67859,-0.0303,-0.25291,0.74012,0.0145,-0.31922,0.65348,0.03418,-0.32178,0.70936,0.10391,-0.25109,0.73505,0.04222,-0.27899,0.75392,-0.01311,-0.23665,0.65685,-0.08271,-0.1483,0.66302,-0.07055,-0.20625,0.73814,-0.04907,-0.26137,0.74632,-0.08208,-0.25707,0.49352,0.01685,-0.23419,0.34781,0.02558,-0.32149,0.23486,-0.01506,-0.28472,0.17829,0.03137,-0.23539,0.4896,-0.0341,-0.14828,0.37093,-0.02138,-0.11893,0.226,-0.03412,-0.03986,0.20626,-0.02593
30.5,-0.25364,0.51436,-0.01846,-0.27842,0.67577,-0.02982,-0.24479,0.73628,0.01701,-0.31157,0.64983,0.03364,-0.31458,0.70549,0.10352,-0.24276,0.73108,0.04312,-0.26971,0.7506,-0.01245,-0.22634,0.65483,-0.08126,-0.13808,0.66097,-0.06843,-0.19709,0.73542,-0.04751,-0.25215,0.74329,-0.0807,-0.24828,0.49065,0.01628,-0.22687,0.34478,0.02597,-0.31611,0.23361,-0.01535,-0.2801,0.1772,0.03188,-0.22553,0.4868,-0.03422,-0.13986,0.36716,-0.02094,-0.10108,0.22431,-0.03197,-0.02188,0.20823,-0.0186
30.52,-0.2422,0.51132,-0.02016,-0.26751,0.67275,-0.02992,-0.23483,0.73232,0.01874,-0.30181,0.64583,0.03251,-0.30522,0.70078,0.10293,-0.23243,0.72661,0.0438,-0.25881,0.74684,-0.01179,-0.2143,0.65271,-0.08057,-0.12607,0.65903,-0.0676,-0.18599,0.73271,-0.04654,-0.24109,0.74076,-0.07963,-0.23753,0.48754,0.01464,-0.21808,0.34148,0.02559,-0.30961,0.23221,-0.0158,-0.27451,0.17592,0.03225,-0.21375,0.48381,-0.03539,-0.12837,0.36414,-0.02057,-0.08903,0.22146,-0.03174,-0.01056,0.20492,-0.01504
30.54,-0.23,0.50817,-0.02227,-0.25588,0.66961,-0.03027,-0.22419,0.72826,0.02013,-0.29125,0.64166,0.0311,-0.29505,0.69571,0.1022,-0.22137,0.72192,0.04436,-0.24733,0.7429,-0.01115,-0.20161,0.65052,-0.08016,-0.1134,0.65714,-0.06727,-0.17421,0.72997,-0.04581,-0.22939,0.73837,-0.07868,-0.22601,0.48432,0.01256,-0.20873,0.33809,0.02484,-0.30268,0.23086,-0.01643,-0.26856,0.17465,0.03241,-0.20122,0.48073,-0.03698,-0.11574,0.36138,-0.02023,-0.07901,0.21811,-0.03264,-0.00157,0.19956,-0.01345
30.56,-0.21814,0.50504,-0.02423,-0.24467,0.66645,-0.03058,-0.214,0.72414,0.02154,-0.28108,0.63751,0.02972,-0.28532,0.69071,0.10144,-0.21077,0.71727,0.04487,-0.23628,0.73898,-0.01056,-0.18934,0.64829,-0.07965,-0.10116,0.65525,-0.06674,-0.1629,0.7272,-0.045,-0.21816,0.73582,-0.07768,-0.21483,0.48112,0.01062,-0.19968,0.33476,0.02409,-0.29598,0.22965,-0.01724,-0.26281,0.1735,0.03232,-0.18903,0.47767,-0.03842,-0.10363,0.35852,-0.0199,-0.06808,0.21504,-0.03318,0.0083,0.19511,-0.01129
30.58,-0.20629,0.50202,-0.02604,-0.23361,0.66335,-0.03083,-0.20412,0.72006,0.02301,-0.27108,0.63343,0.02832,-0.27573,0.68579,0.10062,-0.20033,0.71264,0.04535,-0.22547,0.73506,-0.00998,-0.17718,0.64613,-0.07898,-0.08903,0.6534,-0.06602,-0.15178,0.72444,-0.04416,-0.20709,0.73325,-0.07669,-0.20368,0.47803,0.00883,-0.19078,0.33156,0.02333,-0.28935,0.22866,-0.01821,-0.25713,0.1726,0.03208,-0.17687,0.4747,-0.03967,-0.09184,0.35557,-0.01943,-0.05698,0.212,-0.03362,0.01814,0.19083,-0.00876
30.6,-0.19425,0.49876,-0.02825,-0.22228,0.66001,-0.03132,-0.1938,0.71573,0.02409,-0.26066,0.6291,0.02673,-0.26581,0.68049,0.09969,-0.18965,0.70783,0.04571,-0.2144,0.73102,-0.00948,-0.16491,0.64374,-0.07868,-0.07679,0.65152,-0.06578,-0.14047,0.7216,-0.0435,-0.19592,0.73058,-0.07576,-0.1923,0.47469,0.00659,-0.18156,0.32816,0.02223,-0.28252,0.22763,-0.01937,-0.25131,0.17153,0.03151,-0.16452,0.47153,-0.04137,-0.07927,0.3529,-0.0192,-0.04666,0.20894,-0.03476,0.02724,0.1859,-0.00796
30.62,-0.18184,0.4949,-0.0315,-0.21025,0.65611,-0.0323,-0.18226,0.71084,0.02433,-0.24922,0.62417,0.0248,-0.25516,0.67427,0.0986,-0.17842,0.7026,0.04597,-0.20256,0.7267,-0.00909,-0.1523,0.64074,-0.07925,-0.06424,0.64949,-0.06663,-0.12858,0.7186,-0.04325,-0.18433,0.72774,-0.07492,-0.18044,0.47067,0.00326,-0.17151,0.32419,0.02047,-0.27522,0.22633,-0.02072,-0.24521,0.16991,0.03052,-0.15181,0.46781,-0.04422,-0.06468,0.35107,-0.01952,-0.03819,0.20608,-0.03705,0.03477,0.17973,-0.01074
30.64,-0.16927,0.49081,-0.03514,-0.19801,0.65196,-0.03346,-0.17031,0.70569,0.02424,-0.23741,0.61898,0.02274,-0.24424,0.66764,0.09742,-0.16701,0.69714,0.04617,-0.19048,0.72222,-0.00875,-0.13962,0.63749,-0.08015,-0.05162,0.64741,-0.06791,-0.11653,0.7155,-0.04315,-0.17265,0.72477,-0.07412,-0.16837,0.46638,-0.0005,-0.16117,0.32002,0.01842,-0.26775,0.22504,-0.0222,-0.23903,0.16818,0.02929,-0.13894,0.4639,-0.04751,-0.04944,0.34959,-0.01998,-0.03093,0.2036,-0.03927,0.04094,0.17338,-0.01418
30.66,-0.15679,0.48682,-0.03858,-0.18601,0.64784,-0.03455,-0.15871,0.70058,0.02426,-0.22587,0.61384,0.02071,-0.23355,0.66112,0.09619,-0.15584,0.69171,0.04633,-0.17871,0.71771,-0.00842,-0.12712,0.6343,-0.08089,-0.03922,0.64536,-0.06897,-0.10475,0.71239,-0.043,-0.16122,0.72174,-0.07332,-0.15638,0.46222,-0.00405,-0.15104,0.31599,0.01641,-0.26036,0.224,-0.02379,-0.23295,0.16672,0.02794,-0.12616,0.46007,-0.05057,-0.03474,0.34801,-0.02027,-0.02366,0.20144,-0.04089,0.04685,0.1677,-0.01642
30.68,-0.14423,0.48284,-0.04211,-0.17402,0.64368,-0.03573,-0.14724,0.69541,0.0242,-0.21437,0.60864,0.01852,-0.22305,0.65446,0.09478,-0.14483,0.68616,0.04642,-0.16706,0.7131,-0.00813,-0.11458,0.6311,-0.08163,-0.02679,0.64328,-0.06993,-0.09295,0.70926,-0.04286,-0.14973,0.71866,-0.07257,-0.14436,0.45805,-0.00772,-0.14093,0.31198,0.01428,-0.25293,0.22315,-0.02564,-0.2269,0.16555,0.02645,-0.11329,0.45627,-0.05368,-0.01987,0.34672,-0.02042,-0.01671,0.19991,-0.04202,0.05199,0.16232,-0.01803
30.7,-0.13181,0.47881,-0.04555,-0.16222,0.63942,-0.03681,-0.13575,0.69015,0.0241,-0.20287,0.60337,0.01654,-0.21235,0.64781,0.09352,-0.13379,0.68064,0.04649,-0.15547,0.70845,-0.00784,-0.10237,0.62778,-0.08244,-0.01473,0.64126,-0.07112,-0.08151,0.70607,-0.04279,-0.13868,0.71541,-0.07176,-0.13238,0.45386,-0.01127,-0.13086,0.30797,0.01213,-0.24551,0.22239,-0.02736,-0.22084,0.16425,0.02478,-0.10061,0.45238,-0.05677,-0.00562,0.3451,-0.0207,-0.01025,0.19843,-0.04297,0.05675,0.15766,-0.01933
30.72,-0.11964,0.47468,-0.04862,-0.15071,0.63503,-0.03758,-0.12402,0.68478,0.02404,-0.1912,0.59805,0.01525,-0.2009,0.64138,0.09284,-0.12236,0.67539,0.04662,-0.14369,0.70388,-0.0075,-0.09082,0.62429,-0.08337,-0.00334,0.63938,-0.07285,-0.07073,0.70281,-0.04288,-0.12846,0.71187,-0.07083,-0.12042,0.44966,-0.0144,-0.12069,0.30396,0.01015,-0.23803,0.22164,-0.02836,-0.21466,0.1623,0.02304,-0.08832,0.44833,-0.05968,0.00724,0.34231,-0.02147,-0.00397,0.1961,-0.04443,0.06231,0.15401,-0.02109
30.74,-0.10764,0.47053,-0.05159,-0.13935,0.63057,-0.03823,-0.11221,0.67937,0.02396,-0.17952,0.59269,0.01421,-0.18921,0.63499,0.09237,-0.11083,0.6702,0.04678,-0.13189,0.69932,-0.00712,-0.07956,0.62072,-0.08435,0.00771,0.63755,-0.07477,-0.06024,0.69949,-0.04301,-0.11857,0.70817,-0.06979,-0.10854,0.44547,-0.0174,-0.11057,0.29997,0.00823,-0.23053,0.22093,-0.02908,-0.20849,0.16023,0.0213,-0.07627,0.4442,-0.06255,0.01954,0.33911,-0.02244,0.00214,0.19362,-0.04609,0.06809,0.15084,-0.02309
30.76,-0.09566,0.46639,-0.0546,-0.12801,0.62609,-0.03893,-0.10054,0.67393,0.02385,-0.16794,0.58731,0.01304,-0.17771,0.62852,0.09176,-0.09944,0.66489,0.0469,-0.12022,0.69468,-0.00673,-0.06827,0.61715,-0.08528,0.01875,0.63567,-0.07656,-0.04971,0.69613,-0.04308,-0.1086,0.70443,-0.06874,-0.09671,0.44128,-0.02045,-0.10055,0.29601,0.00625,-0.223,0.22036,-0.02997,-0.20237,0.15845,0.01954,-0.0642,0.44011,-0.06544,0.03196,0.33613,-0.02333,0.00821,0.19164,-0.04759,0.07361,0.14787,-0.02485
30.78,-0.08327,0.46225,-0.05764,-0.11641,0.62155,-0.03973,-0.08865,0.66839,0.02368,-0.15605,0.58186,0.01177,-0.16602,0.622,0.09102,-0.08787,0.65963,0.04698,-0.10834,0.69003,-0.00643,-0.0567,0.61355,-0.0863,0.03001,0.63377,-0.07832,-0.03893,0.69279,-0.0433,-0.09832,0.70065,-0.06791,-0.08449,0.43708,-0.02354,-0.09005,0.29206,0.00424,-0.21502,0.22009,-0.03085,-0.196,0.15693,0.0177,-0.05171,0.43603,-0.06833,0.04474,0.33317,-0.02418,0.01452,0.19002,-0.04916,0.07928,0.14523,-0.02659
30.8,-0.07178,0.4581,-0.06059,-0.10548,0.61701,-0.04032,-0.07727,0.66296,0.02354,-0.14485,0.57643,0.01069,-0.15474,0.61549,0.09049,-0.07673,0.65416,0.04712,-0.09701,0.68526,-0.00595,-0.04584,0.6099,-0.08713,0.04053,0.63185,-0.08009,-0.0288,0.68927,-0.04324,-0.08876,0.69669,-0.06661,-0.07311,0.43291,-0.02651,-0.08058,0.28817,0.00226,-0.20771,0.21956,-0.03177,-0.19012,0.15535,0.01595,-0.04017,0.43191,-0.07119,0.05653,0.33011,-0.02517,0.02035,0.18844,-0.05064,0.08461,0.14281,-0.02833
30.82,-0.06265,0.45393,-0.06339,-0.09621,0.6125,-0.04039,-0.06717,0.6579,0.02348,-0.13546,0.5711,0.01004,-0.14459,0.60897,0.0905,-0.06664,0.64809,0.04741,-0.08702,0.68019,-0.00503,-0.0367,0.60614,-0.08748,0.04931,0.62987,-0.08191,-0.02021,0.68528,-0.04242,-0.08086,0.69235,-0.06402,-0.06395,0.42881,-0.02926,-0.07386,0.28439,0.00036,-0.20242,0.21804,-0.0328,-0.18559,0.15329,0.01445,-0.03111,0.42767,-0.07401,0.06593,0.32685,-0.02656,0.02496,0.18645,-0.05186,0.08902,0.1403,-0.03005
30.84,-0.05445,0.44977,-0.06611,-0.08758,0.60798,-0.04026,-0.05757,0.65297,0.02346,-0.12677,0.5658,0.00957,-0.13485,0.60246,0.0907,-0.05696,0.6418,0.04773,-0.07752,0.675,-0.00394,-0.02823,0.60231,-0.08764,0.05736,0.6278,-0.08372,-0.01212,0.68107,-0.04132,-0.07348,0.68781,-0.06095,-0.05566,0.42476,-0.0319,-0.06817,0.28071,-0.00145,-0.19787,0.21621,-0.03381,-0.18154,0.15107,0.01308,-0.02301,0.42341,-0.07678,0.07438,0.32352,-0.02811,0.02913,0.18436,-0.05296,0.09312,0.13784,-0.03177
30.86,-0.0459,0.44562,-0.06884,-0.07869,0.60342,-0.04022,-0.04779,0.64794,0.02341,-0.11781,0.56047,0.00899,-0.12498,0.59592,0.09075,-0.04712,0.63557,0.04799,-0.06781,0.6698,-0.00296,-0.01948,0.59846,-0.08786,0.06564,0.62567,-0.08545,-0.0037,0.67688,-0.04038,-0.06568,0.68324,-0.0581,-0.04704,0.42069,-0.03456,-0.06201,0.27706,-0.00327,-0.19293,0.21464,-0.0348,-0.17724,0.14906,0.01169,-0.01454,0.41917,-0.07955,0.0832,0.32024,-0.0296,0.03353,0.18254,-0.05412,0.09738,0.13559,-0.03345
30.88,-0.03705,0.44139,-0.07168,-0.06955,0.59872,-0.04027,-0.03783,0.64278,0.02327,-0.10862,0.55498,0.00829,-0.11496,0.58914,0.09066,-0.03715,0.62913,0.04814,-0.05794,0.66438,-0.00207,-0.01046,0.5945,-0.08812,0.07414,0.62336,-0.08721,0.00512,0.67258,-0.0395,-0.05742,0.67853,-0.05528,-0.03812,0.41656,-0.03733,-0.0557,0.27343,-0.00514,-0.18782,0.21312,-0.03576,-0.17274,0.14709,0.0103,-0.00579,0.41485,-0.08242,0.09233,0.31698,-0.03116,0.03816,0.18092,-0.0553,0.10183,0.13348,-0.03515
30.9,-0.02904,0.43734,-0.07427,-0.06106,0.5942,-0.04014,-0.02842,0.63781,0.02325,-0.10012,0.54974,0.00779,-0.10542,0.58273,0.0907,-0.02762,0.62294,0.04837,-0.04851,0.65922,-0.00105,-0.00211,0.59064,-0.08821,0.08192,0.62114,-0.08878,0.01328,0.66831,-0.03852,-0.04975,0.67387,-0.05236,-0.03004,0.4126,-0.03986,-0.04994,0.26996,-0.00684,-0.18311,0.21163,-0.03671,-0.16868,0.14524,0.00903,0.00214,0.41072,-0.08505,0.10056,0.31377,-0.03264,0.04237,0.17932,-0.05643,0.10591,0.13153,-0.03677
30.92,-0.02302,0.43376,-0.07624,-0.05416,0.59022,-0.03951,-0.02034,0.63336,0.02358,-0.09326,0.5452,0.00784,-0.09701,0.57731,0.09119,-0.01917,0.61749,0.04891,-0.0401,0.65485,0.00031,0.0046,0.58713,-0.08784,0.08798,0.6193,-0.08997,0.01967,0.66421,-0.03726,-0.04377,0.66946,-0.04924,-0.024,0.40906,-0.0418,-0.04541,0.26678,-0.00816,-0.17935,0.21013,-0.03779,-0.16572,0.14358,0.00797,0.00813,0.4071,-0.08703,0.10662,0.31066,-0.03382,0.04541,0.17753,-0.05747,0.10901,0.12966,-0.03817
30.94,-0.01782,0.43039,-0.07797,-0.04792,0.58643,-0.0387,-0.01286,0.62911,0.02402,-0.0871,0.5409,0.00811,-0.08909,0.57225,0.0918,-0.0112,0.61231,0.04951,-0.03215,0.65076,0.00177,0.01064,0.58376,-0.08731,0.09331,0.61756,-0.09101,0.0254,0.66017,-0.03592,-0.03839,0.66514,-0.04605,-0.01879,0.40571,-0.04351,-0.04142,0.26375,-0.00933,-0.17602,0.20861,-0.0389,-0.16321,0.142,0.007,0.01331,0.40371,-0.08875,0.1118,0.30762,-0.0349,0.04799,0.1757,-0.05846,0.11171,0.12786,-0.0395
30.96,-0.01228,0.42694,-0.07978,-0.04143,0.5825,-0.03798,-0.00519,0.62472,0.02438,-0.08068,0.53645,0.00825,-0.08103,0.56696,0.09228,-0.00309,0.60696,0.04999,-0.02405,0.64646,0.00313,0.01694,0.58029,-0.08683,0.09888,0.61565,-0.09207,0.03153,0.65609,-0.03469,-0.03255,0.66075,-0.04291,-0.01324,0.40229,-0.0453,-0.03722,0.26069,-0.01055,-0.17249,0.20714,-0.03996,-0.16048,0.14042,0.00601,0.01882,0.40023,-0.09057,0.11734,0.30457,-0.03602,0.05079,0.17398,-0.05945,0.11461,0.12612,-0.04086
30.98,-0.00664,0.42341,-0.08168,-0.03479,0.57844,-0.03731,0.0026,0.62019,0.02469,-0.07415,0.53187,0.00831,-0.07289,0.56142,0.09267,0.00512,0.60137,0.05047,-0.0158,0.64193,0.0045,0.02341,0.57669,-0.08637,0.10458,0.61354,-0.09315,0.03797,0.65181,-0.03348,-0.02635,0.65626,-0.03978,-0.00758,0.39878,-0.04718,-0.03287,0.25756,-0.01182,-0.1688,0.20567,-0.04115,-0.15767,0.13889,0.00495,0.02445,0.39667,-0.09247,0.12298,0.30144,-0.0372,0.0537,0.17227,-0.06055,0.1176,0.12442,-0.04222
31,-0.00141,0.4201,-0.08335,-0.02865,0.57458,-0.03656,0.00988,0.61588,0.02505,-0.06807,0.52752,0.0085,-0.06512,0.55629,0.09308,0.01289,0.59618,0.05082,-0.00805,0.63774,0.00576,0.02938,0.57328,-0.08585,0.10974,0.61156,-0.09409,0.04391,0.64786,-0.03237,-0.02059,0.65193,-0.03673,-0.00234,0.39551,-0.04882,-0.02895,0.25466,-0.01296,-0.16548,0.20426,-0.04208,-0.15506,0.13739,0.00405,0.02965,0.39333,-0.09414,0.12821,0.2985,-0.03822,0.05638,0.17071,-0.06146,0.12039,0.12284,-0.04357
31.02,0.00293,0.41738,-0.08448,-0.02362,0.57133,-0.03561,0.01603,0.61225,0.02553,-0.06298,0.52383,0.00903,-0.05805,0.55232,0.09361,0.01974,0.59214,0.0509,-0.0014,0.63461,0.0068,0.03417,0.57049,-0.0852,0.1137,0.61018,-0.09472,0.04852,0.64489,-0.03141,-0.01614,0.64806,-0.03377,0.00201,0.39287,-0.0499,-0.02606,0.25237,-0.0138,-0.16313,0.20305,-0.04222,-0.15293,0.13591,0.00358,0.03393,0.39053,-0.09526,0.13258,0.2961,-0.03884,0.05854,0.16953,-0.06183,0.12271,0.12153,-0.04488
31.04,0.00686,0.41488,-0.0854,-0.01908,0.56832,-0.03461,0.02167,0.60887,0.02606,-0.05832,0.52039,0.00968,-0.05134,0.54878,0.09415,0.02616,0.58853,0.05084,0.00474,0.63187,0.00772,0.03846,0.56792,-0.08449,0.11714,0.60897,-0.09521,0.05258,0.64227,-0.03051,-0.01216,0.64438,-0.0309,0.00595,0.39047,-0.05075,-0.02358,0.2503,-0.01451,-0.16116,0.20191,-0.04209,-0.151,0.13446,0.00326,0.03779,0.38795,-0.09615,0.13655,0.2939,-0.03929,0.06049,0.16849,-0.06201,0.12482,0.12033,-0.04614
31.06,0.01095,0.41228,-0.08641,-0.01435,0.56517,-0.03366,0.02746,0.60535,0.02653,-0.05351,0.51681,0.01023,-0.04458,0.54499,0.0946,0.03265,0.58471,0.05078,0.01102,0.62888,0.00863,0.04295,0.56522,-0.0838,0.12078,0.60756,-0.0957,0.05693,0.63949,-0.02963,-0.00782,0.64065,-0.02808,0.01006,0.38796,-0.05169,-0.02092,0.24815,-0.01527,-0.15899,0.20077,-0.04209,-0.14897,0.13304,0.00286,0.04182,0.38527,-0.09714,0.14068,0.29161,-0.03981,0.06256,0.16743,-0.06229,0.12705,0.11916,-0.0474
31.08,0.01513,0.40966,-0.08745,-0.00952,0.56194,-0.03269,0.03338,0.60175,0.02697,-0.04861,0.51315,0.01078,-0.03758,0.54112,0.09496,0.03937,0.5808,0.05061,0.01758,0.62588,0.00952,0.04755,0.56247,-0.0831,0.12443,0.60614,-0.0963,0.06142,0.63665,-0.02876,-0.00325,0.63682,-0.02515,0.01425,0.38544,-0.05266,-0.01824,0.24602,-0.01606,-0.15682,0.19964,-0.04201,-0.14689,0.13158,0.00247,0.04593,0.38256,-0.09816,0.14492,0.28932,-0.04037,0.0647,0.16642,-0.06256,0.12936,0.11809,-0.04868
31.1,0.01903,0.40715,-0.08836,-0.00504,0.55886,-0.03177,0.03881,0.59832,0.02743,-0.04406,0.50966,0.0113,-0.03126,0.53742,0.0953,0.0454,0.57712,0.05048,0.02338,0.62292,0.01031,0.05182,0.55983,-0.08241,0.1279,0.60458,-0.0966,0.06557,0.634,-0.02795,0.00103,0.63329,-0.02259,0.01816,0.38301,-0.05352,-0.01567,0.24395,-0.01674,-0.1547,0.19856,-0.04202,-0.14494,0.13026,0.00212,0.04977,0.37998,-0.09905,0.14883,0.2871,-0.04081,0.06671,0.16544,-0.0628,0.1315,0.11702,-0.04985
31.12,0.02226,0.40488,-0.08898,-0.00136,0.55613,-0.03098,0.04316,0.59526,0.02794,-0.04033,0.50661,0.01178,-0.02658,0.53412,0.09572,0.04981,0.57401,0.05061,0.02729,0.62003,0.01097,0.05534,0.55744,-0.08179,0.13107,0.60274,-0.0961,0.06883,0.63179,-0.02722,0.00438,0.63045,-0.02087,0.02141,0.38074,-0.05414,-0.01325,0.24194,-0.0172,-0.15263,0.19758,-0.04239,-0.14334,0.12925,0.00181,0.05299,0.37771,-0.0997,0.15195,0.28506,-0.04092,0.06839,0.16441,-0.06305,0.13315,0.11579,-0.0508
31.14,0.02521,0.40273,-0.08948,0.00198,0.55354,-0.03022,0.04706,0.59236,0.02848,-0.03695,0.50376,0.01226,-0.02256,0.531,0.09617,0.05356,0.57114,0.05083,0.03045,0.6172,0.01159,0.05855,0.55518,-0.08118,0.13408,0.60084,-0.09532,0.0717,0.62975,-0.02652,0.00733,0.62789,-0.01949,0.02439,0.37857,-0.05465,-0.01093,0.23997,-0.01757,-0.15061,0.19662,-0.04287,-0.14189,0.12835,0.00154,0.05594,0.37557,-0.10022,0.15475,0.28309,-0.04091,0.06992,0.16337,-0.0633,0.13462,0.11451,-0.05165
31.16,0.02828,0.40054,-0.09002,0.00546,0.5509,-0.02946,0.05112,0.5894,0.029,-0.03343,0.50083,0.01272,-0.01829,0.52782,0.09659,0.05756,0.56818,0.051,0.03391,0.61436,0.01223,0.06188,0.55286,-0.08056,0.13715,0.59897,-0.09466,0.07471,0.62763,-0.0258,0.01046,0.62521,-0.01798,0.02748,0.37637,-0.05519,-0.00858,0.238,-0.01798,-0.14857,0.19566,-0.04328,-0.14036,0.12742,0.00126,0.05901,0.37339,-0.10079,0.15767,0.28111,-0.04094,0.07152,0.16238,-0.06354,0.13618,0.11331,-0.05253
31.18,0.03139,0.39828,-0.09062,0.009,0.54815,-0.02869,0.05528,0.58633,0.02949,-0.02984,0.49778,0.01317,-0.01388,0.5245,0.09697,0.06168,0.56512,0.05112,0.03741,0.61141,0.01288,0.06527,0.55046,-0.07995,0.14028,0.59703,-0.09398,0.07779,0.62546,-0.02507,0.01367,0.62247,-0.01639,0.03062,0.37411,-0.0558,-0.00616,0.23597,-0.0184,-0.14645,0.19469,-0.04374,-0.13879,0.12647,0.00094,0.06212,0.37114,-0.10142,0.16065,0.27907,-0.04102,0.07318,0.16136,-0.06386,0.13781,0.11212,-0.05347
31.2,0.03435,0.39619,-0.09107,0.01232,0.54562,-0.02797,0.0591,0.58349,0.03002,-0.02649,0.49499,0.01361,-0.00995,0.52146,0.09738,0.06538,0.56231,0.05135,0.04059,0.60868,0.01351,0.06847,0.54824,-0.07934,0.14325,0.59519,-0.09326,0.08063,0.6234,-0.02438,0.01662,0.61992,-0.01507,0.03361,0.372,-0.05625,-0.00389,0.23409,-0.01876,-0.14447,0.19377,-0.04413,-0.1373,0.12561,0.00073,0.06508,0.36905,-0.10189,0.16345,0.27716,-0.04098,0.07474,0.16042,-0.06407,0.13931,0.11099,-0.05427
31.22,0.03698,0.39441,-0.09113,0.01512,0.54356,-0.02731,0.06215,0.58114,0.03067,-0.02368,0.49276,0.01407,-0.00711,0.51905,0.09789,0.06813,0.56007,0.05185,0.04319,0.60643,0.01411,0.07122,0.54637,-0.07872,0.14583,0.59363,-0.09254,0.08296,0.62156,-0.02377,0.01898,0.61773,-0.01441,0.03627,0.37024,-0.0563,-0.00202,0.23249,-0.01899,-0.1428,0.19289,-0.04433,-0.13597,0.12487,0.00079,0.06769,0.36726,-0.10198,0.16588,0.27545,-0.04064,0.0761,0.15959,-0.06398,0.14054,0.10988,-0.05468
31.24,0.03946,0.39278,-0.09104,0.0177,0.54172,-0.02668,0.06487,0.57901,0.03136,-0.02111,0.4908,0.01453,-0.00472,0.51693,0.09843,0.07048,0.5581,0.05247,0.04552,0.60441,0.01469,0.07379,0.54469,-0.07811,0.14826,0.5922,-0.09179,0.08507,0.61984,-0.0232,0.02108,0.61574,-0.01401,0.03879,0.36863,-0.05619,-0.00031,0.23104,-0.01916,-0.14127,0.19206,-0.04445,-0.13471,0.12421,0.00096,0.07014,0.36561,-0.10191,0.16814,0.27386,-0.04019,0.07737,0.15882,-0.06378,0.14164,0.10881,-0.05495
31.26,0.04199,0.39112,-0.09101,0.02037,0.53981,-0.02605,0.06772,0.57681,0.03203,-0.01845,0.48875,0.01498,-0.00215,0.51472,0.09895,0.07299,0.55604,0.05303,0.04795,0.60233,0.01527,0.07643,0.54294,-0.0775,0.15076,0.59072,-0.09106,0.08728,0.61808,-0.02263,0.0233,0.61369,-0.01352,0.04135,0.36698,-0.05616,0.00146,0.22956,-0.01935,-0.13969,0.19123,-0.0446,-0.13341,0.12354,0.00109,0.07265,0.36393,-0.10191,0.17047,0.27225,-0.03979,0.07869,0.15806,-0.06363,0.1428,0.10777,-0.05529
31.28,0.0446,0.38932,-0.091,0.02311,0.53775,-0.0254,0.07065,0.57448,0.0327,-0.01571,0.48654,0.01545,0.00053,0.51231,0.0995,0.0756,0.55381,0.05361,0.05047,0.60004,0.01584,0.07912,0.54107,-0.07688,0.15329,0.58914,-0.09031,0.08951,0.6162,-0.02203,0.02555,0.61149,-0.01296,0.044,0.36521,-0.05613,0.0033,0.22796,-0.01956,-0.13804,0.19035,-0.04478,-0.13207,0.12283,0.00121,0.07523,0.36212,-0.10193,0.17287,0.27053,-0.0394,0.08006,0.15723,-0.0635,0.14402,0.10666,-0.05565
31.3,0.04701,0.38784,-0.09092,0.02565,0.53606,-0.0248,0.07333,0.57248,0.03338,-0.0132,0.48474,0.01588,0.00287,0.51038,0.09999,0.07791,0.552,0.05419,0.05275,0.59823,0.01643,0.08166,0.53952,-0.07628,0.15571,0.5878,-0.08959,0.09164,0.6146,-0.02148,0.02767,0.60965,-0.01259,0.04643,0.36375,-0.05604,0.00495,0.22667,-0.0197,-0.13655,0.18961,-0.04486,-0.13081,0.12225,0.00138,0.07762,0.36062,-0.10186,0.17505,0.26907,-0.03895,0.08132,0.15659,-0.06333,0.14513,0.10577,-0.05591
31.32,0.04894,0.38708,-0.09069,0.02771,0.53521,-0.02433,0.07547,0.57115,0.03409,-0.01129,0.48388,0.01619,0.00437,0.50959,0.10036,0.07951,0.55127,0.05476,0.05444,0.59761,0.01708,0.08381,0.53868,-0.0757,0.15784,0.58701,-0.08893,0.09345,0.61369,-0.02107,0.02942,0.60868,-0.01272,0.04829,0.36303,-0.05578,0.00617,0.22609,-0.01966,-0.13541,0.18922,-0.04471,-0.12977,0.1219,0.00161,0.07955,0.35983,-0.10155,0.1767,0.26821,-0.0383,0.08229,0.15639,-0.06309,0.14597,0.10537,-0.05597
31.34,0.05068,0.38666,-0.0904,0.02959,0.53475,-0.0239,0.07736,0.57016,0.03482,-0.00962,0.48344,0.01646,0.00555,0.50928,0.10068,0.08085,0.55097,0.05535,0.05592,0.59746,0.01776,0.08581,0.53817,-0.07514,0.15988,0.58646,-0.0883,0.09518,0.61306,-0.02071,0.03106,0.6081,-0.01303,0.04994,0.36265,-0.05547,0.00719,0.22584,-0.01958,-0.13441,0.18898,-0.04448,-0.12881,0.12167,0.00186,0.0813,0.35937,-0.10116,0.17812,0.26763,-0.03759,0.08315,0.15639,-0.06282,0.14671,0.10518,-0.05595
31.36,0.05252,0.38615,-0.09013,0.03154,0.53418,-0.02347,0.07933,0.56911,0.03553,-0.00784,0.48288,0.01674,0.00689,0.50879,0.10102,0.08232,0.5505,0.05593,0.05752,0.59714,0.01844,0.08788,0.53757,-0.07458,0.16198,0.58584,-0.08767,0.09699,0.61235,-0.02031,0.0328,0.60741,-0.01324,0.05168,0.36218,-0.05517,0.00828,0.22551,-0.01954,-0.13336,0.1887,-0.04429,-0.12781,0.12142,0.0021,0.08313,0.35882,-0.1008,0.17963,0.26697,-0.03691,0.08407,0.15634,-0.06256,0.14751,0.10495,-0.05596
31.38,0.05432,0.38535,-0.08988,0.03348,0.5333,-0.023,0.0814,0.56764,0.03624,-0.00607,0.482,0.01704,0.00815,0.50813,0.10134,0.08368,0.54989,0.05646,0.05897,0.59663,0.01904,0.08992,0.53668,-0.074,0.16397,0.58504,-0.08701,0.09859,0.61144,-0.02,0.03434,0.60643,-0.01356,0.0534,0.36141,-0.0549,0.00946,0.22488,-0.01942,-0.13225,0.18831,-0.04414,-0.12682,0.12106,0.00231,0.08493,0.35799,-0.10047,0.18118,0.26611,-0.03623,0.08497,0.15614,-0.06232,0.14828,0.10456,-0.056
31.4,0.05615,0.38525,-0.08958,0.03542,0.53318,-0.0226,0.0832,0.56713,0.03697,-0.00432,0.48191,0.01729,0.00949,0.50795,0.10168,0.08521,0.54969,0.05712,0.0607,0.59663,0.01981,0.09199,0.5365,-0.07346,0.16617,0.58468,-0.08638,0.10063,0.61102,-0.01951,0.0363,0.60617,-0.01369,0.05513,0.36137,-0.05457,0.01041,0.22499,-0.01947,-0.1313,0.18819,-0.04388,-0.12581,0.12095,0.00257,0.08675,0.35785,-0.10006,0.18259,0.26575,-0.03553,0.0859,0.15631,-0.06206,0.14912,0.10459,-0.05596
31.42,0.05808,0.38683,-0.08911,0.03738,0.53486,-0.02235,0.08436,0.56905,0.03771,-0.00256,0.48369,0.01748,0.01114,0.50886,0.10216,0.08726,0.55037,0.05806,0.06316,0.59772,0.021,0.09411,0.53804,-0.07304,0.16882,0.58541,-0.08591,0.10379,0.6117,-0.01852,0.03936,0.60758,-0.01322,0.05696,0.36302,-0.05404,0.0107,0.22688,-0.02002,-0.13082,0.18872,-0.04336,-0.12468,0.12145,0.00298,0.08866,0.35936,-0.09947,0.18371,0.26656,-0.03477,0.08689,0.15733,-0.0617,0.15014,0.10564,-0.05575
31.44,0.06004,0.38915,-0.08858,0.03935,0.53733,-0.02217,0.08526,0.57198,0.03846,-0.00081,0.4863,0.01761,0.01284,0.51026,0.10265,0.08946,0.55147,0.05913,0.06589,0.59931,0.02237,0.09626,0.54032,-0.07267,0.17167,0.5866,-0.08546,0.10737,0.61287,-0.01736,0.04285,0.60973,-0.01255,0.05881,0.36543,-0.05346,0.01076,0.22959,-0.02075,-0.13045,0.18955,-0.04278,-0.12349,0.12224,0.00336,0.0906,0.36159,-0.09881,0.18468,0.26789,-0.03399,0.08788,0.15874,-0.06131,0.15122,0.10714,-0.05544
31.46,0.062,0.39125,-0.0881,0.04133,0.53956,-0.02198,0.08625,0.57457,0.03919,0.00094,0.48867,0.01773,0.01447,0.51153,0.10309,0.09158,0.55244,0.06016,0.06853,0.60074,0.02367,0.09843,0.54239,-0.07228,0.17448,0.58763,-0.08497,0.11078,0.61388,-0.0163,0.04619,0.61167,-0.01201,0.06064,0.36763,-0.05292,0.01094,0.23209,-0.0214,-0.12994,0.19033,-0.04232,-0.12227,0.12296,0.00363,0.09253,0.36361,-0.09818,0.18568,0.26908,-0.03323,0.08887,0.16004,-0.06095,0.15227,0.10851,-0.05516
31.48,0.06393,0.39283,-0.08753,0.04326,0.54127,-0.0217,0.08729,0.57666,0.03989,0.00273,0.49049,0.01801,0.01622,0.51241,0.10362,0.09367,0.55307,0.06107,0.07101,0.60175,0.02485,0.10047,0.54396,-0.07188,0.17696,0.58841,-0.08468,0.11397,0.61444,-0.01528,0.04933,0.61306,-0.01137,0.0625,0.36929,-0.0523,0.01111,0.23409,-0.02209,-0.12948,0.19083,-0.0419,-0.12094,0.12346,0.00391,0.09443,0.36512,-0.09752,0.18682,0.26991,-0.03248,0.08986,0.1611,-0.06057,0.15332,0.10962,-0.05492
31.5,0.06592,0.39568,-0.08713,0.0453,0.54427,-0.02161,0.08814,0.58002,0.04061,0.00443,0.49364,0.01795,0.01767,0.51423,0.10392,0.09578,0.55448,0.06221,0.07383,0.60372,0.02631,0.10279,0.54673,-0.07149,0.18011,0.58982,-0.084,0.11765,0.61599,-0.01417,0.05296,0.61572,-0.01089,0.0643,0.37224,-0.05184,0.01127,0.23742,-0.02278,-0.12878,0.19203,-0.04158,-0.11971,0.12454,0.00394,0.0964,0.36788,-0.09692,0.18759,0.27163,-0.03169,0.09081,0.16278,-0.06022,0.15435,0.1114,-0.05457
31.52,0.06809,0.40175,-0.08725,0.04772,0.55048,-0.022,0.08852,0.58659,0.04138,0.00588,0.50018,0.01696,0.01828,0.51828,0.10362,0.0979,0.55771,0.064,0.07754,0.608,0.02862,0.10594,0.55249,-0.07104,0.185,0.59266,-0.08226,0.12268,0.61999,-0.01275,0.05796,0.62154,-0.01082,0.06593,0.37851,-0.05186,0.0115,0.24411,-0.02347,-0.12743,0.19506,-0.04141,-0.11873,0.12707,0.00342,0.09858,0.37378,-0.09651,0.18743,0.27565,-0.03086,0.09166,0.16607,-0.06003,0.15538,0.11495,-0.05403
31.54,0.07031,0.40908,-0.08756,0.05025,0.55797,-0.02255,0.08867,0.59442,0.04211,0.00723,0.50806,0.01562,0.01847,0.52328,0.10299,0.09983,0.56165,0.06597,0.08143,0.61312,0.03122,0.10934,0.55944,-0.07055,0.19034,0.59603,-0.08018,0.12812,0.62492,-0.01122,0.06345,0.62855,-0.01081,0.06748,0.38608,-0.05206,0.01173,0.2521,-0.0242,-0.12575,0.19886,-0.04133,-0.11774,0.13024,0.00267,0.10082,0.38092,-0.09615,0.18684,0.2806,-0.03007,0.09243,0.17003,-0.05994,0.15633,0.11921,-0.05342
31.56,0.07248,0.4159,-0.08778,0.0527,0.56493,-0.02301,0.08887,0.6017,0.04275,0.00862,0.51539,0.01442,0.01866,0.52797,0.10235,0.10157,0.56526,0.06775,0.085,0.61777,0.03363,0.11258,0.5659,-0.07005,0.19517,0.59909,-0.07834,0.13321,0.62939,-0.00975,0.06868,0.635,-0.01068,0.06903,0.39311,-0.0522,0.01198,0.25955,-0.02498,-0.12404,0.20242,-0.04128,-0.11656,0.13325,0.00194,0.10299,0.38756,-0.09577,0.18632,0.28521,-0.02935,0.09317,0.17377,-0.05989,0.15722,0.1232,-0.05288
31.58,0.07474,0.4225,-0.08801,0.05524,0.57164,-0.0234,0.08898,0.60889,0.04338,0.01011,0.52246,0.01325,0.01885,0.53212,0.10169,0.10327,0.56823,0.06959,0.08856,0.62179,0.03628,0.11588,0.57211,-0.06945,0.19992,0.60174,-0.07656,0.13841,0.6333,-0.00814,0.07413,0.64096,-0.01032,0.0707,0.39993,-0.05234,0.01219,0.26687,-0.02582,-0.12228,0.20595,-0.04111,-0.11514,0.13618,0.00119,0.10522,0.39398,-0.09542,0.18593,0.28973,-0.0287,0.09397,0.1775,-0.05997,0.15821,0.12724,-0.05254
31.6,0.07684,0.42984,-0.08826,0.05762,0.57912,-0.02391,0.08913,0.61655,0.04385,0.01141,0.53035,0.01192,0.01865,0.53759,0.10073,0.10453,0.57244,0.07118,0.09177,0.6269,0.03852,0.11905,0.57905,-0.06891,0.20435,0.60514,-0.07477,0.14323,0.6383,-0.00676,0.07926,0.64792,-0.01015,0.07211,0.40747,-0.05255,0.01249,0.27478,-0.02668,-0.12019,0.20988,-0.0413,-0.11378,0.1396,0.00028,0.10732,0.40114,-0.09501,0.18505,0.29476,-0.02813,0.09456,0.18152,-0.06,0.15886,0.13144,-0.05192
31.62,0.07856,0.43894,-0.08856,0.05967,0.5885,-0.02476,0.08954,0.62521,0.04412,0.01229,0.54025,0.01025,0.01782,0.54648,0.09926,0.10501,0.5801,0.07226,0.09435,0.63511,0.03977,0.12193,0.58774,-0.0686,0.20827,0.61053,-0.07274,0.14725,0.64627,-0.00595,0.08363,0.65753,-0.01055,0.07284,0.41673,-0.0529,0.01301,0.28404,-0.02751,-0.11747,0.2148,-0.04203,-0.1129,0.14424,-0.0007,0.1091,0.41012,-0.09441,0.18309,0.30099,-0.02771,0.09471,0.18615,-0.05983,0.15873,0.1359,-0.05062
31.64,0.08013,0.44872,-0.08888,0.06158,0.59857,-0.02568,0.08999,0.63424,0.04436,0.01302,0.55088,0.00848,0.01676,0.5566,0.09761,0.10518,0.58897,0.0732,0.09665,0.6444,0.04078,0.12467,0.59708,-0.06829,0.21187,0.61664,-0.0706,0.15105,0.65529,-0.00526,0.08782,0.66811,-0.011,0.07331,0.42664,-0.05333,0.01358,0.29383,-0.02831,-0.11443,0.22015,-0.04297,-0.11215,0.14942,-0.00172,0.11074,0.41979,-0.09376,0.18068,0.30774,-0.02753,0.09474,0.19111,-0.05978,0.15834,0.14058,-0.04922
31.66,0.08174,0.45813,-0.08918,0.06353,0.60823,-0.02645,0.09035,0.64303,0.04464,0.01384,0.56108,0.0068,0.01582,0.56605,0.09604,0.10537,0.59715,0.07422,0.09893,0.65301,0.04206,0.12741,0.60605,-0.06785,0.2153,0.62233,-0.06853,0.15498,0.66364,-0.00437,0.0922,0.67807,-0.01112,0.07389,0.4362,-0.05376,0.01407,0.30335,-0.02915,-0.11138,0.22539,-0.04378,-0.11121,0.15452,-0.00271,0.11238,0.4291,-0.09313,0.17844,0.31435,-0.02754,0.09489,0.19603,-0.05996,0.15811,0.14531,-0.04814
31.68,0.08344,0.46782,-0.08956,0.06567,0.61813,-0.0272,0.09075,0.65187,0.04503,0.01482,0.57153,0.00508,0.01488,0.57565,0.09438,0.10551,0.60546,0.07538,0.10126,0.66172,0.04356,0.13031,0.61523,-0.06733,0.21881,0.62784,-0.06628,0.15925,0.67201,-0.00332,0.097,0.68814,-0.0111,0.07451,0.44604,-0.05429,0.01462,0.31317,-0.02999,-0.10837,0.23125,-0.04386,-0.11026,0.1601,-0.00331,0.11407,0.43866,-0.09253,0.17619,0.32126,-0.02778,0.09518,0.20126,-0.06047,0.158,0.15038,-0.04731
31.7,0.08492,0.47708,-0.08976,0.06742,0.62759,-0.02781,0.09097,0.66055,0.04529,0.01554,0.5815,0.00354,0.01395,0.58506,0.09285,0.10547,0.61356,0.07628,0.10316,0.67017,0.04489,0.13277,0.62405,-0.06674,0.22161,0.6337,-0.06437,0.1629,0.68025,-0.00234,0.10114,0.69787,-0.01076,0.07499,0.45541,-0.05469,0.01502,0.32249,-0.03084,-0.10498,0.23631,-0.04508,-0.10915,0.16528,-0.00451,0.11554,0.44784,-0.09184,0.17388,0.32793,-0.02819,0.09543,0.20626,-0.06093,0.15783,0.15519,-0.0465
31.72,0.08588,0.48508,-0.08949,0.06823,0.63586,-0.02822,0.09089,0.66886,0.04514,0.01561,0.59013,0.00243,0.01314,0.59384,0.09171,0.10529,0.62098,0.07644,0.10432,0.67791,0.04555,0.13416,0.63186,-0.06611,0.22309,0.64053,-0.06333,0.16488,0.68823,-0.0017,0.10336,0.70671,-0.01002,0.07519,0.46337,-0.05468,0.01512,0.33035,-0.03168,-0.10059,0.23903,-0.04908,-0.1077,0.16908,-0.00707,0.11658,0.45587,-0.09091,0.17157,0.33367,-0.02866,0.09547,0.21037,-0.06086,0.15745,0.15908,-0.04547
31.74,0.08661,0.49261,-0.08904,0.06865,0.64366,-0.02856,0.09069,0.67699,0.04485,0.01541,0.59825,0.00148,0.01235,0.60239,0.09072,0.10503,0.62819,0.07632,0.10516,0.6854,0.04595,0.13511,0.63928,-0.06546,0.22406,0.64774,-0.06259,0.16617,0.69614,-0.0012,0.1048,0.71526,-0.00917,0.07524,0.4708,-0.0545,0.01511,0.33763,-0.03252,-0.09553,0.24095,-0.05352,-0.10604,0.17246,-0.00984,0.1174,0.46348,-0.08987,0.16924,0.33911,-0.02923,0.09549,0.21421,-0.06068,0.15706,0.16269,-0.04447
31.76,0.08742,0.50028,-0.08864,0.06923,0.65159,-0.02888,0.09055,0.68511,0.04465,0.01535,0.6065,0.00049,0.01159,0.61094,0.08969,0.10479,0.63542,0.07636,0.10608,0.6929,0.04653,0.13621,0.64681,-0.06478,0.2252,0.65475,-0.06167,0.16771,0.70401,-0.0006,0.10653,0.72384,-0.00832,0.07535,0.4784,-0.0544,0.01516,0.3451,-0.03338,-0.0904,0.24342,-0.05677,-0.10434,0.17624,-0.01203,0.11828,0.47121,-0.08886,0.167,0.34477,-0.02996,0.0957,0.21829,-0.06077,0.1569,0.16659,-0.04371
31.78,0.08834,0.50828,-0.08836,0.07007,0.65985,-0.02928,0.09063,0.69352,0.0444,0.0155,0.61514,-0.00063,0.01095,0.61982,0.08853,0.10469,0.64279,0.07636,0.10731,0.70054,0.04714,0.13758,0.6546,-0.06412,0.22661,0.6619,-0.06071,0.16957,0.71205,7e-05,0.10862,0.73264,-0.00743,0.07555,0.48633,-0.05442,0.0153,0.35293,-0.03423,-0.08534,0.24669,-0.05901,-0.10294,0.18081,-0.01364,0.11925,0.47927,-0.08793,0.16488,0.35078,-0.031,0.09617,0.22271,-0.06112,0.15701,0.17086,-0.04322
31.8,0.08896,0.51547,-0.08781,0.07031,0.66728,-0.02947,0.09028,0.70122,0.04424,0.01521,0.62282,-0.00145,0.01016,0.62789,0.08766,0.10428,0.64971,0.07638,0.10785,0.70769,0.04772,0.13829,0.66172,-0.06335,0.22733,0.66883,-0.05986,0.1706,0.71963,0.00067,0.10982,0.74085,-0.00649,0.07553,0.49342,-0.05418,0.01529,0.35985,-0.03511,-0.07979,0.24891,-0.0612,-0.10103,0.18441,-0.01539,0.11992,0.48653,-0.08679,0.16272,0.35622,-0.03185,0.09656,0.22668,-0.06138,0.15706,0.17471,-0.04271
31.82,0.08887,0.52061,-0.08656,0.06904,0.67264,-0.02921,0.08882,0.70714,0.0443,0.0138,0.62812,-0.00155,0.00897,0.63392,0.08752,0.10315,0.65559,0.07645,0.10659,0.71373,0.04808,0.13739,0.66717,-0.06232,0.22638,0.67518,-0.05935,0.16952,0.72617,0.0009,0.10874,0.74757,-0.00566,0.07497,0.4984,-0.05324,0.01489,0.3645,-0.03607,-0.07298,0.24816,-0.06387,-0.09768,0.18528,-0.01755,0.11994,0.4918,-0.08511,0.16039,0.36004,-0.03186,0.09646,0.22932,-0.0611,0.15666,0.17722,-0.04185
31.84,0.08846,0.52493,-0.08506,0.06713,0.67716,-0.0288,0.08689,0.71235,0.04439,0.01191,0.63246,-0.00141,0.00756,0.63916,0.08762,0.10168,0.66102,0.07648,0.10462,0.71929,0.04833,0.13583,0.67192,-0.06122,0.22472,0.68121,-0.059,0.16762,0.73224,0.00099,0.10679,0.75372,-0.00488,0.07414,0.50253,-0.05203,0.01437,0.36824,-0.03703,-0.06598,0.24675,-0.06559,-0.09433,0.18565,-0.01899,0.11964,0.49626,-0.08321,0.15797,0.36323,-0.03159,0.09616,0.23145,-0.06063,0.15608,0.17921,-0.04089
31.86,0.08814,0.52957,-0.08368,0.06548,0.68201,-0.0285,0.08513,0.71783,0.04441,0.01019,0.63718,-0.00143,0.00619,0.64472,0.08755,0.10033,0.66658,0.07649,0.10296,0.72499,0.0486,0.13453,0.67693,-0.06018,0.22332,0.68724,-0.0586,0.16608,0.73841,0.00112,0.10528,0.76013,-0.00412,0.07339,0.507,-0.05097,0.01395,0.37235,-0.03797,-0.05971,0.24653,-0.0658,-0.09194,0.18717,-0.01947,0.11942,0.50105,-0.08141,0.15564,0.36674,-0.03157,0.09604,0.23389,-0.06035,0.15569,0.18154,-0.04011
31.88,0.08807,0.53441,-0.08229,0.06414,0.68706,-0.02826,0.08373,0.72351,0.04435,0.00879,0.64214,-0.00149,0.00513,0.65056,0.08743,0.09925,0.67249,0.07639,0.10146,0.73101,0.0487,0.13354,0.68212,-0.05921,0.22218,0.69367,-0.05836,0.16456,0.74496,0.0009,0.10367,0.76654,-0.0037,0.07292,0.51166,-0.04988,0.01377,0.3767,-0.03899,-0.05372,0.24706,-0.06485,-0.0903,0.18959,-0.01937,0.11946,0.50602,-0.07962,0.15357,0.37049,-0.03168,0.09627,0.23656,-0.06013,0.15565,0.18409,-0.0394
31.9,0.08738,0.53864,-0.08086,0.06204,0.69146,-0.02795,0.08152,0.72858,0.04435,0.00668,0.64637,-0.00149,0.0034,0.65569,0.08736,0.09755,0.67756,0.07642,0.09949,0.73622,0.04902,0.13179,0.68673,-0.05816,0.22033,0.69906,-0.0579,0.16281,0.75056,0.00128,0.1021,0.77278,-0.00273,0.07179,0.51571,-0.04878,0.01321,0.38036,-0.0398,-0.04935,0.2478,-0.06309,-0.08978,0.19198,-0.01883,0.11886,0.5104,-0.07774,0.1511,0.37376,-0.03169,0.09601,0.23885,-0.05991,0.15516,0.1863,-0.03873
31.92,0.08514,0.54142,-0.07942,0.05808,0.69427,-0.02745,0.07725,0.73217,0.04453,0.00279,0.64888,-0.00137,0,0.65909,0.08739,0.0943,0.68048,0.07683,0.09652,0.73938,0.04997,0.12817,0.68995,-0.05691,0.21676,0.7019,-0.05691,0.1606,0.75376,0.00325,0.10089,0.77863,-0.00026,0.06894,0.5183,-0.04779,0.01164,0.38232,-0.04002,-0.04728,0.24776,-0.06125,-0.08992,0.19282,-0.01798,0.11669,0.51335,-0.07566,0.1475,0.3758,-0.03134,0.09443,0.24011,-0.05964,0.15343,0.18755,-0.03808
31.94,0.08226,0.54361,-0.07795,0.05336,0.69644,-0.02692,0.07215,0.73516,0.04473,-0.00181,0.65069,-0.00122,-0.0041,0.66183,0.08744,0.0904,0.6826,0.07736,0.0931,0.74175,0.05109,0.12379,0.6926,-0.05562,0.21249,0.70376,-0.05573,0.1582,0.75599,0.00582,0.09996,0.78418,0.00293,0.06542,0.52029,-0.0468,0.00965,0.38363,-0.03997,-0.04614,0.24746,-0.05934,-0.09037,0.19313,-0.01691,0.11388,0.51572,-0.0735,0.14351,0.37738,-0.03086,0.09242,0.24097,-0.05933,0.15133,0.18844,-0.03744
31.96,0.07962,0.54605,-0.07647,0.04897,0.69889,-0.02647,0.06739,0.73841,0.04483,-0.00611,0.65281,-0.00115,-0.00795,0.66491,0.08741,0.08672,0.68509,0.0778,0.08983,0.74445,0.05207,0.11973,0.69547,-0.0544,0.2085,0.70602,-0.05465,0.15594,0.75857,0.00811,0.09915,0.78963,0.00598,0.06218,0.52254,-0.0458,0.00783,0.38526,-0.03993,-0.04514,0.24768,-0.05711,-0.09123,0.19404,-0.01578,0.11128,0.51833,-0.07135,0.13979,0.37922,-0.03049,0.0908,0.24206,-0.05906,0.14965,0.18959,-0.03684
31.98,0.07718,0.54856,-0.07505,0.04482,0.70139,-0.02611,0.06297,0.74176,0.04478,-0.01015,0.655,-0.00113,-0.01139,0.66813,0.08729,0.08344,0.68774,0.07809,0.08693,0.7473,0.05287,0.11589,0.69839,-0.0533,0.20469,0.70865,-0.05407,0.15361,0.76132,0.00979,0.09837,0.79512,0.0084,0.05912,0.52484,-0.0449,0.00632,0.38693,-0.03991,-0.04401,0.24806,-0.05443,-0.09221,0.19517,-0.01457,0.10888,0.52101,-0.06923,0.13631,0.38117,-0.0302,0.08954,0.24325,-0.05888,0.14832,0.19088,-0.03629
32,0.07416,0.55079,-0.07351,0.04009,0.70361,-0.02573,0.05773,0.74477,0.04483,-0.01481,0.65693,-0.00112,-0.01582,0.67103,0.08715,0.07922,0.68994,0.07859,0.08325,0.74967,0.05387,0.11147,0.70103,-0.05212,0.20038,0.71034,-0.05268,0.1515,0.76335,0.01262,0.09811,0.80002,0.01234,0.05556,0.52689,-0.04384,0.00418,0.38842,-0.03961,-0.04421,0.24866,-0.05212,-0.09388,0.19631,-0.01337,0.10588,0.52341,-0.06704,0.1325,0.38292,-0.02983,0.08794,0.24428,-0.05854,0.14673,0.19202,-0.03569
32.02,0.0698,0.55238,-0.07165,0.03395,0.7052,-0.02523,0.05046,0.74695,0.04526,-0.02093,0.65825,-0.00109,-0.02268,0.67307,0.08705,0.07264,0.691,0.07971,0.07758,0.7509,0.05555,0.1057,0.70301,-0.05062,0.19486,0.70936,-0.04915,0.15024,0.76313,0.01853,0.09923,0.80302,0.0201,0.05083,0.52833,-0.04233,0.00041,0.38949,-0.03878,-0.04698,0.24938,-0.05119,-0.09652,0.19711,-0.01217,0.10152,0.52511,-0.06473,0.12784,0.38413,-0.02917,0.08531,0.24484,-0.05776,0.14421,0.19271,-0.03492
32.04,0.06485,0.55369,-0.06966,0.02723,0.70652,-0.02468,0.04238,0.74878,0.04581,-0.02766,0.65931,-0.00106,-0.03052,0.67475,0.08695,0.06511,0.69158,0.08107,0.07108,0.75161,0.05749,0.09936,0.7047,-0.04902,0.18863,0.70713,-0.04513,0.14939,0.76129,0.0255,0.1012,0.80438,0.02957,0.04559,0.52953,-0.04063,-0.00401,0.39038,-0.0377,-0.05063,0.25007,-0.05075,-0.09942,0.1977,-0.01092,0.09658,0.52653,-0.06237,0.1228,0.38514,-0.02839,0.08226,0.24521,-0.0568,0.14134,0.19324,-0.03406
32.06,0.06012,0.55513,-0.06773,0.02077,0.70795,-0.02421,0.03466,0.75076,0.04622,-0.0341,0.66049,-0.00107,-0.03794,0.67658,0.08678,0.05794,0.69235,0.08229,0.06489,0.7525,0.05929,0.09324,0.70651,-0.04752,0.18245,0.70518,-0.04186,0.14854,0.75907,0.03168,0.10336,0.80499,0.0385,0.04053,0.53085,-0.03902,-0.00815,0.39136,-0.03666,-0.05385,0.25078,-0.05001,-0.10218,0.19841,-0.00964,0.09184,0.52808,-0.06003,0.11794,0.38629,-0.02768,0.07951,0.24574,-0.05592,0.13875,0.19393,-0.03322
32.08,0.0556,0.55654,-0.06581,0.01452,0.70933,-0.02381,0.02714,0.75267,0.04653,-0.04033,0.66161,-0.00117,-0.04507,0.67842,0.0865,0.05103,0.69317,0.08348,0.05893,0.75347,0.06117,0.08734,0.70827,-0.04607,0.1763,0.70291,-0.03917,0.14792,0.75586,0.03734,0.10584,0.80419,0.04674,0.03569,0.53213,-0.03742,-0.01213,0.39234,-0.03577,-0.05707,0.25153,-0.04928,-0.10485,0.19917,-0.00823,0.08732,0.5296,-0.05768,0.11336,0.38745,-0.02693,0.07703,0.24631,-0.05503,0.13646,0.19471,-0.03237
32.1,0.05049,0.55796,-0.06384,0.0078,0.71072,-0.02335,0.01912,0.75459,0.04688,-0.04704,0.66276,-0.00119,-0.05292,0.68014,0.0863,0.04338,0.69377,0.08471,0.05228,0.75412,0.06293,0.08092,0.71003,-0.0446,0.16942,0.70054,-0.03636,0.14716,0.75188,0.04321,0.10882,0.80239,0.05643,0.03029,0.53345,-0.03576,-0.01654,0.39331,-0.03443,-0.06042,0.25222,-0.0485,-0.1077,0.19985,-0.0069,0.08219,0.53113,-0.05532,0.10825,0.38863,-0.02623,0.0742,0.24687,-0.05407,0.13383,0.19546,-0.03148
32.12,0.04398,0.55954,-0.06182,-7e-05,0.71227,-0.02269,0.00992,0.75668,0.0474,-0.0549,0.66411,-0.00093,-0.0626,0.68164,0.08639,0.03391,0.69383,0.08604,0.04399,0.75403,0.06437,0.07331,0.71188,-0.04303,0.16104,0.69838,-0.0324,0.14552,0.74725,0.05026,0.11234,0.79923,0.07009,0.02353,0.53494,-0.034,-0.02194,0.39437,-0.032,-0.0639,0.25284,-0.04748,-0.11105,0.20039,-0.00582,0.07565,0.53278,-0.05298,0.10177,0.38993,-0.02572,0.07046,0.24744,-0.053,0.13024,0.19613,-0.03057
32.14,0.03687,0.56113,-0.05978,-0.00842,0.71383,-0.02195,0.00023,0.75879,0.04796,-0.06325,0.6655,-0.00058,-0.07298,0.68301,0.08654,0.02371,0.69366,0.08736,0.03502,0.75365,0.06569,0.0652,0.71372,-0.04145,0.15184,0.69622,-0.02811,0.14317,0.74149,0.05755,0.11591,0.7935,0.0849,0.0162,0.53647,-0.03218,-0.0278,0.39544,-0.02911,-0.06751,0.25347,-0.04635,-0.11462,0.20093,-0.00477,0.06852,0.53444,-0.05063,0.09476,0.39126,-0.02527,0.06638,0.24803,-0.05188,0.1263,0.19682,-0.02963
32.16,0.02999,0.56269,-0.05773,-0.01656,0.71534,-0.02128,-0.00924,0.76084,0.04844,-0.07138,0.66683,-0.00029,-0.08299,0.6844,0.08659,0.01383,0.69359,0.0886,0.02631,0.75339,0.06704,0.05727,0.71552,-0.03991,0.14263,0.694,-0.02435,0.14051,0.73468,0.06399,0.11911,0.78533,0.09822,0.00908,0.53795,-0.03038,-0.03351,0.39652,-0.02636,-0.07111,0.25418,-0.04518,-0.11812,0.20155,-0.00359,0.0616,0.53607,-0.04827,0.08801,0.3926,-0.02478,0.06255,0.2487,-0.05076,0.12265,0.19761,-0.02867
32.18,0.0233,0.56436,-0.05571,-0.02447,0.71696,-0.02064,-0.01856,0.76297,0.04888,-0.0793,0.66828,-7e-05,-0.09299,0.6858,0.08652,0.00393,0.69343,0.08985,0.01766,0.75302,0.06851,0.04959,0.71743,-0.03836,0.13332,0.69155,-0.02077,0.13713,0.72663,0.06988,0.12132,0.77436,0.11071,0.00216,0.53955,-0.0286,-0.03907,0.39775,-0.02364,-0.07458,0.25506,-0.04387,-0.12153,0.20238,-0.00228,0.05488,0.53781,-0.04593,0.08146,0.39409,-0.02428,0.05899,0.24958,-0.04965,0.11927,0.19865,-0.02771
32.2,0.01606,0.5658,-0.05365,-0.03292,0.71832,-0.01998,-0.02822,0.7649,0.04926,-0.08771,0.66946,0.00027,-0.10308,0.68709,0.08655,-0.00611,0.69337,0.09091,0.00868,0.75275,0.06968,0.04132,0.7191,-0.03689,0.1234,0.68951,-0.01743,0.1333,0.71819,0.075,0.12339,0.7618,0.12185,-0.00529,0.54091,-0.02677,-0.04512,0.39876,-0.02067,-0.07836,0.25577,-0.04261,-0.12522,0.20303,-0.001,0.0476,0.53931,-0.04357,0.07448,0.39537,-0.02383,0.05508,0.25029,-0.04846,0.11554,0.1995,-0.0267
32.22,0.00746,0.56663,-0.0515,-0.0428,0.71905,-0.01924,-0.03874,0.76638,0.04952,-0.0974,0.66995,0.00094,-0.11326,0.6882,0.087,-0.01625,0.69372,0.09156,-0.00093,0.75286,0.07004,0.03156,0.72021,-0.0356,0.11247,0.68877,-0.01423,0.12974,0.71049,0.079,0.1269,0.74935,0.13074,-0.01407,0.54168,-0.02482,-0.05237,0.39918,-0.01716,-0.08292,0.256,-0.04158,-0.1296,0.20314,9e-05,0.03897,0.54021,-0.04117,0.06641,0.39609,-0.02358,0.05024,0.25044,-0.04714,0.11087,0.19975,-0.02562
32.24,-0.00169,0.56722,-0.04931,-0.05321,0.71951,-0.01848,-0.0496,0.76767,0.04973,-0.10759,0.67018,0.00173,-0.12354,0.68923,0.0876,-0.0265,0.6942,0.0921,-0.01082,0.75307,0.07011,0.02124,0.72108,-0.0344,0.10113,0.68847,-0.01102,0.12591,0.70287,0.08193,0.13032,0.73611,0.13735,-0.02337,0.54221,-0.02282,-0.06011,0.3994,-0.0134,-0.0878,0.25613,-0.04058,-0.13427,0.20315,0.00116,0.02979,0.54085,-0.03875,0.05792,0.39661,-0.02337,0.04514,0.25045,-0.0458,0.10594,0.19985,-0.02455
32.26,-0.01062,0.56788,-0.04715,-0.06335,0.72005,-0.01776,-0.06028,0.76898,0.04993,-0.11754,0.6705,0.00244,-0.1338,0.69027,0.08809,-0.03673,0.69457,0.09269,-0.02061,0.75318,0.0703,0.01119,0.72199,-0.03319,0.08987,0.68792,-0.00789,0.12135,0.69465,0.0839,0.13223,0.72133,0.14192,-0.03247,0.54281,-0.02084,-0.06769,0.39975,-0.00972,-0.09259,0.25648,-0.03946,-0.13886,0.20339,0.00236,0.02082,0.54158,-0.03635,0.04965,0.39726,-0.02312,0.04034,0.25068,-0.04451,0.10134,0.20021,-0.02351
32.28,-0.01947,0.56866,-0.04496,-0.07349,0.72064,-0.01704,-0.07094,0.7704,0.05006,-0.12745,0.67086,0.00315,-0.14388,0.69141,0.08859,-0.04679,0.69501,0.09324,-0.03021,0.75335,0.0705,0.00114,0.72302,-0.03198,0.07858,0.68764,-0.00474,0.11661,0.68637,0.08478,0.13353,0.70566,0.14426,-0.04147,0.54352,-0.01885,-0.07522,0.40025,-0.00597,-0.09735,0.25708,-0.03825,-0.14344,0.20392,0.00369,0.01195,0.54242,-0.03392,0.04148,0.39806,-0.02289,0.03581,0.25116,-0.04329,0.09703,0.20087,-0.02249
32.3,-0.02861,0.56916,-0.04281,-0.08369,0.72103,-0.01635,-0.08164,0.77151,0.05023,-0.13749,0.67108,0.00387,-0.15429,0.69232,0.08906,-0.05718,0.69534,0.09386,-0.04018,0.75337,0.07064,-0.00898,0.72373,-0.03084,0.06712,0.68695,-0.00173,0.11067,0.67817,0.0848,0.13275,0.69016,0.1445,-0.05076,0.54397,-0.01689,-0.08302,0.40052,-0.00224,-0.10233,0.25753,-0.03703,-0.14822,0.20427,0.005,0.00277,0.54297,-0.03154,0.03311,0.39864,-0.02258,0.03109,0.25151,-0.042,0.09253,0.20138,-0.02148
32.32,-0.0385,0.56892,-0.04077,-0.09404,0.72086,-0.01574,-0.09247,0.77178,0.05052,-0.14785,0.67095,0.00454,-0.16565,0.69255,0.08944,-0.06856,0.69531,0.0947,-0.05112,0.75288,0.07067,-0.01925,0.72362,-0.02983,0.0552,0.68492,0.001,0.10234,0.66966,0.08471,0.12822,0.67524,0.14382,-0.06079,0.54369,-0.015,-0.09147,0.40009,0.0014,-0.10773,0.25734,-0.03587,-0.15341,0.20386,0.00611,-0.00716,0.54277,-0.0293,0.02416,0.39854,-0.02213,0.02566,0.25126,-0.04046,0.08729,0.20116,-0.02045
32.34,-0.04865,0.56842,-0.03878,-0.10442,0.7205,-0.01516,-0.10331,0.77174,0.05086,-0.15831,0.6707,0.00521,-0.1773,0.69253,0.08979,-0.08024,0.69519,0.09561,-0.0624,0.75224,0.07066,-0.02957,0.7232,-0.02888,0.04311,0.68251,0.00358,0.0929,0.66129,0.0844,0.12168,0.66084,0.14243,-0.07108,0.54316,-0.01315,-0.10014,0.39943,0.00498,-0.11328,0.25701,-0.0347,-0.15875,0.20328,0.00719,-0.01736,0.54229,-0.02713,0.01501,0.39823,-0.0216,0.02003,0.25089,-0.03886,0.08184,0.20078,-0.01943
32.36,-0.05864,0.56807,-0.03676,-0.11473,0.72025,-0.01457,-0.11407,0.77186,0.05117,-0.16866,0.67053,0.00588,-0.18875,0.69265,0.09013,-0.09172,0.69515,0.09649,-0.07348,0.7517,0.0707,-0.03981,0.72295,-0.0279,0.03105,0.68039,0.00614,0.08336,0.65325,0.08353,0.11445,0.64666,0.13997,-0.0812,0.54278,-0.01129,-0.10868,0.39896,0.00856,-0.11877,0.25696,-0.03344,-0.16401,0.20301,0.00841,-0.02739,0.54198,-0.02492,0.006,0.39809,-0.02106,0.01468,0.25082,-0.03733,0.07668,0.20073,-0.01845
32.38,-0.06885,0.56756,-0.03473,-0.12522,0.71984,-0.01398,-0.12507,0.77185,0.05144,-0.17922,0.67022,0.00652,-0.20042,0.69263,0.09042,-0.10342,0.69489,0.09727,-0.08468,0.75086,0.07058,-0.05023,0.72252,-0.02691,0.01863,0.67809,0.00881,0.07334,0.64479,0.08202,0.1062,0.6318,0.13631,-0.09155,0.54225,-0.0094,-0.11749,0.39843,0.01244,-0.12442,0.25701,-0.03207,-0.16942,0.20283,0.00974,-0.03766,0.54149,-0.02271,-0.00314,0.39784,-0.02059,0.00938,0.25074,-0.0359,0.0716,0.20075,-0.01749
32.4,-0.07864,0.56735,-0.03276,-0.13528,0.71971,-0.01341,-0.13551,0.77201,0.05178,-0.18932,0.67017,0.0072,-0.21165,0.69281,0.09074,-0.11468,0.69506,0.09819,-0.09562,0.75057,0.07078,-0.06023,0.72238,-0.02598,0.00673,0.67618,0.01108,0.06302,0.63796,0.0806,0.0969,0.6197,0.1327,-0.10146,0.54198,-0.00759,-0.12584,0.39813,0.01573,-0.12984,0.25723,-0.03075,-0.1746,0.20284,0.01105,-0.04748,0.54132,-0.02054,-0.01196,0.39789,-0.0199,0.00421,0.25106,-0.03436,0.06663,0.20111,-0.01652
32.42,-0.08725,0.56797,-0.0309,-0.14424,0.72036,-0.01285,-0.14451,0.77269,0.05232,-0.19825,0.67088,0.00796,-0.22171,0.69361,0.09117,-0.12484,0.69643,0.09951,-0.10589,0.75186,0.07186,-0.06915,0.72309,-0.02523,-0.00367,0.67525,0.01238,0.05268,0.63458,0.08045,0.08697,0.61333,0.13113,-0.11021,0.5425,-0.00596,-0.13294,0.39839,0.01743,-0.13455,0.25764,-0.02966,-0.17908,0.2031,0.01219,-0.05611,0.54205,-0.01841,-0.01995,0.39878,-0.01874,-0.00067,0.25225,-0.03238,0.06186,0.20205,-0.01567
32.44,-0.09538,0.56891,-0.0291,-0.15273,0.72131,-0.01232,-0.15292,0.77356,0.05291,-0.20668,0.67187,0.00875,-0.23128,0.69463,0.09163,-0.13452,0.69825,0.10096,-0.11586,0.75373,0.07323,-0.07762,0.7241,-0.02456,-0.01345,0.67469,0.01329,0.04241,0.63244,0.0808,0.07687,0.60902,0.13038,-0.11847,0.5433,-0.00443,-0.13952,0.39887,0.01853,-0.13895,0.25814,-0.02864,-0.18325,0.20347,0.01329,-0.06425,0.54312,-0.01632,-0.02758,0.39999,-0.01737,-0.00552,0.25378,-0.03019,0.05707,0.20325,-0.01472
32.46,-0.10366,0.56973,-0.02728,-0.16134,0.72214,-0.01179,-0.1615,0.77437,0.05345,-0.21525,0.67276,0.00951,-0.24096,0.69556,0.09203,-0.14433,0.69986,0.10229,-0.12586,0.75534,0.07441,-0.08621,0.72498,-0.02386,-0.02346,0.67403,0.01431,0.03207,0.62978,0.0808,0.06657,0.6038,0.12907,-0.12688,0.544,-0.00286,-0.14626,0.3993,0.01991,-0.14344,0.25868,-0.02749,-0.18752,0.20389,0.01451,-0.07254,0.54406,-0.01423,-0.03528,0.40109,-0.01606,-0.01043,0.25526,-0.02806,0.05224,0.20452,-0.01363
32.48,-0.11227,0.57044,-0.0254,-0.17021,0.72288,-0.01124,-0.17034,0.77504,0.05405,-0.2241,0.67358,0.0103,-0.25102,0.69641,0.09243,-0.15454,0.70144,0.1037,-0.13627,0.75688,0.07562,-0.09505,0.72574,-0.02314,-0.03391,0.67313,0.0154,0.02109,0.62673,0.08085,0.05542,0.59803,0.12768,-0.13563,0.54458,-0.00124,-0.1533,0.39966,0.02153,-0.1481,0.25922,-0.02621,-0.19197,0.20432,0.01587,-0.08118,0.5449,-0.01205,-0.04326,0.40211,-0.01483,-0.01509,0.25679,-0.02572,0.04767,0.20572,-0.01301
32.5,-0.12006,0.57145,-0.02369,-0.17836,0.72387,-0.01077,-0.17843,0.77606,0.05451,-0.2322,0.67461,0.011,-0.26011,0.6975,0.09278,-0.16377,0.70321,0.10489,-0.14572,0.75869,0.07675,-0.10318,0.72681,-0.02251,-0.04332,0.67285,0.01618,0.01123,0.62472,0.08075,0.04532,0.5938,0.12633,-0.14353,0.54547,0.00022,-0.15954,0.4003,0.02259,-0.15231,0.25991,-0.02504,-0.19596,0.20492,0.01715,-0.08898,0.54604,-0.01006,-0.05054,0.40341,-0.01333,-0.02025,0.25847,-0.02359,0.04255,0.20735,-0.01126
32.52,-0.12575,0.57331,-0.02242,-0.18474,0.72554,-0.01047,-0.18467,0.77803,0.05456,-0.2384,0.67617,0.01149,-0.26674,0.69929,0.09306,-0.17047,0.70548,0.10554,-0.15264,0.76118,0.0777,-0.10956,0.72874,-0.02211,-0.05005,0.67417,0.01626,0.00462,0.62529,0.08018,0.03871,0.59332,0.12502,-0.14928,0.54718,0.00127,-0.16374,0.40163,0.02223,-0.15532,0.26093,-0.02427,-0.19877,0.20589,0.01807,-0.09465,0.54805,-0.00857,-0.05603,0.40545,-0.0112,-0.02667,0.26038,-0.02229,0.03596,0.21001,-0.00653
32.54,-0.13061,0.57546,-0.02133,-0.1904,0.72745,-0.01026,-0.19017,0.78034,0.05445,-0.24383,0.67792,0.01189,-0.27239,0.70132,0.0933,-0.17617,0.70793,0.10598,-0.15859,0.76393,0.07859,-0.11521,0.73097,-0.0218,-0.05569,0.67608,0.01609,-0.00073,0.62689,0.0795,0.03348,0.59436,0.12385,-0.15418,0.54918,0.00215,-0.16712,0.40324,0.0213,-0.15786,0.26209,-0.02366,-0.20111,0.20703,0.01885,-0.09948,0.55036,-0.00726,-0.06087,0.40774,-0.00881,-0.03345,0.26242,-0.02143,0.0286,0.21304,-0.0009
32.56,-0.13582,0.57745,-0.02017,-0.19633,0.72921,-0.01003,-0.19596,0.78247,0.05438,-0.24958,0.67956,0.0123,-0.27845,0.70324,0.09352,-0.1823,0.71028,0.10649,-0.16495,0.76653,0.07946,-0.12114,0.73302,-0.02146,-0.06178,0.6777,0.01604,-0.00663,0.62802,0.07891,0.02761,0.59473,0.12267,-0.15944,0.55102,0.0031,-0.17082,0.40475,0.02064,-0.16058,0.26324,-0.02292,-0.20364,0.20816,0.01975,-0.10467,0.5525,-0.00586,-0.06603,0.40988,-0.00651,-0.03995,0.26444,-0.0205,0.02126,0.21589,0.0041
32.58,-0.14115,0.57956,-0.01899,-0.20241,0.73108,-0.0098,-0.20187,0.78471,0.0543,-0.25543,0.6813,0.01277,-0.28462,0.70524,0.0938,-0.18854,0.71276,0.10704,-0.17145,0.76927,0.0804,-0.12723,0.7352,-0.02117,-0.06804,0.67937,0.01586,-0.01264,0.62913,0.07806,0.02164,0.59504,0.12117,-0.16478,0.55298,0.00408,-0.17453,0.40641,0.02006,-0.16328,0.26455,-0.02212,-0.20616,0.20945,0.0207,-0.10996,0.55478,-0.00447,-0.07117,0.41221,-0.00431,-0.04612,0.26674,-0.01984,0.01414,0.21928,0.00891
32.6,-0.14603,0.58148,-0.01788,-0.20797,0.73278,-0.00962,-0.20732,0.7868,0.05415,-0.26083,0.68289,0.01306,-0.29029,0.70713,0.0939,-0.19429,0.71502,0.1074,-0.1774,0.77177,0.08114,-0.13278,0.73716,-0.02082,-0.07365,0.68104,0.01588,-0.0181,0.6305,0.07769,0.01615,0.59581,0.12035,-0.16974,0.55476,0.00496,-0.17792,0.40793,0.01927,-0.16584,0.26569,-0.02138,-0.20855,0.21061,0.02163,-0.11485,0.55683,-0.00311,-0.07625,0.41421,-0.00183,-0.05261,0.2687,-0.01908,0.006,0.22185,0.01375
32.62,-0.14995,0.58279,-0.01699,-0.21232,0.73396,-0.0096,-0.21173,0.7884,0.05381,-0.26521,0.684,0.01287,-0.29489,0.70866,0.09351,-0.19893,0.71666,0.10731,-0.18208,0.77356,0.08136,-0.13707,0.7385,-0.0203,-0.07776,0.68261,0.01643,-0.02232,0.63232,0.07856,0.01168,0.59739,0.12121,-0.17388,0.55604,0.00557,-0.18062,0.40895,0.01797,-0.16814,0.26625,-0.02086,-0.21067,0.21128,0.02249,-0.11891,0.5582,-0.00185,-0.08138,0.41532,0.00133,-0.06011,0.26971,-0.01801,-0.00448,0.222,0.01857
32.64,-0.15343,0.5839,-0.01616,-0.21616,0.73496,-0.00962,-0.21569,0.78983,0.05342,-0.26914,0.68494,0.01252,-0.29899,0.71007,0.09294,-0.20308,0.71808,0.10704,-0.1862,0.7751,0.08138,-0.14083,0.73962,-0.0197,-0.08122,0.68417,0.01723,-0.026,0.63439,0.07996,0.0077,0.59939,0.1228,-0.17765,0.55713,0.00608,-0.18298,0.40983,0.01652,-0.17027,0.26663,-0.02038,-0.21259,0.21182,0.02336,-0.12258,0.55931,-0.00062,-0.08651,0.41613,0.00472,-0.06767,0.27052,-0.01702,-0.01563,0.22156,0.02303
32.66,-0.15709,0.58507,-0.01528,-0.22018,0.73602,-0.00962,-0.21981,0.7913,0.05306,-0.27323,0.68594,0.01223,-0.30328,0.71153,0.09244,-0.20742,0.71959,0.10685,-0.19053,0.77673,0.08146,-0.14478,0.74081,-0.01913,-0.08495,0.68572,0.01797,-0.02992,0.63636,0.08119,0.00351,0.60125,0.12415,-0.18156,0.55827,0.00665,-0.18543,0.41082,0.01521,-0.17239,0.26717,-0.01979,-0.21453,0.2125,0.02431,-0.12641,0.56052,0.00065,-0.09171,0.41708,0.00797,-0.07466,0.27165,-0.01627,-0.02621,0.22175,0.02698
32.68,-0.16082,0.58634,-0.0145,-0.2243,0.73715,-0.00968,-0.22398,0.79289,0.05259,-0.27739,0.68701,0.01192,-0.30762,0.71303,0.09192,-0.2118,0.72114,0.1066,-0.19493,0.77845,0.08157,-0.14885,0.74209,-0.01867,-0.08874,0.68733,0.01846,-0.03388,0.63829,0.08208,-0.00074,0.60291,0.12504,-0.18552,0.55951,0.00712,-0.18781,0.41192,0.01378,-0.17445,0.26782,-0.01918,-0.21639,0.21332,0.02532,-0.13031,0.56182,0.0018,-0.09697,0.41818,0.01118,-0.08129,0.2731,-0.01597,-0.03692,0.22219,0.03038
32.7,-0.16431,0.58736,-0.01352,-0.22807,0.73808,-0.00964,-0.2279,0.79418,0.05231,-0.28127,0.68791,0.01161,-0.31171,0.71442,0.09137,-0.21595,0.72254,0.1064,-0.19901,0.77992,0.08156,-0.15255,0.74313,-0.01796,-0.09224,0.68882,0.01953,-0.03766,0.64033,0.0838,-0.00479,0.60504,0.12705,-0.18928,0.56052,0.00777,-0.19009,0.41285,0.01266,-0.17644,0.26836,-0.01844,-0.21822,0.21401,0.02638,-0.13401,0.56286,0.00318,-0.10227,0.41899,0.01443,-0.08754,0.2743,-0.01523,-0.04688,0.22264,0.03363
32.72,-0.16727,0.58776,-0.01198,-0.23102,0.73851,-0.00925,-0.23129,0.79469,0.05263,-0.28452,0.6884,0.01138,-0.31525,0.71558,0.09081,-0.21957,0.72362,0.1064,-0.20236,0.78078,0.08125,-0.15539,0.74351,-0.01658,-0.09515,0.69,0.02213,-0.04113,0.64262,0.0877,-0.00851,0.60834,0.13193,-0.19257,0.56093,0.00894,-0.19226,0.41321,0.01236,-0.17833,0.26848,-0.01745,-0.22002,0.21417,0.02751,-0.13723,0.56325,0.00518,-0.10764,0.41903,0.01773,-0.09369,0.27451,-0.01307,-0.05523,0.22271,0.0374
32.74,-0.17,0.58792,-0.01024,-0.23361,0.73874,-0.00874,-0.23443,0.79488,0.05317,-0.28747,0.68873,0.01117,-0.31852,0.71662,0.09022,-0.22294,0.72453,0.10644,-0.20536,0.78137,0.08084,-0.15787,0.74364,-0.01492,-0.09782,0.69105,0.02531,-0.0445,0.64502,0.0924,-0.01216,0.61213,0.13787,-0.19565,0.56111,0.01028,-0.19432,0.41337,0.01237,-0.18014,0.26844,-0.01635,-0.22177,0.21414,0.02868,-0.14026,0.56337,0.00739,-0.11302,0.41879,0.02101,-0.09982,0.27433,-0.01039,-0.06303,0.22262,0.0414
32.76,-0.17282,0.58817,-0.00859,-0.23632,0.73905,-0.00826,-0.23764,0.79521,0.05361,-0.2905,0.68911,0.01095,-0.32185,0.71768,0.08964,-0.22636,0.72546,0.10645,-0.20845,0.78205,0.08051,-0.16049,0.74388,-0.01336,-0.10062,0.69215,0.02824,-0.04799,0.64738,0.09671,-0.01595,0.61575,0.14328,-0.1988,0.56138,0.01153,-0.19636,0.41364,0.01229,-0.18191,0.26851,-0.01523,-0.22346,0.21424,0.0299,-0.14337,0.56361,0.0095,-0.11844,0.41872,0.02421,-0.1058,0.27438,-0.00802,-0.07101,0.22273,0.04518
32.78,-0.1757,0.58845,-0.00693,-0.23907,0.73939,-0.00783,-0.24088,0.79556,0.05403,-0.29357,0.68954,0.01072,-0.32517,0.71882,0.08904,-0.22978,0.72651,0.10647,-0.21152,0.78276,0.08006,-0.16318,0.74414,-0.01186,-0.10351,0.6933,0.0311,-0.0516,0.6498,0.10092,-0.0199,0.61941,0.14854,-0.202,0.56168,0.0128,-0.19836,0.41397,0.01218,-0.1836,0.26862,-0.01403,-0.22508,0.21438,0.03121,-0.14654,0.56388,0.0116,-0.124,0.41869,0.02728,-0.11183,0.27456,-0.00597,-0.07904,0.22299,0.04857
32.8,-0.17839,0.58862,-0.00525,-0.24157,0.73963,-0.00728,-0.24393,0.7958,0.05457,-0.29639,0.68986,0.0105,-0.32833,0.71977,0.08845,-0.23303,0.72726,0.10647,-0.21442,0.7833,0.07985,-0.16562,0.74429,-0.01016,-0.10623,0.69435,0.03422,-0.05512,0.65217,0.10543,-0.02381,0.62319,0.15417,-0.20503,0.56187,0.01405,-0.20028,0.4142,0.01229,-0.18527,0.26869,-0.01282,-0.22668,0.21448,0.03251,-0.14956,0.56402,0.01375,-0.12936,0.4186,0.0304,-0.11751,0.27454,-0.00332,-0.08674,0.22314,0.05254
32.82,-0.18063,0.58853,-0.00362,-0.24352,0.73963,-0.00646,-0.24659,0.7958,0.05535,-0.29873,0.68992,0.01026,-0.33118,0.72022,0.08785,-0.23594,0.72723,0.10638,-0.21701,0.78342,0.08032,-0.16753,0.74419,-0.008,-0.10849,0.69519,0.03789,-0.05835,0.65437,0.11056,-0.02744,0.62725,0.16061,-0.20767,0.56182,0.01517,-0.20208,0.41419,0.01281,-0.18694,0.26859,-0.01176,-0.22828,0.21443,0.0337,-0.1522,0.56388,0.01592,-0.13413,0.41831,0.0337,-0.12261,0.27403,0.00083,-0.09389,0.22291,0.05801
32.84,-0.18267,0.58832,-0.00197,-0.24524,0.73955,-0.00551,-0.24908,0.79571,0.05627,-0.30083,0.68989,0.01003,-0.33387,0.72048,0.08726,-0.23869,0.7269,0.10629,-0.21945,0.78337,0.08106,-0.16922,0.74397,-0.00563,-0.11061,0.69593,0.0418,-0.06156,0.6565,0.11596,-0.03111,0.63142,0.16734,-0.21014,0.56166,0.01627,-0.20382,0.41407,0.01354,-0.18858,0.26843,-0.01069,-0.22982,0.2143,0.0349,-0.15469,0.56362,0.01813,-0.1387,0.41795,0.03705,-0.12757,0.27333,0.00555,-0.10091,0.22255,0.06402
32.86,-0.18479,0.58816,-0.00032,-0.24702,0.7395,-0.00459,-0.25162,0.79565,0.05715,-0.30297,0.68989,0.00982,-0.33657,0.72081,0.08668,-0.24147,0.72669,0.10624,-0.22191,0.78337,0.08173,-0.17101,0.74379,-0.00333,-0.11288,0.69669,0.0456,-0.06494,0.65863,0.1212,-0.03501,0.63553,0.1738,-0.21265,0.56155,0.01739,-0.20554,0.414,0.01423,-0.19012,0.2683,-0.00953,-0.23126,0.2142,0.03619,-0.15724,0.5634,0.02032,-0.1434,0.41765,0.04027,-0.13269,0.27276,0.00992,-0.10817,0.22232,0.06961
32.88,-0.18696,0.58801,0.00127,-0.2489,0.73945,-0.00373,-0.2542,0.79558,0.05796,-0.30517,0.68988,0.00952,-0.33926,0.72114,0.08602,-0.24421,0.72645,0.10602,-0.22437,0.78336,0.08228,-0.17292,0.74363,-0.00108,-0.11524,0.69758,0.04937,-0.06836,0.661,0.12635,-0.03894,0.64,0.1801,-0.21521,0.56144,0.01842,-0.20722,0.41395,0.01486,-0.1916,0.26818,-0.00833,-0.23261,0.21412,0.03755,-0.15987,0.5632,0.02245,-0.14827,0.41738,0.0433,-0.13812,0.27225,0.01392,-0.11568,0.22216,0.07472
32.9,-0.18896,0.58781,0.00302,-0.25052,0.73939,-0.00266,-0.25665,0.79552,0.05896,-0.30711,0.68989,0.00943,-0.34184,0.72139,0.08554,-0.24691,0.7262,0.10617,-0.22675,0.7833,0.08319,-0.17458,0.74341,0.00138,-0.11754,0.6982,0.05327,-0.07198,0.66288,0.13163,-0.04324,0.64385,0.18646,-0.21759,0.5613,0.01961,-0.2089,0.41385,0.01573,-0.19301,0.26804,-0.00703,-0.23391,0.214,0.03897,-0.16234,0.56295,0.02471,-0.15286,0.41712,0.0465,-0.14312,0.27168,0.01852,-0.12301,0.22201,0.08047
32.92,-0.19056,0.58753,0.00515,-0.25148,0.73934,-0.00106,-0.2588,0.79552,0.06038,-0.30844,0.69,0.0099,-0.34421,0.72146,0.08555,-0.24949,0.7259,0.10726,-0.22896,0.78312,0.0849,-0.17561,0.74308,0.00428,-0.11955,0.69809,0.05743,-0.0759,0.66343,0.13715,-0.04823,0.64598,0.19305,-0.21953,0.56108,0.02123,-0.21065,0.41365,0.01711,-0.19433,0.26789,-0.00565,-0.2352,0.21381,0.04033,-0.16437,0.5626,0.0273,-0.15667,0.41685,0.05031,-0.14692,0.27096,0.02481,-0.12987,0.22187,0.08813
32.94,-0.19198,0.5872,0.00746,-0.25217,0.73928,0.00078,-0.26081,0.79552,0.06199,-0.30951,0.69015,0.0106,-0.34647,0.72145,0.08574,-0.25204,0.72563,0.10873,-0.23113,0.78294,0.08695,-0.17639,0.74269,0.0074,-0.12147,0.69771,0.06174,-0.07999,0.66347,0.14278,-0.05365,0.64746,0.19976,-0.22129,0.56082,0.02304,-0.21242,0.41339,0.0187,-0.1956,0.26772,-0.00422,-0.23648,0.21358,0.04167,-0.16623,0.5622,0.03004,-0.1602,0.41658,0.05434,-0.1504,0.27021,0.03178,-0.13668,0.22182,0.09643
32.96,-0.19348,0.58688,0.00972,-0.25297,0.73922,0.00255,-0.26286,0.79551,0.06353,-0.31065,0.69027,0.01122,-0.34874,0.72146,0.08584,-0.25461,0.7254,0.11005,-0.23335,0.7828,0.08888,-0.1773,0.74231,0.01048,-0.12351,0.69743,0.06601,-0.08414,0.66373,0.14833,-0.05921,0.64924,0.20633,-0.22312,0.56057,0.02478,-0.21415,0.41316,0.0202,-0.19685,0.26755,-0.00279,-0.23773,0.21335,0.04304,-0.16819,0.56182,0.03273,-0.1639,0.41634,0.0582,-0.15429,0.26955,0.0384,-0.1438,0.22188,0.10418
32.98,-0.195,0.58658,0.01185,-0.25384,0.73915,0.00428,-0.26498,0.79552,0.06497,-0.31182,0.69037,0.01182,-0.35096,0.72146,0.08594,-0.25709,0.72492,0.11122,-0.23543,0.78241,0.0907,-0.1783,0.74195,0.01346,-0.12558,0.69719,0.0701,-0.08828,0.66403,0.1536,-0.06479,0.65115,0.21257,-0.22494,0.56033,0.0264,-0.21588,0.41293,0.02161,-0.19806,0.26739,-0.00144,-0.23892,0.21312,0.04433,-0.17015,0.56145,0.03527,-0.16775,0.41613,0.06188,-0.15851,0.26898,0.04483,-0.1515,0.22202,0.11157
33,-0.19642,0.58625,0.01429,-0.25449,0.73909,0.00624,-0.26689,0.79549,0.06666,-0.3128,0.69053,0.01256,-0.35318,0.72148,0.08607,-0.25971,0.72496,0.11279,-0.2378,0.78255,0.09283,-0.17912,0.74154,0.01677,-0.12769,0.69682,0.07461,-0.09272,0.66414,0.1593,-0.07096,0.65267,0.21922,-0.22669,0.56008,0.02829,-0.21755,0.41269,0.02326,-0.19928,0.26722,0.00011,-0.24014,0.21287,0.04577,-0.17207,0.56105,0.03814,-0.17134,0.4159,0.06581,-0.16253,0.26842,0.05163,-0.15868,0.22233,0.11923
33.02,-0.19762,0.5859,0.01747,-0.25464,0.7391,0.0087,-0.26829,0.79541,0.06893,-0.31335,0.69085,0.01357,-0.35544,0.72163,0.08618,-0.26276,0.72639,0.11531,-0.24096,0.78415,0.09569,-0.1795,0.74108,0.02089,-0.1299,0.69621,0.08019,-0.09791,0.66385,0.16617,-0.07835,0.65333,0.22702,-0.22828,0.55982,0.03079,-0.21904,0.41245,0.02548,-0.20053,0.26705,0.0021,-0.24148,0.21262,0.04759,-0.17388,0.56059,0.04182,-0.17424,0.41562,0.07037,-0.16583,0.26784,0.05937,-0.16411,0.22295,0.12786
33.04,-0.19873,0.58553,0.02096,-0.25456,0.73911,0.01141,-0.26949,0.79528,0.07147,-0.31367,0.69122,0.01473,-0.35766,0.72181,0.08628,-0.266,0.72836,0.11818,-0.24445,0.78628,0.09878,-0.17972,0.74057,0.02536,-0.13219,0.69548,0.08619,-0.10346,0.6634,0.1734,-0.0863,0.65363,0.2351,-0.22978,0.55956,0.03356,-0.22045,0.4122,0.02794,-0.20177,0.26687,0.00427,-0.24283,0.21236,0.04956,-0.17564,0.5601,0.04583,-0.17689,0.4153,0.0752,-0.16895,0.26729,0.06745,-0.16901,0.22372,0.13681
33.06,-0.19987,0.58515,0.02435,-0.25457,0.7391,0.0141,-0.27075,0.79515,0.07395,-0.31402,0.69155,0.0159,-0.3598,0.72198,0.08638,-0.2692,0.73011,0.12084,-0.24785,0.78818,0.10168,-0.18005,0.74006,0.02977,-0.13456,0.6948,0.092,-0.10901,0.66303,0.18032,-0.09424,0.65411,0.24275,-0.2313,0.55929,0.03623,-0.22185,0.41195,0.03031,-0.20296,0.2667,0.00637,-0.24411,0.21209,0.05147,-0.17745,0.55962,0.04971,-0.1797,0.41499,0.07987,-0.1724,0.26682,0.07527,-0.17446,0.22454,0.14539
33.08,-0.20102,0.58481,0.02755,-0.25461,0.73911,0.01673,-0.27207,0.79505,0.07632,-0.31435,0.69189,0.01699,-0.36188,0.72212,0.0864,-0.27242,0.73172,0.12337,-0.25125,0.78995,0.10449,-0.18046,0.73959,0.03407,-0.13702,0.69414,0.09762,-0.11469,0.66271,0.18693,-0.1024,0.65471,0.25002,-0.2328,0.55905,0.0387,-0.22319,0.41174,0.03253,-0.20403,0.26655,0.00837,-0.24527,0.21186,0.05328,-0.17926,0.55918,0.05337,-0.18261,0.41474,0.08435,-0.17621,0.26646,0.08302,-0.18023,0.22552,0.15385
33.1,-0.20213,0.5844,0.03123,-0.2545,0.73907,0.01969,-0.2732,0.79487,0.07902,-0.31452,0.69222,0.01837,-0.36386,0.72233,0.08656,-0.27572,0.73375,0.1261,-0.25478,0.79209,0.10731,-0.18078,0.73902,0.03877,-0.13953,0.69341,0.10366,-0.12048,0.66231,0.19383,-0.11067,0.65504,0.25744,-0.23426,0.55876,0.04162,-0.22454,0.41146,0.03511,-0.20517,0.26636,0.01062,-0.24651,0.21157,0.05533,-0.18107,0.55865,0.05751,-0.1854,0.41438,0.08914,-0.17978,0.26607,0.09073,-0.18584,0.22642,0.16214
33.12,-0.20315,0.5838,0.03608,-0.25402,0.73887,0.02338,-0.27391,0.79451,0.08249,-0.31434,0.69248,0.02041,-0.36569,0.72272,0.08704,-0.27923,0.73696,0.12929,-0.25858,0.79526,0.11006,-0.18084,0.73824,0.0444,-0.1421,0.69256,0.11077,-0.12634,0.66175,0.20167,-0.11887,0.65471,0.26563,-0.23565,0.5583,0.04562,-0.22598,0.41103,0.03857,-0.20651,0.26604,0.01349,-0.24797,0.21116,0.05796,-0.18288,0.55791,0.06285,-0.18782,0.41373,0.0948,-0.18244,0.26545,0.09855,-0.19085,0.22695,0.17036
33.14,-0.20412,0.58313,0.04142,-0.25336,0.73862,0.02743,-0.27441,0.79407,0.08632,-0.31394,0.69273,0.02277,-0.36732,0.72319,0.08769,-0.2828,0.74056,0.13259,-0.26242,0.79875,0.11274,-0.18078,0.73739,0.05046,-0.14472,0.69167,0.11829,-0.13227,0.66112,0.2098,-0.12708,0.6541,0.27398,-0.23699,0.55779,0.05006,-0.22741,0.41054,0.04239,-0.20786,0.26569,0.01659,-0.24945,0.2107,0.06081,-0.18469,0.55709,0.06866,-0.19011,0.41297,0.1008,-0.1848,0.26475,0.10636,-0.19564,0.2273,0.1784
33.16,-0.2051,0.58249,0.04659,-0.25271,0.73838,0.03147,-0.27494,0.79365,0.09009,-0.31351,0.69297,0.02512,-0.36881,0.72363,0.08832,-0.2863,0.7439,0.13569,-0.26614,0.80199,0.1153,-0.1808,0.73655,0.05644,-0.1474,0.69079,0.12559,-0.13825,0.66052,0.21759,-0.13538,0.65363,0.28193,-0.2383,0.55729,0.05434,-0.22875,0.41008,0.04607,-0.20905,0.26537,0.01959,-0.25077,0.21026,0.06354,-0.1865,0.5563,0.07427,-0.19249,0.41226,0.10662,-0.18746,0.2641,0.11404,-0.20071,0.2277,0.18621
33.18,-0.20613,0.58185,0.05156,-0.25211,0.73813,0.03541,-0.27554,0.79318,0.09376,-0.31306,0.69321,0.02733,-0.37032,0.72402,0.08868,-0.29006,0.74755,0.13835,-0.27017,0.80547,0.11725,-0.18092,0.7357,0.06233,-0.15027,0.68995,0.13275,-0.14451,0.66006,0.22513,-0.14401,0.65336,0.28956,-0.23966,0.55681,0.0584,-0.23003,0.40964,0.0495,-0.21016,0.26506,0.02242,-0.25195,0.20983,0.06614,-0.18838,0.55552,0.07965,-0.19491,0.41156,0.11229,-0.19039,0.26352,0.12196,-0.20617,0.22844,0.19428
33.2,-0.20704,0.58119,0.05705,-0.2513,0.73785,0.03985,-0.27588,0.79275,0.09787,-0.31238,0.69343,0.03009,-0.37134,0.72452,0.08966,-0.29328,0.75059,0.14151,-0.27345,0.80838,0.11998,-0.18088,0.73482,0.06866,-0.15296,0.68903,0.14018,-0.15043,0.65937,0.23279,-0.15215,0.65269,0.29719,-0.24084,0.5563,0.06298,-0.23126,0.40916,0.0535,-0.21117,0.26477,0.02559,-0.25308,0.20939,0.069,-0.19014,0.55472,0.08553,-0.19727,0.4108,0.11826,-0.19305,0.26284,0.12919,-0.21116,0.22849,0.2013
33.22,-0.20762,0.58045,0.06385,-0.25003,0.73748,0.04545,-0.27563,0.79244,0.10298,-0.31123,0.6936,0.03419,-0.37134,0.72532,0.09226,-0.29498,0.75198,0.14629,-0.27481,0.80981,0.12521,-0.18038,0.73384,0.07603,-0.15505,0.68784,0.14836,-0.15532,0.65803,0.24095,-0.15886,0.65093,0.30524,-0.24166,0.55567,0.06887,-0.23248,0.40853,0.05895,-0.21216,0.26447,0.02956,-0.25433,0.2089,0.07249,-0.19155,0.55386,0.09271,-0.19946,0.4099,0.12504,-0.19465,0.26186,0.13466,-0.21454,0.22655,0.20583
33.24,-0.20807,0.57968,0.07115,-0.24854,0.73708,0.05156,-0.2751,0.79216,0.10853,-0.30986,0.69376,0.03884,-0.37089,0.72621,0.09553,-0.29607,0.7527,0.15177,-0.27542,0.81065,0.13148,-0.1797,0.73283,0.08384,-0.1569,0.68654,0.15684,-0.15981,0.65642,0.24928,-0.16504,0.64872,0.31338,-0.2423,0.55501,0.07526,-0.23366,0.40787,0.06494,-0.21308,0.26421,0.0338,-0.25555,0.20843,0.07616,-0.19283,0.55299,0.10036,-0.20154,0.40894,0.13208,-0.1957,0.26081,0.13948,-0.21707,0.22394,0.20943
33.26,-0.20856,0.57895,0.07822,-0.24709,0.7367,0.05758,-0.27461,0.79186,0.11401,-0.30847,0.69394,0.04336,-0.37046,0.72705,0.09861,-0.29734,0.75365,0.157,-0.27627,0.81167,0.13738,-0.17911,0.73184,0.09155,-0.15889,0.6853,0.16515,-0.1645,0.65494,0.25739,-0.17149,0.64671,0.32126,-0.24298,0.55439,0.08142,-0.23478,0.40725,0.07066,-0.21391,0.26401,0.03785,-0.25663,0.208,0.07965,-0.19416,0.55215,0.10776,-0.20363,0.40803,0.13893,-0.19683,0.25987,0.14458,-0.21969,0.22175,0.21337
33.28,-0.20912,0.5781,0.0853,-0.24564,0.73619,0.0636,-0.27414,0.79144,0.11946,-0.30705,0.694,0.04789,-0.36995,0.72782,0.10164,-0.29861,0.7549,0.16197,-0.2773,0.813,0.14284,-0.17858,0.73072,0.09927,-0.16101,0.68401,0.17343,-0.16936,0.65348,0.26541,-0.17816,0.64479,0.32899,-0.2437,0.55367,0.08756,-0.23587,0.40656,0.07621,-0.2147,0.26375,0.04176,-0.25768,0.20754,0.08302,-0.19558,0.55119,0.11514,-0.20578,0.40701,0.14581,-0.19784,0.25886,0.14985,-0.22229,0.21941,0.21735
33.3,-0.20952,0.57748,0.09248,-0.24406,0.73591,0.06999,-0.27347,0.79125,0.12528,-0.30545,0.69427,0.05275,-0.36918,0.72872,0.10512,-0.29959,0.75531,0.16766,-0.27772,0.81352,0.14953,-0.17795,0.72982,0.10727,-0.16291,0.6828,0.1818,-0.17384,0.6519,0.27338,-0.18435,0.64258,0.33662,-0.2442,0.55314,0.09382,-0.23686,0.40603,0.08214,-0.21529,0.26373,0.04587,-0.25851,0.20722,0.08648,-0.1968,0.55049,0.1226,-0.20773,0.40622,0.15256,-0.1986,0.25809,0.15468,-0.22418,0.21738,0.22099
33.32,-0.20948,0.57745,0.0999,-0.24227,0.7362,0.07712,-0.27239,0.7917,0.13187,-0.30356,0.69511,0.05835,-0.36797,0.72996,0.10961,-0.30012,0.75354,0.17521,-0.27693,0.81191,0.15935,-0.17707,0.72948,0.1159,-0.16422,0.68186,0.19045,-0.17732,0.65001,0.28142,-0.18932,0.63961,0.34422,-0.24417,0.55307,0.10039,-0.23771,0.40589,0.08907,-0.21555,0.26427,0.05057,-0.25899,0.20721,0.09016,-0.19751,0.55049,0.13035,-0.2092,0.40602,0.15908,-0.19892,0.25795,0.15842,-0.22457,0.21619,0.22405
33.34,-0.2093,0.57764,0.10738,-0.24041,0.73673,0.08457,-0.27118,0.79239,0.1388,-0.30156,0.69617,0.06426,-0.36658,0.73134,0.11452,-0.30067,0.75088,0.18334,-0.27599,0.80934,0.17032,-0.17615,0.72936,0.12477,-0.16534,0.681,0.19917,-0.18043,0.64799,0.28942,-0.19381,0.63633,0.35171,-0.24394,0.55319,0.10703,-0.23856,0.40592,0.09633,-0.21576,0.26508,0.0554,-0.2594,0.20739,0.09382,-0.19804,0.55075,0.13816,-0.21043,0.40606,0.16544,-0.19895,0.25813,0.16167,-0.22426,0.21538,0.2268
33.36,-0.20919,0.57775,0.11476,-0.2386,0.73716,0.09196,-0.27003,0.79295,0.14566,-0.29958,0.69714,0.07008,-0.36522,0.73263,0.1193,-0.30148,0.74855,0.19103,-0.27556,0.80701,0.1807,-0.17533,0.72914,0.13356,-0.16661,0.68009,0.20779,-0.18373,0.64601,0.29727,-0.19852,0.63318,0.35901,-0.24378,0.55325,0.11356,-0.23942,0.40591,0.10332,-0.21602,0.26588,0.06002,-0.25989,0.2076,0.09727,-0.19867,0.5509,0.14585,-0.21167,0.40601,0.17173,-0.19888,0.25828,0.16511,-0.22401,0.21454,0.22964
33.38,-0.20905,0.57779,0.12246,-0.23677,0.73749,0.09956,-0.26885,0.79346,0.1527,-0.29753,0.698,0.07617,-0.36373,0.73388,0.12436,-0.30238,0.7462,0.19883,-0.27536,0.80456,0.19111,-0.17452,0.72887,0.14255,-0.1679,0.6792,0.21658,-0.18708,0.64408,0.30524,-0.20333,0.63007,0.36636,-0.24355,0.55323,0.12042,-0.24021,0.40585,0.11042,-0.2163,0.26671,0.06461,-0.26046,0.20791,0.10067,-0.19927,0.551,0.15383,-0.21294,0.40594,0.17837,-0.19853,0.25853,0.16871,-0.22335,0.21373,0.23263
33.4,-0.20894,0.578,0.12951,-0.23502,0.73803,0.10698,-0.26775,0.79407,0.15964,-0.29551,0.69911,0.08198,-0.36236,0.73518,0.12912,-0.3036,0.74353,0.20619,-0.27559,0.80174,0.20147,-0.17382,0.7287,0.15132,-0.16923,0.67825,0.22497,-0.19032,0.64198,0.31273,-0.20789,0.62679,0.3732,-0.24334,0.55339,0.12663,-0.24114,0.40595,0.11723,-0.2166,0.26773,0.06901,-0.26094,0.2083,0.10379,-0.19991,0.55126,0.16115,-0.21393,0.40597,0.18415,-0.19822,0.25889,0.1719,-0.22282,0.21322,0.23529
33.42,-0.20892,0.57859,0.13488,-0.23354,0.73905,0.11381,-0.26694,0.79493,0.16622,-0.29366,0.70082,0.08693,-0.36139,0.73666,0.13297,-0.30541,0.7403,0.21244,-0.27664,0.79833,0.21157,-0.17343,0.72879,0.15942,-0.17069,0.67716,0.23234,-0.1933,0.63951,0.31914,-0.21187,0.62317,0.379,-0.24323,0.55397,0.13114,-0.2425,0.40642,0.12326,-0.21698,0.26909,0.07307,-0.26122,0.20874,0.10639,-0.20069,0.55187,0.16674,-0.21426,0.40624,0.18774,-0.19837,0.2593,0.1741,-0.22309,0.21325,0.23716
33.44,-0.20893,0.57933,0.13957,-0.23224,0.74022,0.12043,-0.26633,0.79584,0.17268,-0.29192,0.70274,0.09159,-0.36064,0.73817,0.13648,-0.30762,0.73673,0.21802,-0.27831,0.79439,0.2214,-0.17325,0.72893,0.16724,-0.17224,0.67598,0.23926,-0.19621,0.63681,0.32501,-0.21564,0.61931,0.38427,-0.24313,0.55469,0.13496,-0.2441,0.40706,0.12894,-0.21748,0.27062,0.07692,-0.26148,0.20927,0.10868,-0.20151,0.5526,0.17164,-0.21428,0.40661,0.1905,-0.19854,0.25975,0.17594,-0.22348,0.21351,0.23878
33.46,-0.20895,0.57998,0.1445,-0.23101,0.74126,0.12721,-0.2658,0.79664,0.17925,-0.2902,0.70452,0.09647,-0.35988,0.73957,0.14015,-0.30999,0.73317,0.22341,-0.28036,0.79028,0.23091,-0.17316,0.72897,0.17517,-0.17387,0.67478,0.24626,-0.19924,0.63411,0.3309,-0.21959,0.61544,0.38949,-0.24301,0.55534,0.13904,-0.24572,0.40767,0.13464,-0.21805,0.2722,0.08069,-0.26186,0.20991,0.11086,-0.20232,0.55327,0.17675,-0.21432,0.40697,0.19364,-0.19846,0.26023,0.178,-0.22351,0.21373,0.2406
33.48,-0.2089,0.58071,0.14975,-0.22989,0.74231,0.13421,-0.26536,0.79744,0.18605,-0.28852,0.70627,0.10162,-0.35896,0.74103,0.1443,-0.31234,0.72978,0.22893,-0.28272,0.78622,0.24043,-0.17321,0.7291,0.18331,-0.17559,0.67372,0.25345,-0.20224,0.63161,0.33698,-0.22344,0.61178,0.39489,-0.2428,0.55605,0.14341,-0.24725,0.40839,0.1404,-0.21861,0.27391,0.08448,-0.26229,0.21077,0.113,-0.20311,0.55401,0.18218,-0.21418,0.40742,0.19701,-0.1981,0.26081,0.18033,-0.22325,0.21405,0.2427
33.5,-0.20897,0.58132,0.15415,-0.22889,0.74325,0.14082,-0.26509,0.79808,0.19248,-0.28694,0.70803,0.10635,-0.3585,0.74225,0.14756,-0.31526,0.72589,0.23315,-0.28573,0.78134,0.24893,-0.17337,0.72896,0.19094,-0.17735,0.67229,0.25996,-0.20536,0.62858,0.34223,-0.22746,0.60755,0.39936,-0.24271,0.55666,0.14701,-0.24917,0.40905,0.14568,-0.21938,0.27563,0.08787,-0.26277,0.21155,0.11472,-0.20395,0.55461,0.1867,-0.21409,0.40779,0.19977,-0.1978,0.2613,0.18224,-0.223,0.21435,0.24445
33.52,-0.20933,0.58156,0.15639,-0.22794,0.74389,0.14642,-0.26506,0.79835,0.19782,-0.28548,0.70987,0.10994,-0.3592,0.74298,0.14817,-0.31938,0.72076,0.2341,-0.28986,0.7745,0.25497,-0.17357,0.72807,0.19734,-0.17917,0.66972,0.26483,-0.20895,0.62393,0.34532,-0.23225,0.60151,0.40144,-0.24298,0.55695,0.14863,-0.25206,0.40948,0.14997,-0.22049,0.27724,0.09044,-0.26303,0.21194,0.11566,-0.20491,0.55481,0.18898,-0.21441,0.40784,0.20096,-0.19802,0.26143,0.18293,-0.22324,0.21446,0.24511
33.54,-0.2098,0.58167,0.15778,-0.2271,0.74434,0.15162,-0.26516,0.7984,0.20274,-0.28413,0.71168,0.11314,-0.36012,0.74357,0.14778,-0.32365,0.71534,0.23343,-0.29448,0.76695,0.25953,-0.17387,0.72682,0.20317,-0.18102,0.66676,0.26899,-0.21262,0.61883,0.34752,-0.23716,0.59502,0.40253,-0.24337,0.55714,0.14949,-0.25535,0.40993,0.15378,-0.22172,0.27889,0.09275,-0.26319,0.21233,0.11639,-0.2059,0.55485,0.19039,-0.21486,0.40779,0.20152,-0.19842,0.26143,0.18313,-0.22364,0.21451,0.24536
33.56,-0.21022,0.58186,0.15956,-0.22641,0.74473,0.15702,-0.26533,0.79842,0.20789,-0.28287,0.7134,0.11665,-0.36071,0.74429,0.1479,-0.32747,0.71034,0.23278,-0.29914,0.75966,0.26375,-0.17432,0.72563,0.20917,-0.18291,0.66401,0.27335,-0.21616,0.61411,0.34995,-0.24184,0.589,0.40385,-0.2437,0.5574,0.1507,-0.25856,0.41056,0.15764,-0.22292,0.28071,0.0952,-0.26339,0.213,0.11726,-0.20687,0.55497,0.19217,-0.21523,0.40781,0.2024,-0.19865,0.26151,0.18361,-0.22387,0.21462,0.24586
33.58,-0.21064,0.58199,0.16133,-0.22573,0.74499,0.16266,-0.2656,0.79836,0.21313,-0.28153,0.71509,0.12034,-0.36129,0.74498,0.14748,-0.33126,0.70529,0.23105,-0.30414,0.75198,0.26683,-0.17485,0.72419,0.21536,-0.18509,0.66076,0.27751,-0.22019,0.6086,0.35174,-0.24713,0.58198,0.40429,-0.244,0.55758,0.1519,-0.26186,0.41123,0.16162,-0.22394,0.28283,0.09755,-0.26301,0.21381,0.11805,-0.20785,0.55506,0.19395,-0.2155,0.40779,0.20323,-0.19883,0.26155,0.18412,-0.22405,0.21471,0.2464
33.6,-0.21108,0.58221,0.16291,-0.22539,0.74521,0.16779,-0.26597,0.79816,0.21813,-0.28057,0.71661,0.12379,-0.36156,0.74582,0.14784,-0.33431,0.70091,0.22972,-0.30878,0.74497,0.26976,-0.17557,0.72292,0.22089,-0.18688,0.6583,0.28162,-0.22327,0.60462,0.35412,-0.25112,0.57701,0.40567,-0.24436,0.5579,0.15293,-0.26523,0.41212,0.16495,-0.2253,0.28474,0.10006,-0.26352,0.21483,0.11906,-0.20883,0.55519,0.1955,-0.21593,0.40785,0.20404,-0.19903,0.26169,0.18454,-0.22422,0.21487,0.24686
33.62,-0.21153,0.58272,0.16415,-0.22569,0.74564,0.17156,-0.26639,0.79782,0.2226,-0.28041,0.71784,0.12649,-0.36136,0.74693,0.15084,-0.33621,0.69778,0.23093,-0.31243,0.73968,0.27423,-0.17648,0.7224,0.22483,-0.18739,0.65819,0.28606,-0.22369,0.60486,0.35886,-0.25152,0.57754,0.41058,-0.2448,0.55864,0.15364,-0.26862,0.41342,0.16687,-0.22746,0.28593,0.10299,-0.26649,0.21608,0.12053,-0.20979,0.55549,0.1966,-0.21684,0.40814,0.20495,-0.19937,0.26214,0.18473,-0.22441,0.21526,0.24705
33.64,-0.21202,0.58333,0.16523,-0.22626,0.74612,0.17477,-0.26692,0.79738,0.22678,-0.2806,0.71895,0.12886,-0.36109,0.74805,0.15467,-0.3379,0.69509,0.2329,-0.31589,0.73485,0.27906,-0.17751,0.72215,0.22813,-0.1875,0.65892,0.29052,-0.22322,0.60662,0.36436,-0.25068,0.58008,0.41667,-0.24533,0.55953,0.1542,-0.272,0.41488,0.16818,-0.23,0.28677,0.10611,-0.27041,0.21737,0.12224,-0.21077,0.55584,0.19749,-0.21794,0.4085,0.20584,-0.1998,0.2627,0.18478,-0.22466,0.21573,0.24711
33.66,-0.21253,0.58388,0.1664,-0.22682,0.74653,0.17821,-0.26755,0.79691,0.23101,-0.28071,0.72007,0.13138,-0.36096,0.74905,0.15806,-0.33986,0.6923,0.2342,-0.31972,0.72962,0.28316,-0.17859,0.72175,0.23168,-0.1879,0.65922,0.29489,-0.22325,0.60764,0.3694,-0.2505,0.58166,0.42211,-0.24585,0.56035,0.15486,-0.27536,0.41632,0.16965,-0.23247,0.28773,0.10921,-0.27389,0.21863,0.12398,-0.21177,0.55617,0.19848,-0.21895,0.40882,0.20672,-0.20021,0.26321,0.1849,-0.22491,0.21616,0.24724
33.68,-0.21285,0.58445,0.16748,-0.22729,0.74688,0.18175,-0.26808,0.79628,0.23542,-0.28073,0.72116,0.13398,-0.3607,0.74989,0.16175,-0.34164,0.68936,0.23547,-0.3235,0.72438,0.28685,-0.17958,0.72126,0.23528,-0.18807,0.65948,0.29933,-0.22296,0.60856,0.37451,-0.24995,0.58308,0.42759,-0.24618,0.56119,0.15539,-0.27881,0.41796,0.17122,-0.23459,0.28913,0.11224,-0.27682,0.22021,0.12548,-0.21261,0.55649,0.19935,-0.21993,0.40915,0.2076,-0.2005,0.26376,0.18495,-0.22503,0.21663,0.24729
33.7,-0.21359,0.58502,0.16872,-0.22814,0.74726,0.18494,-0.26906,0.79578,0.23932,-0.28113,0.72217,0.13634,-0.3608,0.75079,0.16505,-0.34397,0.68698,0.2365,-0.32776,0.71908,0.29038,-0.18094,0.72093,0.23859,-0.18873,0.65998,0.30351,-0.22317,0.60997,0.3795,-0.24988,0.58521,0.43307,-0.24691,0.56201,0.15615,-0.28204,0.4194,0.17229,-0.2376,0.28964,0.11556,-0.28099,0.22123,0.12763,-0.2138,0.55686,0.20041,-0.22101,0.40949,0.20845,-0.20103,0.26428,0.18511,-0.2254,0.21707,0.24745
33.72,-0.21545,0.58561,0.17046,-0.2298,0.74779,0.1874,-0.27109,0.79578,0.24197,-0.28238,0.72308,0.13818,-0.36185,0.75212,0.16704,-0.34776,0.68611,0.23708,-0.3333,0.71352,0.29396,-0.18317,0.72108,0.24135,-0.19077,0.66103,0.30714,-0.22502,0.61249,0.38416,-0.25146,0.58908,0.43846,-0.24874,0.56272,0.15757,-0.2847,0.42017,0.17227,-0.24316,0.28784,0.11942,-0.28879,0.22083,0.13108,-0.21597,0.55734,0.20205,-0.22232,0.40989,0.20926,-0.2022,0.26474,0.18569,-0.22641,0.21742,0.248
33.74,-0.21775,0.58618,0.17238,-0.23179,0.74837,0.18955,-0.27351,0.79598,0.24411,-0.28398,0.72392,0.13978,-0.36322,0.75357,0.16864,-0.35205,0.68579,0.23751,-0.33952,0.70781,0.29712,-0.18573,0.7214,0.24386,-0.1933,0.66232,0.31053,-0.22738,0.61549,0.38867,-0.25351,0.59368,0.44378,-0.25098,0.56338,0.15921,-0.28713,0.42067,0.17183,-0.24993,0.2854,0.12338,-0.2982,0.22022,0.13479,-0.21851,0.55784,0.2039,-0.22372,0.41031,0.21007,-0.20358,0.26517,0.18644,-0.22763,0.21773,0.24874
33.76,-0.21987,0.58674,0.17422,-0.23368,0.7489,0.19183,-0.2758,0.7961,0.24644,-0.28546,0.72475,0.14149,-0.36446,0.7549,0.17049,-0.35614,0.68525,0.23788,-0.3458,0.70208,0.29957,-0.18819,0.72163,0.24647,-0.19563,0.66348,0.31396,-0.22948,0.61824,0.39314,-0.25526,0.5979,0.44897,-0.25305,0.56404,0.16076,-0.28962,0.42129,0.17159,-0.25655,0.2836,0.12712,-0.3072,0.22016,0.13804,-0.22091,0.55832,0.20566,-0.22508,0.41071,0.21089,-0.20482,0.2656,0.18717,-0.22872,0.21807,0.24945
33.78,-0.22186,0.5874,0.17605,-0.23542,0.74952,0.1942,-0.27799,0.79615,0.24895,-0.28678,0.72571,0.14327,-0.36559,0.75642,0.17222,-0.36032,0.6852,0.23827,-0.35227,0.69648,0.30155,-0.19053,0.72191,0.24916,-0.19786,0.6648,0.31754,-0.2315,0.62133,0.39779,-0.25691,0.60259,0.45435,-0.25501,0.56482,0.16229,-0.29207,0.42207,0.17128,-0.26349,0.28223,0.13055,-0.31659,0.22071,0.14077,-0.22318,0.55888,0.20739,-0.22635,0.41122,0.21175,-0.20596,0.26614,0.18794,-0.22968,0.21852,0.25022
33.8,-0.22424,0.58784,0.17793,-0.23756,0.74996,0.19629,-0.2805,0.79638,0.25094,-0.28853,0.72638,0.14487,-0.36704,0.75755,0.17411,-0.3645,0.68457,0.23836,-0.35909,0.69069,0.30262,-0.19323,0.72213,0.2516,-0.20046,0.66584,0.32067,-0.23379,0.62387,0.40184,-0.25875,0.60653,0.45904,-0.25731,0.56533,0.16391,-0.29448,0.4225,0.17099,-0.27081,0.28069,0.1341,-0.32618,0.22111,0.14372,-0.22581,0.55927,0.20922,-0.22779,0.41156,0.21255,-0.20727,0.2665,0.18877,-0.23087,0.21879,0.25103
33.82,-0.22751,0.58774,0.17996,-0.24064,0.74993,0.19778,-0.28368,0.79708,0.25172,-0.29128,0.72632,0.14604,-0.36923,0.75766,0.17658,-0.36846,0.68195,0.23764,-0.36629,0.68446,0.30233,-0.19677,0.72216,0.25348,-0.20393,0.66606,0.32272,-0.23677,0.62474,0.40442,-0.26115,0.60815,0.46209,-0.26042,0.56513,0.16571,-0.29687,0.42203,0.1708,-0.27855,0.27839,0.13822,-0.33578,0.22055,0.14764,-0.2293,0.55925,0.2113,-0.22966,0.4115,0.21321,-0.209,0.26642,0.18968,-0.23262,0.21862,0.25186
33.84,-0.23116,0.58742,0.18202,-0.2441,0.74972,0.19899,-0.28714,0.79794,0.25198,-0.29443,0.72595,0.14703,-0.3717,0.75738,0.17917,-0.3725,0.67887,0.2366,-0.37377,0.67819,0.30135,-0.20066,0.72213,0.25512,-0.20776,0.666,0.32433,-0.24003,0.62503,0.40645,-0.26378,0.60897,0.46453,-0.26388,0.56465,0.16758,-0.29922,0.42122,0.17066,-0.28661,0.27606,0.14239,-0.34557,0.21997,0.15171,-0.23315,0.55905,0.21347,-0.2317,0.4113,0.21382,-0.21086,0.26618,0.19067,-0.23455,0.2183,0.25276
33.86,-0.23467,0.58717,0.18404,-0.24741,0.74956,0.20028,-0.29047,0.79868,0.25242,-0.29743,0.72569,0.14806,-0.37405,0.75722,0.18163,-0.37669,0.67635,0.23562,-0.38132,0.67222,0.30009,-0.20442,0.72211,0.25682,-0.21146,0.66607,0.32611,-0.24317,0.6256,0.40869,-0.26629,0.61017,0.46719,-0.26721,0.56427,0.1694,-0.30155,0.42057,0.17055,-0.29482,0.27431,0.14617,-0.35553,0.22007,0.15517,-0.23687,0.55891,0.21557,-0.23364,0.41119,0.21446,-0.2126,0.26604,0.19169,-0.23632,0.21809,0.25371
33.88,-0.23805,0.58701,0.18619,-0.25053,0.74948,0.20179,-0.2936,0.79952,0.25303,-0.30022,0.72555,0.14928,-0.37612,0.75715,0.18437,-0.38067,0.67379,0.23429,-0.38894,0.66678,0.29814,-0.20802,0.72212,0.25873,-0.21504,0.66612,0.32805,-0.24621,0.62611,0.41105,-0.26873,0.61131,0.46995,-0.27041,0.56398,0.17133,-0.30371,0.42003,0.17038,-0.30358,0.27306,0.14962,-0.3661,0.22085,0.15827,-0.24047,0.55886,0.2178,-0.23548,0.4112,0.21527,-0.21419,0.26603,0.19287,-0.2379,0.218,0.25484
33.9,-0.2418,0.58663,0.18807,-0.25412,0.7492,0.20279,-0.29714,0.80016,0.25315,-0.30351,0.72508,0.15008,-0.37873,0.75679,0.18652,-0.3853,0.67181,0.2334,-0.39676,0.66121,0.29626,-0.21201,0.72205,0.26014,-0.21893,0.66616,0.32956,-0.24949,0.62659,0.413,-0.27132,0.61238,0.4723,-0.27397,0.56346,0.17303,-0.30613,0.41927,0.1704,-0.31181,0.27199,0.15291,-0.3759,0.22163,0.16101,-0.24441,0.5586,0.21977,-0.23749,0.41106,0.2158,-0.21595,0.26584,0.19392,-0.23969,0.21777,0.25584
33.92,-0.24644,0.5857,0.18925,-0.25887,0.74839,0.20252,-0.30176,0.80022,0.25211,-0.30803,0.72381,0.14982,-0.38272,0.75579,0.1871,-0.39147,0.67111,0.23415,-0.40472,0.65432,0.29529,-0.21699,0.72175,0.26028,-0.22358,0.66622,0.33002,-0.25329,0.62721,0.41403,-0.27415,0.61356,0.47381,-0.27843,0.56236,0.17411,-0.30929,0.41789,0.1709,-0.31835,0.27046,0.15639,-0.38359,0.22144,0.16344,-0.24919,0.55783,0.22108,-0.23992,0.41047,0.21547,-0.21821,0.26514,0.19455,-0.24218,0.21707,0.25639
33.94,-0.25144,0.58458,0.19015,-0.26407,0.74738,0.20173,-0.30681,0.80006,0.25055,-0.31304,0.72222,0.14913,-0.38726,0.75455,0.18705,-0.39818,0.67087,0.23542,-0.41277,0.64736,0.29399,-0.22235,0.72137,0.25989,-0.22853,0.66628,0.33002,-0.25733,0.62784,0.41461,-0.27714,0.6147,0.47486,-0.28325,0.56105,0.17491,-0.31275,0.41631,0.17156,-0.32433,0.26881,0.15971,-0.3905,0.22088,0.1655,-0.25431,0.55687,0.2221,-0.24253,0.40976,0.21485,-0.22062,0.2643,0.19505,-0.24488,0.21627,0.25681
33.96,-0.2563,0.58358,0.19112,-0.26908,0.74647,0.20113,-0.31167,0.79998,0.24916,-0.31785,0.72077,0.14859,-0.39155,0.75344,0.18722,-0.40461,0.67052,0.23637,-0.42076,0.64121,0.29183,-0.22755,0.72103,0.25967,-0.23336,0.66636,0.33015,-0.26129,0.62848,0.41528,-0.2801,0.61584,0.47597,-0.28793,0.55987,0.1758,-0.31612,0.41487,0.17215,-0.33073,0.26747,0.16261,-0.39784,0.22072,0.16711,-0.25929,0.55602,0.2232,-0.24509,0.4092,0.21442,-0.2229,0.26365,0.1957,-0.24737,0.21565,0.2574
33.98,-0.26107,0.58245,0.19233,-0.27389,0.74543,0.20074,-0.31628,0.79982,0.24795,-0.32244,0.71924,0.14825,-0.39556,0.7523,0.18765,-0.4109,0.67033,0.23773,-0.42872,0.63488,0.28893,-0.2326,0.72055,0.25969,-0.23804,0.66633,0.33056,-0.26503,0.62912,0.41628,-0.2827,0.61707,0.47742,-0.29251,0.55854,0.17691,-0.31926,0.41328,0.17291,-0.33759,0.26617,0.16562,-0.40577,0.22087,0.16852,-0.26422,0.55506,0.22455,-0.24739,0.40865,0.21403,-0.22502,0.26296,0.19657,-0.24976,0.21504,0.25822
34,-0.2661,0.58153,0.19296,-0.27916,0.74456,0.19976,-0.32143,0.79972,0.24619,-0.32754,0.7178,0.1474,-0.40022,0.75118,0.18733,-0.4175,0.67018,0.23835,-0.43668,0.63041,0.28573,-0.238,0.72031,0.25906,-0.2431,0.6665,0.33026,-0.2693,0.62975,0.41643,-0.28606,0.61808,0.4779,-0.29739,0.55746,0.17748,-0.32294,0.41199,0.1734,-0.34371,0.26514,0.1676,-0.41251,0.22072,0.16919,-0.26935,0.55428,0.22529,-0.25023,0.40823,0.21357,-0.22738,0.2625,0.19716,-0.25221,0.21459,0.25878
34.02,-0.27165,0.58121,0.19215,-0.28557,0.74423,0.19737,-0.32796,0.79985,0.24313,-0.33385,0.7167,0.14531,-0.40655,0.75009,0.18518,-0.42483,0.66973,0.23685,-0.44474,0.62952,0.28357,-0.24423,0.72078,0.25686,-0.24909,0.66719,0.32825,-0.27486,0.63041,0.41453,-0.29125,0.6186,0.47607,-0.30294,0.55711,0.17672,-0.32796,0.41153,0.1731,-0.34752,0.2645,0.16759,-0.41589,0.21941,0.16906,-0.27485,0.55399,0.2245,-0.25444,0.4081,0.21295,-0.23039,0.26253,0.19683,-0.25491,0.21444,0.25844
34.04,-0.27746,0.5811,0.19073,-0.29246,0.74407,0.19439,-0.33506,0.80003,0.23954,-0.34067,0.71571,0.14271,-0.41358,0.749,0.18229,-0.43253,0.66918,0.23456,-0.45292,0.62983,0.2818,-0.25084,0.72148,0.25402,-0.25549,0.66805,0.32553,-0.28097,0.63103,0.41179,-0.29723,0.61884,0.4733,-0.3088,0.55702,0.1754,-0.3335,0.41137,0.17248,-0.35045,0.26402,0.16687,-0.41798,0.2177,0.16867,-0.28055,0.55388,0.22309,-0.25922,0.40807,0.21222,-0.2337,0.26275,0.19612,-0.25776,0.2144,0.2577
34.06,-0.2832,0.58092,0.18955,-0.29918,0.74382,0.19164,-0.34196,0.80017,0.23614,-0.34729,0.71467,0.14031,-0.42032,0.7479,0.17973,-0.44012,0.6687,0.2326,-0.46115,0.6296,0.27977,-0.25733,0.72207,0.25142,-0.26176,0.66879,0.32306,-0.28692,0.63158,0.40935,-0.30297,0.6191,0.47085,-0.31457,0.55683,0.17429,-0.33883,0.41109,0.17196,-0.35379,0.26353,0.16647,-0.42065,0.21625,0.16839,-0.28622,0.5537,0.22191,-0.26378,0.40803,0.21151,-0.23691,0.26293,0.19555,-0.26055,0.21435,0.25711
34.08,-0.28873,0.58065,0.18855,-0.30575,0.74346,0.18904,-0.3487,0.80015,0.23294,-0.35375,0.71349,0.13809,-0.42692,0.74665,0.1773,-0.44745,0.66805,0.23079,-0.46905,0.62932,0.27801,-0.26366,0.72257,0.24897,-0.26781,0.66958,0.32083,-0.29248,0.63232,0.40724,-0.30813,0.61966,0.4688,-0.32013,0.55655,0.17337,-0.34405,0.41075,0.17161,-0.35696,0.26299,0.16618,-0.42307,0.21468,0.16823,-0.29166,0.55345,0.22093,-0.26813,0.40792,0.21088,-0.23997,0.26306,0.19504,-0.26325,0.2143,0.25661
34.1,-0.29476,0.58061,0.18702,-0.31276,0.74331,0.18601,-0.35593,0.80037,0.2292,-0.36068,0.71258,0.13543,-0.43399,0.74566,0.17444,-0.45541,0.66766,0.22847,-0.47767,0.62942,0.27577,-0.27045,0.72324,0.24606,-0.27444,0.67025,0.31793,-0.29896,0.63261,0.40421,-0.31464,0.61947,0.46567,-0.32621,0.55651,0.17193,-0.34961,0.41062,0.17082,-0.36026,0.26268,0.16548,-0.42565,0.21341,0.16779,-0.29761,0.5534,0.21941,-0.27307,0.408,0.21005,-0.24342,0.26342,0.19429,-0.26618,0.21435,0.2558
34.12,-0.30214,0.58112,0.18417,-0.32094,0.74372,0.18194,-0.36442,0.8013,0.22411,-0.36879,0.71236,0.13169,-0.44218,0.74539,0.1706,-0.46503,0.66798,0.22489,-0.48833,0.63012,0.272,-0.27841,0.72432,0.24205,-0.28252,0.67055,0.31335,-0.30776,0.63159,0.39883,-0.32464,0.6172,0.45968,-0.33367,0.55706,0.16918,-0.35599,0.411,0.16887,-0.36421,0.26289,0.16378,-0.42909,0.21298,0.16655,-0.30487,0.55387,0.21654,-0.27946,0.40853,0.20863,-0.24788,0.26435,0.19294,-0.26974,0.21466,0.25427
34.14,-0.31003,0.58185,0.18082,-0.32956,0.74434,0.17745,-0.3734,0.80247,0.21849,-0.37737,0.71241,0.12753,-0.45084,0.74539,0.16633,-0.47526,0.66859,0.2208,-0.49969,0.63122,0.26773,-0.28683,0.72557,0.23762,-0.29114,0.67076,0.30811,-0.31738,0.63012,0.3925,-0.33584,0.61415,0.4525,-0.34165,0.55785,0.16593,-0.3627,0.4116,0.16648,-0.36834,0.26336,0.16163,-0.43277,0.21289,0.16497,-0.31264,0.55455,0.21315,-0.28642,0.40926,0.20701,-0.25274,0.26556,0.19135,-0.27353,0.21512,0.25244
34.16,-0.3177,0.58247,0.17769,-0.33798,0.74485,0.17315,-0.38216,0.80346,0.21311,-0.38574,0.71232,0.12356,-0.45929,0.74526,0.16224,-0.48521,0.6691,0.21693,-0.51069,0.63225,0.26371,-0.29504,0.72672,0.23337,-0.29951,0.671,0.30313,-0.32655,0.62886,0.38653,-0.3463,0.61143,0.4457,-0.34941,0.55852,0.16291,-0.36924,0.4121,0.16427,-0.37237,0.26379,0.15963,-0.43631,0.21274,0.16347,-0.32019,0.55513,0.21,-0.29313,0.40994,0.20548,-0.25744,0.26672,0.18984,-0.27718,0.2156,0.25071
34.18,-0.32532,0.5831,0.17455,-0.34647,0.74533,0.16888,-0.39101,0.80444,0.2077,-0.39415,0.71219,0.11961,-0.46776,0.74503,0.15828,-0.49518,0.66945,0.21304,-0.5218,0.6329,0.25942,-0.30334,0.72786,0.22915,-0.3078,0.67114,0.29809,-0.33556,0.62731,0.38038,-0.35661,0.60831,0.43862,-0.35712,0.55921,0.15986,-0.37582,0.41266,0.16204,-0.37636,0.2643,0.15751,-0.43979,0.21266,0.16187,-0.3277,0.5557,0.20681,-0.29973,0.41065,0.20387,-0.26204,0.26794,0.18826,-0.28074,0.2162,0.24894
34.2,-0.33316,0.58378,0.17134,-0.35492,0.74588,0.16448,-0.39981,0.8054,0.20224,-0.40258,0.71219,0.11557,-0.47632,0.74502,0.15398,-0.5052,0.67022,0.20906,-0.53275,0.63447,0.25552,-0.31158,0.72903,0.22479,-0.31629,0.67144,0.293,-0.34485,0.62619,0.37423,-0.36708,0.60569,0.43151,-0.36504,0.55992,0.15678,-0.38235,0.41321,0.15972,-0.38047,0.26486,0.15542,-0.44342,0.21269,0.16027,-0.33541,0.55634,0.20359,-0.30666,0.41141,0.20239,-0.26692,0.26927,0.1867,-0.28446,0.21681,0.2471
34.22,-0.34154,0.58452,0.16807,-0.36314,0.74657,0.15978,-0.40838,0.80632,0.19677,-0.411,0.71249,0.11134,-0.48499,0.74562,0.14902,-0.51538,0.67212,0.20503,-0.54352,0.63833,0.25259,-0.31962,0.73023,0.2201,-0.32543,0.67225,0.2879,-0.3551,0.62642,0.3684,-0.37831,0.60472,0.42485,-0.37349,0.56063,0.1537,-0.38876,0.41371,0.15723,-0.38493,0.26538,0.15353,-0.44751,0.2128,0.15879,-0.3436,0.55711,0.20035,-0.31431,0.41229,0.20125,-0.27236,0.2708,0.18536,-0.28857,0.21731,0.24523
34.24,-0.35011,0.58528,0.16476,-0.37128,0.74731,0.15497,-0.41687,0.80722,0.19127,-0.41942,0.7129,0.10705,-0.49376,0.74638,0.14369,-0.52558,0.6744,0.20086,-0.55404,0.64314,0.24994,-0.32759,0.73144,0.21529,-0.33477,0.67326,0.28278,-0.36567,0.62716,0.36267,-0.38981,0.6044,0.4183,-0.38212,0.56135,0.15062,-0.3951,0.41422,0.15466,-0.38948,0.26593,0.15169,-0.45175,0.21301,0.15732,-0.35196,0.55793,0.1971,-0.32226,0.41322,0.20026,-0.27803,0.27247,0.18405,-0.29278,0.21786,0.24329
34.26,-0.35856,0.58603,0.1615,-0.37947,0.748,0.15024,-0.42539,0.80808,0.18582,-0.42784,0.71322,0.10281,-0.50257,0.74697,0.13841,-0.53569,0.67643,0.19663,-0.5644,0.64765,0.24705,-0.33559,0.73262,0.21055,-0.34395,0.67417,0.27768,-0.37597,0.62769,0.3569,-0.40103,0.60388,0.41167,-0.39063,0.56205,0.14757,-0.40141,0.41476,0.15212,-0.39395,0.26654,0.14979,-0.45587,0.21326,0.1558,-0.3602,0.55871,0.19388,-0.33008,0.41415,0.19924,-0.28361,0.27417,0.18268,-0.29684,0.21854,0.24132
34.28,-0.36718,0.58683,0.15812,-0.38779,0.74873,0.14539,-0.43411,0.80894,0.18022,-0.43641,0.7136,0.09847,-0.51118,0.74772,0.13364,-0.54619,0.67869,0.19255,-0.57577,0.65192,0.24358,-0.34373,0.73383,0.20568,-0.3535,0.67513,0.27239,-0.38684,0.62828,0.35085,-0.41297,0.60331,0.4046,-0.3993,0.56281,0.14438,-0.40794,0.41539,0.14944,-0.39852,0.26728,0.14772,-0.46008,0.21362,0.15405,-0.36864,0.55955,0.19054,-0.33774,0.41525,0.19799,-0.28898,0.27606,0.18131,-0.30072,0.21944,0.23932
34.3,-0.37547,0.58752,0.15499,-0.39584,0.74931,0.14075,-0.44244,0.8097,0.17492,-0.44468,0.71382,0.09435,-0.52022,0.74803,0.12774,-0.55587,0.6805,0.18799,-0.58492,0.65697,0.24089,-0.35159,0.73493,0.20104,-0.36235,0.67607,0.26745,-0.39661,0.62893,0.34534,-0.42349,0.60313,0.39832,-0.40765,0.56344,0.1415,-0.41397,0.41592,0.14695,-0.40285,0.26792,0.14588,-0.46408,0.21393,0.15258,-0.37668,0.56028,0.18746,-0.34571,0.41613,0.19723,-0.29475,0.27782,0.17986,-0.30477,0.22026,0.23727
34.32,-0.38281,0.58788,0.15258,-0.4032,0.74953,0.13673,-0.4497,0.81027,0.1704,-0.45218,0.71357,0.09084,-0.53031,0.74695,0.11864,-0.56323,0.68104,0.18216,-0.58755,0.6647,0.23992,-0.35878,0.73576,0.19703,-0.36915,0.67686,0.26347,-0.40314,0.62955,0.34137,-0.42987,0.60372,0.39442,-0.41511,0.56374,0.13949,-0.41865,0.41612,0.145,-0.40649,0.2682,0.14469,-0.46747,0.21399,0.15192,-0.38363,0.56071,0.18511,-0.35448,0.41642,0.19786,-0.3014,0.27919,0.17841,-0.309,0.22078,0.23533
34.34,-0.38979,0.58814,0.15044,-0.4103,0.7496,0.13296,-0.45659,0.81074,0.16619,-0.45938,0.71314,0.08757,-0.54029,0.74499,0.10832,-0.56965,0.6818,0.1762,-0.58719,0.67525,0.23821,-0.36571,0.73648,0.19328,-0.37525,0.67761,0.25987,-0.40857,0.63017,0.33798,-0.43483,0.6046,0.39139,-0.42221,0.56391,0.13781,-0.42284,0.41625,0.14319,-0.4099,0.26839,0.14363,-0.47066,0.21401,0.15139,-0.39016,0.56105,0.18305,-0.36348,0.4166,0.19905,-0.30821,0.28061,0.17712,-0.31315,0.2215,0.23361
34.36,-0.39689,0.58844,0.14821,-0.41752,0.74971,0.12911,-0.46369,0.81118,0.16187,-0.46671,0.71275,0.08423,-0.54965,0.74286,0.09855,-0.57649,0.68325,0.17058,-0.58757,0.6865,0.23432,-0.37277,0.73723,0.18944,-0.3817,0.67838,0.25613,-0.41454,0.63078,0.33435,-0.44048,0.60531,0.38796,-0.42941,0.56413,0.136,-0.42725,0.41648,0.14127,-0.41341,0.26871,0.14232,-0.47394,0.21415,0.15054,-0.39684,0.56142,0.18088,-0.37223,0.417,0.20004,-0.31468,0.28231,0.17598,-0.31703,0.22263,0.23203
34.38,-0.40421,0.58876,0.14584,-0.42501,0.7498,0.12512,-0.47102,0.81164,0.15742,-0.47432,0.71235,0.0808,-0.55892,0.74023,0.08834,-0.58343,0.68495,0.16453,-0.58698,0.69886,0.2277,-0.38005,0.73799,0.18543,-0.38815,0.6791,0.25221,-0.42031,0.63133,0.3306,-0.44579,0.60606,0.38453,-0.43685,0.56437,0.13412,-0.43166,0.41679,0.13912,-0.417,0.2691,0.14078,-0.4773,0.21435,0.14948,-0.40367,0.5618,0.17856,-0.38099,0.41756,0.20116,-0.32083,0.28441,0.17504,-0.32004,0.22424,0.23061
34.4,-0.41098,0.58902,0.14383,-0.432,0.74982,0.1215,-0.47794,0.81195,0.15334,-0.48136,0.71186,0.07767,-0.56705,0.73729,0.07883,-0.59023,0.68761,0.15918,-0.58695,0.7111,0.21946,-0.3869,0.73867,0.18184,-0.39446,0.67987,0.24875,-0.42622,0.63196,0.32722,-0.45144,0.60674,0.38129,-0.44368,0.56454,0.13248,-0.43594,0.41706,0.1373,-0.42038,0.26947,0.13939,-0.48049,0.21457,0.14841,-0.41009,0.56215,0.17662,-0.38952,0.4181,0.20225,-0.32713,0.28638,0.17416,-0.32405,0.22596,0.22938
34.42,-0.41635,0.58916,0.14274,-0.43756,0.7497,0.11879,-0.48365,0.81195,0.15019,-0.4868,0.71124,0.07526,-0.57302,0.73453,0.0713,-0.59681,0.69187,0.15543,-0.59002,0.72183,0.21245,-0.39254,0.73922,0.1793,-0.4005,0.68077,0.24647,-0.43277,0.63282,0.32471,-0.45843,0.60717,0.37837,-0.44893,0.56452,0.13139,-0.43993,0.41712,0.13653,-0.42319,0.26967,0.13882,-0.48323,0.21468,0.14782,-0.41548,0.56245,0.17565,-0.3976,0.41837,0.20308,-0.33417,0.28757,0.17312,-0.33134,0.22716,0.22836
34.44,-0.42118,0.58926,0.14202,-0.44254,0.74953,0.11646,-0.48886,0.81182,0.14742,-0.49161,0.71058,0.07317,-0.57803,0.73176,0.06458,-0.60342,0.69692,0.15178,-0.59422,0.73206,0.20541,-0.39767,0.7397,0.17719,-0.40637,0.68171,0.24467,-0.43947,0.63376,0.32256,-0.46577,0.60752,0.37562,-0.45357,0.56443,0.13055,-0.44381,0.4171,0.13619,-0.4258,0.26979,0.1386,-0.4858,0.21475,0.14747,-0.42046,0.56272,0.17508,-0.40559,0.41855,0.2038,-0.34155,0.28846,0.17207,-0.34,0.22813,0.22744
34.46,-0.42624,0.58938,0.14117,-0.44773,0.74937,0.11399,-0.49425,0.81174,0.14452,-0.49665,0.70994,0.07098,-0.58303,0.72879,0.05773,-0.61031,0.70198,0.14717,-0.59801,0.7419,0.19668,-0.40299,0.74018,0.17493,-0.4123,0.6826,0.24267,-0.44607,0.63463,0.32026,-0.47287,0.6079,0.37282,-0.45848,0.56437,0.12964,-0.44775,0.41713,0.13569,-0.42851,0.26998,0.13826,-0.48845,0.21486,0.14707,-0.42562,0.56301,0.17436,-0.41368,0.41886,0.20452,-0.34878,0.28961,0.17116,-0.34812,0.22933,0.22661
34.48,-0.43132,0.58949,0.14021,-0.45297,0.74917,0.11137,-0.49964,0.81162,0.14147,-0.50176,0.70924,0.06866,-0.58777,0.72539,0.05043,-0.61726,0.70687,0.14126,-0.60171,0.75064,0.1864,-0.40834,0.74066,0.17248,-0.41821,0.68353,0.24052,-0.4526,0.63554,0.31783,-0.47987,0.60826,0.36986,-0.46339,0.5643,0.12861,-0.45165,0.41716,0.13513,-0.43125,0.27017,0.1379,-0.49115,0.21499,0.14665,-0.4308,0.56329,0.17354,-0.42172,0.41928,0.20531,-0.35576,0.29106,0.17009,-0.35574,0.23093,0.22571
34.5,-0.43626,0.58961,0.13955,-0.45793,0.74899,0.10916,-0.50483,0.8115,0.1388,-0.50656,0.70864,0.06667,-0.59206,0.72247,0.04455,-0.62436,0.71243,0.13575,-0.60575,0.75917,0.17655,-0.41349,0.74108,0.17049,-0.42411,0.68434,0.23875,-0.45927,0.63637,0.31572,-0.48705,0.60861,0.36723,-0.46817,0.56424,0.12787,-0.45563,0.41718,0.13482,-0.43396,0.27038,0.13767,-0.49379,0.21511,0.14637,-0.43586,0.56358,0.17301,-0.42992,0.41963,0.20581,-0.36321,0.2921,0.16953,-0.36465,0.23198,0.22514
34.52,-0.44094,0.58976,0.13964,-0.46228,0.74895,0.10798,-0.50964,0.81138,0.13703,-0.51066,0.70833,0.06545,-0.59599,0.72119,0.04212,-0.63178,0.71976,0.13256,-0.61064,0.769,0.16895,-0.41825,0.74144,0.16965,-0.43003,0.68489,0.23787,-0.46632,0.637,0.31437,-0.49475,0.60901,0.3654,-0.47269,0.56425,0.12787,-0.45982,0.41723,0.13507,-0.43657,0.27066,0.13772,-0.49625,0.21523,0.14634,-0.44067,0.56389,0.17322,-0.43858,0.41973,0.20557,-0.37179,0.29197,0.17028,-0.37672,0.23142,0.22523
34.54,-0.44551,0.58992,0.14002,-0.46638,0.74893,0.10721,-0.51427,0.81125,0.13564,-0.51447,0.70811,0.06455,-0.5998,0.72055,0.04097,-0.63911,0.72761,0.12966,-0.61581,0.77888,0.16166,-0.42285,0.74175,0.16927,-0.43595,0.68532,0.23735,-0.47353,0.63755,0.3133,-0.50266,0.60942,0.36386,-0.47711,0.56426,0.12816,-0.4641,0.41726,0.13553,-0.43912,0.27097,0.13793,-0.49863,0.21535,0.14647,-0.44538,0.56419,0.17371,-0.44738,0.4198,0.20502,-0.38093,0.29135,0.17161,-0.39012,0.2304,0.22555
34.56,-0.45013,0.59007,0.14027,-0.47057,0.74889,0.10628,-0.51894,0.8111,0.1341,-0.51839,0.70785,0.06354,-0.60362,0.71963,0.03925,-0.64622,0.73489,0.12536,-0.62067,0.78757,0.15307,-0.4275,0.74205,0.1687,-0.44185,0.68578,0.23666,-0.48063,0.63812,0.31207,-0.51044,0.60982,0.36214,-0.48157,0.56426,0.12831,-0.46833,0.41729,0.1359,-0.44168,0.2713,0.13814,-0.50103,0.21548,0.14661,-0.45014,0.56448,0.17407,-0.45607,0.42002,0.20455,-0.38992,0.29098,0.17287,-0.40297,0.22984,0.22579
34.58,-0.45472,0.59027,0.14053,-0.47472,0.74887,0.10528,-0.52361,0.81097,0.13246,-0.52227,0.70759,0.06246,-0.60741,0.71864,0.03754,-0.65325,0.74221,0.12004,-0.62528,0.79585,0.14319,-0.43214,0.74243,0.16807,-0.44775,0.68632,0.23589,-0.48775,0.63876,0.31073,-0.51822,0.61025,0.36027,-0.486,0.56431,0.1285,-0.4726,0.41737,0.1363,-0.44421,0.2717,0.13845,-0.50338,0.21569,0.14684,-0.45486,0.56484,0.17445,-0.46494,0.42041,0.20394,-0.39879,0.29094,0.17408,-0.41582,0.22957,0.22558
34.6,-0.45935,0.59035,0.14083,-0.47885,0.74878,0.10453,-0.52819,0.81078,0.13111,-0.52614,0.70732,0.0616,-0.61118,0.71792,0.03614,-0.65988,0.74852,0.11459,-0.63004,0.8026,0.13409,-0.43674,0.74263,0.16768,-0.45362,0.68666,0.23531,-0.49481,0.63923,0.30958,-0.52596,0.61063,0.35865,-0.49049,0.56426,0.1287,-0.47682,0.41735,0.13669,-0.44679,0.27201,0.13876,-0.50579,0.21581,0.14708,-0.45965,0.56505,0.17485,-0.47346,0.42073,0.20335,-0.40825,0.29028,0.17576,-0.42911,0.22915,0.22613
34.62,-0.46413,0.5901,0.14116,-0.48297,0.74848,0.10434,-0.5326,0.81046,0.13043,-0.53009,0.70704,0.0612,-0.61495,0.71784,0.03524,-0.66583,0.75316,0.11025,-0.63533,0.80741,0.1282,-0.4413,0.74238,0.16778,-0.45945,0.68648,0.23513,-0.50179,0.63928,0.3089,-0.53362,0.61097,0.35769,-0.49515,0.56395,0.12882,-0.48086,0.41711,0.13693,-0.44954,0.27204,0.13891,-0.5084,0.21568,0.14711,-0.46467,0.56486,0.17522,-0.48105,0.42066,0.20302,-0.41915,0.28808,0.17815,-0.44326,0.22821,0.22858
34.64,-0.46896,0.58972,0.14152,-0.48708,0.74812,0.10439,-0.53693,0.81011,0.13003,-0.53405,0.70677,0.061,-0.61871,0.71802,0.0346,-0.67141,0.75703,0.10645,-0.64078,0.81148,0.12356,-0.44583,0.74197,0.1681,-0.46525,0.6861,0.23513,-0.50869,0.63915,0.30842,-0.54121,0.61126,0.35701,-0.49986,0.56355,0.12895,-0.48485,0.41678,0.13714,-0.45234,0.27197,0.13902,-0.51108,0.21546,0.14709,-0.46977,0.56451,0.17559,-0.48828,0.42045,0.20276,-0.43074,0.28542,0.18072,-0.45793,0.22725,0.23157
34.66,-0.47379,0.58939,0.14187,-0.4912,0.74778,0.10437,-0.54129,0.80977,0.12954,-0.53801,0.7065,0.06074,-0.62247,0.71807,0.03385,-0.67693,0.76081,0.10218,-0.64601,0.81545,0.11814,-0.45039,0.74161,0.16837,-0.47105,0.6858,0.23507,-0.51559,0.63909,0.30784,-0.54876,0.61156,0.35618,-0.50456,0.56318,0.12909,-0.48887,0.4165,0.13739,-0.45514,0.27197,0.13919,-0.51374,0.21529,0.14715,-0.47485,0.56422,0.17597,-0.49564,0.42034,0.20241,-0.44228,0.2832,0.18302,-0.47257,0.22668,0.23397
34.68,-0.47856,0.58909,0.14219,-0.49526,0.74746,0.10427,-0.54563,0.80941,0.12896,-0.54191,0.70623,0.06043,-0.6262,0.71822,0.03317,-0.68235,0.76512,0.09728,-0.65103,0.8199,0.11196,-0.45487,0.74129,0.16853,-0.47688,0.68557,0.23488,-0.52261,0.63916,0.30711,-0.55649,0.61201,0.35517,-0.50921,0.56284,0.1292,-0.49285,0.41623,0.13766,-0.4579,0.27199,0.13939,-0.51637,0.21517,0.14723,-0.47987,0.56396,0.17632,-0.50306,0.42031,0.20199,-0.45385,0.28131,0.18505,-0.48718,0.22655,0.23602
34.7,-0.48345,0.58872,0.14259,-0.49944,0.7471,0.10443,-0.54998,0.8091,0.12865,-0.54591,0.70596,0.0603,-0.62996,0.71822,0.03242,-0.68749,0.7676,0.09336,-0.65625,0.82265,0.10716,-0.45951,0.74087,0.16897,-0.48262,0.68516,0.23495,-0.52931,0.63893,0.30667,-0.56378,0.61214,0.35452,-0.51398,0.56244,0.12936,-0.4969,0.41592,0.13791,-0.46076,0.27197,0.13959,-0.5191,0.21499,0.14731,-0.48505,0.56361,0.17672,-0.51023,0.42016,0.20162,-0.4659,0.27924,0.18721,-0.50221,0.22638,0.23816
34.72,-0.48868,0.58819,0.14319,-0.50399,0.74667,0.10516,-0.55442,0.80892,0.12897,-0.55018,0.70572,0.06058,-0.63381,0.7177,0.03136,-0.69233,0.76594,0.09228,-0.66208,0.82153,0.10607,-0.46461,0.74024,0.17002,-0.48814,0.68432,0.23568,-0.53526,0.63795,0.30703,-0.56997,0.61144,0.35487,-0.51907,0.56193,0.12961,-0.50109,0.41552,0.13813,-0.4639,0.27184,0.13976,-0.52205,0.21466,0.14741,-0.49066,0.56306,0.17729,-0.51684,0.41966,0.20144,-0.47895,0.27661,0.19004,-0.51817,0.22579,0.24091
34.74,-0.49405,0.58759,0.14388,-0.50869,0.74621,0.10617,-0.5589,0.80878,0.12957,-0.55456,0.70548,0.06106,-0.63768,0.71702,0.03025,-0.69706,0.7626,0.09237,-0.66832,0.81889,0.10658,-0.46991,0.73952,0.17136,-0.49359,0.68327,0.23668,-0.5409,0.63662,0.30773,-0.57573,0.61037,0.35561,-0.52429,0.56137,0.12991,-0.50535,0.41507,0.13835,-0.46714,0.27166,0.13996,-0.52509,0.21428,0.14755,-0.49645,0.56242,0.17792,-0.52321,0.41901,0.20135,-0.49243,0.27404,0.19313,-0.53446,0.22541,0.2439
34.76,-0.49936,0.58701,0.14455,-0.51334,0.74575,0.1071,-0.56338,0.80862,0.13009,-0.5589,0.70523,0.06148,-0.64151,0.71645,0.02922,-0.70182,0.75986,0.09199,-0.67455,0.8168,0.10651,-0.47515,0.73882,0.17261,-0.49908,0.68228,0.23759,-0.54665,0.6354,0.3083,-0.58164,0.60937,0.35619,-0.52946,0.56083,0.13019,-0.50958,0.41465,0.13861,-0.47033,0.27152,0.14022,-0.52809,0.21394,0.14774,-0.50217,0.56181,0.17853,-0.52967,0.41842,0.20119,-0.50584,0.27201,0.19597,-0.55059,0.22565,0.24654
34.78,-0.50463,0.58647,0.14515,-0.51795,0.74532,0.10791,-0.56783,0.80845,0.13053,-0.56322,0.705,0.06184,-0.64529,0.71575,0.02807,-0.70653,0.75746,0.09109,-0.68041,0.81494,0.10556,-0.48031,0.73817,0.17372,-0.50458,0.68141,0.23838,-0.55252,0.6344,0.30877,-0.5877,0.60873,0.35672,-0.53458,0.56031,0.13043,-0.51373,0.41428,0.13887,-0.47346,0.27143,0.14053,-0.53103,0.21364,0.14801,-0.50783,0.56125,0.17907,-0.5361,0.41788,0.20099,-0.51945,0.27041,0.19878,-0.56674,0.22652,0.24924
34.8,-0.51003,0.58584,0.1459,-0.52271,0.74483,0.10906,-0.57236,0.80829,0.13126,-0.56762,0.70474,0.06242,-0.64911,0.7153,0.02723,-0.71124,0.75377,0.09143,-0.68735,0.81201,0.10666,-0.48572,0.7374,0.1752,-0.51005,0.68025,0.23948,-0.5581,0.63283,0.30952,-0.59335,0.60722,0.35745,-0.53981,0.55973,0.13078,-0.51806,0.41382,0.13921,-0.47673,0.27128,0.14087,-0.53409,0.21328,0.14828,-0.51367,0.56057,0.17974,-0.5425,0.4172,0.20085,-0.53287,0.26909,0.20149,-0.58275,0.22759,0.25149
34.82,-0.51572,0.58499,0.14699,-0.52786,0.74421,0.11094,-0.57708,0.80818,0.13263,-0.57222,0.70442,0.06353,-0.65303,0.71547,0.02696,-0.71599,0.74675,0.09419,-0.69718,0.806,0.11239,-0.49168,0.73636,0.17748,-0.51535,0.67838,0.24127,-0.5629,0.62989,0.31092,-0.59787,0.60355,0.35865,-0.5453,0.55897,0.13134,-0.52277,0.41318,0.1397,-0.48026,0.27098,0.1412,-0.5374,0.21275,0.14844,-0.51991,0.55963,0.1807,-0.54884,0.41613,0.20079,-0.54573,0.26777,0.20397,-0.59858,0.22833,0.25255
34.84,-0.52153,0.58405,0.14824,-0.53319,0.74352,0.11316,-0.5819,0.80807,0.1343,-0.57691,0.70408,0.06488,-0.65704,0.71592,0.02706,-0.72065,0.73792,0.09729,-0.70859,0.79755,0.11952,-0.4979,0.7352,0.18012,-0.52063,0.67625,0.24336,-0.56743,0.62643,0.31258,-0.602,0.59905,0.36002,-0.5509,0.55814,0.132,-0.52764,0.41246,0.14028,-0.48389,0.27064,0.14157,-0.5408,0.21214,0.14861,-0.52633,0.55858,0.18178,-0.55516,0.41491,0.2008,-0.55828,0.26662,0.20638,-0.61412,0.22917,0.25316
34.86,-0.5273,0.58316,0.14944,-0.53849,0.74286,0.11528,-0.58671,0.80794,0.1359,-0.58158,0.70374,0.06617,-0.66105,0.71633,0.02722,-0.72514,0.72929,0.09923,-0.71985,0.7884,0.12519,-0.50408,0.73408,0.18264,-0.52599,0.67425,0.24534,-0.57213,0.62323,0.31411,-0.60634,0.59494,0.36128,-0.55644,0.55735,0.13264,-0.53243,0.41179,0.14088,-0.48747,0.27034,0.14202,-0.54414,0.2116,0.14888,-0.53268,0.55757,0.18281,-0.56148,0.41377,0.20081,-0.57081,0.26585,0.20873,-0.62939,0.23055,0.25379
34.88,-0.533,0.58226,0.15055,-0.54379,0.74217,0.11726,-0.5915,0.80776,0.13742,-0.58627,0.70337,0.06739,-0.66481,0.71632,0.0267,-0.72929,0.72024,0.09942,-0.73084,0.77803,0.12864,-0.51019,0.73297,0.18497,-0.53118,0.67236,0.24723,-0.57662,0.62025,0.31566,-0.61045,0.59117,0.36262,-0.56192,0.55655,0.13322,-0.53712,0.41112,0.14146,-0.49094,0.27007,0.14252,-0.54738,0.21108,0.14923,-0.53894,0.55658,0.18375,-0.5676,0.41262,0.20068,-0.58374,0.26544,0.21113,-0.64503,0.23253,0.25435
34.9,-0.53887,0.58134,0.15187,-0.54924,0.74149,0.11961,-0.59643,0.80761,0.13925,-0.59098,0.70304,0.06885,-0.66911,0.71719,0.02777,-0.73336,0.71091,0.10053,-0.74293,0.76579,0.13359,-0.51662,0.7318,0.18774,-0.53676,0.67026,0.24937,-0.58148,0.61681,0.31723,-0.61492,0.58668,0.3638,-0.56753,0.55574,0.13395,-0.54202,0.41043,0.14218,-0.49459,0.2698,0.14309,-0.55078,0.21055,0.14959,-0.54542,0.55554,0.18488,-0.57404,0.41147,0.20084,-0.5956,0.26514,0.21321,-0.65927,0.23437,0.25455
34.92,-0.5452,0.58039,0.15379,-0.55507,0.74085,0.12294,-0.60168,0.80759,0.14187,-0.5957,0.70288,0.07092,-0.67488,0.72029,0.03327,-0.738,0.70173,0.10492,-0.75739,0.74998,0.14354,-0.52388,0.73051,0.19164,-0.54338,0.66765,0.25214,-0.58746,0.61216,0.31876,-0.62053,0.58034,0.36448,-0.57349,0.55492,0.13513,-0.54753,0.40969,0.14323,-0.4987,0.26953,0.14381,-0.55461,0.20998,0.14989,-0.55253,0.55447,0.18653,-0.58145,0.41038,0.20178,-0.60483,0.26435,0.21441,-0.67027,0.23485,0.25387
34.94,-0.5517,0.57942,0.15593,-0.56111,0.74021,0.12664,-0.60711,0.80757,0.14482,-0.60044,0.70276,0.07327,-0.68098,0.72384,0.04069,-0.74283,0.69273,0.10902,-0.77168,0.73105,0.15256,-0.53152,0.72913,0.19593,-0.55038,0.66487,0.25513,-0.59377,0.6071,0.32027,-0.6264,0.5734,0.36493,-0.57957,0.55409,0.13646,-0.55323,0.40891,0.1444,-0.50293,0.26927,0.14462,-0.55854,0.2094,0.15021,-0.55987,0.55337,0.18836,-0.58919,0.40929,0.20296,-0.61309,0.26332,0.21525,-0.68006,0.23476,0.25277
34.96,-0.5581,0.57847,0.15796,-0.56715,0.73953,0.13017,-0.61252,0.8075,0.14769,-0.60522,0.70259,0.07554,-0.68666,0.72666,0.04764,-0.74753,0.68436,0.11063,-0.7843,0.71151,0.15652,-0.53908,0.72778,0.19998,-0.55723,0.66223,0.25799,-0.59984,0.60239,0.32176,-0.63197,0.56696,0.36543,-0.58555,0.55326,0.13774,-0.55876,0.40816,0.14556,-0.507,0.26906,0.1455,-0.56231,0.20886,0.15064,-0.56707,0.55229,0.19008,-0.59671,0.4082,0.20398,-0.62175,0.26241,0.21611,-0.69026,0.23493,0.25162
34.98,-0.56455,0.5775,0.16001,-0.57331,0.73884,0.13375,-0.61804,0.80739,0.15065,-0.61006,0.70242,0.07788,-0.69224,0.72914,0.05497,-0.7524,0.67685,0.11073,-0.79578,0.69187,0.15642,-0.5468,0.72639,0.20404,-0.56417,0.65961,0.26088,-0.60591,0.59773,0.32325,-0.63748,0.56059,0.36591,-0.59155,0.55243,0.13903,-0.56431,0.40741,0.14677,-0.51106,0.26887,0.14645,-0.56605,0.20835,0.15115,-0.57432,0.55119,0.19179,-0.60428,0.40711,0.205,-0.6304,0.26148,0.21687,-0.70037,0.23509,0.25029
35,-0.57098,0.57655,0.16207,-0.57952,0.73814,0.13733,-0.62359,0.80725,0.15366,-0.61492,0.70223,0.08026,-0.69761,0.73123,0.0626,-0.75745,0.6706,0.10956,-0.80602,0.67355,0.15232,-0.55458,0.72499,0.20806,-0.57111,0.65704,0.26375,-0.61192,0.59319,0.32473,-0.64286,0.55439,0.36637,-0.59751,0.55161,0.14035,-0.5698,0.40668,0.14802,-0.51505,0.26872,0.14749,-0.56971,0.20787,0.15175,-0.58153,0.55011,0.19349,-0.6118,0.40603,0.20601,-0.63891,0.26056,0.21754,-0.71024,0.23521,0.24882
