T,J1,J2,J3,J4,J5,J6,J7,J8,J9,J10,J11,J12,J13,J14,J15,J16,J17,J18,J19,J20,J21,J22,J23,J24,J25,J26,J27,J28,J29,J30,J31,J32,J33,J34,J35,J36,J37,J38,J39,J40
0,0.00019,6e-05,-0.00041,0.38429,-0.41658,-0.08231,0.78041,0.00021,-0.11138,-0.26233,0.01312,-0.00907,2.16901,-1.39355,1.11986,0.09301,0.87037,-0.15384,0.17696,0.1938,1.82075,-0.83325,0.17706,-1.4692,-0.01718,-0.04999,0.69542,0.01105,-0.13178,-0.40598,-0.1171,-0.07067,-0.04883,0.7295,0.04906,-0.04454,-0.46251,-0.13027,0.08339,0.05652
0.02,8e-05,2e-05,-0.00028,0.38401,-0.41626,-0.08213,0.77992,0.00034,-0.11132,-0.26254,0.01326,-0.00907,2.16128,-1.39346,1.11987,0.09301,0.86973,-0.15178,0.17642,0.19493,1.81951,-0.83206,0.1777,-1.46923,-0.01748,-0.05023,0.6954,0.01042,-0.13462,-0.40631,-0.11697,-0.07037,-0.0486,0.72932,0.05023,-0.03952,-0.46249,-0.12992,0.08299,0.05621
0.04,-3e-05,-1e-05,-0.00016,0.38372,-0.41595,-0.08195,0.77943,0.00047,-0.11127,-0.26274,0.01341,-0.00907,2.15356,-1.39337,1.11989,0.09301,0.86908,-0.14972,0.17589,0.19606,1.81827,-0.83087,0.17833,-1.46926,-0.01778,-0.05046,0.69538,0.00979,-0.13745,-0.40664,-0.11685,-0.07008,-0.04837,0.72914,0.0514,-0.03451,-0.46248,-0.12956,0.08259,0.05589
0.06,-0.00014,-5e-05,-3e-05,0.38344,-0.41564,-0.08177,0.77895,0.00061,-0.11121,-0.26295,0.01356,-0.00907,2.14585,-1.39329,1.1199,0.09301,0.86844,-0.14766,0.17536,0.1972,1.81703,-0.82969,0.17896,-1.46928,-0.01809,-0.0507,0.69536,0.00917,-0.14028,-0.40697,-0.11672,-0.06979,-0.04813,0.72895,0.05257,-0.0295,-0.46246,-0.12921,0.0822,0.05558
0.08,-0.00025,-8e-05,9e-05,0.38315,-0.41532,-0.08159,0.77846,0.00074,-0.11115,-0.26315,0.01371,-0.00907,2.13814,-1.3932,1.11991,0.09301,0.86779,-0.14561,0.17483,0.19833,1.81579,-0.82851,0.17959,-1.4693,-0.01839,-0.05094,0.69534,0.00854,-0.14312,-0.4073,-0.1166,-0.0695,-0.0479,0.72877,0.05374,-0.02449,-0.46245,-0.12886,0.0818,0.05527
0.1,-0.00036,-0.00012,0.00022,0.38287,-0.41501,-0.08141,0.77797,0.00087,-0.11109,-0.26336,0.01385,-0.00907,2.1304,-1.39311,1.11993,0.093,0.86715,-0.14354,0.17429,0.19947,1.81455,-0.8273,0.18023,-1.46936,-0.01869,-0.05117,0.69532,0.00792,-0.14593,-0.40763,-0.11648,-0.06921,-0.04767,0.72859,0.0549,-0.01949,-0.46243,-0.12851,0.0814,0.05495
0.12,-0.00047,-0.00015,0.00034,0.38258,-0.41469,-0.08123,0.77749,0.001,-0.11103,-0.26357,0.01401,-0.00907,2.12272,-1.39303,1.11994,0.093,0.8665,-0.1415,0.17376,0.20058,1.81332,-0.82615,0.18085,-1.46933,-0.019,-0.05141,0.6953,0.00728,-0.1488,-0.40796,-0.11635,-0.06892,-0.04743,0.7284,0.05607,-0.01446,-0.46242,-0.12816,0.08101,0.05464
0.14,-0.00058,-0.00019,0.00046,0.38229,-0.41438,-0.08105,0.777,0.00113,-0.11098,-0.26377,0.01415,-0.00907,2.11498,-1.39294,1.11995,0.093,0.86586,-0.13943,0.17322,0.20173,1.81208,-0.82494,0.18149,-1.46939,-0.0193,-0.05165,0.69528,0.00666,-0.15161,-0.40829,-0.11623,-0.06863,-0.0472,0.72822,0.05724,-0.00946,-0.4624,-0.12781,0.08061,0.05433
0.16,-0.00069,-0.00022,0.0006,0.38202,-0.41408,-0.08087,0.7765,0.00126,-0.11093,-0.26396,0.01429,-0.00907,2.10719,-1.39285,1.11997,0.093,0.8652,-0.13733,0.17269,0.2029,1.81082,-0.82369,0.18215,-1.46954,-0.0196,-0.05188,0.69528,0.00605,-0.15437,-0.40862,-0.11611,-0.06835,-0.04698,0.72805,0.0584,-0.00449,-0.46239,-0.12746,0.08021,0.05402
0.18,-0.0008,-0.00025,0.0007,0.38169,-0.41373,-0.0807,0.77603,0.0014,-0.11085,-0.26421,0.01447,-0.00907,2.09977,-1.39279,1.11998,0.093,0.86458,-0.13542,0.17217,0.20387,1.80965,-0.82275,0.18267,-1.4691,-0.01993,-0.05212,0.6952,0.00537,-0.15748,-0.40895,-0.11597,-0.06802,-0.04672,0.7278,0.0596,0.00066,-0.46237,-0.1271,0.07982,0.0537
0.2,-0.00091,-0.00029,0.00086,0.38149,-0.41348,-0.0805,0.77552,0.00152,-0.11083,-0.26434,0.01456,-0.00907,2.09154,-1.39266,1.11999,0.093,0.86392,-0.1331,0.1716,0.20531,1.80829,-0.82113,0.18351,-1.46995,-0.02019,-0.05234,0.69528,0.00484,-0.15983,-0.40927,-0.11587,-0.06779,-0.04653,0.72772,0.06072,0.00544,-0.46237,-0.12676,0.07941,0.05339
0.22,-0.00104,-0.00032,0.00119,0.38166,-0.41349,-0.08017,0.77487,0.00158,-0.11095,-0.26411,0.01434,-0.00908,2.08118,-1.3923,1.11998,0.09299,0.86302,-0.1299,0.17106,0.20767,1.80655,-0.81786,0.18509,-1.47417,-0.0202,-0.05256,0.69576,0.00473,-0.16027,-0.40958,-0.11587,-0.06777,-0.04653,0.72808,0.06156,0.00905,-0.46243,-0.1265,0.07897,0.05315
0.24,-0.00118,-0.00035,0.00158,0.38197,-0.4136,-0.07979,0.77418,0.00163,-0.11112,-0.26376,0.01402,-0.00908,2.06996,-1.39188,1.11996,0.09301,0.86224,-0.12624,0.17044,0.21059,1.8046,-0.81389,0.18703,-1.47972,-0.02015,-0.05274,0.69641,0.00478,-0.15993,-0.40989,-0.1159,-0.06785,-0.0466,0.72861,0.06233,0.01231,-0.46251,-0.12627,0.0785,0.05293
0.26,-0.00131,-0.00038,0.00194,0.38222,-0.41367,-0.07943,0.7735,0.00169,-0.11127,-0.26346,0.01376,-0.00908,2.05914,-1.39149,1.11996,0.09301,0.8613,-0.12268,0.16974,0.21343,1.8027,-0.8101,0.18888,-1.48483,-0.02017,-0.0529,0.69699,0.00478,-0.15985,-0.4102,-0.11593,-0.06789,-0.04664,0.72907,0.06316,0.01584,-0.46259,-0.12601,0.07803,0.05269
0.28,-0.00144,-0.00041,0.00228,0.38244,-0.41372,-0.07909,0.77286,0.00173,-0.11142,-0.26317,0.01345,-0.00909,2.04843,-1.39104,1.11994,0.09297,0.86021,-0.11965,0.16953,0.21539,1.80102,-0.80684,0.19035,-1.4893,-0.02004,-0.05324,0.69752,0.00468,-0.16012,-0.41051,-0.11593,-0.06789,-0.04666,0.72949,0.06387,0.01892,-0.46266,-0.12578,0.07762,0.05248
0.3,-0.00158,-0.00044,0.00269,0.38277,-0.41383,-0.07871,0.77213,0.00181,-0.11159,-0.26284,0.01321,-0.00909,2.0371,-1.39074,1.11991,0.09311,0.8602,-0.11534,0.16826,0.21948,1.79879,-0.8024,0.19277,-1.49535,-0.02019,-0.05318,0.69819,0.00481,-0.15952,-0.41082,-0.11598,-0.06799,-0.04674,0.73004,0.06481,0.02282,-0.46274,-0.12551,0.07709,0.05221
0.32,-0.00175,-0.00048,0.00327,0.38335,-0.41407,-0.07828,0.77122,0.00198,-0.11183,-0.26245,0.01316,-0.00909,2.0259,-1.39048,1.11997,0.09287,0.85649,-0.10815,0.16442,0.22797,1.79534,-0.79416,0.19725,-1.50594,-0.02118,-0.0521,0.6992,0.00559,-0.1563,-0.41116,-0.11617,-0.06839,-0.04698,0.73086,0.06652,0.02947,-0.46284,-0.12512,0.07624,0.05174
0.34,-0.00192,-0.00051,0.00391,0.38404,-0.41436,-0.07782,0.77023,0.00218,-0.1121,-0.26204,0.01317,-0.0091,2.01371,-1.39044,1.11992,0.093,0.85492,-0.09962,0.15948,0.23884,1.79128,-0.78494,0.20277,-1.51798,-0.02246,-0.0506,0.70034,0.00658,-0.15228,-0.41152,-0.1164,-0.06889,-0.04728,0.73182,0.06846,0.03689,-0.46296,-0.12469,0.0753,0.0512
0.36,-0.00209,-0.00054,0.00453,0.3847,-0.41464,-0.07736,0.76928,0.00236,-0.11235,-0.26164,0.01315,-0.0091,2.00106,-1.39054,1.11996,0.09352,0.85698,-0.09129,0.15481,0.24955,1.78736,-0.77661,0.20815,-1.529,-0.02355,-0.04928,0.70143,0.00742,-0.14889,-0.41187,-0.1166,-0.06931,-0.04754,0.73274,0.07024,0.04371,-0.46307,-0.1243,0.07442,0.0507
0.38,-0.00226,-0.00057,0.00511,0.3853,-0.41488,-0.07694,0.76834,0.00255,-0.11262,-0.26119,0.01313,-0.0091,1.99266,-1.38962,1.12014,0.09159,0.84037,-0.0845,0.15106,0.25644,1.78406,-0.76626,0.21212,-1.54155,-0.02483,-0.04805,0.70249,0.00848,-0.14437,-0.41221,-0.11686,-0.06985,-0.04787,0.73358,0.07225,0.05156,-0.46317,-0.12383,0.07344,0.05015
0.4,-0.00244,-0.00061,0.0058,0.38605,-0.41521,-0.07643,0.76734,0.00273,-0.11286,-0.26087,0.01313,-0.00911,1.97462,-1.3909,1.11958,0.09499,0.86218,-0.0744,0.14518,0.27177,1.77927,-0.76004,0.21927,-1.55129,-0.02584,-0.04649,0.70365,0.00913,-0.14199,-0.41258,-0.11701,-0.07016,-0.04806,0.73461,0.07384,0.05747,-0.46328,-0.12351,0.07265,0.0497
0.42,-0.00261,-0.00065,0.00674,0.3872,-0.41575,-0.07568,0.76622,0.00285,-0.113,-0.26083,0.01317,-0.00911,1.93511,-1.39792,1.12054,0.11179,0.99809,-0.05361,0.13319,0.31022,1.77105,-0.76346,0.23506,-1.55229,-0.02546,-0.04445,0.70505,0.00851,-0.14611,-0.41306,-0.11682,-0.06977,-0.04783,0.73615,0.07414,0.05753,-0.46339,-0.12359,0.07242,0.04961
0.44,-0.00278,-0.00071,0.00778,0.38851,-0.41637,-0.07484,0.76505,0.00294,-0.11313,-0.26092,0.01323,-0.00911,1.88499,-1.40715,1.11998,0.13419,1.17103,-0.02985,0.11917,0.35671,1.7612,-0.77104,0.25406,-1.55047,-0.02487,-0.04205,0.70656,0.00748,-0.15235,-0.41358,-0.11652,-0.06916,-0.04746,0.73789,0.07402,0.05565,-0.4635,-0.12381,0.07237,0.04963
0.46,-0.00295,-0.00076,0.00879,0.38975,-0.41696,-0.07403,0.76389,0.00304,-0.11328,-0.26099,0.01329,-0.0091,1.83657,-1.41563,1.11797,0.15483,1.32137,-0.00868,0.10645,0.39965,1.75182,-0.77851,0.27138,-1.5504,-0.02476,-0.03958,0.70803,0.00669,-0.15735,-0.41407,-0.11627,-0.06867,-0.04716,0.73955,0.07415,0.05485,-0.46361,-0.12397,0.07223,0.04958
0.48,-0.00313,-0.0008,0.00976,0.39096,-0.41755,-0.07325,0.76276,0.00316,-0.11335,-0.2609,0.01331,-0.0091,1.80145,-1.42324,1.12551,0.17213,1.49604,0.01771,0.09219,0.44351,1.74379,-0.78003,0.28933,-1.54864,-0.02311,-0.03801,0.70946,0.00566,-0.16344,-0.41459,-0.11598,-0.06807,-0.0468,0.74118,0.07406,0.05328,-0.46371,-0.12415,0.07216,0.04959
0.5,-0.00329,-0.00086,0.01084,0.39228,-0.41815,-0.07239,0.76156,0.00322,-0.11358,-0.26118,0.01341,-0.0091,1.73594,-1.43292,1.11215,0.19775,1.62895,0.03401,0.08057,0.48577,1.73228,-0.79293,0.30714,-1.54942,-0.02452,-0.03454,0.711,0.00504,-0.16782,-0.41507,-0.11577,-0.06765,-0.04655,0.74291,0.07431,0.0528,-0.46384,-0.1243,0.07198,0.04951
0.52,-0.00341,-0.00094,0.01223,0.39391,-0.41874,-0.07139,0.76018,0.00308,-0.11428,-0.26237,0.01373,-0.00911,1.59089,-1.44994,1.0472,0.24464,1.63631,0.02079,0.07759,0.53556,1.71414,-0.85409,0.32014,-1.56028,-0.03516,-0.02548,0.71277,0.00572,-0.16658,-0.41549,-0.11579,-0.06782,-0.04667,0.74481,0.07563,0.0561,-0.46407,-0.12431,0.07144,0.04914
0.54,-0.00352,-0.00102,0.01374,0.39564,-0.41934,-0.07031,0.75873,0.00287,-0.11515,-0.26393,0.01413,-0.00911,1.41546,-1.46857,0.96043,0.29978,1.60062,-0.00251,0.0772,0.58123,1.69209,-0.92367,0.33352,-1.57338,-0.04874,-0.01459,0.71465,0.00682,-0.1636,-0.41587,-0.11589,-0.06816,-0.0469,0.74681,0.07728,0.06052,-0.46433,-0.12427,0.07079,0.04869
0.56,-0.00364,-0.0011,0.0152,0.39732,-0.41996,-0.06926,0.75734,0.00271,-0.11594,-0.26535,0.0145,-0.00912,1.25255,-1.48506,0.87961,0.35135,1.5854,-0.0206,0.07502,0.61923,1.67014,-0.97712,0.34913,-1.58386,-0.06047,-0.00479,0.7165,0.00768,-0.16167,-0.41626,-0.11594,-0.06839,-0.04707,0.7488,0.07875,0.06422,-0.46458,-0.12426,0.07021,0.04828
0.58,-0.00377,-0.00118,0.01663,0.39904,-0.42048,-0.06822,0.75585,0.0025,-0.11673,-0.26669,0.01484,-0.00912,1.09397,-1.50758,0.81459,0.40232,1.56755,-0.04126,0.07525,0.69636,1.65516,-1.08082,0.35484,-1.60084,-0.07435,0.00614,0.71829,0.00872,-0.15877,-0.4167,-0.11603,-0.06875,-0.0473,0.75066,0.08036,0.06873,-0.46482,-0.12421,0.06958,0.04784
0.6,-0.00386,-0.00127,0.01817,0.4007,-0.42121,-0.06715,0.75454,0.00235,-0.11756,-0.26827,0.01525,-0.00913,0.92021,-1.51787,0.71262,0.45644,1.54458,-0.05898,0.07123,0.69272,1.62482,-1.08413,0.38104,-1.60507,-0.08449,0.01512,0.72021,0.0095,-0.15741,-0.41702,-0.11605,-0.0689,-0.04742,0.75281,0.08175,0.07188,-0.46509,-0.12425,0.06901,0.04746
0.62,-0.00385,-0.00136,0.01997,0.40215,-0.42251,-0.06604,0.75373,0.00238,-0.11846,-0.2705,0.01578,-0.00914,0.70429,-1.49418,0.50425,0.51718,1.51686,-0.0662,0.05372,0.45107,1.55244,-0.78794,0.46539,-1.57171,-0.08316,0.01848,0.72241,0.00942,-0.16087,-0.41703,-0.11584,-0.06841,-0.04713,0.75574,0.08236,0.07071,-0.46541,-0.12458,0.06869,0.04734
0.64,-0.0038,-0.00145,0.02188,0.40356,-0.42401,-0.0649,0.75308,0.00245,-0.11939,-0.27294,0.01635,-0.00914,0.47566,-1.45808,0.26127,0.58075,1.48548,-0.0701,0.03206,0.13114,1.46482,-0.39409,0.56998,-1.52579,-0.07805,0.01977,0.72472,0.00908,-0.16589,-0.41693,-0.11555,-0.0677,-0.04673,0.75895,0.08273,0.06819,-0.46576,-0.12502,0.06843,0.04729
0.66,-0.00376,-0.00155,0.02374,0.405,-0.42542,-0.06376,0.75235,0.00249,-0.12028,-0.27525,0.01691,-0.00915,0.25792,-1.42755,0.04049,0.64309,1.45634,-0.07546,0.01303,-0.14242,1.38458,-0.05829,0.66428,-1.48686,-0.07496,0.02187,0.72697,0.00888,-0.17004,-0.41687,-0.11531,-0.06711,-0.04639,0.76203,0.08325,0.0665,-0.4661,-0.12541,0.06812,0.0472
0.68,-0.00373,-0.00164,0.0256,0.40636,-0.42683,-0.06268,0.75167,0.00257,-0.12127,-0.27774,0.01747,-0.00916,0.01743,-1.3974,-0.2084,0.70564,1.42334,-0.08136,-0.00905,-0.46138,1.30237,0.33456,0.76342,-1.44263,-0.07071,0.02459,0.72925,0.0086,-0.17476,-0.41684,-0.11503,-0.06645,-0.04601,0.76513,0.08363,0.06398,-0.46643,-0.12582,0.06788,0.04716
0.7,-0.00368,-0.00173,0.02749,0.40789,-0.42828,-0.06147,0.75091,0.00259,-0.12206,-0.27986,0.01802,-0.00916,-0.17821,-1.36343,-0.40663,0.76812,1.39799,-0.08522,-0.02581,-0.70473,1.22061,0.63233,0.85702,-1.40638,-0.06793,0.02551,0.73151,0.0084,-0.17874,-0.41672,-0.11479,-0.06589,-0.04568,0.76827,0.08423,0.06282,-0.4668,-0.1262,0.06751,0.04703
0.72,-0.00357,-0.00182,0.02948,0.40993,-0.4298,-0.05997,0.75007,0.00244,-0.12224,-0.28115,0.01868,-0.00917,-0.24723,-1.32236,-0.45673,0.83117,1.39552,-0.08406,-0.0266,-0.7166,1.14471,0.6397,0.93249,-1.39566,-0.07014,0.02179,0.7337,0.00855,-0.17993,-0.41634,-0.11471,-0.06571,-0.04554,0.77141,0.08557,0.06608,-0.46717,-0.12647,0.06672,0.0466
0.74,-0.00343,-0.00191,0.03151,0.41214,-0.43133,-0.05835,0.7491,0.00223,-0.12221,-0.28199,0.01931,-0.00917,-0.27044,-1.27777,-0.45446,0.89368,1.40095,-0.08094,-0.02195,-0.65032,1.06969,0.54874,1.00126,-1.39333,-0.07394,0.01636,0.73585,0.00877,-0.18039,-0.41587,-0.11467,-0.06563,-0.04546,0.77458,0.08714,0.07071,-0.46761,-0.1267,0.06579,0.04607
0.76,-0.00332,-0.002,0.03352,0.41424,-0.43283,-0.05678,0.74808,0.00204,-0.12228,-0.28286,0.01989,-0.00918,-0.31429,-1.23449,-0.47593,0.95547,1.40241,-0.07882,-0.01996,-0.62217,0.99366,0.50549,1.07176,-1.38684,-0.07704,0.01183,0.73799,0.00889,-0.18147,-0.41546,-0.1146,-0.06548,-0.04534,0.77776,0.08856,0.07452,-0.4681,-0.12696,0.06495,0.04561
0.78,-0.00317,-0.00207,0.03553,0.41646,-0.43445,-0.05522,0.74756,0.00186,-0.12235,-0.28452,0.02076,-0.00917,-0.35946,-1.19202,-0.49901,1.02162,1.40526,-0.07617,-0.01731,-0.5858,0.91949,0.45305,1.14868,-1.38131,-0.07999,0.0067,0.74026,0.00924,-0.18144,-0.41498,-0.11459,-0.06544,-0.04529,0.78087,0.09017,0.07912,-0.46823,-0.1272,0.06401,0.04508
0.8,-0.00308,-0.0022,0.03755,0.41849,-0.43581,-0.05361,0.74593,0.00166,-0.12238,-0.28437,0.02099,-0.0092,-0.39071,-1.14717,-0.5057,1.07831,1.40724,-0.07414,-0.0147,-0.54687,0.8421,0.39491,1.21018,-1.37605,-0.08357,0.00244,0.74225,0.00916,-0.18344,-0.41464,-0.11447,-0.0652,-0.04512,0.78413,0.09145,0.08243,-0.46916,-0.12746,0.06323,0.04465
0.82,-0.00313,-0.00248,0.0396,0.41981,-0.43653,-0.05185,0.74157,0.00131,-0.12228,-0.27965,0.01952,-0.00934,-0.39558,-1.09665,-0.48105,1.11084,1.40422,-0.07497,-0.0136,-0.52035,0.75353,0.34669,1.23225,-1.36858,-0.08935,0.00113,0.74352,0.00764,-0.19201,-0.41465,-0.11403,-0.06422,-0.04457,0.78765,0.0916,0.08153,-0.4718,-0.12777,0.06298,0.04454
0.84,-0.00324,-0.00282,0.04165,0.42097,-0.43695,-0.05005,0.73605,0.00095,-0.12218,-0.27307,0.01738,-0.00953,-0.38777,-1.04389,-0.44134,1.13351,1.40021,-0.0764,-0.01271,-0.49348,0.66219,0.29535,1.2387,-1.36132,-0.09559,0.00075,0.74449,0.0057,-0.20252,-0.41483,-0.11349,-0.06305,-0.04392,0.79135,0.09144,0.07933,-0.47532,-0.12809,0.06288,0.04452
0.86,-0.00334,-0.00315,0.04371,0.42231,-0.43742,-0.04829,0.73086,0.00063,-0.12215,-0.26712,0.01547,-0.00969,-0.38512,-0.99217,-0.40762,1.15953,1.39715,-0.07712,-0.01168,-0.46612,0.5735,0.24389,1.25116,-1.35462,-0.10107,-0.00012,0.74556,0.00408,-0.2116,-0.415,-0.11301,-0.06205,-0.04337,0.79506,0.09151,0.07792,-0.47874,-0.1284,0.06266,0.04443
0.88,-0.0034,-0.00343,0.04574,0.42323,-0.43822,-0.04644,0.72646,0.00015,-0.12182,-0.262,0.01384,-0.00985,-0.38345,-0.94021,-0.37569,1.19036,1.39227,-0.07956,-0.01066,-0.43881,0.47881,0.19553,1.26779,-1.34545,-0.10888,-0.00078,0.74679,0.00196,-0.22289,-0.41493,-0.11247,-0.06071,-0.04262,0.79838,0.09117,0.07573,-0.48089,-0.12876,0.06264,0.04445
0.9,-0.00354,-0.00383,0.04782,0.42497,-0.43829,-0.04478,0.72018,1e-05,-0.12209,-0.25478,0.01151,-0.01002,-0.37732,-0.88829,-0.33718,1.20876,1.39083,-0.07864,-0.00972,-0.41234,0.39612,0.1413,1.27235,-1.34134,-0.11198,-0.00164,0.74761,0.00077,-0.23014,-0.41536,-0.11204,-0.06001,-0.04224,0.80257,0.09164,0.07484,-0.4859,-0.12901,0.06224,0.04426
0.92,-0.00394,-0.00461,0.05002,0.42906,-0.43633,-0.04362,0.70862,0.00084,-0.12441,-0.24185,0.00718,-0.0102,-0.36209,-0.83689,-0.28399,1.19588,1.39929,-0.06788,-0.00903,-0.38847,0.34591,0.07157,1.24539,-1.35144,-0.10146,-0.00327,0.74745,0.00242,-0.225,-0.41725,-0.11198,-0.06127,-0.04294,0.8089,0.09431,0.07789,-0.49846,-0.12889,0.06079,0.04343
0.94,-0.00441,-0.00551,0.05226,0.43399,-0.43365,-0.04264,0.69526,0.002,-0.12728,-0.22695,0.00222,-0.01039,-0.34301,-0.78567,-0.225,1.17073,1.41116,-0.05382,-0.00842,-0.36582,0.30812,-0.00341,1.20723,-1.36649,-0.08629,-0.00514,0.74688,0.005,-0.21587,-0.41962,-0.11204,-0.06317,-0.044,0.81613,0.09781,0.08227,-0.51386,-0.12867,0.05895,0.04239
0.96,-0.00483,-0.00634,0.05447,0.43853,-0.43134,-0.04159,0.68296,0.00299,-0.12968,-0.21322,-0.00231,-0.01057,-0.32585,-0.73443,-0.16908,1.15077,1.42136,-0.04152,-0.00771,-0.34288,0.26552,-0.0755,1.17556,-1.37905,-0.07357,-0.00691,0.74646,0.00705,-0.20908,-0.42169,-0.11203,-0.0647,-0.04486,0.82311,0.10102,0.08607,-0.5281,-0.12852,0.05728,0.04144
0.98,-0.00534,-0.00726,0.05674,0.4431,-0.42885,-0.04052,0.66961,0.00408,-0.13304,-0.19827,-0.00747,-0.01076,-0.30751,-0.68276,-0.11079,1.13203,1.43211,-0.02809,-0.00723,-0.31871,0.2193,-0.15005,1.13743,-1.39274,-0.05941,-0.00862,0.74619,0.00954,-0.20017,-0.42409,-0.11206,-0.06654,-0.04589,0.82948,0.1039,0.08981,-0.54194,-0.12825,0.05564,0.04049
1,-0.00567,-0.008,0.0589,0.44779,-0.42657,-0.03953,0.65803,0.00504,-0.13449,-0.18542,-0.01145,-0.01094,-0.2909,-0.63216,-0.05625,1.10804,1.44244,-0.01631,-0.00633,-0.29747,0.18363,-0.22046,1.11029,-1.40515,-0.0472,-0.0105,0.74551,0.01135,-0.19466,-0.42592,-0.11204,-0.06789,-0.04664,0.83727,0.10761,0.09389,-0.55713,-0.12823,0.05387,0.03951
1.02,-0.00551,-0.00821,0.06084,0.45272,-0.42508,-0.0388,0.6517,0.00561,-0.13069,-0.17875,-0.01204,-0.01107,-0.27986,-0.58355,-0.01386,1.07193,1.45175,-0.00921,-0.00404,-0.28379,0.17382,-0.27988,1.11643,-1.41368,-0.04082,-0.01311,0.74384,0.01104,-0.19984,-0.42606,-0.11181,-0.0677,-0.04653,0.84915,0.11388,0.09963,-0.57666,-0.12887,0.05153,0.03833
1.04,-0.00516,-0.00823,0.06267,0.45771,-0.42382,-0.03815,0.64722,0.00605,-0.12493,-0.17429,-0.0114,-0.01119,-0.27079,-0.53622,0.0245,1.03112,1.46036,-0.00402,-0.00137,-0.27309,0.17429,-0.3346,1.13405,-1.42061,-0.03667,-0.01581,0.74175,0.01003,-0.20849,-0.42561,-0.11153,-0.067,-0.04614,0.86233,0.12087,0.10548,-0.59719,-0.12978,0.04913,0.03715
1.06,-0.00488,-0.00832,0.06452,0.46259,-0.42243,-0.03742,0.64193,0.00653,-0.11994,-0.16888,-0.0113,-0.01131,-0.261,-0.48892,0.06487,0.99292,1.46864,0.00156,0.00097,-0.2612,0.17023,-0.39034,1.14636,-1.42768,-0.03198,-0.01825,0.73981,0.00933,-0.21535,-0.42542,-0.11127,-0.06655,-0.04588,0.87465,0.1272,0.11058,-0.6164,-0.1306,0.04696,0.03608
1.08,-0.00466,-0.00846,0.06651,0.46784,-0.42111,-0.03684,0.63646,0.00709,-0.11541,-0.16318,-0.01129,-0.01144,-0.25036,-0.43897,0.1048,0.95229,1.47971,0.00921,0.00393,-0.24864,0.16594,-0.451,1.15866,-1.4373,-0.0252,-0.02163,0.73804,0.00865,-0.22302,-0.42528,-0.111,-0.06605,-0.0456,0.88818,0.13491,0.11864,-0.63939,-0.13129,0.04393,0.03453
1.1,-0.00426,-0.00847,0.06817,0.47234,-0.41972,-0.03598,0.63183,0.00745,-0.1095,-0.15864,-0.01079,-0.01155,-0.24199,-0.3949,0.14448,0.91578,1.48485,0.01214,0.00571,-0.23818,0.16447,-0.50019,1.17388,-1.44128,-0.02327,-0.02309,0.73584,0.00779,-0.22984,-0.4249,-0.11075,-0.06552,-0.04531,0.89945,0.13995,0.12062,-0.65469,-0.13233,0.04266,0.03398
1.12,-0.00341,-0.00814,0.06893,0.47477,-0.41805,-0.03414,0.62894,0.00723,-0.09981,-0.15667,-0.00922,-0.01157,-0.23968,-0.36623,0.18546,0.89164,1.47291,0.00182,0.004,-0.23268,0.16783,-0.51936,1.19438,-1.42909,-0.03496,-0.019,0.73252,0.00639,-0.23387,-0.42395,-0.11056,-0.06494,-0.04504,0.90431,0.13706,0.10517,-0.64864,-0.13427,0.0465,0.03636
1.14,-0.00238,-0.00769,0.06934,0.47644,-0.41632,-0.03205,0.62688,0.00682,-0.08888,-0.15583,-0.00719,-0.01157,-0.23958,-0.34354,0.22608,0.87191,1.45516,-0.01307,0.00113,-0.22918,0.17371,-0.52705,1.21752,-1.41142,-0.05132,-0.01301,0.72882,0.00488,-0.2369,-0.42279,-0.1104,-0.06436,-0.04479,0.90681,0.1315,0.08371,-0.63481,-0.13657,0.05206,0.03972
1.16,-0.00142,-0.00731,0.06989,0.47844,-0.41465,-0.03019,0.62453,0.00656,-0.0788,-0.15453,-0.00537,-0.01158,-0.23832,-0.31842,0.26617,0.85035,1.44065,-0.0254,-0.00115,-0.22484,0.17868,-0.53966,1.23945,-1.39688,-0.06503,-0.00804,0.72533,0.00356,-0.24013,-0.42177,-0.11023,-0.06382,-0.04456,0.91027,0.12738,0.06538,-0.62443,-0.13874,0.05667,0.04253
1.18,-0.00051,-0.00687,0.07054,0.4805,-0.41288,-0.02783,0.62185,0.00605,-0.06743,-0.15306,-0.00355,-0.01159,-0.23776,-0.29207,0.30909,0.82787,1.42363,-0.03978,-0.00375,-0.22041,0.18305,-0.55335,1.26167,-1.37963,-0.08103,-0.00242,0.72166,0.00161,-0.24448,-0.42052,-0.11003,-0.06307,-0.04421,0.91425,0.12233,0.04534,-0.61437,-0.1408,0.06199,0.04578
1.2,0.00055,-0.00652,0.07088,0.48225,-0.4113,-0.02645,0.62005,0.006,-0.05848,-0.15219,-0.0016,-0.01159,-0.23626,-0.26975,0.34602,0.80842,1.41042,-0.05102,-0.00586,-0.21649,0.18913,-0.56217,1.28397,-1.36669,-0.09339,0.00229,0.71829,0.00094,-0.24629,-0.41971,-0.10989,-0.06276,-0.0441,0.91656,0.11856,0.02745,-0.60186,-0.14314,0.06624,0.04835
1.22,0.00198,-0.00649,0.0705,0.48345,-0.41026,-0.02784,0.62043,0.00726,-0.05661,-0.15264,0.00053,-0.0116,-0.2316,-0.25649,0.36707,0.79628,1.40941,-0.05189,-0.00722,-0.21432,0.1991,-0.55982,1.30412,-1.36753,-0.09413,0.00395,0.71585,0.00397,-0.24075,-0.42024,-0.10998,-0.06381,-0.04466,0.91485,0.11903,0.01673,-0.58379,-0.14632,0.06701,0.04879
1.24,0.00355,-0.00657,0.06983,0.48434,-0.40943,-0.03022,0.62167,0.00897,-0.0572,-0.15366,0.00279,-0.0116,-0.22593,-0.24718,0.38201,0.78708,1.41238,-0.04953,-0.00791,-0.21237,0.21068,-0.55308,1.32452,-1.37278,-0.09113,0.00462,0.71373,0.00826,-0.23277,-0.42122,-0.11013,-0.06529,-0.04544,0.91153,0.12085,0.00844,-0.56365,-0.14972,0.06665,0.04852
1.26,0.00504,-0.00659,0.06929,0.48529,-0.40851,-0.03215,0.62254,0.01044,-0.05661,-0.15444,0.00505,-0.01161,-0.22075,-0.23643,0.39939,0.77655,1.41335,-0.04904,-0.00826,-0.20982,0.22164,-0.54871,1.34586,-1.37568,-0.09012,0.00579,0.71146,0.01189,-0.22627,-0.42197,-0.11023,-0.06653,-0.04609,0.90895,0.12202,-0.00083,-0.54492,-0.15291,0.06686,0.0486
1.28,0.00659,-0.00663,0.06875,0.48651,-0.40755,-0.03407,0.62335,0.01205,-0.05627,-0.15515,0.0071,-0.01162,-0.21551,-0.22439,0.41818,0.76611,1.41494,-0.04709,-0.01119,-0.20964,0.23232,-0.54234,1.36285,-1.37995,-0.08805,0.00686,0.70918,0.01589,-0.2182,-0.42279,-0.1104,-0.06799,-0.04688,0.90627,0.12327,-0.0109,-0.52393,-0.15659,0.06688,0.04858
1.3,0.00805,-0.00667,0.06813,0.48714,-0.40674,-0.03625,0.62448,0.01347,-0.05599,-0.15615,0.00958,-0.01162,-0.21014,-0.21592,0.43259,0.75615,1.41624,-0.04727,-0.00879,-0.20432,0.2438,-0.53927,1.38894,-1.38238,-0.08726,0.00781,0.70701,0.01941,-0.21282,-0.42359,-0.11046,-0.06907,-0.04744,0.90344,0.1247,-0.0186,-0.50725,-0.15929,0.067,0.0486
1.32,0.00923,-0.00671,0.06734,0.48614,-0.40632,-0.03901,0.62636,0.01426,-0.05533,-0.15782,0.01332,-0.01163,-0.20443,-0.2159,0.43643,0.7465,1.41585,-0.05485,0.01014,-0.18673,0.25823,-0.54614,1.44,-1.37951,-0.09073,0.0091,0.7051,0.02139,-0.21555,-0.42424,-0.11018,-0.06902,-0.04733,0.90046,0.12624,-0.0208,-0.50303,-0.1592,0.06773,0.04894
1.34,0.0103,-0.00676,0.06648,0.48457,-0.40605,-0.042,0.62853,0.01483,-0.05464,-0.15977,0.01745,-0.01163,-0.19866,-0.21938,0.43606,0.73727,1.41505,-0.06455,0.03409,-0.16359,0.27317,-0.55658,1.50019,-1.37454,-0.09562,0.01021,0.70329,0.02281,-0.22106,-0.42486,-0.10978,-0.06857,-0.04699,0.8974,0.12792,-0.02059,-0.50325,-0.15812,0.06856,0.04932
1.36,0.0114,-0.0068,0.06565,0.4833,-0.4057,-0.04484,0.63052,0.01549,-0.05395,-0.16159,0.02131,-0.01164,-0.19306,-0.22153,0.43761,0.72805,1.41442,-0.07279,0.05443,-0.14168,0.28716,-0.56563,1.55628,-1.36994,-0.09997,0.01111,0.70142,0.02442,-0.22527,-0.42548,-0.10944,-0.06829,-0.04675,0.89444,0.12958,-0.02114,-0.50145,-0.15751,0.06928,0.04965
1.38,0.01258,-0.00687,0.06483,0.48185,-0.40543,-0.04792,0.63274,0.01621,-0.0534,-0.16342,0.02558,-0.01165,-0.18683,-0.22276,0.43899,0.7181,1.41396,-0.08296,0.0803,-0.12521,0.30431,-0.57361,1.61229,-1.36778,-0.10377,0.01318,0.69962,0.02635,-0.22957,-0.42617,-0.10909,-0.06804,-0.04651,0.89117,0.13112,-0.02299,-0.49956,-0.15683,0.07025,0.05012
1.4,0.01357,-0.00687,0.06396,0.48064,-0.40501,-0.05053,0.63453,0.01673,-0.05254,-0.16533,0.02908,-0.01165,-0.18189,-0.22664,0.43975,0.70972,1.41301,-0.0897,0.09598,-0.09612,0.31488,-0.58464,1.67048,-1.36021,-0.10908,0.01283,0.69768,0.02747,-0.23434,-0.42671,-0.10873,-0.06766,-0.04624,0.88853,0.13291,-0.02167,-0.49896,-0.15605,0.07074,0.05031
1.42,0.01406,-0.00666,0.06298,0.4803,-0.4043,-0.05179,0.63516,0.01671,-0.05066,-0.16707,0.03041,-0.01166,-0.1806,-0.23719,0.44035,0.70582,1.41064,-0.08604,0.08105,-0.03321,0.30809,-0.60405,1.73374,-1.33634,-0.11845,0.00535,0.69542,0.0264,-0.24019,-0.42681,-0.10832,-0.06693,-0.04589,0.88783,0.13554,-0.01146,-0.5008,-0.15524,0.06978,0.04968
1.44,0.01436,-0.00639,0.06195,0.4802,-0.40342,-0.05256,0.63534,0.01648,-0.04849,-0.16891,0.03092,-0.01166,-0.18061,-0.2502,0.4404,0.70343,1.40774,-0.07895,0.05595,0.04211,0.29448,-0.62628,1.79863,-1.30741,-0.12926,-0.00447,0.69301,0.02454,-0.24636,-0.42676,-0.10789,-0.06609,-0.04553,0.88773,0.13837,0.00172,-0.50381,-0.15438,0.06834,0.04877
1.46,0.01475,-0.00616,0.06095,0.47996,-0.40252,-0.05355,0.63566,0.01635,-0.04654,-0.17091,0.03176,-0.01166,-0.17999,-0.26193,0.44041,0.70018,1.4052,-0.07371,0.03634,0.11163,0.28333,-0.64671,1.86193,-1.28202,-0.13928,-0.01289,0.6906,0.0231,-0.25207,-0.42681,-0.10749,-0.06534,-0.04519,0.88724,0.14098,0.01304,-0.5063,-0.15354,0.06719,0.04804
1.48,0.01515,-0.00589,0.05993,0.47985,-0.40201,-0.05458,0.63626,0.01618,-0.04424,-0.1721,0.03282,-0.01166,-0.17953,-0.27452,0.44152,0.6977,1.40233,-0.06726,0.01322,0.18225,0.27483,-0.66947,1.92915,-1.25139,-0.14992,-0.02271,0.68846,0.02136,-0.25916,-0.42674,-0.10703,-0.0644,-0.04477,0.88724,0.14415,0.02655,-0.50886,-0.15265,0.06576,0.04712
1.5,0.01546,-0.00568,0.05893,0.47951,-0.40066,-0.0554,0.63617,0.01606,-0.0426,-0.17495,0.03322,-0.01166,-0.17903,-0.28581,0.44026,0.69397,1.3998,-0.06255,-0.00504,0.25315,0.25928,-0.688,1.98844,-1.2304,-0.15957,-0.03019,0.68574,0.02008,-0.26346,-0.42689,-0.10667,-0.06383,-0.04452,0.88637,0.1462,0.03621,-0.51152,-0.15187,0.0648,0.04651
1.52,0.01555,-0.00564,0.05797,0.47855,-0.39693,-0.05572,0.6343,0.01614,-0.04273,-0.18265,0.032,-0.01167,-0.17817,-0.29316,0.43267,0.68637,1.40027,-0.06305,-0.00773,0.32439,0.22514,-0.69401,2.02564,-1.23816,-0.16632,-0.03053,0.68124,0.02029,-0.25969,-0.42778,-0.10661,-0.0643,-0.04481,0.88273,0.14497,0.03413,-0.51407,-0.15144,0.0653,0.04681
1.54,0.01555,-0.00566,0.05703,0.47734,-0.39239,-0.05584,0.63175,0.01629,-0.04355,-0.19195,0.03015,-0.01167,-0.1772,-0.29904,0.42272,0.67746,1.40079,-0.06547,-0.00515,0.39496,0.1843,-0.69569,2.05471,-1.25565,-0.17199,-0.02845,0.67619,0.021,-0.25313,-0.42889,-0.10666,-0.06513,-0.04528,0.87821,0.14263,0.02812,-0.51668,-0.15112,0.06628,0.04741
1.56,0.01558,-0.00565,0.05609,0.47619,-0.38831,-0.05606,0.62953,0.01643,-0.04416,-0.20031,0.02859,-0.01168,-0.17625,-0.3054,0.41377,0.6692,1.3999,-0.0673,-0.00475,0.46417,0.14706,-0.69941,2.08733,-1.26809,-0.178,-0.0276,0.67151,0.02147,-0.248,-0.42987,-0.10665,-0.06578,-0.04565,0.87423,0.14088,0.02414,-0.51928,-0.15075,0.06702,0.04786
1.58,0.01564,-0.00564,0.0551,0.47527,-0.38383,-0.05622,0.62723,0.0165,-0.04436,-0.20956,0.02701,-0.01168,-0.17551,-0.31266,0.40504,0.6608,1.40457,-0.06788,-0.00553,0.54096,0.10726,-0.70283,2.12066,-1.28295,-0.18465,-0.02635,0.66634,0.02198,-0.24221,-0.43098,-0.10666,-0.06652,-0.04609,0.8697,0.13875,0.01927,-0.52183,-0.15037,0.06787,0.04837
1.6,0.01561,-0.00565,0.05422,0.47381,-0.37999,-0.05646,0.62492,0.01672,-0.04556,-0.21734,0.02533,-0.01169,-0.17427,-0.31764,0.39541,0.65233,1.39802,-0.07149,-0.00258,0.6015,0.07126,-0.7059,2.15048,-1.2952,-0.18976,-0.02524,0.66204,0.02253,-0.23713,-0.43189,-0.10666,-0.06715,-0.04643,0.86608,0.13716,0.01525,-0.52449,-0.15004,0.06861,0.04882
1.62,0.01538,-0.00574,0.05363,0.47098,-0.3782,-0.05698,0.62286,0.01738,-0.04945,-0.22083,0.02335,-0.0117,-0.17183,-0.31676,0.38284,0.64438,1.3576,-0.08361,0.01046,0.61834,0.04756,-0.70837,2.1733,-1.29755,-0.1904,-0.02594,0.66031,0.02308,-0.23453,-0.43217,-0.10662,-0.06736,-0.04649,0.8652,0.13735,0.01462,-0.52744,-0.14977,0.06894,0.04901
1.64,0.01507,-0.00586,0.05315,0.46763,-0.37708,-0.05759,0.62078,0.01818,-0.05431,-0.22277,0.02133,-0.0117,-0.16884,-0.31361,0.36963,0.63635,1.30641,-0.09863,0.02693,0.6186,0.02791,-0.71073,2.19272,-1.29703,-0.18962,-0.02672,0.65946,0.02365,-0.23276,-0.43226,-0.10656,-0.06744,-0.04645,0.86526,0.13811,0.01494,-0.5305,-0.14955,0.06916,0.04912
1.66,0.01478,-0.00597,0.05263,0.46451,-0.37561,-0.05815,0.61862,0.0189,-0.05867,-0.22533,0.01944,-0.01171,-0.16598,-0.31145,0.35739,0.62812,1.2621,-0.11194,0.04115,0.62569,0.00629,-0.71359,2.21322,-1.29806,-0.18978,-0.02692,0.65819,0.02419,-0.23072,-0.43246,-0.10651,-0.06756,-0.04645,0.86487,0.1386,0.01474,-0.53352,-0.14931,0.06943,0.04927
1.68,0.01452,-0.00606,0.05207,0.46139,-0.37427,-0.05873,0.61681,0.01971,-0.06329,-0.2283,0.01706,-0.01172,-0.16363,-0.30943,0.34223,0.62085,1.20956,-0.12693,0.05841,0.63567,-0.01507,-0.71445,2.23541,-1.29839,-0.18864,-0.02931,0.65697,0.02485,-0.22814,-0.43259,-0.10648,-0.06776,-0.0465,0.86454,0.13911,0.01479,-0.53648,-0.14905,0.06969,0.0494
1.7,0.01419,-0.0062,0.05161,0.45816,-0.37284,-0.05928,0.61429,0.02037,-0.06761,-0.23005,0.01568,-0.01173,-0.16011,-0.30657,0.33301,0.61158,1.17142,-0.13912,0.07014,0.63581,-0.03584,-0.71947,2.25336,-1.29935,-0.1899,-0.02722,0.65586,0.02526,-0.2269,-0.4328,-0.10639,-0.06777,-0.04642,0.86432,0.13972,0.01459,-0.53958,-0.14884,0.06995,0.04956
1.72,0.0137,-0.00649,0.05139,0.45469,-0.3711,-0.05977,0.60985,0.02059,-0.07079,-0.22848,0.0173,-0.01173,-0.15335,-0.30218,0.34054,0.59661,1.17716,-0.14251,0.06521,0.61185,-0.05681,-0.73619,2.2607,-1.30283,-0.19812,-0.01231,0.65483,0.02495,-0.22943,-0.4333,-0.10613,-0.06731,-0.04604,0.86427,0.14046,0.01347,-0.5431,-0.14873,0.07023,0.04978
1.74,0.01313,-0.00684,0.05126,0.45114,-0.36926,-0.06024,0.60471,0.02067,-0.07364,-0.22579,0.0199,-0.01174,-0.14546,-0.29698,0.35404,0.57967,1.19751,-0.14303,0.05466,0.57872,-0.07715,-0.75708,2.26389,-1.30699,-0.2088,0.00701,0.65387,0.0244,-0.23327,-0.43388,-0.10581,-0.06667,-0.04554,0.86431,0.14128,0.01208,-0.54673,-0.14865,0.07051,0.05003
1.76,0.01259,-0.00715,0.0511,0.44768,-0.36743,-0.06071,0.59989,0.02082,-0.07669,-0.22385,0.02192,-0.01175,-0.13814,-0.29201,0.36472,0.5637,1.21016,-0.1451,0.04701,0.55043,-0.09723,-0.77598,2.26887,-1.31075,-0.21839,0.02405,0.65285,0.02401,-0.23635,-0.43441,-0.10553,-0.06613,-0.04511,0.86426,0.14205,0.01082,-0.55026,-0.14856,0.07079,0.05026
1.78,0.01207,-0.00748,0.05091,0.444,-0.36576,-0.0612,0.59504,0.02095,-0.07959,-0.22086,0.02448,-0.01174,-0.13052,-0.28753,0.3759,0.5473,1.22678,-0.14628,0.03799,0.51876,-0.11948,-0.79533,2.27414,-1.31479,-0.22788,0.04229,0.65196,0.02344,-0.24011,-0.43497,-0.10522,-0.06552,-0.04462,0.86443,0.14288,0.00956,-0.554,-0.14847,0.07105,0.05051
1.8,0.01149,-0.0078,0.0508,0.44076,-0.36374,-0.06164,0.5901,0.02108,-0.08268,-0.21978,0.02616,-0.01176,-0.12333,-0.28188,0.38738,0.53145,1.23889,-0.14855,0.03045,0.49214,-0.13709,-0.81465,2.27787,-1.31847,-0.23812,0.05903,0.65083,0.02316,-0.24279,-0.43551,-0.10494,-0.065,-0.04423,0.86418,0.14361,0.00825,-0.55731,-0.14839,0.07136,0.05074
1.82,0.01073,-0.00809,0.05092,0.43878,-0.36056,-0.06194,0.58487,0.02121,-0.08652,-0.22443,0.02506,-0.01184,-0.11712,-0.27304,0.39884,0.51665,1.23397,-0.15489,0.02846,0.48197,-0.14225,-0.83375,2.27828,-1.3207,-0.25018,0.07115,0.6488,0.02384,-0.24175,-0.43601,-0.10476,-0.06483,-0.04419,0.86258,0.144,0.00666,-0.55954,-0.14836,0.07184,0.05095
1.84,0.0099,-0.00838,0.05114,0.43724,-0.35707,-0.06219,0.57961,0.02135,-0.09052,-0.23099,0.02307,-0.01194,-0.11148,-0.2631,0.4103,0.50263,1.22426,-0.16235,0.02812,0.47724,-0.14276,-0.85252,2.27731,-1.32261,-0.26283,0.08151,0.64655,0.0248,-0.23963,-0.43649,-0.10462,-0.06474,-0.04427,0.86059,0.1443,0.00507,-0.56132,-0.14836,0.07236,0.05114
1.86,0.0091,-0.00866,0.05131,0.43548,-0.35385,-0.06246,0.57449,0.02151,-0.0943,-0.23656,0.02156,-0.01202,-0.10592,-0.25378,0.42133,0.48889,1.21746,-0.16904,0.02692,0.46991,-0.14528,-0.87086,2.27706,-1.32491,-0.27499,0.09228,0.64454,0.02556,-0.23827,-0.43696,-0.10445,-0.06459,-0.04427,0.8589,0.14468,0.00364,-0.56323,-0.14835,0.07284,0.05134
1.88,0.00832,-0.00896,0.05147,0.4338,-0.35007,-0.06274,0.56881,0.02157,-0.09867,-0.24263,0.01974,-0.01212,-0.09888,-0.2439,0.4343,0.47246,1.20806,-0.17674,0.02595,0.46277,-0.14818,-0.89176,2.27632,-1.32625,-0.28822,0.10485,0.64195,0.0266,-0.23586,-0.43749,-0.10429,-0.06456,-0.04436,0.85671,0.14489,0.00153,-0.56544,-0.14831,0.07341,0.05157
1.9,0.00749,-0.00922,0.05169,0.43206,-0.3474,-0.06299,0.56429,0.02183,-0.10188,-0.24811,0.01834,-0.0122,-0.09506,-0.23497,0.44324,0.46179,1.20274,-0.18263,0.025,0.45666,-0.14922,-0.90723,2.27628,-1.32946,-0.2993,0.11323,0.64051,0.02715,-0.2353,-0.43791,-0.10414,-0.0643,-0.04431,0.85545,0.14542,0.00081,-0.56691,-0.14834,0.0738,0.05172
1.92,0.00654,-0.00938,0.0521,0.42995,-0.34795,-0.06318,0.56304,0.02269,-0.10181,-0.2516,0.01831,-0.01222,-0.10029,-0.22878,0.44029,0.4672,1.20994,-0.18325,0.02357,0.45189,-0.1461,-0.90751,2.27872,-1.33833,-0.30444,0.11006,0.64236,0.02615,-0.24068,-0.43803,-0.10399,-0.06333,-0.04378,0.85689,0.14693,0.00414,-0.56644,-0.1485,0.07366,0.0516
1.94,0.00554,-0.0095,0.05257,0.42778,-0.34962,-0.06334,0.56295,0.02373,-0.10059,-0.25441,0.01873,-0.01222,-0.10868,-0.22363,0.43336,0.47832,1.22132,-0.18204,0.02214,0.44803,-0.1413,-0.90236,2.28188,-1.349,-0.30735,0.1028,0.64538,0.02467,-0.24785,-0.43804,-0.10386,-0.06214,-0.04312,0.85927,0.14875,0.00882,-0.56524,-0.14872,0.07333,0.0514
1.96,0.00457,-0.00964,0.05301,0.42569,-0.35074,-0.0635,0.5623,0.02466,-0.09993,-0.25747,0.01892,-0.01222,-0.11542,-0.21812,0.42871,0.48659,1.23067,-0.18169,0.02083,0.4439,-0.13738,-0.89982,2.28457,-1.35857,-0.31114,0.09767,0.64784,0.02348,-0.25381,-0.4381,-0.10373,-0.06111,-0.04256,0.86118,0.15036,0.01272,-0.56436,-0.14892,0.0731,0.05124
1.98,0.00358,-0.00978,0.05347,0.42337,-0.35203,-0.0637,0.5618,0.02574,-0.09909,-0.26086,0.01917,-0.01223,-0.12308,-0.21207,0.42214,0.49598,1.24043,-0.18127,0.0191,0.43934,-0.13282,-0.89666,2.28777,-1.36934,-0.31551,0.09132,0.65042,0.02198,-0.26137,-0.43816,-0.10356,-0.05985,-0.04186,0.86326,0.15225,0.01729,-0.5635,-0.14911,0.07283,0.05106
2,0.00261,-0.00991,0.0539,0.42152,-0.35324,-0.06381,0.56127,0.02654,-0.09837,-0.26338,0.01941,-0.01224,-0.12957,-0.20743,0.41856,0.50438,1.25038,-0.18053,0.0182,0.43583,-0.12924,-0.89351,2.29013,-1.37805,-0.31815,0.08656,0.65303,0.02102,-0.26607,-0.43819,-0.10348,-0.059,-0.0414,0.86521,0.15365,0.02082,-0.56245,-0.14932,0.0726,0.05091
2.02,0.00173,-0.01002,0.05423,0.42098,-0.35395,-0.06369,0.56033,0.02648,-0.09825,-0.26362,0.01955,-0.01224,-0.13201,-0.20633,0.42466,0.50861,1.26002,-0.17934,0.01966,0.435,-0.12885,-0.89167,2.29,-1.38059,-0.31642,0.08738,0.65547,0.02168,-0.26212,-0.43813,-0.10364,-0.05937,-0.04163,0.86654,0.1535,0.0208,-0.56107,-0.14958,0.07254,0.05093
2.04,0.00086,-0.01012,0.05453,0.42092,-0.35455,-0.06349,0.55933,0.02614,-0.09828,-0.26301,0.01968,-0.01224,-0.13316,-0.20664,0.43383,0.51165,1.26969,-0.17788,0.02193,0.43516,-0.12951,-0.89003,2.28901,-1.38101,-0.31305,0.08993,0.6579,0.02289,-0.25528,-0.43803,-0.10389,-0.06015,-0.04209,0.8677,0.15286,0.01975,-0.55953,-0.14985,0.07252,0.05099
2.06,-1e-05,-0.01023,0.05484,0.42066,-0.35521,-0.06334,0.55837,0.02594,-0.09826,-0.26279,0.01981,-0.01224,-0.1349,-0.20635,0.44132,0.51525,1.27926,-0.17655,0.02377,0.43484,-0.12966,-0.88831,2.28844,-1.38244,-0.31051,0.09159,0.66032,0.02381,-0.24995,-0.43796,-0.1041,-0.06072,-0.04244,0.86895,0.15252,0.01941,-0.55809,-0.1501,0.07247,0.05102
2.08,-0.00089,-0.01033,0.05515,0.42035,-0.35588,-0.06314,0.55737,0.02569,-0.09815,-0.26252,0.01997,-0.01224,-0.13671,-0.2059,0.44989,0.519,1.28938,-0.17511,0.02586,0.43471,-0.12987,-0.88638,2.2878,-1.38375,-0.30752,0.09354,0.66281,0.02487,-0.24386,-0.43785,-0.10432,-0.06137,-0.04283,0.87016,0.15188,0.0181,-0.55654,-0.15041,0.07249,0.05111
2.1,-0.00176,-0.01044,0.05546,0.42024,-0.35649,-0.06302,0.55644,0.02547,-0.09827,-0.26217,0.02005,-0.01225,-0.13805,-0.20612,0.45697,0.52205,1.29829,-0.17387,0.02764,0.4344,-0.13022,-0.88498,2.28708,-1.38478,-0.30512,0.09534,0.66516,0.02579,-0.23863,-0.43782,-0.10454,-0.06197,-0.04318,0.87141,0.15174,0.01851,-0.55518,-0.15061,0.07237,0.05108
2.12,-0.00266,-0.01058,0.05579,0.4206,-0.35697,-0.0632,0.5557,0.0254,-0.09903,-0.2618,0.0199,-0.01225,-0.13843,-0.20784,0.45931,0.52353,1.30395,-0.17324,0.02833,0.43332,-0.1307,-0.88511,2.28624,-1.38554,-0.30484,0.09641,0.66711,0.02616,-0.23655,-0.43803,-0.10469,-0.06232,-0.04337,0.87281,0.15324,0.02416,-0.55437,-0.15054,0.07185,0.05067
2.14,-0.00355,-0.01073,0.05613,0.42114,-0.35739,-0.06347,0.55503,0.02536,-0.10001,-0.26139,0.01968,-0.01225,-0.13837,-0.21018,0.46004,0.52431,1.30835,-0.17282,0.02869,0.43204,-0.13127,-0.88577,2.28534,-1.38606,-0.30521,0.09729,0.66892,0.02639,-0.23542,-0.43833,-0.10482,-0.06261,-0.04351,0.87425,0.15525,0.03151,-0.55375,-0.15037,0.07119,0.05015
2.16,-0.00444,-0.01087,0.05647,0.42159,-0.35783,-0.06369,0.55432,0.0253,-0.10085,-0.26102,0.0195,-0.01225,-0.1385,-0.21225,0.46144,0.52534,1.31325,-0.17231,0.02923,0.43087,-0.13178,-0.88615,2.2845,-1.38666,-0.30524,0.09823,0.67078,0.02669,-0.2338,-0.43859,-0.10497,-0.06293,-0.04367,0.87566,0.15697,0.03789,-0.55305,-0.15025,0.07061,0.04969
2.18,-0.00536,-0.01102,0.05681,0.4221,-0.35829,-0.06394,0.55363,0.02523,-0.10185,-0.26055,0.01929,-0.01225,-0.13865,-0.21435,0.46321,0.52662,1.31849,-0.17175,0.02967,0.42965,-0.13241,-0.88671,2.28348,-1.38732,-0.30541,0.09933,0.67267,0.02697,-0.23233,-0.43884,-0.10511,-0.06325,-0.04383,0.87711,0.15891,0.04507,-0.55233,-0.1501,0.07,0.04918
2.2,-0.00621,-0.01117,0.05714,0.42251,-0.35871,-0.06414,0.55292,0.02521,-0.10257,-0.26028,0.01912,-0.01225,-0.13866,-0.2165,0.46379,0.52723,1.3227,-0.17134,0.03022,0.42848,-0.1328,-0.88701,2.28283,-1.38783,-0.30546,0.10003,0.67449,0.02726,-0.23082,-0.43913,-0.10525,-0.06355,-0.04398,0.87849,0.16052,0.051,-0.55171,-0.14998,0.06941,0.04875
2.22,-0.0069,-0.01131,0.05746,0.42254,-0.35902,-0.0642,0.55216,0.02529,-0.10247,-0.26069,0.01908,-0.01225,-0.13838,-0.21863,0.46144,0.52618,1.32445,-0.17128,0.03114,0.42745,-0.13243,-0.88645,2.28324,-1.38799,-0.30507,0.09963,0.67613,0.02767,-0.2288,-0.43946,-0.10538,-0.06383,-0.04414,0.87964,0.16106,0.05305,-0.55126,-0.14997,0.0689,0.04857
2.24,-0.00754,-0.01146,0.05778,0.42245,-0.35931,-0.06422,0.55136,0.02543,-0.10208,-0.2613,0.01907,-0.01225,-0.13798,-0.22076,0.45792,0.52449,1.32519,-0.17136,0.03217,0.42647,-0.13181,-0.88558,2.28402,-1.38802,-0.30454,0.09881,0.67771,0.02809,-0.22673,-0.43982,-0.1055,-0.06409,-0.04429,0.88074,0.16125,0.05379,-0.55091,-0.14999,0.06843,0.04847
2.26,-0.0082,-0.0116,0.0581,0.42243,-0.35962,-0.06426,0.55057,0.02554,-0.10183,-0.26177,0.01904,-0.01226,-0.13763,-0.22288,0.45492,0.52308,1.32633,-0.17137,0.03313,0.42549,-0.13133,-0.88485,2.28459,-1.38811,-0.30405,0.09819,0.67934,0.02847,-0.22479,-0.44018,-0.10563,-0.06435,-0.04444,0.88188,0.16161,0.05518,-0.55054,-0.15,0.06794,0.04833
2.28,-0.00885,-0.01174,0.05842,0.42235,-0.35988,-0.0643,0.54983,0.02565,-0.10154,-0.26244,0.01903,-0.01226,-0.13729,-0.22508,0.45194,0.52166,1.32767,-0.17141,0.03417,0.42441,-0.13079,-0.8842,2.28532,-1.38817,-0.30367,0.09755,0.6809,0.02897,-0.22248,-0.44047,-0.10576,-0.06464,-0.04461,0.88291,0.16196,0.05647,-0.55009,-0.14999,0.06743,0.0482
2.3,-0.00951,-0.01189,0.05874,0.42236,-0.36024,-0.06432,0.54895,0.02578,-0.10126,-0.26275,0.01898,-0.01226,-0.1369,-0.22711,0.44864,0.52015,1.32838,-0.1714,0.03506,0.42356,-0.13028,-0.88326,2.28582,-1.38829,-0.30302,0.09685,0.68259,0.02925,-0.22088,-0.44092,-0.10587,-0.06485,-0.04473,0.88417,0.16223,0.05756,-0.54983,-0.15003,0.06699,0.04807
2.32,-0.01012,-0.01208,0.05905,0.42266,-0.36087,-0.06429,0.54789,0.02589,-0.10108,-0.26203,0.01884,-0.01226,-0.13642,-0.22874,0.44501,0.51824,1.32757,-0.17126,0.03555,0.42309,-0.13006,-0.88197,2.28558,-1.38848,-0.30176,0.09622,0.68455,0.02886,-0.22148,-0.44176,-0.10589,-0.0648,-0.04469,0.88595,0.16249,0.05901,-0.55003,-0.15014,0.06667,0.04792
2.34,-0.01074,-0.01229,0.05936,0.42304,-0.36161,-0.06425,0.54663,0.02603,-0.1009,-0.26096,0.01866,-0.01227,-0.13589,-0.2302,0.44107,0.51634,1.32619,-0.17107,0.03589,0.42288,-0.12985,-0.88033,2.28512,-1.38877,-0.30024,0.09553,0.68666,0.02827,-0.22276,-0.44277,-0.10588,-0.06466,-0.04459,0.88797,0.16265,0.0602,-0.55042,-0.15031,0.06643,0.04777
2.36,-0.01138,-0.01249,0.05967,0.42337,-0.36233,-0.06423,0.54532,0.02619,-0.10071,-0.26005,0.0185,-0.01227,-0.13539,-0.2317,0.4371,0.51461,1.3251,-0.17089,0.03629,0.42272,-0.12957,-0.87861,2.2848,-1.38913,-0.29878,0.09476,0.68878,0.02782,-0.22357,-0.44371,-0.1059,-0.06457,-0.04454,0.88996,0.16277,0.0611,-0.55075,-0.15049,0.06619,0.04765
2.38,-0.01191,-0.01267,0.05994,0.42377,-0.36295,-0.06414,0.54468,0.02621,-0.10056,-0.25911,0.01836,-0.01227,-0.13487,-0.23334,0.43379,0.51205,1.32382,-0.17077,0.03671,0.4219,-0.12959,-0.87791,2.28434,-1.389,-0.29752,0.0944,0.69059,0.02717,-0.22504,-0.44461,-0.10587,-0.06441,-0.04443,0.89162,0.16326,0.0636,-0.55097,-0.15052,0.06578,0.04742
2.4,-0.01267,-0.01291,0.06031,0.42403,-0.36377,-0.0642,0.54253,0.02653,-0.10033,-0.25819,0.01815,-0.01228,-0.13438,-0.23467,0.42909,0.51131,1.32281,-0.17051,0.03704,0.42245,-0.12897,-0.87497,2.28406,-1.38991,-0.29582,0.0932,0.69307,0.0269,-0.22534,-0.44564,-0.10592,-0.06439,-0.04442,0.89402,0.16297,0.06281,-0.55147,-0.15088,0.06574,0.04741
2.42,-0.01407,-0.01328,0.06092,0.42386,-0.36534,-0.06462,0.53668,0.02769,-0.09983,-0.25688,0.01776,-0.01234,-0.13378,-0.23503,0.4201,0.51504,1.3226,-0.16979,0.03742,0.42744,-0.1267,-0.86612,2.28485,-1.39372,-0.29259,0.0895,0.69755,0.02777,-0.22186,-0.44696,-0.10623,-0.0648,-0.04466,0.89862,0.1603,0.05227,-0.55266,-0.15223,0.06681,0.04805
2.44,-0.0157,-0.01372,0.06162,0.42354,-0.36707,-0.0652,0.52925,0.02916,-0.09927,-0.25567,0.01729,-0.01242,-0.13321,-0.23511,0.40983,0.52071,1.32268,-0.16895,0.03767,0.43368,-0.12379,-0.85498,2.28573,-1.39856,-0.28898,0.08499,0.70265,0.02902,-0.21724,-0.44841,-0.10662,-0.06534,-0.045,0.90392,0.1569,0.03854,-0.55411,-0.15391,0.06823,0.04889
2.46,-0.01724,-0.01414,0.06229,0.42329,-0.36858,-0.06573,0.52224,0.03047,-0.09876,-0.25476,0.01687,-0.01249,-0.13274,-0.23545,0.40051,0.52591,1.32268,-0.16822,0.03781,0.43893,-0.12109,-0.84476,2.28622,-1.4029,-0.28577,0.081,0.70733,0.03009,-0.21336,-0.44981,-0.10696,-0.0658,-0.04528,0.90875,0.154,0.02678,-0.55545,-0.15539,0.06944,0.04961
2.48,-0.01872,-0.01453,0.06293,0.42305,-0.3707,-0.06617,0.51643,0.03184,-0.09814,-0.25242,0.01642,-0.01256,-0.13183,-0.23529,0.38963,0.52946,1.32245,-0.16727,0.03863,0.44601,-0.11869,-0.83503,2.28817,-1.40739,-0.28162,0.07641,0.71261,0.03123,-0.20853,-0.45117,-0.10734,-0.06634,-0.04561,0.91421,0.15039,0.0129,-0.5568,-0.1571,0.07088,0.05047
2.5,-0.02037,-0.01498,0.06365,0.42275,-0.37161,-0.06682,0.50781,0.03317,-0.09775,-0.25305,0.016,-0.01263,-0.13181,-0.23605,0.38167,0.53679,1.32279,-0.16674,0.03801,0.44954,-0.11557,-0.82373,2.28712,-1.41178,-0.27934,0.07284,0.7168,0.03229,-0.20544,-0.45264,-0.10765,-0.06676,-0.04586,0.91855,0.14807,0.00259,-0.55817,-0.15841,0.07193,0.05109
2.52,-0.02242,-0.01563,0.06459,0.4224,-0.36876,-0.06804,0.49129,0.03436,-0.09801,-0.26217,0.01561,-0.01268,-0.1345,-0.23971,0.38228,0.55506,1.32458,-0.16735,0.03334,0.44319,-0.10997,-0.80893,2.27761,-1.41582,-0.28228,0.07273,0.71758,0.03312,-0.2071,-0.45452,-0.10772,-0.06689,-0.0459,0.91934,0.14975,0.00384,-0.55958,-0.15848,0.07173,0.05093
2.54,-0.02461,-0.01634,0.0656,0.42201,-0.36474,-0.06945,0.47209,0.03551,-0.09852,-0.27421,0.01526,-0.01273,-0.13804,-0.24423,0.38583,0.57687,1.32694,-0.16839,0.02722,0.43321,-0.10378,-0.79262,2.26511,-1.41968,-0.28712,0.0736,0.71727,0.03384,-0.21058,-0.45649,-0.10772,-0.06689,-0.04584,0.91903,0.15272,0.00867,-0.56099,-0.15816,0.07114,0.05052
2.56,-0.02672,-0.01701,0.06657,0.42162,-0.36147,-0.07078,0.45446,0.03667,-0.09894,-0.28471,0.01492,-0.01278,-0.14099,-0.24814,0.38791,0.59639,1.32907,-0.16926,0.02181,0.42472,-0.09829,-0.77683,2.25407,-1.42349,-0.29113,0.0737,0.71763,0.03456,-0.21345,-0.45835,-0.10774,-0.06692,-0.04581,0.91942,0.15491,0.01123,-0.56236,-0.15807,0.07079,0.05027
2.58,-0.02894,-0.01773,0.06759,0.42129,-0.35728,-0.07211,0.43525,0.03788,-0.09929,-0.29614,0.01444,-0.01283,-0.14477,-0.25297,0.39052,0.61885,1.3311,-0.16999,0.01617,0.41688,-0.09098,-0.76158,2.2426,-1.42792,-0.29502,0.07509,0.71731,0.0355,-0.21546,-0.46051,-0.10779,-0.0671,-0.04585,0.91901,0.15785,0.01628,-0.5639,-0.15775,0.0702,0.04986
2.6,-0.03094,-0.01836,0.06851,0.42082,-0.35472,-0.07347,0.41874,0.03897,-0.09982,-0.30631,0.01427,-0.01288,-0.14706,-0.2561,0.39273,0.63603,1.33346,-0.17113,0.01068,0.40688,-0.08727,-0.74497,2.23134,-1.43099,-0.29961,0.0741,0.7181,0.03595,-0.21961,-0.46206,-0.10776,-0.06693,-0.04572,0.91996,0.15957,0.01718,-0.56508,-0.15781,0.07,0.04971
2.62,-0.03238,-0.01875,0.06919,0.42,-0.35711,-0.07492,0.41019,0.0398,-0.10094,-0.31237,0.01506,-0.01292,-0.14476,-0.25425,0.39308,0.63765,1.33671,-0.17326,0.00593,0.39133,-0.09409,-0.72426,2.22101,-1.43029,-0.30562,0.06564,0.72246,0.03495,-0.22997,-0.46192,-0.1075,-0.06574,-0.04507,0.92526,0.15735,0.00467,-0.56538,-0.15914,0.07106,0.05045
2.64,-0.03358,-0.01903,0.06976,0.41905,-0.36116,-0.07637,0.40447,0.0405,-0.1022,-0.31705,0.01615,-0.01296,-0.14099,-0.25068,0.39292,0.63386,1.34023,-0.17579,0.0014,0.37385,-0.10447,-0.70239,2.21105,-1.42823,-0.31228,0.05485,0.72793,0.03347,-0.2423,-0.46116,-0.10716,-0.06422,-0.04426,0.9319,0.1539,-0.01191,-0.56529,-0.16086,0.07251,0.05146
2.66,-0.03485,-0.01934,0.07036,0.41815,-0.36435,-0.07776,0.39754,0.04122,-0.10328,-0.32231,0.01707,-0.01301,-0.13807,-0.24796,0.39299,0.63264,1.34355,-0.17817,-0.00321,0.35759,-0.11292,-0.68154,2.20115,-1.42683,-0.3187,0.04554,0.73276,0.03228,-0.25322,-0.46068,-0.10686,-0.0629,-0.04355,0.9377,0.15119,-0.02586,-0.56528,-0.16233,0.07371,0.0523
2.68,-0.03627,-0.01972,0.07103,0.4173,-0.36792,-0.0794,0.3902,0.04212,-0.10483,-0.32789,0.01815,-0.01305,-0.13441,-0.24497,0.39318,0.63108,1.34725,-0.18047,-0.00796,0.33972,-0.12265,-0.65853,2.19018,-1.42527,-0.325,0.03452,0.73813,0.03079,-0.26633,-0.46022,-0.10651,-0.06134,-0.04271,0.94442,0.14776,-0.04295,-0.56563,-0.16408,0.0752,0.05332
2.7,-0.03731,-0.01994,0.07152,0.41632,-0.37111,-0.08052,0.38444,0.04261,-0.10547,-0.33242,0.01895,-0.01309,-0.13194,-0.24214,0.39297,0.6289,1.35021,-0.18299,-0.01234,0.32481,-0.13057,-0.63977,2.18156,-1.42372,-0.33163,0.02647,0.74264,0.02981,-0.27537,-0.45958,-0.10627,-0.06021,-0.04211,0.94956,0.14551,-0.05456,-0.56518,-0.16534,0.0762,0.05403
2.72,-0.03736,-0.01977,0.07151,0.41488,-0.37285,-0.08016,0.38234,0.04197,-0.10342,-0.33444,0.01886,-0.0131,-0.13319,-0.24012,0.39168,0.62633,1.35103,-0.18622,-0.0159,0.3184,-0.13258,-0.63296,2.17946,-1.42253,-0.33948,0.02739,0.74453,0.03039,-0.2724,-0.4585,-0.10641,-0.06038,-0.0422,0.94997,0.14695,-0.04964,-0.56246,-0.16511,0.07575,0.05379
2.74,-0.03702,-0.01945,0.07131,0.41335,-0.37413,-0.07928,0.38176,0.04094,-0.10048,-0.33541,0.01848,-0.0131,-0.13568,-0.23833,0.38999,0.6233,1.3511,-0.1896,-0.01906,0.31508,-0.13265,-0.63047,2.17969,-1.4214,-0.34755,0.03134,0.74549,0.03149,-0.26532,-0.45726,-0.10667,-0.06099,-0.04253,0.94875,0.1496,-0.03916,-0.55898,-0.16437,0.07482,0.05322
2.76,-0.03684,-0.0192,0.07119,0.41196,-0.3756,-0.07866,0.38053,0.04011,-0.09807,-0.3368,0.01824,-0.0131,-0.13756,-0.23649,0.38855,0.62048,1.35152,-0.19276,-0.0223,0.31044,-0.13362,-0.62609,2.17881,-1.42027,-0.35521,0.03377,0.74684,0.03233,-0.26031,-0.45615,-0.10687,-0.06138,-0.04275,0.94832,0.15161,-0.03151,-0.55598,-0.16388,0.07413,0.05281
2.78,-0.03671,-0.01891,0.07107,0.41015,-0.37722,-0.07791,0.37922,0.03915,-0.09516,-0.33842,0.01796,-0.0131,-0.13961,-0.23437,0.38686,0.6175,1.35192,-0.19657,-0.02598,0.30535,-0.13462,-0.62143,2.17823,-1.41899,-0.3642,0.03672,0.7484,0.03328,-0.25449,-0.45481,-0.10711,-0.06183,-0.04299,0.94775,0.15393,-0.02272,-0.55242,-0.16334,0.07336,0.05235
2.8,-0.0364,-0.01867,0.07091,0.40918,-0.37839,-0.07732,0.37842,0.03839,-0.09308,-0.33931,0.01769,-0.0131,-0.1416,-0.23291,0.38556,0.6148,1.35217,-0.19907,-0.02865,0.302,-0.13507,-0.61832,2.17748,-1.41804,-0.37045,0.03934,0.74928,0.03411,-0.24936,-0.45391,-0.10729,-0.06227,-0.04324,0.94705,0.15591,-0.01495,-0.54984,-0.16277,0.07265,0.05192
2.82,-0.03571,-0.01857,0.07067,0.4106,-0.37846,-0.07729,0.37857,0.03831,-0.09357,-0.33848,0.01753,-0.0131,-0.1432,-0.23329,0.38569,0.61321,1.35216,-0.19795,-0.02863,0.30236,-0.13432,-0.61913,2.17655,-1.41803,-0.36916,0.04013,0.74859,0.03447,-0.24713,-0.45434,-0.10732,-0.06259,-0.04347,0.9465,0.1567,-0.01107,-0.5502,-0.16221,0.07219,0.05161
2.84,-0.03485,-0.01851,0.07038,0.41287,-0.37809,-0.07742,0.37918,0.03844,-0.09491,-0.33695,0.01739,-0.01311,-0.14467,-0.23431,0.38619,0.61192,1.35203,-0.1955,-0.02762,0.30443,-0.13307,-0.62122,2.17517,-1.41831,-0.36509,0.04052,0.74723,0.0347,-0.24572,-0.45522,-0.1073,-0.0629,-0.04371,0.94586,0.15709,-0.00844,-0.55157,-0.16162,0.07182,0.05134
2.86,-0.03406,-0.01842,0.07011,0.41473,-0.37789,-0.07746,0.37963,0.03846,-0.0958,-0.33574,0.01724,-0.01311,-0.14615,-0.23498,0.38636,0.61038,1.35195,-0.19363,-0.0271,0.30594,-0.13212,-0.62232,2.17351,-1.4185,-0.36225,0.04123,0.74612,0.03499,-0.24392,-0.45586,-0.10729,-0.06321,-0.04394,0.9452,0.15761,-0.00542,-0.55246,-0.16106,0.07143,0.05107
2.88,-0.0333,-0.01835,0.06984,0.41669,-0.3778,-0.07757,0.37996,0.03854,-0.09694,-0.33451,0.01707,-0.01311,-0.1479,-0.23593,0.38717,0.60927,1.35185,-0.19187,-0.02639,0.30662,-0.13085,-0.62538,2.17417,-1.41869,-0.35953,0.04153,0.74523,0.03529,-0.24205,-0.45662,-0.1073,-0.06352,-0.04418,0.94476,0.15837,-0.00151,-0.5534,-0.16043,0.07094,0.05072
2.9,-0.03243,-0.01827,0.06957,0.41864,-0.37738,-0.07758,0.38062,0.03856,-0.09778,-0.33315,0.01695,-0.01311,-0.14903,-0.23644,0.38678,0.60736,1.35178,-0.1896,-0.02583,0.30943,-0.13011,-0.62452,2.16963,-1.41874,-0.35594,0.04248,0.74374,0.03553,-0.24057,-0.45724,-0.10728,-0.06383,-0.04439,0.94386,0.15854,0.00025,-0.5545,-0.15993,0.07069,0.05053
2.92,-0.03133,-0.01815,0.06933,0.42033,-0.37616,-0.07734,0.38194,0.03836,-0.09759,-0.3319,0.01715,-0.01311,-0.14851,-0.2355,0.38246,0.60296,1.35187,-0.18602,-0.0261,0.31743,-0.13143,-0.61313,2.15273,-1.41999,-0.35025,0.04575,0.74073,0.03563,-0.2401,-0.45735,-0.10716,-0.06411,-0.04453,0.94176,0.157,-0.00422,-0.55586,-0.15979,0.07115,0.05079
2.94,-0.03012,-0.01802,0.0691,0.422,-0.37462,-0.077,0.38357,0.0381,-0.0971,-0.33052,0.01738,-0.01312,-0.14736,-0.23411,0.37699,0.59777,1.352,-0.18204,-0.02651,0.32753,-0.13322,-0.59764,2.13033,-1.42082,-0.34383,0.04958,0.73714,0.03566,-0.23999,-0.45729,-0.10702,-0.06439,-0.04463,0.93921,0.1549,-0.01074,-0.55736,-0.15976,0.07186,0.05119
2.96,-0.02895,-0.0179,0.06887,0.4237,-0.37323,-0.07668,0.38511,0.03787,-0.09677,-0.32904,0.01749,-0.01312,-0.14646,-0.23298,0.37239,0.59304,1.35208,-0.17841,-0.02671,0.33687,-0.13447,-0.58358,2.10908,-1.42071,-0.33796,0.05284,0.73383,0.03573,-0.23962,-0.45732,-0.1069,-0.06469,-0.04476,0.93686,0.15315,-0.01592,-0.55878,-0.15965,0.07241,0.0515
2.98,-0.0278,-0.01778,0.06864,0.42536,-0.37183,-0.07644,0.38647,0.03761,-0.09634,-0.32818,0.01803,-0.01312,-0.1457,-0.23161,0.36637,0.58786,1.35227,-0.17404,-0.02748,0.34558,-0.13705,-0.57132,2.09312,-1.4252,-0.33107,0.05742,0.73045,0.03576,-0.23965,-0.45732,-0.10675,-0.06492,-0.04485,0.93455,0.15098,-0.0228,-0.56032,-0.15966,0.07313,0.05191
3,-0.0266,-0.01764,0.0684,0.42707,-0.37038,-0.07602,0.38826,0.03742,-0.09605,-0.32605,0.01771,-0.01312,-0.1445,-0.23064,0.36299,0.58347,1.35225,-0.17111,-0.02715,0.35593,-0.13703,-0.55441,2.06531,-1.42022,-0.32615,0.05943,0.72707,0.03585,-0.23898,-0.45733,-0.10666,-0.06527,-0.045,0.93203,0.14955,-0.02669,-0.56164,-0.15946,0.07358,0.05215
3.02,-0.02527,-0.01745,0.06812,0.42901,-0.36896,-0.07507,0.39133,0.03739,-0.09618,-0.32014,0.01481,-0.01312,-0.14223,-0.23089,0.36737,0.5812,1.35157,-0.1724,-0.0235,0.37143,-0.12937,-0.52496,2.00203,-1.3874,-0.32698,0.05389,0.72392,0.03614,-0.23582,-0.45735,-0.10679,-0.06602,-0.04537,0.92909,0.15045,-0.02118,-0.5622,-0.15861,0.07315,0.05185
3.04,-0.02389,-0.01724,0.06783,0.43098,-0.3675,-0.07395,0.39479,0.03743,-0.09646,-0.31303,0.0111,-0.01313,-0.13954,-0.23155,0.37439,0.5798,1.35069,-0.17514,-0.01881,0.38828,-0.11914,-0.49112,1.92774,-1.3454,-0.32979,0.04583,0.72076,0.03648,-0.23201,-0.45738,-0.10697,-0.06687,-0.04579,0.92596,0.1521,-0.0127,-0.56256,-0.15755,0.07244,0.05138
3.06,-0.02253,-0.01704,0.06755,0.43289,-0.366,-0.07293,0.39795,0.03745,-0.0967,-0.30667,0.00792,-0.01313,-0.13703,-0.232,0.38008,0.57814,1.34994,-0.17713,-0.01478,0.40375,-0.11033,-0.45978,1.86119,-1.30873,-0.33161,0.03915,0.71754,0.03675,-0.22883,-0.45744,-0.10711,-0.06761,-0.04615,0.92288,0.15333,-0.006,-0.56308,-0.15662,0.07189,0.05101
3.08,-0.02115,-0.01682,0.06723,0.43502,-0.36474,-0.07179,0.40165,0.03745,-0.09684,-0.29943,0.00404,-0.01314,-0.13453,-0.23252,0.38632,0.57585,1.34901,-0.17951,-0.00992,0.42251,-0.10052,-0.42614,1.78296,-1.26708,-0.33381,0.03146,0.71457,0.03719,-0.2243,-0.45737,-0.10734,-0.06857,-0.04663,0.91989,0.15486,0.00242,-0.56332,-0.15555,0.0712,0.05055
3.1,-0.01982,-0.01664,0.06699,0.43668,-0.36298,-0.07086,0.4043,0.03749,-0.0972,-0.29376,0.00143,-0.01314,-0.13194,-0.23299,0.39203,0.57511,1.34841,-0.18141,-0.00658,0.43473,-0.09211,-0.39632,1.72643,-1.23374,-0.33566,0.02529,0.71111,0.0373,-0.22236,-0.45756,-0.10741,-0.06913,-0.04689,0.91671,0.15595,0.00802,-0.56411,-0.15471,0.07073,0.05024
3.12,-0.01859,-0.01655,0.06692,0.43712,-0.35987,-0.07057,0.40408,0.03769,-0.09832,-0.29246,0.00245,-0.01314,-0.12902,-0.2332,0.39588,0.57816,1.34868,-0.18173,-0.00754,0.42845,-0.08874,-0.37786,1.73329,-1.22456,-0.33652,0.02372,0.70623,0.03638,-0.22817,-0.45847,-0.10702,-0.06848,-0.04654,0.91296,0.15549,0.00463,-0.56643,-0.15454,0.071,0.05039
3.14,-0.01742,-0.01649,0.06693,0.43709,-0.35627,-0.0705,0.40276,0.03794,-0.09964,-0.29283,0.00476,-0.01315,-0.12607,-0.23334,0.39908,0.58278,1.3493,-0.18151,-0.01009,0.41556,-0.08676,-0.36344,1.7622,-1.22419,-0.33691,0.02378,0.70089,0.03513,-0.23651,-0.45965,-0.10649,-0.06744,-0.04597,0.90904,0.15459,-0.00162,-0.56934,-0.1546,0.0715,0.0507
3.16,-0.01624,-0.01644,0.06691,0.43722,-0.35287,-0.07032,0.40184,0.03815,-0.10075,-0.29264,0.00652,-0.01315,-0.12327,-0.23351,0.40242,0.58688,1.34983,-0.18145,-0.01202,0.40578,-0.08376,-0.34736,1.78057,-1.22057,-0.33718,0.02323,0.69582,0.03411,-0.24337,-0.46073,-0.10604,-0.06662,-0.04551,0.90525,0.15398,-0.00625,-0.57203,-0.15455,0.07188,0.05091
3.18,-0.01495,-0.01633,0.06684,0.43755,-0.34951,-0.07018,0.40136,0.03842,-0.10234,-0.29159,0.00814,-0.01315,-0.11989,-0.2337,0.4065,0.59021,1.35008,-0.18174,-0.01348,0.39562,-0.08226,-0.33042,1.80091,-1.21373,-0.33877,0.0221,0.69049,0.03277,-0.25162,-0.46174,-0.10553,-0.06564,-0.04498,0.90123,0.153,-0.01212,-0.57451,-0.15454,0.07234,0.05119
3.2,-0.01393,-0.01633,0.06691,0.43737,-0.346,-0.07001,0.39971,0.03858,-0.103,-0.2927,0.01035,-0.01315,-0.11769,-0.23382,0.40889,0.59546,1.35098,-0.18122,-0.01631,0.38463,-0.07805,-0.31623,1.82234,-1.21547,-0.33764,0.02253,0.68561,0.032,-0.25759,-0.46293,-0.10511,-0.06489,-0.04457,0.8977,0.15268,-0.01614,-0.57757,-0.15449,0.07267,0.05138
3.22,-0.01364,-0.01661,0.06736,0.43578,-0.34195,-0.06964,0.39498,0.03837,-0.10086,-0.2999,0.01392,-0.01318,-0.11891,-0.23376,0.40624,0.60616,1.35373,-0.17803,-0.02254,0.37339,-0.06563,-0.30925,1.84316,-1.24172,-0.32776,0.02744,0.68184,0.0328,-0.25667,-0.46464,-0.10492,-0.06487,-0.04455,0.89526,0.15422,-0.01433,-0.58219,-0.15428,0.07257,0.0513
3.24,-0.01363,-0.017,0.06796,0.43371,-0.33782,-0.06925,0.38913,0.03805,-0.09782,-0.30914,0.01802,-0.01322,-0.1213,-0.23363,0.40198,0.61864,1.3571,-0.17412,-0.03008,0.36146,-0.05051,-0.30481,1.86408,-1.27583,-0.31537,0.03378,0.67859,0.03417,-0.25338,-0.46651,-0.10482,-0.0651,-0.04466,0.89338,0.15644,-0.01058,-0.58737,-0.15403,0.07231,0.05112
3.26,-0.01349,-0.01733,0.0685,0.43193,-0.33389,-0.06891,0.38387,0.0378,-0.09531,-0.3171,0.02183,-0.01325,-0.12305,-0.23352,0.39879,0.62997,1.36011,-0.1709,-0.03701,0.34959,-0.03686,-0.2988,1.88381,-1.30437,-0.30502,0.03911,0.67528,0.03532,-0.25115,-0.46825,-0.10469,-0.06523,-0.04472,0.89146,0.15838,-0.00778,-0.59226,-0.1538,0.07212,0.05097
3.28,-0.01334,-0.01768,0.06901,0.42984,-0.32925,-0.0684,0.3782,0.03748,-0.09229,-0.32657,0.02587,-0.01329,-0.12524,-0.23343,0.3942,0.64282,1.36347,-0.16618,-0.04409,0.33858,-0.02223,-0.2946,1.90897,-1.34148,-0.29097,0.04598,0.67121,0.0363,-0.24902,-0.47024,-0.10451,-0.0653,-0.04474,0.88867,0.16021,-0.00484,-0.59734,-0.15354,0.07197,0.05086
3.3,-0.01329,-0.01802,0.06962,0.42829,-0.32607,-0.06824,0.37316,0.03726,-0.09012,-0.33341,0.02956,-0.01332,-0.12682,-0.23328,0.3921,0.65288,1.36626,-0.16435,-0.05112,0.3257,-0.00898,-0.28729,1.92274,-1.36274,-0.2839,0.05001,0.66883,0.03777,-0.24615,-0.47175,-0.10446,-0.06555,-0.04487,0.8878,0.16243,-0.00165,-0.60211,-0.15335,0.07168,0.05066
3.32,-0.01347,-0.01828,0.07049,0.42845,-0.32703,-0.06911,0.37006,0.03735,-0.09065,-0.3321,0.03219,-0.01332,-0.12624,-0.23294,0.39776,0.65493,1.36728,-0.17123,-0.05799,0.30772,-0.00013,-0.26999,1.90339,-1.336,-0.29797,0.04548,0.67116,0.04063,-0.24139,-0.4719,-0.10473,-0.06626,-0.04529,0.89244,0.16555,0.00148,-0.60611,-0.15344,0.07102,0.05028
3.34,-0.01373,-0.01851,0.07146,0.42918,-0.32943,-0.07032,0.36765,0.03753,-0.09205,-0.32815,0.03445,-0.01332,-0.12504,-0.23255,0.40589,0.65408,1.36772,-0.18093,-0.06469,0.28795,0.00722,-0.24961,1.87275,-1.29343,-0.31894,0.03811,0.67514,0.04395,-0.23604,-0.47155,-0.10512,-0.06713,-0.04581,0.89894,0.16903,0.00486,-0.60972,-0.15361,0.07022,0.04983
3.36,-0.01394,-0.01875,0.07237,0.42962,-0.33112,-0.07134,0.365,0.03764,-0.09296,-0.32567,0.03686,-0.01333,-0.12424,-0.23218,0.41258,0.65446,1.36846,-0.18898,-0.07124,0.26907,0.01522,-0.23116,1.84823,-1.25959,-0.33593,0.03228,0.67824,0.04696,-0.23123,-0.47141,-0.10544,-0.0679,-0.04626,0.90438,0.17234,0.00831,-0.61335,-0.15372,0.06948,0.0494
3.38,-0.0142,-0.01903,0.07336,0.43015,-0.33306,-0.07251,0.36201,0.03786,-0.09424,-0.32212,0.03936,-0.01333,-0.12299,-0.23179,0.42054,0.65524,1.36906,-0.19857,-0.07878,0.24978,0.02347,-0.21056,1.8196,-1.21957,-0.35636,0.02544,0.6819,0.05043,-0.22518,-0.47136,-0.10583,-0.06882,-0.04681,0.91074,0.17569,0.01105,-0.61767,-0.15392,0.06874,0.04899
3.4,-0.01437,-0.01922,0.0742,0.43064,-0.33481,-0.07345,0.3599,0.03789,-0.09496,-0.32012,0.04157,-0.01333,-0.12252,-0.23146,0.42646,0.6545,1.36981,-0.20563,-0.08422,0.23101,0.03079,-0.19369,1.7968,-1.18851,-0.37133,0.02002,0.6848,0.05303,-0.22159,-0.471,-0.1061,-0.06946,-0.04717,0.91563,0.17904,0.01528,-0.62046,-0.15396,0.06797,0.04854
3.42,-0.01423,-0.01916,0.07461,0.43081,-0.33566,-0.07372,0.3601,0.03732,-0.09391,-0.32329,0.04314,-0.01334,-0.12434,-0.2312,0.42612,0.65016,1.37118,-0.20486,-0.08381,0.21359,0.03604,-0.18765,1.79308,-1.18642,-0.36922,0.01923,0.68519,0.05312,-0.22522,-0.46983,-0.10598,-0.06926,-0.04699,0.91587,0.18245,0.02391,-0.61903,-0.15354,0.06715,0.04796
3.44,-0.01399,-0.019,0.07486,0.43094,-0.33626,-0.07376,0.36117,0.03655,-0.09228,-0.32806,0.04444,-0.01334,-0.12697,-0.23104,0.42364,0.6444,1.37272,-0.20146,-0.08131,0.19688,0.04037,-0.1855,1.79557,-1.19378,-0.36143,0.01994,0.68478,0.05232,-0.23129,-0.46837,-0.10575,-0.06877,-0.04661,0.91457,0.18582,0.03395,-0.61608,-0.15297,0.06632,0.04736
3.46,-0.01379,-0.0189,0.07517,0.43113,-0.33697,-0.0739,0.36182,0.0359,-0.09091,-0.33194,0.04583,-0.01334,-0.12926,-0.23091,0.42217,0.63936,1.37417,-0.19935,-0.07982,0.18021,0.04501,-0.1817,1.7951,-1.19654,-0.35644,0.01993,0.68476,0.05194,-0.23607,-0.46708,-0.10558,-0.06843,-0.04634,0.91403,0.18912,0.04312,-0.61389,-0.15248,0.0655,0.04678
3.48,-0.01358,-0.01877,0.07551,0.43115,-0.33772,-0.07405,0.36258,0.03516,-0.08954,-0.33643,0.04732,-0.01334,-0.13144,-0.23045,0.42065,0.63393,1.37567,-0.19696,-0.07806,0.16191,0.05004,-0.17731,1.79487,-1.20004,-0.35077,0.02002,0.68467,0.05148,-0.24164,-0.46561,-0.10538,-0.06803,-0.04601,0.91332,0.19281,0.05328,-0.6114,-0.15194,0.06465,0.04615
3.5,-0.01339,-0.01866,0.07576,0.43151,-0.33831,-0.07412,0.36332,0.03455,-0.08806,-0.34006,0.04856,-0.01335,-0.13402,-0.23071,0.41869,0.629,1.3771,-0.19448,-0.07635,0.14723,0.05406,-0.1751,1.79571,-1.20443,-0.34508,0.02027,0.68452,0.05099,-0.24613,-0.46445,-0.10521,-0.06768,-0.04574,0.91258,0.19567,0.06169,-0.60918,-0.15146,0.06386,0.04561
3.52,-0.01325,-0.01862,0.07581,0.43278,-0.3385,-0.07394,0.36381,0.03434,-0.0863,-0.34105,0.04921,-0.01335,-0.13777,-0.23299,0.41596,0.62592,1.37831,-0.19233,-0.07534,0.14221,0.05548,-0.17813,1.79832,-1.20921,-0.34049,0.02074,0.68436,0.05058,-0.24708,-0.46421,-0.10516,-0.06756,-0.0457,0.91208,0.19622,0.06504,-0.60805,-0.1512,0.06321,0.04534
3.54,-0.01314,-0.01859,0.07578,0.4344,-0.33852,-0.07369,0.36426,0.03425,-0.08448,-0.34113,0.04961,-0.01335,-0.14186,-0.23598,0.41287,0.62339,1.37943,-0.19018,-0.07443,0.14084,0.0559,-0.18322,1.8018,-1.21459,-0.33607,0.02131,0.68415,0.05017,-0.24687,-0.46429,-0.10515,-0.0675,-0.04573,0.9116,0.19594,0.06657,-0.60725,-0.151,0.06261,0.04517
3.56,-0.01301,-0.01855,0.07578,0.43587,-0.33862,-0.07349,0.36473,0.03411,-0.08279,-0.34156,0.0501,-0.01335,-0.14563,-0.23859,0.40997,0.62051,1.38058,-0.18807,-0.07343,0.13791,0.05679,-0.18728,1.80471,-1.21959,-0.33169,0.02173,0.68396,0.04979,-0.24717,-0.46423,-0.10513,-0.06743,-0.04574,0.91113,0.19604,0.06888,-0.60632,-0.15078,0.062,0.04495
3.58,-0.01288,-0.01851,0.07578,0.43729,-0.33871,-0.0732,0.36521,0.03395,-0.08066,-0.34228,0.05068,-0.01335,-0.1501,-0.24145,0.40686,0.61796,1.3818,-0.18573,-0.07255,0.13457,0.05762,-0.19185,1.80851,-1.22534,-0.32665,0.0226,0.68374,0.04928,-0.2476,-0.46415,-0.10508,-0.0673,-0.04571,0.91053,0.19613,0.07143,-0.60528,-0.15054,0.06134,0.04472
3.6,-0.01277,-0.01849,0.07578,0.4389,-0.33877,-0.07308,0.36566,0.03387,-0.07943,-0.34217,0.05103,-0.01335,-0.15319,-0.24396,0.40414,0.61491,1.38284,-0.18388,-0.07146,0.13294,0.05833,-0.1958,1.81062,-1.22957,-0.32306,0.02257,0.68359,0.04904,-0.24748,-0.46419,-0.10509,-0.0673,-0.04576,0.91021,0.19605,0.07303,-0.60455,-0.15035,0.06079,0.04454
3.62,-0.0127,-0.01852,0.07583,0.44106,-0.33882,-0.07351,0.36603,0.03402,-0.08085,-0.3399,0.05079,-0.01336,-0.15228,-0.24532,0.40265,0.61006,1.38343,-0.18339,-0.06971,0.13525,0.05899,-0.19752,1.80748,-1.22932,-0.32361,0.01989,0.68375,0.04961,-0.24594,-0.4645,-0.10523,-0.0677,-0.04602,0.91072,0.1957,0.07234,-0.60461,-0.1503,0.06054,0.04441
3.64,-0.01265,-0.01857,0.07589,0.44339,-0.33883,-0.07412,0.36637,0.03425,-0.08316,-0.33683,0.05032,-0.01336,-0.14998,-0.2463,0.40156,0.60474,1.38384,-0.18339,-0.06776,0.13914,0.05956,-0.19854,1.80263,-1.22754,-0.3256,0.01634,0.68398,0.05045,-0.24392,-0.46492,-0.10541,-0.06824,-0.04635,0.91149,0.19522,0.07076,-0.60497,-0.15031,0.0604,0.04432
3.66,-0.01258,-0.01861,0.07594,0.44558,-0.33883,-0.07463,0.36673,0.03443,-0.08497,-0.33417,0.04996,-0.01336,-0.14838,-0.24744,0.40025,0.59981,1.38432,-0.18315,-0.06595,0.14225,0.06013,-0.19987,1.79874,-1.22651,-0.32684,0.01329,0.68413,0.05112,-0.24225,-0.46528,-0.10556,-0.06868,-0.04663,0.91209,0.19481,0.06964,-0.60519,-0.15028,0.06022,0.04422
3.68,-0.01254,-0.01866,0.07601,0.44806,-0.33894,-0.07523,0.36706,0.03467,-0.08719,-0.3313,0.04961,-0.01336,-0.1465,-0.24866,0.39908,0.59415,1.38484,-0.18298,-0.06393,0.14575,0.06083,-0.20128,1.79408,-1.22519,-0.32852,0.00976,0.68446,0.05198,-0.23998,-0.46568,-0.10576,-0.06924,-0.04698,0.91291,0.19433,0.06824,-0.60544,-0.15027,0.06002,0.04411
3.7,-0.01246,-0.0187,0.07605,0.44997,-0.33883,-0.07568,0.36745,0.0348,-0.08876,-0.32867,0.04917,-0.01336,-0.14486,-0.2496,0.39774,0.58989,1.38524,-0.18278,-0.06229,0.14877,0.06126,-0.20234,1.79063,-1.22418,-0.32959,0.00706,0.68444,0.05251,-0.23884,-0.46602,-0.10588,-0.06961,-0.0472,0.91333,0.19398,0.06723,-0.6057,-0.15024,0.05988,0.04403
3.72,-0.0123,-0.0187,0.07601,0.45027,-0.33813,-0.07567,0.36792,0.03456,-0.08825,-0.32697,0.04859,-0.01336,-0.14425,-0.24988,0.3957,0.5896,1.38535,-0.18236,-0.0618,0.15001,0.06078,-0.20248,1.79075,-1.22372,-0.32879,0.00665,0.68344,0.05199,-0.24128,-0.46622,-0.10574,-0.06938,-0.04705,0.91251,0.1941,0.06759,-0.60589,-0.15019,0.05988,0.04404
3.74,-0.0121,-0.01869,0.07594,0.44999,-0.33722,-0.0755,0.36847,0.0342,-0.08705,-0.32551,0.04791,-0.01336,-0.14393,-0.24987,0.39351,0.59072,1.38534,-0.18189,-0.06169,0.15072,0.06007,-0.20231,1.7922,-1.22374,-0.3273,0.00713,0.68208,0.05113,-0.24483,-0.46636,-0.10552,-0.06897,-0.04677,0.91127,0.19437,0.06838,-0.60609,-0.15012,0.05994,0.04408
3.76,-0.01192,-0.01868,0.07589,0.44999,-0.33642,-0.07541,0.36904,0.0339,-0.08619,-0.32388,0.04724,-0.01337,-0.14346,-0.24997,0.39151,0.5912,1.38538,-0.18149,-0.0614,0.15172,0.0596,-0.20235,1.79311,-1.22402,-0.32603,0.00735,0.6809,0.05047,-0.24766,-0.46652,-0.10535,-0.06867,-0.04657,0.91025,0.19456,0.06894,-0.60629,-0.15006,0.05997,0.0441
3.78,-0.01175,-0.01868,0.07583,0.44995,-0.33555,-0.07532,0.36938,0.03359,-0.08526,-0.32248,0.04675,-0.01337,-0.14301,-0.25014,0.38904,0.59166,1.38543,-0.18095,-0.06115,0.15257,0.05859,-0.20205,1.79353,-1.2223,-0.32521,0.00698,0.67966,0.04961,-0.25138,-0.46673,-0.10513,-0.06826,-0.0463,0.90913,0.19479,0.06962,-0.60645,-0.14999,0.06001,0.04413
3.8,-0.01154,-0.01866,0.07577,0.44985,-0.33477,-0.07517,0.37021,0.03326,-0.0843,-0.3207,0.04583,-0.01337,-0.14262,-0.25011,0.38746,0.5925,1.38544,-0.18064,-0.06088,0.1536,0.05861,-0.20244,1.79548,-1.22481,-0.32326,0.008,0.67846,0.04908,-0.25352,-0.4668,-0.10499,-0.06802,-0.04613,0.90811,0.19497,0.07018,-0.60671,-0.14994,0.06004,0.04416
3.82,-0.01125,-0.0186,0.07568,0.44971,-0.33429,-0.07489,0.37228,0.03289,-0.08346,-0.31765,0.04392,-0.01337,-0.14226,-0.24965,0.38864,0.59394,1.38544,-0.18133,-0.06079,0.1551,0.06188,-0.20431,1.79977,-1.23952,-0.3183,0.01325,0.67753,0.04958,-0.25088,-0.46651,-0.10508,-0.06832,-0.04629,0.9075,0.19495,0.0702,-0.60728,-0.1499,0.06001,0.04414
3.84,-0.01093,-0.01852,0.07558,0.44955,-0.3339,-0.07454,0.37485,0.03251,-0.0826,-0.31426,0.04155,-0.01337,-0.14197,-0.249,0.39066,0.59572,1.38541,-0.18219,-0.06059,0.15684,0.06615,-0.20699,1.80583,-1.25837,-0.3122,0.01979,0.67663,0.0504,-0.24664,-0.46607,-0.10524,-0.06878,-0.04655,0.90698,0.19486,0.07011,-0.60795,-0.14987,0.05996,0.04412
3.86,-0.01062,-0.01845,0.07549,0.44942,-0.33346,-0.07422,0.37724,0.03214,-0.08173,-0.31114,0.03929,-0.01338,-0.1417,-0.24842,0.39213,0.59738,1.38537,-0.18276,-0.06025,0.15857,0.06975,-0.20961,1.81209,-1.2749,-0.3067,0.02532,0.67569,0.05105,-0.24323,-0.4657,-0.10537,-0.06915,-0.04676,0.90639,0.19481,0.07013,-0.60855,-0.14984,0.05991,0.04409
3.88,-0.01033,-0.01839,0.0754,0.44917,-0.33306,-0.07391,0.37946,0.03174,-0.08094,-0.30753,0.03745,-0.01338,-0.14123,-0.2479,0.39433,0.59892,1.38542,-0.18424,-0.06078,0.15982,0.07422,-0.21088,1.81416,-1.29328,-0.30096,0.03259,0.67487,0.05182,-0.23943,-0.46533,-0.10552,-0.06957,-0.04699,0.90594,0.19476,0.06993,-0.60924,-0.14981,0.05989,0.04409
3.9,-0.00999,-0.01831,0.0753,0.44917,-0.33259,-0.07355,0.38213,0.0314,-0.07998,-0.30488,0.03463,-0.01338,-0.14119,-0.24721,0.39518,0.6008,1.38528,-0.18382,-0.05942,0.16219,0.07714,-0.21521,1.82536,-1.30882,-0.2953,0.03662,0.6738,0.05241,-0.23603,-0.46492,-0.10563,-0.06992,-0.04719,0.90522,0.19469,0.07016,-0.60977,-0.14978,0.0598,0.04404
3.92,-0.00949,-0.01815,0.07514,0.44989,-0.33192,-0.07312,0.38596,0.03121,-0.07864,-0.3047,0.02933,-0.01338,-0.1423,-0.24607,0.39231,0.60343,1.38467,-0.17853,-0.05315,0.16705,0.07535,-0.22732,1.86139,-1.315,-0.29158,0.03056,0.67208,0.05242,-0.23422,-0.46443,-0.10562,-0.07003,-0.04726,0.90384,0.19462,0.07147,-0.60986,-0.14976,0.05951,0.04388
3.94,-0.00893,-0.01797,0.07498,0.45086,-0.33116,-0.07264,0.39021,0.03108,-0.07713,-0.30552,0.02307,-0.01339,-0.14383,-0.24475,0.38802,0.60641,1.38388,-0.17126,-0.04494,0.17312,0.07201,-0.24253,1.9065,-1.31824,-0.28776,0.02134,0.6701,0.05225,-0.23286,-0.46391,-0.10557,-0.07007,-0.04728,0.90218,0.19454,0.07323,-0.60979,-0.14973,0.05915,0.04368
3.96,-0.00841,-0.0178,0.07482,0.4517,-0.33041,-0.07216,0.39423,0.03093,-0.07564,-0.30606,0.01721,-0.01339,-0.14519,-0.24352,0.38422,0.60932,1.38315,-0.16462,-0.03739,0.17901,0.06952,-0.25665,1.94751,-1.32317,-0.28297,0.01414,0.66821,0.05216,-0.23121,-0.46341,-0.10554,-0.07015,-0.04732,0.9006,0.19446,0.07486,-0.60978,-0.14971,0.05882,0.04349
3.98,-0.00786,-0.01764,0.07465,0.4526,-0.32979,-0.07175,0.39844,0.03076,-0.07437,-0.30591,0.01149,-0.01339,-0.14651,-0.24225,0.38105,0.61188,1.38248,-0.15905,-0.03066,0.1834,0.06645,-0.26958,1.98866,-1.32683,-0.28222,0.00458,0.66643,0.05209,-0.22982,-0.46288,-0.10549,-0.07019,-0.04734,0.89921,0.19439,0.07621,-0.6098,-0.14969,0.0585,0.04331
4,-0.00736,-0.01746,0.0745,0.45344,-0.32889,-0.0712,0.40234,0.03064,-0.07262,-0.30737,0.00526,-0.0134,-0.14799,-0.24103,0.37631,0.61522,1.38166,-0.15088,-0.02189,0.19115,0.06418,-0.28555,2.0314,-1.3323,-0.2733,-0.00088,0.66436,0.05194,-0.22806,-0.46241,-0.10548,-0.0703,-0.04741,0.89738,0.19429,0.0782,-0.60973,-0.14965,0.05813,0.04311
4.02,-0.00697,-0.01724,0.07438,0.45396,-0.32721,-0.0702,0.40537,0.03066,-0.06942,-0.3136,-0.00239,-0.0134,-0.14992,-0.23992,0.36685,0.6209,1.38045,-0.13514,-0.0071,0.20832,0.06472,-0.31065,2.07849,-1.34407,-0.23952,0.00625,0.66146,0.05164,-0.22481,-0.46208,-0.10559,-0.07065,-0.04763,0.89429,0.19421,0.08222,-0.60935,-0.14955,0.05763,0.04282
4.04,-0.00663,-0.01701,0.07428,0.45441,-0.32526,-0.06905,0.40806,0.03073,-0.06577,-0.32133,-0.01049,-0.0134,-0.15197,-0.23887,0.35598,0.62729,1.37911,-0.11703,0.00949,0.22874,0.06608,-0.3384,2.12642,-1.35763,-0.19796,0.01751,0.65828,0.05127,-0.22124,-0.4618,-0.10575,-0.07108,-0.04789,0.89079,0.19408,0.08679,-0.60889,-0.14943,0.05709,0.04252
4.06,-0.00628,-0.0168,0.07418,0.45494,-0.32346,-0.068,0.41085,0.03077,-0.06241,-0.328,-0.01825,-0.01341,-0.15387,-0.23784,0.34621,0.63318,1.37787,-0.10056,0.02467,0.24743,0.06691,-0.364,2.17259,-1.36998,-0.16146,0.02659,0.65527,0.0509,-0.21808,-0.46151,-0.10588,-0.07146,-0.04812,0.88757,0.19393,0.09085,-0.60851,-0.14933,0.05659,0.04223
4.08,-0.0059,-0.01654,0.07406,0.45526,-0.32154,-0.06683,0.4139,0.03084,-0.05866,-0.33628,-0.02665,-0.01341,-0.15617,-0.23663,0.33448,0.63987,1.37645,-0.08159,0.04244,0.26733,0.0683,-0.39379,2.22506,-1.38392,-0.11845,0.03694,0.65206,0.05064,-0.21385,-0.46116,-0.10604,-0.07191,-0.04839,0.88394,0.19396,0.09599,-0.60796,-0.1492,0.05599,0.04189
4.1,-0.00557,-0.01637,0.07398,0.45601,-0.31981,-0.06588,0.41633,0.03086,-0.05563,-0.34156,-0.03377,-0.01341,-0.15767,-0.2358,0.32648,0.64505,1.37538,-0.06735,0.05521,0.28535,0.06878,-0.41533,2.26432,-1.39496,-0.08722,0.04557,0.64921,0.05015,-0.21173,-0.46094,-0.10615,-0.07224,-0.04859,0.88107,0.1936,0.09904,-0.60772,-0.14912,0.05559,0.04167
4.12,-0.00542,-0.01641,0.07402,0.45796,-0.31859,-0.06555,0.41695,0.03071,-0.05472,-0.33814,-0.03738,-0.01341,-0.15693,-0.23609,0.3293,0.64602,1.37532,-0.06631,0.05377,0.29828,0.06622,-0.41444,2.26842,-1.39795,-0.08995,0.04924,0.64738,0.04895,-0.21572,-0.46113,-0.10606,-0.07225,-0.04855,0.88043,0.19209,0.09597,-0.60851,-0.14923,0.05573,0.04178
4.14,-0.00531,-0.01652,0.0741,0.46034,-0.31758,-0.06544,0.417,0.0305,-0.05456,-0.33166,-0.03965,-0.01342,-0.15538,-0.23676,0.33588,0.64544,1.37563,-0.07019,0.04722,0.30903,0.06278,-0.40496,2.25891,-1.39786,-0.10489,0.05094,0.64593,0.04753,-0.22181,-0.46144,-0.10591,-0.07214,-0.04843,0.88056,0.1902,0.0908,-0.60959,-0.14939,0.05607,0.042
4.16,-0.00517,-0.0166,0.07417,0.46251,-0.31651,-0.06524,0.41743,0.03032,-0.05405,-0.32658,-0.04243,-0.01342,-0.1542,-0.2372,0.34062,0.64549,1.37578,-0.07212,0.04298,0.3202,0.05995,-0.39874,2.25456,-1.39896,-0.11459,0.05299,0.64433,0.04626,-0.22681,-0.46164,-0.10579,-0.07209,-0.04835,0.88033,0.18852,0.0867,-0.61046,-0.14953,0.05632,0.04217
4.18,-0.00509,-0.01671,0.07424,0.46474,-0.31528,-0.06501,0.41733,0.03016,-0.05354,-0.32146,-0.04562,-0.01342,-0.153,-0.23787,0.34586,0.64584,1.3759,-0.07278,0.03884,0.33392,0.05627,-0.3953,2.25447,-1.4011,-0.12278,0.05734,0.64262,0.04479,-0.23238,-0.46205,-0.10565,-0.07204,-0.04827,0.88016,0.18665,0.08212,-0.61166,-0.14969,0.0566,0.04236
4.2,-0.0049,-0.01676,0.0743,0.46693,-0.31444,-0.06487,0.4182,0.02994,-0.05321,-0.31572,-0.04764,-0.01343,-0.15166,-0.23817,0.35096,0.64523,1.37616,-0.07725,0.03327,0.34176,0.05414,-0.38405,2.24243,-1.40018,-0.13702,0.05655,0.64121,0.04367,-0.23725,-0.46206,-0.10554,-0.07195,-0.04818,0.88002,0.1851,0.07807,-0.61225,-0.1498,0.05685,0.04252
4.22,-0.00438,-0.0166,0.07432,0.46897,-0.3147,-0.06497,0.42204,0.0296,-0.05323,-0.30864,-0.04678,-0.01343,-0.15005,-0.23724,0.35485,0.642,1.37669,-0.09157,0.0248,0.33396,0.05638,-0.35272,2.19931,-1.39288,-0.16603,0.04077,0.64063,0.04355,-0.23987,-0.46088,-0.10548,-0.07176,-0.04808,0.87992,0.18449,0.07575,-0.61106,-0.14979,0.05695,0.04258
4.24,-0.00374,-0.01638,0.07432,0.47093,-0.31532,-0.06515,0.42685,0.0292,-0.05338,-0.30109,-0.0448,-0.01343,-0.14836,-0.23596,0.35845,0.63793,1.37735,-0.10947,0.0151,0.32031,0.06023,-0.31394,2.14492,-1.3824,-0.20056,0.02011,0.64032,0.04378,-0.2417,-0.4593,-0.10544,-0.07152,-0.04799,0.87978,0.18423,0.07407,-0.60927,-0.14974,0.05701,0.04259
4.26,-0.00317,-0.01619,0.07432,0.47284,-0.31571,-0.06526,0.43112,0.02883,-0.05344,-0.294,-0.04334,-0.01343,-0.14677,-0.23493,0.36213,0.63448,1.37795,-0.1254,0.00607,0.30929,0.06342,-0.27895,2.09662,-1.37246,-0.23195,0.00253,0.63981,0.04384,-0.24379,-0.45794,-0.1054,-0.07132,-0.0479,0.87956,0.18384,0.07227,-0.60777,-0.14969,0.05708,0.04262
4.28,-0.00258,-0.01599,0.07434,0.47511,-0.31641,-0.0655,0.43578,0.02847,-0.05368,-0.28578,-0.04179,-0.01343,-0.14485,-0.23353,0.36617,0.62995,1.37855,-0.14296,-0.00365,0.29826,0.0663,-0.24191,2.04375,-1.36606,-0.26646,-0.01871,0.63961,0.04392,-0.24635,-0.45643,-0.10535,-0.07107,-0.04779,0.8798,0.18329,0.06971,-0.6062,-0.14969,0.0572,0.04267
4.3,-0.00199,-0.0158,0.07432,0.47662,-0.31654,-0.06548,0.43986,0.02806,-0.05357,-0.27985,-0.04016,-0.01343,-0.14361,-0.23281,0.36933,0.62749,1.37918,-0.1579,-0.01213,0.28594,0.07021,-0.20754,1.99792,-1.35178,-0.29559,-0.03352,0.63883,0.04405,-0.24774,-0.45512,-0.10532,-0.0709,-0.04773,0.87906,0.18316,0.06888,-0.60465,-0.14959,0.0572,0.04266
4.32,-0.00139,-0.01564,0.07418,0.47604,-0.31506,-0.06473,0.44221,0.02751,-0.05244,-0.28019,-0.03862,-0.01344,-0.14417,-0.23409,0.37033,0.63089,1.37987,-0.16475,-0.01691,0.27124,0.07661,-0.18199,1.97405,-1.31467,-0.30863,-0.02877,0.63635,0.04422,-0.24599,-0.45442,-0.10534,-0.07096,-0.04776,0.87554,0.18419,0.07305,-0.60319,-0.1492,0.05689,0.04246
4.34,-0.0008,-0.01549,0.074,0.47471,-0.31299,-0.06372,0.44393,0.0269,-0.05095,-0.2829,-0.03705,-0.01344,-0.14541,-0.23607,0.37041,0.63639,1.38057,-0.16882,-0.02038,0.25553,0.08397,-0.1595,1.95777,-1.27008,-0.316,-0.01749,0.63326,0.04442,-0.2431,-0.45392,-0.10538,-0.07109,-0.04784,0.87106,0.18562,0.07889,-0.60179,-0.14872,0.05646,0.04221
4.36,-0.00022,-0.01534,0.07385,0.47376,-0.31117,-0.06284,0.44587,0.02633,-0.04962,-0.28466,-0.03548,-0.01344,-0.14638,-0.23774,0.37077,0.64095,1.38127,-0.17412,-0.02443,0.24048,0.09087,-0.13589,1.93823,-1.23016,-0.32584,-0.00961,0.63045,0.0446,-0.24081,-0.45334,-0.10541,-0.07117,-0.0479,0.86708,0.18681,0.08374,-0.60045,-0.1483,0.0561,0.04199
4.38,0.00042,-0.01517,0.07365,0.47265,-0.30943,-0.0619,0.44813,0.02572,-0.04832,-0.2859,-0.03389,-0.01344,-0.14719,-0.23937,0.37171,0.64544,1.38198,-0.17967,-0.02861,0.22434,0.09795,-0.11087,1.91747,-1.18479,-0.33632,-7e-05,0.62764,0.04481,-0.23816,-0.45269,-0.10546,-0.07129,-0.04797,0.86282,0.18825,0.08959,-0.59875,-0.1478,0.05567,0.04173
4.4,0.00094,-0.01505,0.07354,0.4717,-0.30738,-0.06104,0.44956,0.02517,-0.04688,-0.28876,-0.03237,-0.01344,-0.14849,-0.24124,0.37124,0.65057,1.38266,-0.18399,-0.03217,0.21033,0.10483,-0.08963,1.90121,-1.14899,-0.34405,0.00763,0.62469,0.04496,-0.23599,-0.45225,-0.10548,-0.07137,-0.04802,0.85892,0.18927,0.09374,-0.59781,-0.14744,0.05537,0.04155
4.42,0.00113,-0.01502,0.07362,0.47133,-0.30447,-0.06043,0.44879,0.0248,-0.0451,-0.29586,-0.03103,-0.01345,-0.15105,-0.2436,0.36697,0.65713,1.38325,-0.18552,-0.03436,0.20229,0.11105,-0.07787,1.89556,-1.14186,-0.3455,0.00857,0.62138,0.04488,-0.23541,-0.45232,-0.10542,-0.07132,-0.04801,0.85607,0.18898,0.09275,-0.59899,-0.14746,0.0555,0.04162
4.44,0.0012,-0.01504,0.07379,0.47116,-0.30128,-0.05993,0.4472,0.02449,-0.04321,-0.30445,-0.02977,-0.01345,-0.15405,-0.24616,0.36134,0.66423,1.3838,-0.18589,-0.03594,0.19647,0.117,-0.06987,1.89423,-1.14454,-0.34436,0.00749,0.61798,0.04474,-0.23536,-0.4526,-0.10534,-0.07124,-0.04798,0.85363,0.18826,0.08999,-0.60093,-0.14762,0.05577,0.04178
4.46,0.00132,-0.01504,0.07393,0.47094,-0.2983,-0.0594,0.44601,0.02416,-0.04143,-0.31214,-0.02848,-0.01345,-0.15681,-0.24861,0.35643,0.67098,1.38437,-0.18679,-0.03778,0.18975,0.12297,-0.06029,1.89096,-1.14244,-0.34445,0.00743,0.61472,0.04465,-0.23507,-0.45278,-0.10527,-0.07119,-0.04796,0.85111,0.18776,0.08807,-0.60252,-0.14772,0.05597,0.0419
4.48,0.00146,-0.01503,0.07404,0.47055,-0.29496,-0.05876,0.44469,0.02379,-0.03938,-0.32085,-0.02715,-0.01345,-0.15979,-0.25114,0.35107,0.67828,1.38495,-0.18759,-0.03968,0.18255,0.12939,-0.05022,1.88786,-1.14142,-0.34416,0.00715,0.61103,0.04448,-0.23475,-0.45297,-0.10519,-0.0711,-0.04793,0.84812,0.18718,0.08604,-0.60414,-0.14781,0.05619,0.04204
4.5,0.00153,-0.01505,0.07422,0.47055,-0.29231,-0.05837,0.44345,0.02351,-0.03786,-0.32776,-0.02592,-0.01346,-0.1624,-0.25354,0.34632,0.68451,1.38549,-0.18834,-0.04131,0.17689,0.1348,-0.04206,1.88534,-1.14062,-0.34409,0.00678,0.60821,0.04445,-0.23463,-0.45319,-0.10514,-0.07107,-0.04792,0.8462,0.18666,0.0838,-0.60586,-0.14796,0.0564,0.04216
4.52,0.0014,-0.01516,0.07456,0.47157,-0.29165,-0.05864,0.44262,0.02346,-0.03783,-0.32926,-0.02489,-0.01346,-0.1639,-0.25557,0.34355,0.68771,1.38594,-0.18931,-0.0424,0.17487,0.1376,-0.03808,1.88315,-1.1378,-0.3455,0.00654,0.60785,0.04485,-0.23489,-0.45344,-0.10519,-0.07123,-0.04799,0.84728,0.18639,0.08131,-0.60774,-0.14826,0.05649,0.04223
4.54,0.0012,-0.01531,0.07496,0.47296,-0.29169,-0.05914,0.44189,0.0235,-0.03832,-0.32888,-0.02395,-0.01346,-0.165,-0.25744,0.34144,0.6898,1.38634,-0.19025,-0.04324,0.17433,0.13938,-0.03592,1.88139,-1.13496,-0.34721,0.00627,0.60836,0.04538,-0.23534,-0.45371,-0.10528,-0.07144,-0.04809,0.84941,0.1862,0.07866,-0.60966,-0.14863,0.05655,0.04228
4.56,0.00103,-0.01543,0.07533,0.47415,-0.29141,-0.05952,0.44113,0.02349,-0.03856,-0.32938,-0.02299,-0.01346,-0.16625,-0.25935,0.33902,0.69236,1.38675,-0.19116,-0.04416,0.17316,0.14156,-0.03302,1.87953,-1.13232,-0.34866,0.00605,0.60846,0.04584,-0.23574,-0.45396,-0.10535,-0.07163,-0.04817,0.85099,0.18597,0.07611,-0.61149,-0.14895,0.05663,0.04234
4.58,0.00085,-0.01558,0.07573,0.47547,-0.29115,-0.05996,0.4403,0.02351,-0.03885,-0.32984,-0.02196,-0.01346,-0.16764,-0.26144,0.33658,0.6951,1.38721,-0.19223,-0.0452,0.17189,0.14399,-0.02984,1.87746,-1.12915,-0.35052,0.00563,0.60864,0.04637,-0.23604,-0.45425,-0.10544,-0.07184,-0.04827,0.85289,0.18575,0.07337,-0.61365,-0.14932,0.05671,0.0424
4.6,0.00069,-0.01569,0.07609,0.47662,-0.291,-0.06033,0.43964,0.02349,-0.03916,-0.32992,-0.0211,-0.01346,-0.16865,-0.26309,0.33437,0.69719,1.38756,-0.19297,-0.04594,0.17117,0.14568,-0.02764,1.87582,-1.12701,-0.35165,0.00563,0.60886,0.04677,-0.23658,-0.45447,-0.1055,-0.072,-0.04834,0.85437,0.18553,0.07104,-0.61513,-0.14962,0.05678,0.04245
4.62,0.00064,-0.01571,0.07634,0.47726,-0.291,-0.06046,0.43945,0.02334,-0.03937,-0.32941,-0.02068,-0.01346,-0.16876,-0.26365,0.33267,0.69767,1.3876,-0.19278,-0.04584,0.1716,0.14561,-0.02761,1.87552,-1.12711,-0.35072,0.00685,0.60904,0.04681,-0.23769,-0.4545,-0.10549,-0.07196,-0.04831,0.85451,0.18517,0.06954,-0.61474,-0.14973,0.05687,0.0425
4.64,0.00061,-0.01571,0.07655,0.47773,-0.29107,-0.06051,0.43943,0.02316,-0.03959,-0.32859,-0.02042,-0.01346,-0.1685,-0.26377,0.33121,0.69755,1.38752,-0.19226,-0.04546,0.17253,0.14484,-0.02848,1.87556,-1.12829,-0.34905,0.0085,0.60923,0.04672,-0.23904,-0.45446,-0.10546,-0.07185,-0.04826,0.85419,0.18481,0.06851,-0.61367,-0.14977,0.05695,0.04255
4.66,0.00058,-0.01571,0.07677,0.47828,-0.29107,-0.06059,0.43931,0.02299,-0.03983,-0.32792,-0.02007,-0.01346,-0.16838,-0.26405,0.32964,0.69773,1.38751,-0.1919,-0.04525,0.17325,0.14439,-0.02897,1.87525,-1.12933,-0.3477,0.00993,0.60937,0.04669,-0.24031,-0.45447,-0.10544,-0.07177,-0.04821,0.85403,0.18453,0.06748,-0.61291,-0.14983,0.05703,0.04258
4.68,0.00053,-0.01571,0.07701,0.47883,-0.29124,-0.06067,0.43928,0.02281,-0.03999,-0.32716,-0.0198,-0.01346,-0.16834,-0.26447,0.32807,0.69772,1.38744,-0.19149,-0.04489,0.17397,0.14392,-0.02941,1.87579,-1.12897,-0.34643,0.01147,0.60971,0.04668,-0.24148,-0.4544,-0.10542,-0.07169,-0.04817,0.8541,0.18396,0.06558,-0.61214,-0.14994,0.05714,0.04267
4.7,0.00051,-0.01572,0.07721,0.47934,-0.29107,-0.06074,0.43912,0.02266,-0.04031,-0.32651,-0.0194,-0.01346,-0.16806,-0.2645,0.32656,0.69802,1.38747,-0.1911,-0.04476,0.17479,0.14334,-0.03015,1.87464,-1.1317,-0.34482,0.01288,0.60965,0.04659,-0.24291,-0.45447,-0.10538,-0.0716,-0.04812,0.85359,0.18396,0.06557,-0.61124,-0.14994,0.05718,0.04265
4.72,0.00056,-0.01578,0.07729,0.47981,-0.28989,-0.0608,0.43854,0.0226,-0.04107,-0.32636,-0.01869,-0.01346,-0.16724,-0.2636,0.32519,0.69912,1.38781,-0.19078,-0.04541,0.17583,0.14267,-0.03141,1.86854,-1.14353,-0.34234,0.01391,0.60845,0.04627,-0.24517,-0.45493,-0.1053,-0.07145,-0.04804,0.85148,0.1856,0.07111,-0.61002,-0.14962,0.05702,0.04229
4.74,0.00063,-0.01586,0.07733,0.48025,-0.28838,-0.06085,0.43785,0.02257,-0.04197,-0.32632,-0.01782,-0.01346,-0.1662,-0.26232,0.32387,0.70062,1.38824,-0.19049,-0.04629,0.17696,0.14193,-0.03294,1.86076,-1.15829,-0.33957,0.01478,0.60688,0.04588,-0.24767,-0.45551,-0.10519,-0.0713,-0.04794,0.84883,0.18779,0.07847,-0.60871,-0.1492,0.0568,0.04183
4.76,0.00069,-0.01592,0.0774,0.48069,-0.28706,-0.06091,0.43723,0.02253,-0.0428,-0.32617,-0.01698,-0.01347,-0.16527,-0.26121,0.32249,0.70209,1.38863,-0.19022,-0.04704,0.178,0.1412,-0.03439,1.85385,-1.17119,-0.33702,0.01569,0.60552,0.04554,-0.24998,-0.45603,-0.10509,-0.07115,-0.04785,0.84651,0.18965,0.08472,-0.6075,-0.14884,0.0566,0.04142
4.78,0.00077,-0.01599,0.07746,0.48121,-0.28559,-0.06096,0.43649,0.0225,-0.04367,-0.32627,-0.01637,-0.01347,-0.16427,-0.26012,0.32128,0.70284,1.38903,-0.18979,-0.0479,0.17922,0.14049,-0.0357,1.84647,-1.18637,-0.33408,0.01677,0.60397,0.04513,-0.25262,-0.45659,-0.10498,-0.07099,-0.04775,0.8438,0.19184,0.09219,-0.60601,-0.14843,0.05641,0.04095
4.8,0.00082,-0.01606,0.07751,0.48154,-0.28435,-0.06101,0.43599,0.02246,-0.04449,-0.32588,-0.01521,-0.01347,-0.16337,-0.25889,0.31974,0.70525,1.38942,-0.18971,-0.04859,0.18011,0.13977,-0.03736,1.8397,-1.19746,-0.33187,0.01743,0.60272,0.04484,-0.25463,-0.4571,-0.10489,-0.07085,-0.04767,0.84178,0.19346,0.09755,-0.6051,-0.1481,0.05619,0.0406
4.82,0.00081,-0.01612,0.07757,0.48138,-0.28383,-0.06105,0.43617,0.02239,-0.04506,-0.32417,-0.01263,-0.01347,-0.16298,-0.25731,0.31718,0.71178,1.38972,-0.19063,-0.04882,0.17995,0.13874,-0.03976,1.83479,-1.19672,-0.33181,0.01701,0.60235,0.04487,-0.25484,-0.45748,-0.10485,-0.07076,-0.04763,0.84178,0.19338,0.09661,-0.60589,-0.14803,0.05589,0.04059
4.84,0.00077,-0.01618,0.07762,0.48104,-0.28356,-0.06108,0.43659,0.02232,-0.04557,-0.32196,-0.00948,-0.01347,-0.16269,-0.25562,0.3143,0.72005,1.39001,-0.19189,-0.04886,0.17951,0.13775,-0.04253,1.83056,-1.19173,-0.33248,0.01615,0.60229,0.045,-0.2544,-0.45781,-0.10483,-0.07069,-0.04761,0.84248,0.1927,0.0935,-0.60728,-0.14806,0.05556,0.0407
4.86,0.00074,-0.01624,0.07767,0.48076,-0.28319,-0.0611,0.43692,0.02226,-0.04613,-0.31997,-0.00655,-0.01348,-0.16227,-0.25404,0.31164,0.72778,1.39031,-0.19299,-0.04897,0.17926,0.13691,-0.04522,1.82618,-1.18855,-0.33276,0.01544,0.60209,0.04509,-0.25426,-0.45816,-0.10481,-0.07061,-0.04758,0.84287,0.19229,0.0914,-0.60838,-0.14804,0.05527,0.04076
4.88,0.00073,-0.0163,0.07773,0.48054,-0.28278,-0.06115,0.43718,0.02218,-0.0466,-0.31802,-0.00376,-0.01348,-0.16218,-0.25217,0.30866,0.73448,1.39058,-0.19412,-0.04921,0.17864,0.13534,-0.04752,1.82115,-1.18595,-0.33324,0.01493,0.60185,0.04519,-0.25413,-0.45853,-0.10478,-0.07052,-0.04754,0.84323,0.19189,0.08924,-0.60953,-0.148,0.0549,0.0408
4.9,0.00068,-0.01635,0.07778,0.48016,-0.2825,-0.06115,0.43765,0.02212,-0.04725,-0.31587,-0.00056,-0.01348,-0.16144,-0.25088,0.30627,0.74373,1.3909,-0.19526,-0.04909,0.17889,0.13534,-0.05076,1.81757,-1.18116,-0.3335,0.01391,0.60178,0.04528,-0.2538,-0.45884,-0.10476,-0.07046,-0.04752,0.8438,0.19132,0.08667,-0.61072,-0.14804,0.05468,0.0409
4.92,0.0005,-0.01641,0.07781,0.47938,-0.28256,-0.06108,0.43863,0.02212,-0.04836,-0.31326,0.00379,-0.01348,-0.15892,-0.25113,0.30548,0.75951,1.39143,-0.19647,-0.04818,0.18029,0.13921,-0.05618,1.81837,-1.1706,-0.33304,0.01143,0.60215,0.04532,-0.25303,-0.459,-0.10478,-0.07044,-0.04753,0.84482,0.19042,0.08332,-0.612,-0.14829,0.05494,0.04114
4.94,0.00028,-0.01647,0.07782,0.47843,-0.28275,-0.06096,0.43981,0.02215,-0.04965,-0.31046,0.00852,-0.01349,-0.15573,-0.25196,0.3053,0.77779,1.39199,-0.19765,-0.04689,0.18284,0.14474,-0.06261,1.82047,-1.15811,-0.33234,0.00848,0.60266,0.04535,-0.25208,-0.45909,-0.10482,-0.07045,-0.04755,0.846,0.18937,0.07965,-0.61329,-0.14862,0.05535,0.04144
4.96,9e-05,-0.01652,0.07784,0.47756,-0.28287,-0.06086,0.44092,0.02217,-0.05088,-0.30775,0.01298,-0.01349,-0.15284,-0.25256,0.30489,0.79499,1.39251,-0.19876,-0.04569,0.18573,0.14982,-0.06874,1.82164,-1.14697,-0.33172,0.00585,0.60309,0.04537,-0.25123,-0.45919,-0.10485,-0.07044,-0.04756,0.84704,0.18839,0.07619,-0.61451,-0.14891,0.05568,0.0417
4.98,-0.00013,-0.01659,0.07787,0.47669,-0.28305,-0.06078,0.44197,0.02216,-0.05204,-0.30501,0.01787,-0.01349,-0.15002,-0.25301,0.30428,0.81206,1.39315,-0.20026,-0.04484,0.18492,0.15362,-0.07411,1.82436,-1.13366,-0.33125,0.00277,0.60363,0.04543,-0.25028,-0.45939,-0.10488,-0.07045,-0.04758,0.84837,0.18734,0.07234,-0.61604,-0.14922,0.05606,0.04199
5,-0.00031,-0.01661,0.07788,0.47579,-0.28313,-0.06064,0.4432,0.02221,-0.05337,-0.30231,0.02194,-0.0135,-0.14687,-0.25391,0.30425,0.82991,1.39354,-0.20092,-0.04318,0.19218,0.16044,-0.08141,1.824,-1.1245,-0.33039,0.0005,0.60395,0.04541,-0.24952,-0.45937,-0.10492,-0.07043,-0.04759,0.84914,0.18644,0.06928,-0.61693,-0.14949,0.05638,0.04223
5.02,-0.00041,-0.01648,0.07786,0.47475,-0.28297,-0.06035,0.44483,0.02236,-0.05512,-0.29973,0.02372,-0.0135,-0.14301,-0.25596,0.30566,0.84973,1.39322,-0.19924,-0.03923,0.22077,0.17542,-0.09305,1.81594,-1.12701,-0.3286,0.00085,0.60362,0.04523,-0.24928,-0.4588,-0.10498,-0.07036,-0.04755,0.84836,0.18596,0.06831,-0.61606,-0.14963,0.05658,0.04235
5.04,-0.00048,-0.01629,0.07783,0.47372,-0.28269,-0.05999,0.44664,0.02255,-0.05704,-0.29722,0.02464,-0.0135,-0.13882,-0.25842,0.30765,0.87012,1.39264,-0.19671,-0.0345,0.25757,0.19329,-0.10676,1.80445,-1.13382,-0.32641,0.00199,0.60304,0.04497,-0.24927,-0.45803,-0.10505,-0.07028,-0.04749,0.847,0.18564,0.06817,-0.61456,-0.14971,0.05672,0.04243
5.06,-0.00056,-0.01614,0.0778,0.47275,-0.28245,-0.05967,0.44837,0.02274,-0.05887,-0.29473,0.0259,-0.0135,-0.13474,-0.26066,0.3094,0.88997,1.3922,-0.19457,-0.03023,0.29102,0.20969,-0.12003,1.79385,-1.13886,-0.32435,0.00258,0.60255,0.04473,-0.24917,-0.45736,-0.10512,-0.07021,-0.04744,0.84589,0.18528,0.06778,-0.61336,-0.14981,0.05686,0.04251
5.08,-0.00064,-0.01596,0.07778,0.47147,-0.28231,-0.05933,0.45009,0.02289,-0.06073,-0.292,0.02741,-0.0135,-0.13082,-0.26306,0.31107,0.91118,1.39169,-0.19243,-0.02552,0.32289,0.22692,-0.13119,1.78633,-1.1431,-0.32251,0.0039,0.60219,0.04454,-0.24896,-0.45665,-0.10519,-0.07012,-0.04738,0.84485,0.18482,0.06685,-0.6121,-0.14995,0.05709,0.04265
5.1,-0.00072,-0.01581,0.07775,0.47087,-0.28191,-0.05902,0.45186,0.02311,-0.06257,-0.2898,0.02816,-0.0135,-0.12649,-0.26521,0.31305,0.92957,1.39125,-0.19007,-0.02154,0.36003,0.24296,-0.14725,1.77127,-1.14999,-0.32009,0.00395,0.60147,0.04421,-0.2491,-0.45598,-0.10526,-0.07005,-0.04734,0.84352,0.18458,0.06723,-0.61082,-0.14999,0.05714,0.04267
5.12,-0.0008,-0.01573,0.07771,0.47201,-0.28087,-0.05875,0.45381,0.02349,-0.06419,-0.28898,0.0272,-0.0135,-0.12123,-0.26666,0.31557,0.9406,1.39107,-0.18748,-0.01987,0.40928,0.25623,-0.17615,1.7387,-1.16363,-0.31654,-0.00021,0.59992,0.04364,-0.2496,-0.45539,-0.10535,-0.0701,-0.04737,0.84156,0.18501,0.07129,-0.60961,-0.14977,0.0567,0.04241
5.14,-0.00089,-0.01568,0.07766,0.47386,-0.27956,-0.0585,0.45578,0.02394,-0.06579,-0.2887,0.02546,-0.01351,-0.11555,-0.26781,0.31841,0.94864,1.39096,-0.18469,-0.01896,0.46359,0.26798,-0.20993,1.6982,-1.1797,-0.31236,-0.0056,0.598,0.0429,-0.25054,-0.45486,-0.10543,-0.07015,-0.0474,0.83932,0.18564,0.07659,-0.6084,-0.14945,0.05608,0.04203
5.16,-0.00098,-0.01562,0.07762,0.47549,-0.27831,-0.05826,0.45768,0.02438,-0.06748,-0.28822,0.02397,-0.01351,-0.10997,-0.26903,0.32122,0.95766,1.3908,-0.18191,-0.01765,0.51591,0.27962,-0.2416,1.65963,-1.19433,-0.30824,-0.01008,0.59617,0.04215,-0.2517,-0.45432,-0.10549,-0.07016,-0.04741,0.83719,0.18612,0.08118,-0.60721,-0.14918,0.05556,0.04172
5.18,-0.00104,-0.01555,0.07757,0.47673,-0.27729,-0.05795,0.45985,0.02472,-0.06884,-0.28757,0.02291,-0.01351,-0.10475,-0.27055,0.32358,0.96829,1.39069,-0.17942,-0.01655,0.56734,0.29473,-0.27293,1.62786,-1.21051,-0.30508,-0.01595,0.59462,0.04175,-0.25116,-0.45368,-0.10562,-0.07032,-0.04751,0.83512,0.18683,0.08644,-0.60593,-0.1489,0.05499,0.04137
5.2,-0.00117,-0.01551,0.07753,0.47891,-0.27576,-0.05779,0.46145,0.02528,-0.07087,-0.28737,0.02076,-0.01351,-0.0987,-0.27137,0.32694,0.97485,1.39051,-0.1763,-0.01519,0.62155,0.30224,-0.30604,1.58029,-1.22403,-0.29976,-0.0193,0.59245,0.04059,-0.25414,-0.45327,-0.10562,-0.07019,-0.04744,0.83287,0.18711,0.09058,-0.60485,-0.14863,0.05448,0.04106
5.22,-0.00146,-0.01557,0.0775,0.4837,-0.27273,-0.05807,0.4614,0.02638,-0.07475,-0.28857,0.01586,-0.01351,-0.09041,-0.27043,0.33307,0.9709,1.39011,-0.17139,-0.01304,0.68376,0.28886,-0.34348,1.4895,-1.22916,-0.28863,-0.01469,0.58836,0.03716,-0.2677,-0.45352,-0.10523,-0.06916,-0.04684,0.83005,0.18613,0.09137,-0.60437,-0.14842,0.05418,0.04088
5.24,-0.00181,-0.01565,0.07747,0.48938,-0.26922,-0.05849,0.46078,0.02768,-0.07929,-0.29016,0.00988,-0.01352,-0.08134,-0.26878,0.3402,0.96296,1.38964,-0.16586,-0.01061,0.74823,0.26794,-0.38239,1.38346,-1.23159,-0.27537,-0.00762,0.5837,0.03301,-0.2846,-0.454,-0.10472,-0.06785,-0.04608,0.82708,0.1847,0.09099,-0.60409,-0.14823,0.05396,0.04074
5.26,-0.00214,-0.01572,0.07745,0.49453,-0.26604,-0.05882,0.46047,0.0289,-0.08351,-0.29141,0.00435,-0.01352,-0.07265,-0.26739,0.34684,0.95683,1.38921,-0.16066,-0.00827,0.81064,0.25065,-0.42028,1.28534,-1.23556,-0.26309,-0.00217,0.57948,0.02932,-0.29931,-0.45438,-0.10429,-0.06673,-0.04543,0.82427,0.18348,0.09113,-0.60371,-0.14804,0.05371,0.04059
5.28,-0.00247,-0.0158,0.07741,0.50023,-0.2624,-0.05925,0.45994,0.03012,-0.08783,-0.29338,-0.00106,-0.01352,-0.06377,-0.26626,0.35363,0.95056,1.38875,-0.15525,-0.00612,0.87775,0.2324,-0.46,1.18249,-1.23836,-0.25072,0.0053,0.57451,0.02505,-0.31684,-0.45476,-0.10376,-0.06535,-0.04463,0.82105,0.18224,0.09135,-0.60339,-0.14781,0.05341,0.04041
5.3,-0.00281,-0.01587,0.07739,0.50497,-0.25961,-0.0595,0.45973,0.03136,-0.09207,-0.29394,-0.00693,-0.01352,-0.05517,-0.26445,0.36034,0.94372,1.38833,-0.15013,-0.00349,0.93537,0.21444,-0.49598,1.08636,-1.24287,-0.23807,0.00924,0.57096,0.02181,-0.32929,-0.45517,-0.10341,-0.06443,-0.0441,0.81866,0.18094,0.09111,-0.60298,-0.14767,0.05325,0.04031
5.32,-0.00319,-0.01593,0.07746,0.50704,-0.25923,-0.05926,0.46048,0.03262,-0.09603,-0.29041,-0.01413,-0.01353,-0.04721,-0.26081,0.36671,0.93602,1.38798,-0.1459,0.00057,0.96746,0.19858,-0.52308,1.00929,-1.25327,-0.22478,0.00227,0.5715,0.02163,-0.32684,-0.45563,-0.10365,-0.06483,-0.04438,0.8187,0.17961,0.08994,-0.60228,-0.14777,0.05343,0.04044
5.34,-0.00359,-0.01599,0.07754,0.50807,-0.25972,-0.05881,0.46156,0.03387,-0.09985,-0.28548,-0.02168,-0.01353,-0.03965,-0.25655,0.37294,0.92797,1.38767,-0.14197,0.00509,0.98962,0.18338,-0.54596,0.94026,-1.26541,-0.21136,-0.00822,0.57349,0.02251,-0.31918,-0.45608,-0.10408,-0.06569,-0.04495,0.81956,0.17824,0.08834,-0.60147,-0.14795,0.05375,0.04065
5.36,-0.00396,-0.01604,0.07761,0.50947,-0.25983,-0.05844,0.46252,0.03509,-0.10365,-0.28125,-0.02886,-0.01353,-0.03212,-0.25268,0.37917,0.92026,1.38735,-0.13792,0.00931,1.01554,0.16821,-0.56958,0.86958,-1.27643,-0.19826,-0.01674,0.57478,0.0229,-0.31393,-0.45651,-0.10442,-0.06633,-0.04537,0.82,0.17688,0.08691,-0.60068,-0.14809,0.05402,0.04083
5.38,-0.00441,-0.01613,0.07771,0.51134,-0.25988,-0.05815,0.46336,0.03649,-0.10784,-0.27672,-0.03697,-0.01354,-0.0236,-0.24833,0.38575,0.91161,1.38699,-0.1338,0.01393,1.04488,0.15132,-0.59837,0.78948,-1.28871,-0.18397,-0.02677,0.57619,0.02331,-0.3086,-0.45706,-0.10478,-0.06701,-0.04583,0.82065,0.17551,0.08556,-0.60001,-0.14824,0.05424,0.04099
5.4,-0.0047,-0.01614,0.07774,0.51196,-0.26027,-0.05763,0.46453,0.03749,-0.11116,-0.27253,-0.04318,-0.01354,-0.01731,-0.24484,0.3915,0.90491,1.38674,-0.12988,0.01783,1.06453,0.13832,-0.61522,0.73163,-1.29884,-0.17215,-0.03449,0.57772,0.02393,-0.30217,-0.45735,-0.10514,-0.06771,-0.04628,0.82106,0.17417,0.08395,-0.59908,-0.14839,0.0546,0.04122
5.42,-0.00458,-0.01595,0.07754,0.50959,-0.26142,-0.05654,0.46644,0.03741,-0.11232,-0.26922,-0.04434,-0.01354,-0.0167,-0.24375,0.39541,0.90342,1.38671,-0.1266,0.01957,1.06135,0.13554,-0.60137,0.72909,-1.30255,-0.16732,-0.03518,0.57923,0.02486,-0.29372,-0.4569,-0.10545,-0.06834,-0.04664,0.82056,0.17283,0.08172,-0.59738,-0.14855,0.05531,0.04162
5.44,-0.00429,-0.01569,0.07725,0.50596,-0.26289,-0.05522,0.46867,0.0369,-0.11257,-0.26637,-0.04351,-0.01354,-0.01841,-0.24355,0.39838,0.90397,1.38681,-0.12347,0.02058,1.04844,0.13676,-0.5754,0.74952,-1.30408,-0.16496,-0.0334,0.58081,0.02595,-0.28435,-0.45619,-0.10575,-0.06896,-0.04696,0.8198,0.17153,0.07927,-0.59545,-0.14871,0.05616,0.04209
5.46,-0.00407,-0.01546,0.07701,0.50279,-0.26422,-0.054,0.47081,0.03656,-0.11313,-0.26355,-0.04339,-0.01355,-0.0193,-0.243,0.4015,0.90375,1.3869,-0.12016,0.02195,1.03901,0.1364,-0.55416,0.76226,-1.30664,-0.16142,-0.03265,0.58235,0.02695,-0.27552,-0.45562,-0.10603,-0.06956,-0.04729,0.81917,0.17025,0.07693,-0.5937,-0.14887,0.05696,0.04254
5.48,-0.00391,-0.01522,0.07676,0.50009,-0.26554,-0.0528,0.47274,0.03636,-0.11414,-0.25964,-0.04409,-0.01355,-0.01917,-0.24219,0.40583,0.90283,1.38678,-0.11736,0.02321,1.03331,0.13501,-0.53609,0.76367,-1.30903,-0.15815,-0.03243,0.58398,0.02806,-0.266,-0.45497,-0.10639,-0.07028,-0.04769,0.81853,0.16881,0.0745,-0.59164,-0.14903,0.05773,0.04298
5.5,-0.00357,-0.01499,0.07651,0.4961,-0.26695,-0.05149,0.47518,0.03575,-0.11398,-0.25816,-0.04261,-0.01355,-0.02175,-0.24215,0.40736,0.90388,1.38714,-0.11351,0.02452,1.01755,0.13674,-0.50858,0.79405,-1.3113,-0.15489,-0.03047,0.58541,0.02897,-0.25778,-0.45443,-0.10659,-0.07073,-0.04793,0.81782,0.16772,0.07223,-0.59017,-0.14919,0.05858,0.04345
5.52,-0.00281,-0.01478,0.07628,0.48899,-0.26853,-0.04997,0.4789,0.03413,-0.11098,-0.26308,-0.03556,-0.01355,-0.03091,-0.24403,0.40178,0.90977,1.38881,-0.10685,0.02608,0.97747,0.14588,-0.45813,0.89857,-1.31319,-0.15127,-0.02417,0.58635,0.02931,-0.25344,-0.45428,-0.10633,-0.07048,-0.04776,0.81704,0.16756,0.07032,-0.59028,-0.14936,0.0596,0.04401
5.54,-0.00188,-0.01458,0.07605,0.48061,-0.27018,-0.04834,0.48311,0.03212,-0.1068,-0.27049,-0.02638,-0.01355,-0.0428,-0.24666,0.39332,0.91761,1.39097,-0.09912,0.02773,0.92745,0.15805,-0.39863,1.03139,-1.31511,-0.14755,-0.01621,0.58708,0.02945,-0.25047,-0.45427,-0.10591,-0.06995,-0.04743,0.8162,0.16775,0.06859,-0.59101,-0.14954,0.06069,0.04461
5.56,-0.00101,-0.01437,0.07581,0.47271,-0.2718,-0.04673,0.48712,0.03028,-0.10302,-0.2769,-0.01819,-0.01356,-0.05367,-0.24894,0.38589,0.92468,1.3929,-0.0918,0.02939,0.88131,0.16896,-0.3432,1.15146,-1.31739,-0.1437,-0.00905,0.58787,0.02967,-0.24687,-0.45418,-0.10556,-0.06954,-0.04717,0.81536,0.1678,0.06687,-0.59149,-0.14972,0.06174,0.04519
5.58,-0.00018,-0.01417,0.07558,0.46516,-0.27345,-0.04523,0.49108,0.02843,-0.09978,-0.28277,-0.00983,-0.01356,-0.06366,-0.25127,0.3796,0.93138,1.39485,-0.08475,0.03081,0.83751,0.17954,-0.28744,1.27215,-1.31808,-0.14063,-0.00158,0.58879,0.02996,-0.24326,-0.45412,-0.10521,-0.06917,-0.04693,0.8146,0.16776,0.06476,-0.59181,-0.14989,0.06283,0.04579
5.6,0.00077,-0.01395,0.07535,0.45663,-0.27503,-0.04349,0.49523,0.02653,-0.09515,-0.29033,-0.00136,-0.01356,-0.07612,-0.25368,0.37027,0.93923,1.39688,-0.07693,0.03273,0.78661,0.19147,-0.23045,1.39762,-1.32203,-0.13593,0.00556,0.58941,0.03005,-0.24,-0.45405,-0.10482,-0.06865,-0.0466,0.81368,0.16801,0.06351,-0.59262,-0.15008,0.06385,0.04635
5.62,0.00202,-0.01367,0.07512,0.44546,-0.27637,-0.04104,0.49987,0.02455,-0.08687,-0.30216,0.00701,-0.01357,-0.09479,-0.2561,0.35306,0.95011,1.39902,-0.06675,0.03621,0.71877,0.20645,-0.17186,1.53228,-1.33568,-0.12621,0.0116,0.58922,0.02955,-0.2374,-0.45396,-0.10434,-0.06781,-0.04606,0.81221,0.16886,0.0645,-0.59454,-0.15029,0.06469,0.04682
5.64,0.00339,-0.01338,0.07489,0.43343,-0.27761,-0.03838,0.50465,0.02255,-0.07725,-0.31556,0.01539,-0.01357,-0.11583,-0.25859,0.33292,0.96202,1.40123,-0.05592,0.04016,0.64423,0.22266,-0.11254,1.67007,-1.35249,-0.11495,0.01717,0.58875,0.02886,-0.23512,-0.45387,-0.10382,-0.06683,-0.04545,0.81061,0.16999,0.06634,-0.59695,-0.15051,0.06545,0.04726
5.66,0.00469,-0.0131,0.07466,0.42197,-0.27889,-0.03588,0.50931,0.02059,-0.06831,-0.32811,0.02371,-0.01357,-0.13576,-0.26107,0.31425,0.97325,1.40343,-0.04569,0.04377,0.5726,0.23829,-0.05382,1.80445,-1.36741,-0.10475,0.02279,0.58843,0.0283,-0.23269,-0.45379,-0.10332,-0.06593,-0.04487,0.80916,0.17105,0.06785,-0.5992,-0.15072,0.06623,0.04769
5.68,0.00605,-0.01279,0.07442,0.40967,-0.28022,-0.03308,0.51423,0.01849,-0.059,-0.34132,0.03234,-0.01358,-0.15597,-0.26348,0.29488,0.98545,1.40558,-0.03413,0.0479,0.5009,0.25414,0.00659,1.94842,-1.38424,-0.09303,0.02919,0.58802,0.02753,-0.23031,-0.45369,-0.10279,-0.06496,-0.04425,0.80733,0.17189,0.06917,-0.60119,-0.15095,0.0671,0.04819
5.7,0.00732,-0.01254,0.07422,0.39897,-0.28142,-0.03086,0.51863,0.01667,-0.05019,-0.35347,0.04029,-0.01358,-0.17607,-0.26604,0.27634,0.99581,1.40782,-0.02521,0.05106,0.42822,0.26975,0.06328,2.07252,-1.39785,-0.08409,0.03382,0.58772,0.02717,-0.2279,-0.45362,-0.10233,-0.0641,-0.04372,0.80626,0.17323,0.07105,-0.60384,-0.15114,0.06775,0.04856
5.72,0.00837,-0.01243,0.07413,0.39255,-0.28238,-0.03022,0.52169,0.01562,-0.04277,-0.36251,0.04659,-0.01358,-0.19576,-0.26905,0.26049,1.00109,1.41036,-0.0237,0.05138,0.35177,0.2847,0.11161,2.14301,-1.40174,-0.08329,0.03388,0.58789,0.02804,-0.22497,-0.45365,-0.10209,-0.06356,-0.04344,0.8073,0.17598,0.07447,-0.60825,-0.15119,0.06783,0.04859
5.74,0.00933,-0.01237,0.07408,0.38784,-0.2832,-0.03018,0.52421,0.01486,-0.03595,-0.37036,0.05216,-0.01358,-0.21515,-0.27222,0.24565,1.00443,1.41296,-0.02487,0.05072,0.27514,0.29929,0.15575,2.19289,-1.4023,-0.08533,0.03215,0.58817,0.02932,-0.22203,-0.45372,-0.10193,-0.06314,-0.04326,0.80911,0.17918,0.07838,-0.61329,-0.15119,0.06769,0.04849
5.76,0.01032,-0.01229,0.07402,0.38259,-0.28405,-0.0299,0.52688,0.01398,-0.02904,-0.37861,0.05791,-0.01359,-0.2344,-0.27531,0.23054,1.00847,1.41546,-0.02486,0.05054,0.20038,0.31385,0.2004,2.25072,-1.40442,-0.08601,0.03113,0.58834,0.03038,-0.21931,-0.45376,-0.10174,-0.06267,-0.04304,0.81057,0.1821,0.08192,-0.61799,-0.15121,0.06765,0.04845
5.78,0.01138,-0.01221,0.07394,0.37631,-0.28506,-0.02948,0.52994,0.01303,-0.02134,-0.38752,0.06432,-0.01359,-0.25496,-0.27842,0.21447,1.01329,1.41824,-0.02472,0.05023,0.11773,0.32931,0.25098,2.31458,-1.40643,-0.08693,0.03051,0.58873,0.03159,-0.21572,-0.45384,-0.10153,-0.06217,-0.04281,0.81205,0.18536,0.0861,-0.62295,-0.15122,0.06761,0.04841
5.8,0.01227,-0.01215,0.07391,0.37259,-0.28569,-0.02948,0.53207,0.01231,-0.01544,-0.39472,0.06916,-0.01359,-0.27263,-0.28152,0.20074,1.01601,1.42047,-0.02547,0.04995,0.05167,0.34273,0.2882,2.36101,-1.40783,-0.08803,0.02869,0.58871,0.03259,-0.2139,-0.45385,-0.10137,-0.06177,-0.04262,0.81366,0.18801,0.08907,-0.6275,-0.15125,0.06751,0.04834
5.82,0.01273,-0.01218,0.07401,0.37562,-0.28523,-0.03053,0.53177,0.01216,-0.01432,-0.39771,0.06987,-0.01359,-0.28277,-0.2846,0.19292,1.01336,1.42115,-0.02827,0.04993,0.03066,0.35113,0.28938,2.36387,-1.40834,-0.08897,0.02354,0.58749,0.03288,-0.21727,-0.45363,-0.10128,-0.06157,-0.04252,0.8155,0.18892,0.08852,-0.63099,-0.15135,0.06727,0.04818
5.84,0.01302,-0.01225,0.07415,0.38116,-0.2844,-0.03198,0.53057,0.01224,-0.01501,-0.39896,0.06901,-0.01359,-0.28993,-0.28767,0.18751,1.00867,1.42129,-0.03184,0.04997,0.02653,0.35739,0.27729,2.34999,-1.40832,-0.08998,0.01733,0.58588,0.03296,-0.22236,-0.45334,-0.10123,-0.06147,-0.04247,0.81745,0.1892,0.08674,-0.63402,-0.15146,0.06697,0.04798
5.86,0.01338,-0.0123,0.07427,0.38549,-0.28379,-0.03323,0.5298,0.01221,-0.01493,-0.40084,0.06886,-0.01359,-0.29818,-0.29073,0.18123,1.00492,1.4217,-0.0349,0.05001,0.01527,0.36429,0.27136,2.34407,-1.40852,-0.09096,0.0119,0.5845,0.03317,-0.22646,-0.4531,-0.10116,-0.06135,-0.04241,0.81931,0.18976,0.08557,-0.63714,-0.15155,0.0667,0.04781
5.88,0.01376,-0.01235,0.0744,0.39018,-0.28298,-0.03458,0.52892,0.01223,-0.01466,-0.40335,0.0687,-0.0136,-0.30754,-0.29387,0.17404,1.00101,1.42201,-0.03872,0.04994,0.00179,0.37255,0.26469,2.33593,-1.40869,-0.09206,0.00514,0.58287,0.03327,-0.23143,-0.4528,-0.10108,-0.06113,-0.04229,0.82136,0.19039,0.08422,-0.64077,-0.15169,0.06642,0.04762
5.9,0.01408,-0.01241,0.07451,0.39466,-0.28248,-0.03581,0.52806,0.01219,-0.01519,-0.40416,0.06821,-0.0136,-0.31388,-0.2968,0.16929,0.997,1.42239,-0.04111,0.0501,-0.00315,0.3775,0.25651,2.32872,-1.40885,-0.09288,0.00094,0.58168,0.03353,-0.235,-0.45262,-0.10104,-0.06114,-0.04229,0.82303,0.1907,0.08293,-0.64323,-0.15173,0.06614,0.04745
5.92,0.01428,-0.01247,0.07449,0.39815,-0.28292,-0.03665,0.5274,0.01197,-0.01764,-0.40057,0.06713,-0.0136,-0.31268,-0.29932,0.17081,0.99309,1.42312,-0.03929,0.05096,0.0121,0.37366,0.24712,2.32805,-1.4091,-0.093,0.00381,0.58182,0.03432,-0.23426,-0.45281,-0.10116,-0.0618,-0.04266,0.82367,0.19031,0.08214,-0.64263,-0.15148,0.06586,0.0473
5.94,0.01443,-0.01253,0.07444,0.40131,-0.28369,-0.03735,0.5268,0.01168,-0.0208,-0.39536,0.0658,-0.0136,-0.30855,-0.30159,0.17468,0.98917,1.42394,-0.036,0.05206,0.03519,0.36659,0.23675,2.32901,-1.40937,-0.09279,0.00936,0.58241,0.03527,-0.23206,-0.45312,-0.10133,-0.06269,-0.04315,0.8239,0.18962,0.08143,-0.64087,-0.15114,0.06558,0.04717
5.96,0.01461,-0.01258,0.0744,0.40448,-0.28433,-0.03808,0.52622,0.01141,-0.02352,-0.39099,0.06463,-0.0136,-0.30573,-0.30384,0.17742,0.98532,1.42471,-0.03341,0.05302,0.05422,0.36111,0.22705,2.32943,-1.40964,-0.09267,0.01383,0.58281,0.03612,-0.23056,-0.45336,-0.10147,-0.06345,-0.04357,0.8243,0.18906,0.08065,-0.63961,-0.15084,0.06531,0.04705
5.98,0.01476,-0.01266,0.07437,0.4083,-0.2849,-0.03895,0.52542,0.01119,-0.02679,-0.3861,0.06321,-0.0136,-0.30289,-0.30661,0.18053,0.98109,1.42552,-0.0307,0.0541,0.07603,0.35504,0.21591,2.32845,-1.40983,-0.09286,0.01761,0.58316,0.03707,-0.22897,-0.45366,-0.10163,-0.06431,-0.04404,0.82481,0.1885,0.07996,-0.63842,-0.15051,0.06497,0.04688
6,0.01495,-0.01269,0.07433,0.41067,-0.28567,-0.03949,0.52509,0.01085,-0.02905,-0.38196,0.06226,-0.0136,-0.29944,-0.30826,0.18338,0.9777,1.42627,-0.02787,0.055,0.0936,0.34947,0.20773,2.33091,-1.41021,-0.09229,0.02357,0.58371,0.03787,-0.2272,-0.45387,-0.10175,-0.06501,-0.04443,0.82497,0.18789,0.07913,-0.63684,-0.15023,0.06479,0.0468
6.02,0.01526,-0.01257,0.07426,0.40911,-0.28707,-0.03915,0.52619,0.01021,-0.02836,-0.37999,0.0627,-0.01361,-0.29492,-0.30684,0.18486,0.97657,1.4269,-0.02511,0.0554,0.09832,0.34593,0.20778,2.34327,-1.41106,-0.09004,0.03389,0.58488,0.03826,-0.22513,-0.4538,-0.10179,-0.06516,-0.04451,0.82433,0.18713,0.07777,-0.63429,-0.15011,0.06507,0.04699
6.04,0.01559,-0.01241,0.07418,0.40611,-0.28864,-0.03849,0.52775,0.00946,-0.02662,-0.37888,0.06364,-0.01361,-0.28994,-0.30431,0.18599,0.9763,1.42748,-0.02226,0.05561,0.0983,0.34302,0.21093,2.35898,-1.41209,-0.08698,0.04643,0.58621,0.03849,-0.22293,-0.45364,-0.10179,-0.06512,-0.0445,0.82335,0.18633,0.07629,-0.6314,-0.15005,0.06552,0.04726
6.06,0.01591,-0.01226,0.0741,0.40377,-0.29002,-0.03797,0.529,0.00876,-0.02533,-0.3776,0.06435,-0.01361,-0.28527,-0.30229,0.18731,0.97567,1.42806,-0.01939,0.05589,0.09984,0.33991,0.21285,2.3727,-1.41307,-0.08405,0.0587,0.58735,0.03878,-0.22087,-0.45354,-0.1018,-0.06517,-0.04452,0.82246,0.18559,0.07496,-0.62877,-0.14995,0.06588,0.04749
6.08,0.01624,-0.0121,0.07402,0.40135,-0.29185,-0.03744,0.53065,0.00806,-0.02416,-0.37537,0.06506,-0.01361,-0.28005,-0.30024,0.18859,0.9749,1.42872,-0.01667,0.05626,0.10409,0.33632,0.21402,2.3884,-1.41396,-0.08206,0.06821,0.58896,0.03914,-0.21844,-0.45338,-0.10183,-0.06523,-0.04457,0.8218,0.18467,0.07325,-0.62568,-0.14987,0.06628,0.04775
6.1,0.01656,-0.01197,0.07395,0.39879,-0.2928,-0.03686,0.53159,0.00733,-0.02249,-0.37529,0.06588,-0.01361,-0.27592,-0.29799,0.18982,0.97462,1.42921,-0.01368,0.05639,0.10157,0.33391,0.21743,2.40076,-1.41505,-0.07802,0.0836,0.58965,0.03932,-0.21675,-0.45332,-0.10182,-0.06521,-0.04455,0.82061,0.18413,0.07231,-0.62348,-0.14978,0.06664,0.04797
6.12,0.01685,-0.01192,0.0739,0.39602,-0.2912,-0.03617,0.53037,0.00647,-0.01956,-0.38131,0.06707,-0.01361,-0.27491,-0.29544,0.19105,0.97565,1.42923,-0.00962,0.05588,0.08055,0.33471,0.2268,2.40294,-1.41678,-0.06772,0.11794,0.58763,0.03898,-0.2172,-0.45359,-0.1017,-0.06505,-0.04442,0.81781,0.18459,0.07354,-0.62377,-0.14963,0.0669,0.04809
6.14,0.01713,-0.0119,0.07386,0.3932,-0.28873,-0.03544,0.52843,0.00559,-0.01618,-0.38941,0.06833,-0.01361,-0.27505,-0.29273,0.19222,0.97712,1.4291,-0.00534,0.05512,0.05302,0.33667,0.23823,2.40163,-1.41868,-0.05552,0.15755,0.58472,0.03848,-0.21839,-0.45398,-0.10155,-0.06483,-0.04424,0.81454,0.18544,0.07555,-0.62497,-0.14947,0.06713,0.04817
6.16,0.01741,-0.01188,0.07382,0.39051,-0.28672,-0.03477,0.52687,0.00476,-0.01308,-0.39633,0.06947,-0.01362,-0.2747,-0.29011,0.1934,0.9783,1.42905,-0.00137,0.05447,0.02904,0.338,0.24838,2.40201,-1.42039,-0.04471,0.19258,0.5823,0.03808,-0.21917,-0.45431,-0.10142,-0.06463,-0.04408,0.81164,0.18613,0.0772,-0.62581,-0.14932,0.06735,0.04825
6.18,0.01771,-0.01183,0.07375,0.38731,-0.28441,-0.03394,0.5251,0.00378,-0.00964,-0.40428,0.07102,-0.01362,-0.27417,-0.28738,0.19466,0.97991,1.42895,0.00345,0.05383,0.00237,0.33974,0.2601,2.40214,-1.42255,-0.03169,0.23678,0.57949,0.03754,-0.22023,-0.45467,-0.10128,-0.06443,-0.04391,0.80807,0.18676,0.07888,-0.62643,-0.14914,0.06765,0.04838
6.2,0.01796,-0.01183,0.07374,0.38517,-0.28254,-0.03341,0.5236,0.0031,-0.0068,-0.41055,0.07167,-0.01362,-0.2743,-0.28486,0.19572,0.98071,1.42891,0.00658,0.05314,-0.02011,0.34096,0.26898,2.4018,-1.42384,-0.02277,0.26326,0.5773,0.03726,-0.2209,-0.45499,-0.10115,-0.06424,-0.04377,0.80579,0.1876,0.08066,-0.6277,-0.14902,0.06778,0.04841
6.22,0.01802,-0.01193,0.07389,0.386,-0.28206,-0.0338,0.52284,0.00325,-0.0059,-0.41194,0.07042,-0.01362,-0.27602,-0.28302,0.1964,0.97925,1.42908,0.00476,0.05208,-0.03021,0.33972,0.26959,2.40219,-1.42254,-0.02631,0.23801,0.57703,0.03785,-0.22035,-0.45526,-0.10109,-0.0641,-0.04373,0.80725,0.18909,0.08264,-0.63076,-0.14906,0.06747,0.04819
6.24,0.01802,-0.01207,0.07409,0.38791,-0.28207,-0.03447,0.52241,0.00372,-0.00558,-0.41152,0.06816,-0.01362,-0.27835,-0.28141,0.19685,0.97693,1.42933,0.00125,0.05102,-0.0357,0.33804,0.26725,2.40203,-1.42037,-0.03395,0.195,0.57744,0.03869,-0.21939,-0.45549,-0.10105,-0.06398,-0.04373,0.81002,0.19076,0.08465,-0.6344,-0.14916,0.06699,0.04788
6.26,0.01806,-0.01219,0.07426,0.38932,-0.28192,-0.03496,0.52195,0.00408,-0.0049,-0.41176,0.06599,-0.01362,-0.28034,-0.27967,0.19729,0.97495,1.42956,-0.00136,0.05017,-0.04275,0.337,0.26617,2.40133,-1.41869,-0.03929,0.16106,0.57757,0.03937,-0.21863,-0.45569,-0.10101,-0.06386,-0.04372,0.81215,0.19227,0.0866,-0.63762,-0.14923,0.06659,0.04762
6.28,0.01807,-0.01235,0.07447,0.39073,-0.28151,-0.03566,0.52094,0.00429,-0.00464,-0.41277,0.06538,-0.01362,-0.28263,-0.27803,0.19822,0.97327,1.42969,-0.00452,0.0485,-0.05228,0.33412,0.26541,2.40373,-1.41662,-0.04634,0.12307,0.57755,0.04026,-0.21784,-0.45607,-0.10094,-0.0637,-0.04368,0.81446,0.19414,0.08883,-0.64152,-0.14929,0.06617,0.04733
6.3,0.01813,-0.01242,0.0746,0.39242,-0.28174,-0.036,0.52116,0.00488,-0.00362,-0.41172,0.06128,-0.01363,-0.28442,-0.27624,0.19808,0.9707,1.43005,-0.00695,0.04848,-0.05548,0.335,0.26339,2.3997,-1.41514,-0.05091,0.08924,0.578,0.04077,-0.21701,-0.45608,-0.10093,-0.06364,-0.0437,0.81669,0.19527,0.0904,-0.64413,-0.14939,0.06575,0.04707
6.32,0.01832,-0.01226,0.0745,0.3946,-0.2837,-0.03533,0.5246,0.0064,-0.00069,-0.40521,0.04794,-0.01363,-0.28481,-0.27398,0.19502,0.96635,1.43094,-0.00684,0.0534,-0.04224,0.34597,0.25751,2.37707,-1.41554,-0.047,0.07113,0.57973,0.04018,-0.21617,-0.45508,-0.10104,-0.06387,-0.04385,0.81854,0.19457,0.09065,-0.64314,-0.1496,0.06525,0.04686
6.34,0.01858,-0.01201,0.07432,0.39704,-0.28628,-0.03429,0.52927,0.00828,0.00309,-0.3967,0.03113,-0.01363,-0.28467,-0.27158,0.19091,0.96105,1.43205,-0.00596,0.0599,-0.02277,0.36082,0.25067,2.34821,-1.41654,-0.04058,0.05781,0.5819,0.03919,-0.21531,-0.45373,-0.1012,-0.06419,-0.04405,0.82023,0.19308,0.09015,-0.64083,-0.14987,0.06476,0.04668
6.36,0.01883,-0.0118,0.07417,0.39937,-0.28853,-0.03338,0.53343,0.00999,0.00667,-0.38922,0.0158,-0.01363,-0.28465,-0.26924,0.18731,0.95586,1.43311,-0.00551,0.06542,-0.00618,0.37418,0.24497,2.32284,-1.41722,-0.03571,0.0423,0.58378,0.03836,-0.21447,-0.45254,-0.10134,-0.06447,-0.04423,0.8219,0.19178,0.08961,-0.63906,-0.15013,0.06431,0.04652
6.38,0.01899,-0.01161,0.07406,0.40165,-0.29098,-0.03262,0.53739,0.01173,0.00939,-0.38117,0.00078,-0.01364,-0.28507,-0.26689,0.18355,0.95197,1.43399,-0.00479,0.07206,0.01078,0.38641,0.23616,2.29455,-1.41811,-0.02923,0.02619,0.58604,0.03767,-0.21355,-0.45134,-0.10147,-0.06476,-0.04441,0.82401,0.19116,0.09059,-0.63753,-0.15032,0.06365,0.04623
6.4,0.01935,-0.01135,0.07385,0.40412,-0.29316,-0.03147,0.54205,0.01349,0.01415,-0.37387,-0.01561,-0.01364,-0.28453,-0.26456,0.17987,0.94521,1.43529,-0.00441,0.07674,0.02838,0.40186,0.23367,2.27099,-1.4187,-0.02547,0.01277,0.58761,0.03657,-0.21281,-0.45007,-0.10163,-0.06505,-0.04459,0.82514,0.18897,0.08833,-0.63521,-0.15067,0.06343,0.04621
6.42,0.02023,-0.01092,0.07341,0.40682,-0.29448,-0.02924,0.54836,0.01528,0.02411,-0.36886,-0.03549,-0.01364,-0.28075,-0.26212,0.17685,0.93027,1.4378,-0.00531,0.07568,0.04613,0.42579,0.24847,2.26117,-1.4183,-0.02982,0.00515,0.5873,0.03438,-0.21251,-0.44869,-0.10184,-0.06531,-0.04471,0.82354,0.18223,0.07626,-0.6309,-0.15157,0.06455,0.04697
6.44,0.02131,-0.01043,0.07287,0.40974,-0.29549,-0.02665,0.55532,0.01707,0.03616,-0.36471,-0.0565,-0.01364,-0.27614,-0.25973,0.1739,0.91256,1.44073,-0.00653,0.07259,0.06427,0.45271,0.2697,2.25647,-1.41759,-0.03698,0.00025,0.58626,0.0318,-0.21239,-0.44727,-0.10207,-0.06558,-0.04482,0.82096,0.17398,0.06114,-0.62588,-0.15262,0.06608,0.04798
6.46,0.0223,-0.00997,0.07238,0.4127,-0.2966,-0.02428,0.56196,0.01884,0.04743,-0.36032,-0.07661,-0.01365,-0.2724,-0.25744,0.17079,0.89647,1.44339,-0.00747,0.07038,0.08229,0.47794,0.28826,2.25,-1.41705,-0.04286,-0.00549,0.58549,0.02943,-0.21223,-0.44589,-0.10229,-0.06585,-0.04495,0.81885,0.16666,0.0481,-0.62129,-0.15355,0.06734,0.04882
6.48,0.02326,-0.00948,0.07188,0.41508,-0.29791,-0.02166,0.56876,0.02073,0.058,-0.35524,-0.0985,-0.01365,-0.26663,-0.25464,0.16819,0.87888,1.44635,-0.00895,0.0684,0.10039,0.50479,0.30584,2.241,-1.41643,-0.04872,-0.01272,0.58501,0.02688,-0.21194,-0.44439,-0.10251,-0.06606,-0.04503,0.81664,0.15829,0.0321,-0.6162,-0.15472,0.06895,0.04991
6.5,0.02433,-0.00905,0.07138,0.41874,-0.2987,-0.01948,0.57533,0.02234,0.0705,-0.35183,-0.11686,-0.01365,-0.26484,-0.25291,0.16457,0.86369,1.44886,-0.00938,0.06546,0.11821,0.52884,0.32689,2.23851,-1.41589,-0.05526,-0.01628,0.58372,0.02463,-0.21193,-0.44314,-0.10274,-0.06642,-0.04521,0.81441,0.15176,0.02153,-0.61202,-0.15543,0.06992,0.05053
6.52,0.02568,-0.00876,0.07086,0.42552,-0.29826,-0.0185,0.58139,0.02323,0.08804,-0.35271,-0.12537,-0.01365,-0.27471,-0.2542,0.15789,0.8565,1.44921,-0.00688,0.06012,0.13614,0.54494,0.35686,2.2533,-1.41564,-0.0635,-0.0102,0.58048,0.02316,-0.21291,-0.44258,-0.10292,-0.06713,-0.04563,0.81234,0.15073,0.02706,-0.61036,-0.15482,0.06911,0.04983
6.54,0.02714,-0.00852,0.07035,0.43363,-0.29728,-0.018,0.58713,0.02382,0.10741,-0.35528,-0.13022,-0.01365,-0.28852,-0.25655,0.1502,0.8517,1.44924,-0.00332,0.05394,0.15355,0.55799,0.38995,2.27437,-1.41549,-0.07223,-0.00057,0.57642,0.02203,-0.21413,-0.44229,-0.10311,-0.06799,-0.04615,0.81028,0.15159,0.0381,-0.60967,-0.15374,0.06763,0.04865
6.56,0.02853,-0.00827,0.06985,0.44135,-0.29643,-0.01735,0.59284,0.02451,0.12581,-0.35717,-0.1366,-0.01366,-0.30023,-0.25837,0.1431,0.84535,1.44998,-0.00021,0.0483,0.17052,0.5721,0.42105,2.29223,-1.41531,-0.0804,0.00731,0.57265,0.02085,-0.21507,-0.44188,-0.10331,-0.06882,-0.04665,0.80822,0.15155,0.0464,-0.60863,-0.15289,0.06642,0.04768
6.58,0.02998,-0.00798,0.0693,0.44817,-0.29602,-0.01641,0.59933,0.02534,0.14491,-0.35874,-0.14358,-0.01366,-0.31323,-0.2604,0.13549,0.84085,1.44843,0.0028,0.04189,0.19041,0.58776,0.45483,2.31179,-1.41505,-0.09008,0.01586,0.56919,0.01924,-0.2167,-0.44144,-0.10342,-0.06951,-0.04706,0.80613,0.15161,0.05559,-0.6072,-0.152,0.06536,0.04674
6.6,0.03133,-0.00779,0.06885,0.45717,-0.29459,-0.01619,0.6041,0.02582,0.16292,-0.36134,-0.14842,-0.01366,-0.32448,-0.26225,0.12868,0.83316,1.45144,0.00623,0.03696,0.20405,0.59936,0.48363,2.32923,-1.41498,-0.09671,0.02381,0.56491,0.01858,-0.217,-0.44112,-0.10374,-0.07053,-0.04766,0.80411,0.15193,0.06426,-0.60681,-0.15108,0.06383,0.04563
6.62,0.03238,-0.00787,0.06865,0.47189,-0.29044,-0.0178,0.60426,0.02543,0.1777,-0.36643,-0.14811,-0.01366,-0.33006,-0.26339,0.12445,0.81564,1.46812,0.01078,0.03578,0.20078,0.60091,0.49826,2.33937,-1.41544,-0.09467,0.0294,0.55845,0.02051,-0.21314,-0.44108,-0.10467,-0.07251,-0.0488,0.80217,0.15252,0.07028,-0.60905,-0.15014,0.0611,0.04414
6.64,0.03331,-0.00805,0.06855,0.48873,-0.2853,-0.02012,0.60268,0.02471,0.19126,-0.37246,-0.14577,-0.01366,-0.33372,-0.2643,0.12105,0.79494,1.48918,0.01566,0.0362,0.1912,0.59837,0.50766,2.34713,-1.41608,-0.08955,0.03423,0.55123,0.02337,-0.208,-0.44115,-0.10581,-0.07483,-0.05012,0.80032,0.15331,0.07555,-0.61231,-0.14918,0.05793,0.0425
6.66,0.03428,-0.00819,0.06842,0.50455,-0.28066,-0.02213,0.60186,0.02414,0.20523,-0.378,-0.14441,-0.01367,-0.33817,-0.26528,0.11718,0.77599,1.50756,0.02024,0.03627,0.18434,0.5974,0.5192,2.35591,-1.41663,-0.08589,0.0393,0.54444,0.02576,-0.20372,-0.44119,-0.10684,-0.07696,-0.05134,0.79852,0.154,0.08107,-0.61512,-0.14826,0.05499,0.04095
6.68,0.03532,-0.00831,0.06824,0.52067,-0.27578,-0.02412,0.60116,0.02355,0.21989,-0.38389,-0.14268,-0.01367,-0.34309,-0.26645,0.1136,0.75579,1.52886,0.0255,0.03479,0.17804,0.59754,0.53186,2.36521,-1.41722,-0.08194,0.04497,0.53725,0.02835,-0.19828,-0.44116,-0.10792,-0.07925,-0.05265,0.79636,0.15478,0.08718,-0.61795,-0.14721,0.05189,0.03932
6.7,0.03618,-0.00848,0.06819,0.53663,-0.27119,-0.0263,0.5998,0.02292,0.23279,-0.38922,-0.14128,-0.01367,-0.34652,-0.26716,0.10969,0.73746,1.54513,0.02941,0.03682,0.16914,0.59446,0.54091,2.37275,-1.41777,-0.0779,0.04915,0.53074,0.03075,-0.19495,-0.4413,-0.10895,-0.08127,-0.05381,0.79495,0.15539,0.09182,-0.62092,-0.14644,0.04903,0.03781
6.72,0.03655,-0.00878,0.06853,0.55184,-0.26755,-0.02887,0.59695,0.02229,0.24112,-0.39298,-0.1413,-0.01367,-0.34641,-0.26659,0.10426,0.72482,1.54635,0.02958,0.049,0.15395,0.58318,0.54125,2.37617,-1.41821,-0.0742,0.04934,0.5262,0.03248,-0.19777,-0.44193,-0.10979,-0.08243,-0.05448,0.79559,0.15554,0.0926,-0.62422,-0.14647,0.04691,0.03667
6.74,0.03675,-0.00913,0.06901,0.56674,-0.26426,-0.03158,0.59351,0.02163,0.24768,-0.3961,-0.14172,-0.01367,-0.34483,-0.26557,0.09855,0.71422,1.54237,0.02838,0.0645,0.13647,0.56887,0.53813,2.37785,-1.4186,-0.07056,0.04804,0.52241,0.03398,-0.20277,-0.44272,-0.11056,-0.0833,-0.05499,0.79696,0.15549,0.09189,-0.62758,-0.1468,0.04507,0.03566
6.76,0.03702,-0.00944,0.06943,0.58162,-0.26088,-0.03418,0.5904,0.02097,0.25504,-0.3994,-0.14197,-0.01367,-0.34384,-0.26479,0.09322,0.70284,1.54082,0.02777,0.07791,0.12045,0.55613,0.53659,2.38021,-1.41898,-0.06702,0.04744,0.51835,0.03553,-0.20679,-0.44341,-0.11135,-0.08428,-0.05557,0.79798,0.15548,0.09182,-0.63079,-0.147,0.04312,0.0346
6.78,0.0373,-0.0098,0.06984,0.59729,-0.25717,-0.03702,0.58695,0.02038,0.26241,-0.40322,-0.14214,-0.01367,-0.34311,-0.26387,0.08683,0.69072,1.53915,0.02731,0.0938,0.10242,0.54241,0.53483,2.38296,-1.41949,-0.06284,0.04672,0.51396,0.03732,-0.21072,-0.44423,-0.11221,-0.08534,-0.05619,0.79909,0.15565,0.09189,-0.63456,-0.14719,0.04107,0.03348
6.8,0.03752,-0.01008,0.0703,0.61119,-0.25423,-0.03937,0.58409,0.01963,0.26933,-0.40578,-0.14257,-0.01368,-0.34152,-0.26313,0.08258,0.68071,1.53645,0.02622,0.10533,0.08811,0.53011,0.53277,2.38449,-1.41972,-0.06004,0.0459,0.51045,0.03857,-0.21536,-0.44482,-0.11289,-0.08617,-0.05667,0.80016,0.15543,0.09134,-0.63715,-0.14747,0.03932,0.03253
6.82,0.03759,-0.01014,0.07087,0.62046,-0.25335,-0.04034,0.58304,0.01838,0.27573,-0.40499,-0.14374,-0.01368,-0.33795,-0.26305,0.08423,0.67571,1.53218,0.02363,0.10368,0.08466,0.52219,0.5309,2.38325,-1.41916,-0.06113,0.04525,0.5092,0.03835,-0.22152,-0.44473,-0.1131,-0.08643,-0.05683,0.80102,0.15406,0.08927,-0.63643,-0.14792,0.03831,0.032
6.84,0.03759,-0.01012,0.07148,0.62791,-0.25322,-0.0408,0.58261,0.01698,0.28167,-0.40295,-0.14514,-0.01368,-0.33357,-0.26316,0.08804,0.67284,1.52704,0.02046,0.09759,0.08508,0.51588,0.52884,2.38081,-1.41833,-0.06359,0.04455,0.50881,0.03761,-0.22831,-0.44442,-0.11314,-0.08645,-0.05685,0.80178,0.15231,0.08665,-0.6345,-0.14843,0.0376,0.03164
6.86,0.03763,-0.01014,0.07207,0.63606,-0.25272,-0.04151,0.58188,0.01568,0.28764,-0.40148,-0.14637,-0.01368,-0.32953,-0.26316,0.09088,0.66925,1.5223,0.01759,0.09375,0.08375,0.50905,0.52678,2.37879,-1.41764,-0.06536,0.04383,0.50802,0.03712,-0.23479,-0.44424,-0.11324,-0.08658,-0.05693,0.80253,0.1508,0.08438,-0.63311,-0.1489,0.03677,0.03121
6.88,0.03767,-0.01014,0.07268,0.64474,-0.25233,-0.04218,0.5812,0.01427,0.29434,-0.39994,-0.14788,-0.01368,-0.32556,-0.26324,0.09364,0.6647,1.51738,0.01451,0.08906,0.08227,0.50125,0.52495,2.37721,-1.41687,-0.0674,0.04323,0.50728,0.03655,-0.24147,-0.44396,-0.11338,-0.08672,-0.05702,0.80355,0.14903,0.08166,-0.63178,-0.14945,0.03589,0.03075
6.9,0.03767,-0.01016,0.07327,0.65186,-0.25189,-0.04279,0.58058,0.01305,0.29941,-0.39829,-0.14884,-0.01368,-0.32127,-0.2632,0.0971,0.66263,1.51269,0.01176,0.08505,0.08206,0.49586,0.52264,2.37448,-1.4162,-0.0692,0.04238,0.50664,0.03602,-0.24783,-0.44382,-0.11342,-0.08677,-0.05705,0.80396,0.14771,0.07975,-0.63003,-0.14985,0.03518,0.03038
6.92,0.03759,-0.01026,0.07378,0.65539,-0.25117,-0.04339,0.57993,0.01235,0.30021,-0.39648,-0.14852,-0.01368,-0.31636,-0.26284,0.10198,0.66688,1.50888,0.01005,0.08397,0.08439,0.4969,0.51916,2.36858,-1.41584,-0.07006,0.04079,0.50609,0.03567,-0.25353,-0.44408,-0.11324,-0.08659,-0.05694,0.80269,0.14767,0.08023,-0.62731,-0.14981,0.03484,0.03018
6.94,0.03747,-0.01039,0.07427,0.65738,-0.25036,-0.04395,0.57934,0.01184,0.29935,-0.39464,-0.14756,-0.01368,-0.31116,-0.26233,0.10747,0.67356,1.50536,0.00869,0.08373,0.08787,0.50028,0.51516,2.36159,-1.41559,-0.07063,0.03895,0.50563,0.03538,-0.25883,-0.44447,-0.11298,-0.08632,-0.05678,0.8008,0.14811,0.08155,-0.62422,-0.14961,0.03466,0.03005
6.96,0.03736,-0.01051,0.07478,0.65991,-0.24958,-0.04451,0.57875,0.01124,0.29917,-0.39291,-0.14669,-0.01368,-0.30608,-0.26184,0.11266,0.67911,1.50172,0.00718,0.08313,0.09085,0.50249,0.51138,2.35531,-1.4153,-0.07131,0.03726,0.50514,0.0351,-0.26405,-0.44481,-0.11276,-0.0861,-0.05664,0.79918,0.14836,0.08248,-0.62135,-0.14949,0.03442,0.02989
6.98,0.03729,-0.01062,0.07529,0.66306,-0.24888,-0.04514,0.57807,0.01064,0.29933,-0.39071,-0.1467,-0.01368,-0.30101,-0.26157,0.11805,0.68479,1.498,0.00563,0.08229,0.09388,0.50523,0.50777,2.34817,-1.41499,-0.07212,0.03543,0.50463,0.03466,-0.27035,-0.44512,-0.1125,-0.08583,-0.05648,0.79758,0.14851,0.0834,-0.6182,-0.14937,0.03413,0.02971
7,0.03713,-0.01075,0.07577,0.66456,-0.24797,-0.0456,0.57757,0.0101,0.29836,-0.3895,-0.14468,-0.01368,-0.29588,-0.26081,0.12315,0.6908,1.49452,0.00425,0.08219,0.09704,0.50737,0.50353,2.34249,-1.4147,-0.07257,0.03382,0.50417,0.03455,-0.27435,-0.44551,-0.11232,-0.08564,-0.05637,0.7958,0.14897,0.08457,-0.61556,-0.14919,0.03398,0.0296
7.02,0.03679,-0.01092,0.07621,0.66196,-0.24655,-0.04561,0.57754,0.00974,0.29486,-0.39108,-0.13755,-0.01369,-0.29045,-0.25871,0.12727,0.69676,1.49167,0.00339,0.08422,0.10015,0.50753,0.49906,2.34189,-1.41474,-0.07207,0.03303,0.50384,0.03545,-0.27182,-0.44609,-0.11237,-0.0857,-0.05641,0.79366,0.15012,0.08614,-0.61436,-0.14884,0.03411,0.02968
7.04,0.03637,-0.0111,0.07663,0.65776,-0.24493,-0.04544,0.57767,0.00944,0.29023,-0.39366,-0.12833,-0.01369,-0.28501,-0.25614,0.13108,0.70305,1.48902,0.00266,0.08694,0.10333,0.50696,0.49368,2.34263,-1.41471,-0.07121,0.03243,0.50355,0.03666,-0.26704,-0.44674,-0.11249,-0.08583,-0.0565,0.79136,0.15157,0.08795,-0.6137,-0.14843,0.03437,0.02984
7.06,0.03598,-0.01128,0.07705,0.65427,-0.24338,-0.04534,0.57771,0.00909,0.28598,-0.39577,-0.11983,-0.01369,-0.27974,-0.2538,0.13505,0.7094,1.4863,0.0018,0.08919,0.10654,0.50658,0.48785,2.34231,-1.41452,-0.07049,0.03163,0.50321,0.03767,-0.26348,-0.44736,-0.11256,-0.08591,-0.05655,0.78911,0.15291,0.08973,-0.61281,-0.14806,0.03458,0.02996
7.08,0.03562,-0.01145,0.07748,0.6508,-0.24191,-0.04526,0.57785,0.00885,0.28224,-0.39795,-0.11226,-0.01369,-0.2738,-0.25136,0.13895,0.71488,1.48363,0.00131,0.09211,0.10956,0.5069,0.48578,2.344,-1.41522,-0.06982,0.03133,0.50299,0.03893,-0.25909,-0.44797,-0.11271,-0.08607,-0.05666,0.78689,0.15417,0.09121,-0.61182,-0.14764,0.03479,0.03009
7.1,0.03517,-0.01163,0.07789,0.64693,-0.24022,-0.04512,0.57781,0.00838,0.27716,-0.4002,-0.10229,-0.01369,-0.26921,-0.24902,0.14292,0.72231,1.48075,-0,0.09378,0.11293,0.50551,0.47553,2.34167,-1.41398,-0.06904,0.03002,0.50255,0.03976,-0.25589,-0.44861,-0.11271,-0.08607,-0.05666,0.78461,0.15565,0.09333,-0.61118,-0.1473,0.03502,0.03022
7.12,0.03448,-0.01181,0.07823,0.64239,-0.2379,-0.04482,0.57723,0.00719,0.26908,-0.40273,-0.08594,-0.0137,-0.26853,-0.24702,0.14725,0.73423,1.47851,-0.00299,0.09214,0.11757,0.49991,0.44398,2.32923,-1.40809,-0.06731,0.02598,0.50138,0.03928,-0.25673,-0.44934,-0.11227,-0.08562,-0.05634,0.78205,0.15778,0.09762,-0.61141,-0.14717,0.03524,0.03033
7.14,0.03369,-0.012,0.07854,0.63751,-0.23538,-0.04447,0.57647,0.00577,0.25961,-0.40526,-0.06731,-0.0137,-0.26915,-0.24516,0.15164,0.74826,1.47584,-0.00693,0.08917,0.1225,0.49253,0.40406,2.31247,-1.40016,-0.0656,0.02093,0.50001,0.03839,-0.25881,-0.45009,-0.11168,-0.085,-0.0559,0.77946,0.16011,0.10247,-0.61197,-0.14711,0.03548,0.03044
7.16,0.03294,-0.01218,0.07887,0.63279,-0.23301,-0.04417,0.5758,0.00448,0.2505,-0.40758,-0.04989,-0.0137,-0.26906,-0.24328,0.15592,0.76186,1.47245,-0.01087,0.08663,0.12706,0.48571,0.36726,2.29684,-1.3927,-0.06436,0.01626,0.4988,0.03773,-0.26019,-0.4508,-0.11117,-0.08446,-0.05552,0.77698,0.16228,0.10677,-0.61237,-0.14703,0.03574,0.03056
7.18,0.03221,-0.01237,0.07921,0.628,-0.2304,-0.04379,0.57512,0.00307,0.24251,-0.4108,-0.03162,-0.0137,-0.2695,-0.24116,0.16049,0.77322,1.47276,-0.01302,0.08484,0.13259,0.47992,0.33324,2.28473,-1.38703,-0.06111,0.01183,0.4973,0.03688,-0.26205,-0.45162,-0.11062,-0.08391,-0.05511,0.77412,0.16474,0.11232,-0.61281,-0.14691,0.03589,0.03062
7.2,0.03142,-0.01254,0.07951,0.62327,-0.22823,-0.04355,0.57439,0.00186,0.23187,-0.41215,-0.01464,-0.0137,-0.26908,-0.23962,0.16452,0.78974,1.46546,-0.01907,0.08118,0.13622,0.47157,0.29156,2.26428,-1.37731,-0.06201,0.00675,0.49635,0.03633,-0.26325,-0.45224,-0.11012,-0.08334,-0.05473,0.77202,0.16664,0.11541,-0.61326,-0.14688,0.03627,0.03081
7.22,0.0305,-0.01264,0.07976,0.61898,-0.2274,-0.04373,0.57366,0.00117,0.21435,-0.40827,-0.00142,-0.01371,-0.26648,-0.23945,0.16667,0.82001,1.43557,-0.03616,0.07252,0.13428,0.45673,0.22981,2.22175,-1.3555,-0.07476,-0.00056,0.49699,0.03672,-0.26227,-0.45227,-0.10982,-0.08276,-0.05443,0.77206,0.16692,0.11159,-0.61369,-0.14706,0.03728,0.03139
7.24,0.02951,-0.01272,0.07998,0.61471,-0.22702,-0.04406,0.57285,0.0007,0.19421,-0.40252,0.01034,-0.01371,-0.26287,-0.23991,0.16834,0.85537,1.39835,-0.05704,0.06204,0.13049,0.43936,0.16085,2.17098,-1.32993,-0.09161,-0.00838,0.49817,0.03743,-0.26059,-0.45212,-0.10957,-0.08216,-0.05415,0.77284,0.16662,0.10528,-0.61412,-0.14732,0.03852,0.03211
7.26,0.02854,-0.01281,0.08021,0.6103,-0.22641,-0.04432,0.57199,0.00016,0.17519,-0.39764,0.02253,-0.01371,-0.25938,-0.24024,0.17048,0.88839,1.36558,-0.07588,0.05247,0.12772,0.42308,0.09577,2.12407,-1.307,-0.10633,-0.01551,0.4991,0.03798,-0.25926,-0.45207,-0.1093,-0.08156,-0.05385,0.77323,0.16658,0.10008,-0.61454,-0.14755,0.03967,0.03277
7.28,0.02762,-0.0129,0.08044,0.60645,-0.22591,-0.04462,0.5715,-0.00054,0.1564,-0.39263,0.03582,-0.01371,-0.25736,-0.23992,0.17158,0.92165,1.32808,-0.09615,0.0425,0.12416,0.40701,0.02773,2.0766,-1.28006,-0.12219,-0.02457,0.50006,0.03858,-0.25787,-0.45193,-0.10903,-0.08096,-0.05357,0.77385,0.16654,0.09494,-0.61503,-0.14778,0.04077,0.03341
7.3,0.02657,-0.01299,0.08067,0.60145,-0.22527,-0.04485,0.5702,-0.00083,0.13655,-0.3875,0.04642,-0.01372,-0.25204,-0.24107,0.1747,0.95552,1.29868,-0.11428,0.03297,0.12188,0.3899,-0.03562,2.02832,-1.26059,-0.1366,-0.02978,0.50108,0.03915,-0.2564,-0.45195,-0.10878,-0.08037,-0.05327,0.77415,0.16639,0.08915,-0.61537,-0.148,0.04203,0.03413
7.32,0.02521,-0.01309,0.08087,0.59326,-0.22428,-0.0449,0.56691,-8e-05,0.11409,-0.38209,0.05014,-0.01372,-0.23775,-0.24633,0.18387,0.99043,1.29352,-0.12587,0.02494,0.12279,0.37077,-0.08529,1.98066,-1.26293,-0.14659,-0.02377,0.50223,0.03959,-0.25507,-0.45237,-0.10857,-0.07974,-0.05292,0.77349,0.16596,0.08171,-0.61522,-0.14816,0.0437,0.03507
7.34,0.02372,-0.0132,0.08106,0.58392,-0.22312,-0.04488,0.56279,0.00109,0.09073,-0.3767,0.05117,-0.01372,-0.22021,-0.253,0.19502,1.02565,1.29675,-0.13511,0.01747,0.12516,0.35066,-0.12973,1.9324,-1.27285,-0.1549,-0.01396,0.5034,0.04,-0.25363,-0.45298,-0.10837,-0.07912,-0.05255,0.77247,0.16546,0.07379,-0.61492,-0.1483,0.04552,0.03609
7.36,0.02228,-0.01332,0.08126,0.57511,-0.22194,-0.04488,0.55891,0.00212,0.06798,-0.37157,0.05331,-0.01372,-0.20422,-0.25887,0.20504,1.06031,1.29611,-0.14519,0.00988,0.12741,0.33085,-0.17588,1.88381,-1.2792,-0.16356,-0.00618,0.50449,0.04043,-0.25209,-0.45356,-0.10817,-0.07851,-0.05219,0.77152,0.16506,0.06639,-0.61474,-0.14844,0.04725,0.03706
7.38,0.0209,-0.01339,0.08145,0.56626,-0.2212,-0.04493,0.55557,0.00297,0.04423,-0.36527,0.05586,-0.01372,-0.18786,-0.26543,0.21605,1.09691,1.29547,-0.15634,0.00166,0.12742,0.31152,-0.22523,1.83725,-1.28609,-0.17399,0.00288,0.50586,0.04084,-0.25114,-0.4539,-0.10795,-0.07785,-0.05181,0.77097,0.16435,0.05765,-0.61434,-0.14862,0.04909,0.03809
7.4,0.01936,-0.01356,0.08165,0.55723,-0.2195,-0.04484,0.55093,0.00427,0.02244,-0.36141,0.05695,-0.01373,-0.17157,-0.27086,0.22543,1.12949,1.2969,-0.1647,-0.00509,0.13233,0.29103,-0.26641,1.78669,-1.2935,-0.18041,0.01015,0.50667,0.04127,-0.24898,-0.45479,-0.10777,-0.07729,-0.05148,0.76952,0.16428,0.05161,-0.61437,-0.1487,0.05073,0.039
7.42,0.01743,-0.01397,0.08187,0.54801,-0.21497,-0.04442,0.54277,0.00677,0.00604,-0.36444,0.05466,-0.01375,-0.15559,-0.27307,0.23032,1.15093,1.30209,-0.16559,-0.00788,0.1516,0.26725,-0.28768,1.72312,-1.30234,-0.17518,0.01181,0.50574,0.04191,-0.24313,-0.45725,-0.1077,-0.07705,-0.05132,0.76546,0.16598,0.05326,-0.61554,-0.14849,0.05179,0.03954
7.44,0.01535,-0.01447,0.08209,0.53867,-0.20952,-0.04386,0.53337,0.00969,-0.00828,-0.3699,0.05101,-0.01377,-0.13993,-0.27406,0.23341,1.1683,1.3091,-0.1638,-0.00921,0.17554,0.24243,-0.30065,1.656,-1.31117,-0.16611,0.01149,0.50427,0.04256,-0.23612,-0.46025,-0.10767,-0.0769,-0.05121,0.76056,0.16832,0.05764,-0.61715,-0.14817,0.05263,0.03996
7.46,0.01334,-0.01493,0.0823,0.52937,-0.2046,-0.04335,0.52464,0.01239,-0.02337,-0.37417,0.048,-0.01379,-0.12459,-0.27544,0.23701,1.18752,1.31524,-0.16348,-0.01122,0.19657,0.21827,-0.31646,1.59191,-1.3187,-0.15949,0.0119,0.50313,0.04314,-0.22988,-0.46294,-0.10761,-0.07668,-0.05106,0.7562,0.17037,0.06073,-0.61859,-0.14792,0.05356,0.04043
7.48,0.0113,-0.0154,0.08253,0.52006,-0.19917,-0.0429,0.51538,0.01522,-0.03927,-0.37882,0.04478,-0.01381,-0.10718,-0.27751,0.24198,1.20674,1.32182,-0.16207,-0.01316,0.22097,0.1932,-0.33593,1.52175,-1.3317,-0.15,0.01312,0.50162,0.04399,-0.22262,-0.46589,-0.1076,-0.07657,-0.05098,0.75116,0.17245,0.06401,-0.61989,-0.1476,0.05456,0.04093
7.5,0.0093,-0.01586,0.08273,0.5108,-0.19462,-0.04228,0.50699,0.01788,-0.05292,-0.38323,0.04172,-0.01383,-0.09419,-0.27788,0.24366,1.22498,1.32782,-0.16225,-0.0149,0.23944,0.16991,-0.34599,1.46348,-1.33356,-0.14541,0.01216,0.50076,0.04427,-0.21719,-0.46843,-0.10749,-0.07625,-0.05077,0.74734,0.1746,0.06755,-0.6216,-0.14741,0.05535,0.04133
7.52,0.00744,-0.01625,0.08281,0.50141,-0.19259,-0.04119,0.50106,0.02003,-0.06118,-0.38649,0.03934,-0.01385,-0.09323,-0.27366,0.23651,1.24175,1.33166,-0.16834,-0.01658,0.2405,0.15083,-0.33117,1.43815,-1.30174,-0.15697,0.00531,0.5017,0.04299,-0.21725,-0.46981,-0.10704,-0.07528,-0.05019,0.74693,0.17684,0.07122,-0.62439,-0.14761,0.05562,0.04151
7.54,0.00564,-0.0166,0.08285,0.49214,-0.19152,-0.03993,0.4961,0.02198,-0.06717,-0.38939,0.03718,-0.01386,-0.09672,-0.26781,0.22614,1.25762,1.33482,-0.17599,-0.01808,0.23542,0.13378,-0.30738,1.42504,-1.2592,-0.17333,-0.00364,0.50332,0.04114,-0.21916,-0.47074,-0.10648,-0.07409,-0.04948,0.74779,0.17912,0.07503,-0.62757,-0.14794,0.05569,0.04159
7.56,0.00383,-0.01696,0.08291,0.48301,-0.19012,-0.03876,0.49087,0.02397,-0.07398,-0.39237,0.03496,-0.01388,-0.09827,-0.26283,0.21736,1.27374,1.33831,-0.18237,-0.01956,0.23309,0.11645,-0.28835,1.40682,-1.22351,-0.18638,-0.01145,0.5047,0.03955,-0.22012,-0.4718,-0.10599,-0.07301,-0.04884,0.74817,0.18134,0.07871,-0.63055,-0.14822,0.05582,0.04171
7.58,0.00195,-0.01739,0.083,0.47306,-0.18825,-0.03753,0.48487,0.02617,-0.08162,-0.39578,0.0325,-0.01389,-0.09952,-0.25727,0.20794,1.29039,1.34177,-0.19101,-0.02142,0.23106,0.09637,-0.26614,1.38663,-1.17958,-0.20394,-0.02009,0.5058,0.03796,-0.22151,-0.4732,-0.10544,-0.07189,-0.04817,0.74815,0.18372,0.08281,-0.63365,-0.14849,0.05604,0.04187
7.6,0.00022,-0.01765,0.083,0.46485,-0.18758,-0.03639,0.48073,0.02788,-0.08702,-0.39817,0.03062,-0.0139,-0.10239,-0.25256,0.19914,1.30577,1.3451,-0.1954,-0.02248,0.22693,0.08249,-0.24851,1.37345,-1.15014,-0.21344,-0.02748,0.50762,0.03624,-0.22244,-0.47378,-0.10499,-0.07081,-0.04753,0.74923,0.18579,0.086,-0.63658,-0.1488,0.05605,0.04192
7.62,-0.00114,-0.01742,0.08283,0.46144,-0.19009,-0.03555,0.48161,0.02827,-0.08672,-0.39785,0.03039,-0.01391,-0.10906,-0.2505,0.1925,1.31814,1.34828,-0.18704,-0.02128,0.21806,0.08537,-0.24611,1.37708,-1.16449,-0.19842,-0.03094,0.51142,0.03424,-0.22188,-0.47208,-0.10482,-0.06984,-0.04701,0.75332,0.18703,0.08698,-0.63903,-0.14925,0.0555,0.04165
7.64,-0.00234,-0.01703,0.08257,0.45976,-0.19375,-0.03481,0.48431,0.02817,-0.08428,-0.3965,0.03074,-0.01391,-0.11712,-0.24939,0.18666,1.32925,1.35132,-0.17448,-0.01932,0.20734,0.09438,-0.2486,1.38729,-1.19359,-0.17535,-0.03305,0.51589,0.03216,-0.22076,-0.46958,-0.10476,-0.06893,-0.04653,0.75843,0.18796,0.08697,-0.64125,-0.14972,0.05477,0.04129
7.66,-0.0036,-0.01672,0.08233,0.45725,-0.19679,-0.03403,0.4861,0.02829,-0.08289,-0.39561,0.03079,-0.01391,-0.12426,-0.24792,0.18069,1.34079,1.35437,-0.16426,-0.0178,0.19771,0.10049,-0.24865,1.39421,-1.2152,-0.15673,-0.03574,0.51996,0.03018,-0.21973,-0.4675,-0.10466,-0.06802,-0.04606,0.7629,0.18904,0.08719,-0.6435,-0.15012,0.05416,0.04099
7.68,-0.00493,-0.01636,0.08216,0.45492,-0.20026,-0.03321,0.48828,0.02839,-0.08112,-0.39474,0.03101,-0.01391,-0.13277,-0.2461,0.17363,1.35288,1.35765,-0.15229,-0.01589,0.18682,0.1072,-0.24932,1.4028,-1.23978,-0.13498,-0.03861,0.52448,0.02791,-0.21942,-0.46515,-0.10454,-0.06697,-0.0455,0.76816,0.19009,0.08835,-0.64612,-0.15075,0.05337,0.0406
7.7,-0.00608,-0.01607,0.08183,0.45263,-0.2031,-0.0325,0.49007,0.02843,-0.07965,-0.39359,0.03101,-0.01391,-0.1387,-0.24524,0.16904,1.36355,1.36042,-0.14293,-0.01459,0.17817,0.11405,-0.24996,1.40936,-1.2618,-0.11775,-0.04078,0.5282,0.02621,-0.2175,-0.46319,-0.10449,-0.06624,-0.04512,0.772,0.19114,0.08733,-0.64788,-0.15093,0.05292,0.04037
7.72,-0.0068,-0.01599,0.08115,0.44988,-0.2038,-0.03203,0.49018,0.02847,-0.07965,-0.39194,0.03031,-0.01391,-0.1372,-0.24686,0.17125,1.37044,1.36178,-0.14195,-0.01524,0.17628,0.11993,-0.24938,1.40823,-1.27333,-0.11521,-0.0413,0.52951,0.02618,-0.21075,-0.46251,-0.10463,-0.06639,-0.04525,0.77161,0.19221,0.08037,-0.64749,-0.14981,0.05342,0.04059
7.74,-0.00735,-0.01598,0.0803,0.44711,-0.20382,-0.03167,0.48984,0.02847,-0.08003,-0.39005,0.02937,-0.01391,-0.13304,-0.24939,0.17589,1.37597,1.36263,-0.14372,-0.0165,0.17669,0.1257,-0.24862,1.40488,-1.28181,-0.11744,-0.04115,0.53001,0.0267,-0.20248,-0.46226,-0.10483,-0.06685,-0.04555,0.76975,0.19331,0.07128,-0.64622,-0.14825,0.05427,0.04098
7.76,-0.00797,-0.01593,0.07952,0.44442,-0.20421,-0.03128,0.48979,0.02847,-0.0802,-0.38826,0.02852,-0.01391,-0.13007,-0.25145,0.17933,1.38221,1.36374,-0.14414,-0.01741,0.17599,0.13143,-0.24796,1.40279,-1.29163,-0.11732,-0.04131,0.53092,0.02689,-0.19522,-0.46183,-0.105,-0.06715,-0.04575,0.76857,0.19443,0.06328,-0.64525,-0.14695,0.05499,0.04131
7.78,-0.00861,-0.0159,0.07879,0.44152,-0.20439,-0.03081,0.48946,0.02852,-0.08047,-0.38648,0.02775,-0.01391,-0.12726,-0.25378,0.18321,1.38799,1.36478,-0.14485,-0.01857,0.17552,0.13776,-0.24742,1.39978,-1.30214,-0.11769,-0.04138,0.53167,0.02742,-0.18658,-0.46129,-0.10521,-0.06755,-0.04603,0.76737,0.19542,0.05474,-0.6447,-0.14541,0.05559,0.04156
7.8,-0.00916,-0.01586,0.0779,0.43903,-0.20484,-0.03054,0.48959,0.02848,-0.08064,-0.38463,0.02677,-0.01391,-0.12344,-0.25577,0.18672,1.39444,1.3658,-0.14567,-0.01938,0.17514,0.14274,-0.24648,1.39819,-1.31031,-0.11829,-0.04151,0.53256,0.02736,-0.18046,-0.46109,-0.10535,-0.0678,-0.0462,0.76586,0.19668,0.04683,-0.64306,-0.14426,0.05653,0.04202
7.82,-0.0095,-0.01576,0.07664,0.43764,-0.20614,-0.03071,0.49101,0.02819,-0.08048,-0.38269,0.02528,-0.01391,-0.11774,-0.25647,0.18875,1.40285,1.36741,-0.14616,-0.01912,0.17436,0.14386,-0.24475,1.40011,-1.31266,-0.11832,-0.04193,0.53399,0.0255,-0.18165,-0.46172,-0.10524,-0.06754,-0.04603,0.76371,0.19867,0.04113,-0.63855,-0.14425,0.05837,0.04306
7.84,-0.00975,-0.01564,0.0752,0.43667,-0.20775,-0.03108,0.49293,0.02783,-0.08021,-0.38069,0.0236,-0.01391,-0.11107,-0.25683,0.19028,1.41202,1.36896,-0.14669,-0.0185,0.17362,0.14363,-0.24254,1.40368,-1.3127,-0.11846,-0.04243,0.5356,0.02302,-0.18543,-0.46267,-0.10504,-0.06711,-0.04574,0.76131,0.20094,0.03613,-0.63298,-0.14465,0.06055,0.04431
7.86,-0.01004,-0.01554,0.07383,0.43553,-0.20928,-0.0314,0.4947,0.02752,-0.08,-0.3787,0.02202,-0.01392,-0.10471,-0.25741,0.19193,1.42098,1.37019,-0.1472,-0.01803,0.17289,0.14407,-0.24032,1.40706,-1.31383,-0.11859,-0.04292,0.53717,0.02084,-0.18806,-0.46347,-0.10489,-0.06675,-0.04551,0.75912,0.2031,0.03084,-0.62794,-0.14487,0.06254,0.04545
7.88,-0.01035,-0.01543,0.07253,0.4343,-0.21052,-0.03154,0.49613,0.02713,-0.07979,-0.37679,0.0204,-0.01392,-0.09886,-0.25772,0.19412,1.42934,1.37279,-0.14781,-0.01764,0.17206,0.1442,-0.23904,1.40798,-1.31476,-0.11868,-0.04332,0.53852,0.01862,-0.19054,-0.46431,-0.10474,-0.06642,-0.04528,0.75651,0.2052,0.02538,-0.62267,-0.14504,0.06467,0.04667
7.9,-0.01059,-0.01532,0.07103,0.43335,-0.21246,-0.0321,0.4984,0.02688,-0.07953,-0.3747,0.0188,-0.01392,-0.09166,-0.25855,0.19504,1.43914,1.37262,-0.14821,-0.017,0.17151,0.14475,-0.23571,1.41447,-1.31552,-0.11888,-0.04388,0.54038,0.01632,-0.19394,-0.46513,-0.10455,-0.06598,-0.04501,0.7547,0.20747,0.02046,-0.61761,-0.14541,0.06658,0.04776
7.92,-0.01067,-0.01522,0.06909,0.43322,-0.2162,-0.03382,0.5027,0.02697,-0.07915,-0.37204,0.01733,-0.01392,-0.08177,-0.26031,0.19259,1.45258,1.36412,-0.14774,-0.01548,0.1708,0.14588,-0.22658,1.43579,-1.31695,-0.11866,-0.04537,0.54366,0.01397,-0.19941,-0.46595,-0.10427,-0.06525,-0.04461,0.7553,0.21032,0.01694,-0.6136,-0.14626,0.06786,0.0485
7.94,-0.01068,-0.01512,0.06694,0.43333,-0.22065,-0.03594,0.50785,0.0272,-0.07871,-0.36921,0.01587,-0.01392,-0.07038,-0.26271,0.18888,1.46746,1.35297,-0.14709,-0.01374,0.17054,0.14764,-0.21546,1.46265,-1.31818,-0.11861,-0.04695,0.54743,0.01157,-0.20566,-0.46672,-0.10396,-0.06441,-0.04417,0.75667,0.2133,0.01396,-0.60978,-0.14729,0.06889,0.04911
7.96,-0.01072,-0.01501,0.06484,0.43324,-0.22481,-0.03787,0.51272,0.02739,-0.07828,-0.3665,0.01438,-0.01392,-0.05921,-0.26522,0.1857,1.48181,1.34352,-0.14672,-0.01229,0.17062,0.14968,-0.2054,1.48712,-1.31916,-0.11891,-0.04812,0.55096,0.00919,-0.21146,-0.46746,-0.10368,-0.06364,-0.04376,0.7576,0.21613,0.01069,-0.60572,-0.14823,0.07001,0.04976
7.98,-0.01078,-0.01495,0.06293,0.43355,-0.22885,-0.03987,0.51716,0.02749,-0.0779,-0.36362,0.01299,-0.01392,-0.0501,-0.26603,0.1826,1.49575,1.332,-0.14556,-0.01008,0.16829,0.14928,-0.19459,1.51128,-1.32152,-0.11751,-0.05078,0.5546,0.00679,-0.21783,-0.46845,-0.10334,-0.06279,-0.0433,0.75893,0.21937,0.00758,-0.60229,-0.14921,0.07126,0.05049
8,-0.01077,-0.01479,0.06058,0.43311,-0.2333,-0.0418,0.52271,0.02781,-0.0774,-0.36104,0.01141,-0.01392,-0.03617,-0.27054,0.17914,1.51075,1.32413,-0.14594,-0.00936,0.17123,0.15412,-0.18495,1.53717,-1.32093,-0.11959,-0.05046,0.55811,0.00444,-0.22307,-0.46888,-0.10311,-0.06208,-0.04293,0.7596,0.22176,0.00431,-0.5976,-0.15014,0.07216,0.05102
8.02,-0.01061,-0.01437,0.05717,0.43033,-0.23871,-0.04343,0.53104,0.02878,-0.07665,-0.35954,0.0092,-0.01392,-0.01077,-0.28491,0.17426,1.52941,1.32727,-0.15123,-0.01305,0.18736,0.17335,-0.17843,1.56819,-1.31304,-0.132,-0.04083,0.56124,0.00215,-0.22586,-0.46781,-0.10315,-0.06172,-0.04274,0.75829,0.22192,0.00013,-0.5893,-0.15094,0.07212,0.05099
8.04,-0.01037,-0.01384,0.05332,0.42683,-0.24449,-0.04497,0.54048,0.02997,-0.07575,-0.35832,0.00683,-0.01393,0.0197,-0.30299,0.16923,1.54888,1.3341,-0.15797,-0.01819,0.209,0.19782,-0.17325,1.60044,-1.30212,-0.14775,-0.02838,0.5642,-7e-05,-0.22734,-0.46617,-0.1033,-0.06154,-0.04264,0.75628,0.22119,-0.00415,-0.57973,-0.15166,0.07174,0.05077
8.06,-0.01016,-0.01336,0.04962,0.42381,-0.25008,-0.04656,0.54948,0.03103,-0.07488,-0.35683,0.00459,-0.01393,0.04883,-0.3195,0.16478,1.56729,1.33903,-0.16365,-0.02247,0.22896,0.21987,-0.16786,1.631,-1.29196,-0.16148,-0.01796,0.5672,-0.00225,-0.2288,-0.46477,-0.10342,-0.06134,-0.04254,0.75455,0.22078,-0.00814,-0.57078,-0.15235,0.07153,0.05065
8.08,-0.00998,-0.01291,0.04611,0.4202,-0.25581,-0.04814,0.55824,0.03222,-0.07419,-0.35592,0.00209,-0.01393,0.07399,-0.33558,0.15811,1.58871,1.34482,-0.17104,-0.02759,0.24552,0.24214,-0.16076,1.66654,-1.28408,-0.17737,-0.00449,0.5704,-0.0047,-0.23279,-0.46344,-0.10344,-0.06086,-0.04227,0.75301,0.22076,-0.01313,-0.56166,-0.15331,0.07124,0.05048
8.1,-0.00971,-0.01236,0.0421,0.41761,-0.26131,-0.04969,0.56774,0.03319,-0.07307,-0.35391,0.00011,-0.01393,0.10855,-0.35337,0.15604,1.60397,1.34973,-0.1752,-0.03131,0.27041,0.26515,-0.15752,1.6919,-1.27113,-0.1895,0.00344,0.57311,-0.0066,-0.23131,-0.46184,-0.1037,-0.061,-0.04238,0.75089,0.2197,-0.01607,-0.55261,-0.1537,0.07105,0.05036
8.12,-0.0092,-0.01155,0.03691,0.41808,-0.26628,-0.05126,0.57908,0.03352,-0.07085,-0.34853,-0.00045,-0.01393,0.16829,-0.3755,0.16685,1.60254,1.35116,-0.17006,-0.03079,0.31735,0.28906,-0.16491,1.68905,-1.24138,-0.19094,-0.00581,0.5748,-0.0067,-0.21407,-0.45967,-0.10461,-0.06293,-0.04357,0.74745,0.21606,-0.01328,-0.54385,-0.15252,0.07127,0.05044
8.14,-0.0086,-0.01064,0.03124,0.41957,-0.27098,-0.05279,0.5911,0.03362,-0.06819,-0.3421,-0.00046,-0.01393,0.23718,-0.39912,0.18227,1.5948,1.35158,-0.16164,-0.02882,0.37238,0.31349,-0.17607,1.67587,-1.20722,-0.18841,-0.02051,0.57595,-0.00631,-0.19155,-0.45726,-0.10575,-0.06547,-0.04514,0.74343,0.21138,-0.00843,-0.53525,-0.15078,0.0716,0.05059
8.16,-0.00803,-0.00978,0.02576,0.42053,-0.2757,-0.05428,0.60279,0.0338,-0.06569,-0.33631,-0.00067,-0.01393,0.30162,-0.4217,0.19554,1.58958,1.35261,-0.15474,-0.02755,0.42352,0.33757,-0.18533,1.66727,-1.17747,-0.18733,-0.0319,0.57717,-0.00636,-0.17206,-0.45497,-0.10677,-0.06767,-0.04649,0.73958,0.20713,-0.00448,-0.5267,-0.14931,0.07187,0.05069
8.18,-0.00749,-0.00891,0.02039,0.42176,-0.28089,-0.05601,0.61465,0.03408,-0.06335,-0.32981,-0.00112,-0.01393,0.36765,-0.44595,0.20915,1.58577,1.35327,-0.1477,-0.02621,0.47591,0.36229,-0.1955,1.65913,-1.13771,-0.18779,-0.04666,0.57912,-0.0055,-0.14986,-0.45262,-0.10788,-0.07014,-0.04803,0.7361,0.20303,-0.00057,-0.51757,-0.1478,0.0722,0.05084
8.2,-0.00686,-0.00802,0.01467,0.42268,-0.28501,-0.05725,0.62627,0.0341,-0.06057,-0.32459,-0.00093,-0.01393,0.43227,-0.46702,0.22301,1.57761,1.35424,-0.14023,-0.02459,0.52735,0.38575,-0.20457,1.64765,-1.11746,-0.18415,-0.05581,0.57942,-0.0064,-0.13205,-0.45035,-0.10886,-0.07219,-0.04926,0.73173,0.19836,0.00377,-0.50973,-0.14623,0.07243,0.05093
8.22,-0.00597,-0.00708,0.00815,0.4225,-0.28634,-0.05709,0.63718,0.03339,-0.05664,-0.32276,0.00081,-0.01394,0.4926,-0.47887,0.23753,1.55819,1.35769,-0.13176,-0.02307,0.57572,0.40553,-0.21037,1.62872,-1.15516,-0.16911,-0.04739,0.5754,-0.01238,-0.12767,-0.4483,-0.10943,-0.07293,-0.04958,0.72514,0.19257,0.00999,-0.50528,-0.14454,0.07221,0.05075
8.24,-0.00499,-0.00612,0.00129,0.42199,-0.28658,-0.05646,0.6478,0.03243,-0.05229,-0.32232,0.0032,-0.01394,0.55082,-0.48744,0.25194,1.53478,1.36127,-0.12307,-0.02125,0.6225,0.42401,-0.21479,1.60692,-1.21211,-0.15023,-0.03329,0.56972,-0.02013,-0.12787,-0.44635,-0.10986,-0.07323,-0.04957,0.71768,0.18622,0.01639,-0.50216,-0.14283,0.07191,0.05053
8.26,-0.00404,-0.00518,-0.00541,0.42163,-0.28724,-0.0561,0.65848,0.03163,-0.04814,-0.32152,0.00535,-0.01394,0.60883,-0.49754,0.2657,1.5137,1.36379,-0.11492,-0.01921,0.66901,0.44314,-0.21941,1.58693,-1.25827,-0.13378,-0.0223,0.56474,-0.02701,-0.12597,-0.44441,-0.11034,-0.07371,-0.04971,0.71058,0.17996,0.02186,-0.49854,-0.14118,0.07175,0.05039
8.28,-0.00311,-0.00418,-0.01214,0.42131,-0.28822,-0.0555,0.66952,0.03063,-0.04391,-0.31956,0.00727,-0.01394,0.67219,-0.50755,0.28259,1.49018,1.37028,-0.10486,-0.01853,0.72012,0.46212,-0.22601,1.56444,-1.31284,-0.11434,-0.00925,0.55999,-0.03414,-0.12397,-0.44225,-0.11088,-0.07428,-0.04986,0.7036,0.17429,0.03078,-0.49451,-0.13928,0.07119,0.05002
8.3,-0.00213,-0.00331,-0.01888,0.42081,-0.28827,-0.05529,0.67971,0.02998,-0.03976,-0.32035,0.00981,-0.01394,0.72367,-0.51694,0.29286,1.47092,1.36884,-0.09868,-0.01509,0.76102,0.48101,-0.22805,1.54663,-1.3546,-0.10022,0.00092,0.55437,-0.04119,-0.12332,-0.44056,-0.11128,-0.07455,-0.0499,0.69619,0.16735,0.03278,-0.49165,-0.1379,0.0714,0.05009
8.32,-0.00103,-0.00282,-0.0256,0.41988,-0.28604,-0.05629,0.68782,0.03039,-0.03579,-0.32841,0.014,-0.01394,0.74369,-0.52559,0.285,1.46381,1.34272,-0.1041,-0.00295,0.77535,0.50069,-0.21844,1.54217,-1.35561,-0.10213,0.00166,0.54664,-0.04758,-0.12537,-0.44016,-0.11132,-0.07407,-0.04968,0.68772,0.15649,0.01338,-0.49174,-0.13813,0.07398,0.05149
8.34,0.0001,-0.00247,-0.03232,0.41878,-0.28292,-0.05768,0.69505,0.03116,-0.03194,-0.33917,0.01877,-0.01395,0.75162,-0.5337,0.27046,1.46121,1.3091,-0.11332,0.01177,0.7792,0.52019,-0.20418,1.54257,-1.34313,-0.1095,-0.00067,0.53811,-0.05382,-0.12861,-0.44022,-0.11123,-0.0733,-0.04937,0.67886,0.14448,-0.0126,-0.49295,-0.13885,0.07729,0.05331
8.36,0.0012,-0.00206,-0.03901,0.41776,-0.28021,-0.05887,0.70255,0.03174,-0.02811,-0.34869,0.02321,-0.01395,0.76447,-0.54198,0.25885,1.45702,1.28075,-0.12028,0.02454,0.787,0.53934,-0.19161,1.54104,-1.33737,-0.1141,-0.00151,0.53,-0.06013,-0.13128,-0.44006,-0.11121,-0.07267,-0.0491,0.67022,0.13335,-0.03408,-0.49362,-0.13924,0.0801,0.05484
8.38,0.00238,-0.00164,-0.04582,0.41669,-0.27742,-0.06015,0.71057,0.03241,-0.02393,-0.35838,0.02795,-0.01395,0.77967,-0.55048,0.24762,1.45093,1.24468,-0.12945,0.0405,0.79817,0.56032,-0.18071,1.53844,-1.3301,-0.11968,-0.00253,0.52161,-0.0665,-0.1343,-0.43995,-0.11114,-0.07197,-0.04881,0.66138,0.12067,-0.06185,-0.49447,-0.1401,0.08361,0.05678
8.4,0.00339,-0.00126,-0.05239,0.41571,-0.2746,-0.06135,0.7173,0.03299,-0.02052,-0.3683,0.03219,-0.01395,0.78716,-0.55839,0.23407,1.44968,1.22274,-0.13497,0.05052,0.79987,0.57741,-0.16536,1.539,-1.32215,-0.12468,-0.00403,0.51362,-0.07267,-0.13673,-0.43985,-0.11115,-0.07137,-0.04856,0.65288,0.11094,-0.07821,-0.4952,-0.1401,0.08585,0.05798
8.42,0.00395,-0.00096,-0.05837,0.41501,-0.2719,-0.0622,0.72078,0.03326,-0.01916,-0.37841,0.03497,-0.01395,0.77619,-0.56524,0.21528,1.46278,1.24321,-0.12915,0.04279,0.77771,0.58422,-0.13787,1.54947,-1.31909,-0.12583,-0.00554,0.50683,-0.07855,-0.13784,-0.43966,-0.11139,-0.07103,-0.04844,0.64533,0.1098,-0.0604,-0.4953,-0.13748,0.08428,0.05696
8.44,0.00434,-0.00069,-0.0641,0.41442,-0.26921,-0.06298,0.72298,0.03344,-0.01858,-0.38862,0.03722,-0.01395,0.75792,-0.57145,0.19448,1.48025,1.27788,-0.1196,0.02912,0.74644,0.58706,-0.10626,1.56258,-1.31526,-0.12634,-0.00754,0.50049,-0.08418,-0.13819,-0.43947,-0.11173,-0.07083,-0.04839,0.63816,0.11163,-0.03109,-0.49522,-0.134,0.08143,0.0552
8.46,0.0048,-0.00041,-0.06991,0.4138,-0.26653,-0.06381,0.72573,0.03366,-0.01768,-0.39864,0.03968,-0.01395,0.7431,-0.57768,0.1749,1.49436,1.30502,-0.112,0.01865,0.71955,0.59144,-0.07717,1.57285,-1.30919,-0.12783,-0.00976,0.49401,-0.08975,-0.13843,-0.43929,-0.11206,-0.07062,-0.04834,0.63085,0.11199,-0.00774,-0.49521,-0.13099,0.07923,0.05382
8.48,0.0053,-0.00013,-0.07588,0.41313,-0.26377,-0.06455,0.7286,0.0339,-0.01662,-0.40938,0.04229,-0.01396,0.72731,-0.58501,0.15375,1.51439,1.33642,-0.10349,0.00618,0.6913,0.59688,-0.04515,1.58998,-1.31285,-0.12684,-0.01032,0.48722,-0.09601,-0.14053,-0.43908,-0.11224,-0.07017,-0.04816,0.62335,0.11283,0.01848,-0.4953,-0.12766,0.07674,0.05225
8.5,0.00567,0.00014,-0.08146,0.41257,-0.26119,-0.06547,0.73091,0.03406,-0.01609,-0.41861,0.04445,-0.01396,0.71198,-0.58993,0.13552,1.52312,1.36245,-0.09592,-0.00359,0.66386,0.59921,-0.01834,1.59367,-1.29715,-0.13053,-0.01427,0.4812,-0.10081,-0.13868,-0.43893,-0.11274,-0.07025,-0.04826,0.61637,0.11339,0.04152,-0.49512,-0.12478,0.07456,0.05089
8.52,0.00572,0.0004,-0.08604,0.4124,-0.25912,-0.06689,0.73208,0.034,-0.01684,-0.4237,0.0454,-0.01396,0.69959,-0.58808,0.12546,1.49898,1.36991,-0.09185,-0.00432,0.64093,0.59375,-0.00689,1.55709,-1.22023,-0.14944,-0.02879,0.4771,-0.10147,-0.1251,-0.43892,-0.11418,-0.07188,-0.04918,0.61065,0.11235,0.053,-0.49419,-0.12335,0.07355,0.05026
8.54,0.00563,0.00064,-0.09021,0.41233,-0.25724,-0.06849,0.73272,0.03384,-0.01809,-0.42724,0.04592,-0.01396,0.68799,-0.58387,0.1185,1.46345,1.37155,-0.08883,-0.00217,0.61917,0.58531,-0.00087,1.50737,-1.1253,-0.17271,-0.04645,0.47377,-0.10069,-0.10774,-0.43897,-0.11592,-0.07401,-0.05037,0.60547,0.11094,0.0609,-0.49301,-0.1224,0.07288,0.04985
8.56,0.00561,0.00089,-0.09454,0.41216,-0.2553,-0.07003,0.73353,0.03372,-0.01911,-0.43143,0.04669,-0.01396,0.67621,-0.5809,0.11045,1.43342,1.37605,-0.08528,-0.00144,0.59688,0.57833,0.00758,1.46524,-1.04407,-0.1925,-0.06176,0.47013,-0.10067,-0.09276,-0.43899,-0.11748,-0.07584,-0.05139,0.60011,0.10977,0.07045,-0.49197,-0.12124,0.07206,0.04935
8.58,0.00557,0.00114,-0.099,0.41223,-0.25326,-0.0715,0.73456,0.03363,-0.02018,-0.43585,0.04725,-0.01396,0.66347,-0.57721,0.10109,1.40193,1.38016,-0.08182,-0.00041,0.57425,0.5708,0.01632,1.41621,-0.94,-0.21843,-0.08094,0.46634,-0.10023,-0.07498,-0.439,-0.11924,-0.078,-0.05261,0.59447,0.10841,0.08031,-0.49079,-0.12003,0.0712,0.04881
8.6,0.00553,0.00139,-0.10308,0.41181,-0.25148,-0.07315,0.73504,0.03346,-0.02125,-0.43943,0.04812,-0.01396,0.65294,-0.57446,0.0951,1.37105,1.38348,-0.07848,0.00074,0.55275,0.56373,0.02313,1.37858,-0.87862,-0.2328,-0.09288,0.46305,-0.10031,-0.06213,-0.43906,-0.12065,-0.07958,-0.05348,0.58954,0.10732,0.08851,-0.48986,-0.11904,0.07052,0.0484
8.62,0.00551,0.00166,-0.10627,0.41003,-0.25036,-0.07533,0.73413,0.03307,-0.02225,-0.44092,0.05003,-0.01396,0.64915,-0.57499,0.09856,1.34177,1.38625,-0.07493,0.00155,0.53412,0.55893,0.02584,1.37415,-0.94497,-0.21254,-0.08323,0.46087,-0.10223,-0.0641,-0.43923,-0.12095,-0.07941,-0.05334,0.58635,0.10703,0.09303,-0.48972,-0.11853,0.07024,0.04823
8.64,0.0055,0.00193,-0.1091,0.40774,-0.24952,-0.07768,0.73269,0.0326,-0.02321,-0.44165,0.05224,-0.01396,0.64745,-0.57653,0.10513,1.31397,1.38831,-0.07153,0.00239,0.51665,0.55467,0.02678,1.38187,-1.05392,-0.1808,-0.06634,0.45919,-0.10471,-0.07112,-0.43947,-0.12089,-0.07863,-0.05284,0.58386,0.107,0.09592,-0.48985,-0.11823,0.07015,0.04817
8.66,0.00548,0.0022,-0.11207,0.40568,-0.24857,-0.07993,0.73148,0.03219,-0.02413,-0.4428,0.05425,-0.01396,0.64427,-0.57759,0.10965,1.28744,1.39049,-0.06826,0.0032,0.49868,0.55003,0.0286,1.3851,-1.13976,-0.15539,-0.05331,0.45734,-0.1069,-0.07566,-0.43971,-0.121,-0.07813,-0.05251,0.58108,0.10685,0.09948,-0.48984,-0.11784,0.06998,0.04806
8.68,0.00545,0.00247,-0.11511,0.40365,-0.24753,-0.08227,0.73028,0.03171,-0.02531,-0.44356,0.05651,-0.01396,0.6433,-0.57871,0.11694,1.25254,1.39331,-0.06418,0.00418,0.48061,0.54586,0.02999,1.38375,-1.24069,-0.12544,-0.03802,0.45528,-0.10922,-0.08086,-0.43982,-0.12109,-0.07761,-0.05216,0.5782,0.10673,0.10328,-0.48987,-0.11743,0.06979,0.04794
8.7,0.00547,0.00274,-0.11791,0.40144,-0.24675,-0.08446,0.72895,0.03135,-0.02595,-0.44498,0.05833,-0.01397,0.63829,-0.57991,0.11922,1.23531,1.3947,-0.06181,0.00478,0.46306,0.5409,0.03185,1.39471,-1.32066,-0.10214,-0.02565,0.45376,-0.11139,-0.08593,-0.44023,-0.12114,-0.07699,-0.05177,0.57567,0.1066,0.10618,-0.4899,-0.11712,0.06969,0.04788
8.72,0.00565,0.00302,-0.12016,0.3988,-0.2467,-0.08618,0.72745,0.03137,-0.02497,-0.44837,0.05891,-0.01397,0.62117,-0.58147,0.10625,1.26871,1.39227,-0.06422,0.0043,0.44633,0.53353,0.03615,1.43908,-1.33128,-0.10028,-0.02325,0.4537,-0.11307,-0.08966,-0.44144,-0.12116,-0.07621,-0.05134,0.57404,0.1065,0.10751,-0.48989,-0.11704,0.06976,0.04792
8.74,0.0059,0.00329,-0.12216,0.39601,-0.24687,-0.08774,0.72582,0.03152,-0.02346,-0.45247,0.05903,-0.01397,0.60001,-0.58299,0.08825,1.31944,1.38845,-0.06833,0.00345,0.43015,0.52538,0.04091,1.495,-1.3196,-0.10544,-0.02397,0.45414,-0.11455,-0.09308,-0.44297,-0.12115,-0.07535,-0.05088,0.57272,0.10638,0.10794,-0.48989,-0.11706,0.06993,0.04801
8.76,0.00611,0.00356,-0.12425,0.39332,-0.24686,-0.08937,0.7242,0.03159,-0.02227,-0.45627,0.05936,-0.01397,0.58099,-0.58426,0.07296,1.36089,1.38532,-0.07163,0.00277,0.41395,0.51768,0.04504,1.54417,-1.31889,-0.10719,-0.02314,0.45428,-0.11608,-0.09651,-0.44437,-0.12116,-0.07454,-0.05044,0.5712,0.10621,0.10847,-0.4899,-0.11705,0.07009,0.0481
8.78,0.00634,0.00386,-0.12643,0.39046,-0.2472,-0.09101,0.72277,0.03174,-0.02076,-0.45995,0.05973,-0.01397,0.56073,-0.58671,0.05595,1.40847,1.38192,-0.0751,0.00205,0.39681,0.50962,0.05085,1.60024,-1.31615,-0.10948,-0.02264,0.45473,-0.11783,-0.10064,-0.4457,-0.12114,-0.07364,-0.04995,0.56994,0.10628,0.11018,-0.48986,-0.11698,0.07011,0.0481
8.8,0.00656,0.0041,-0.12836,0.38792,-0.24688,-0.09259,0.72093,0.03176,-0.01978,-0.46404,0.05988,-0.01397,0.54211,-0.58668,0.04134,1.44719,1.37876,-0.07862,0.00134,0.38177,0.5021,0.05331,1.64432,-1.31177,-0.11246,-0.02229,0.45465,-0.11905,-0.10321,-0.44725,-0.12118,-0.07292,-0.04958,0.5682,0.10587,0.1093,-0.48992,-0.11706,0.07043,0.04829
8.82,0.00677,0.00419,-0.1297,0.38633,-0.24465,-0.09409,0.71787,0.03143,-0.02038,-0.46923,0.05952,-0.01397,0.52862,-0.57994,0.03406,1.45889,1.37672,-0.08192,0.0007,0.37199,0.49631,0.04619,1.6542,-1.30822,-0.11568,-0.02159,0.45296,-0.11879,-0.10122,-0.44933,-0.12145,-0.07276,-0.04955,0.56501,0.10404,0.10085,-0.49032,-0.11758,0.07161,0.04899
8.84,0.00699,0.00422,-0.1308,0.38506,-0.24175,-0.09554,0.71441,0.03096,-0.02153,-0.47477,0.05895,-0.01397,0.51697,-0.57071,0.02944,1.46079,1.37497,-0.08521,9e-05,0.36434,0.49107,0.03573,1.65129,-1.30359,-0.11939,-0.02099,0.45072,-0.11802,-0.0977,-0.4516,-0.12178,-0.07278,-0.04964,0.56133,0.10177,0.08993,-0.49083,-0.11825,0.07308,0.04987
8.86,0.0072,0.00427,-0.13199,0.38362,-0.23918,-0.09698,0.71119,0.03055,-0.02242,-0.48007,0.05846,-0.01398,0.50471,-0.56256,0.02394,1.46596,1.37302,-0.08848,-0.00051,0.35599,0.4855,0.02694,1.65294,-1.29928,-0.12289,-0.02039,0.44874,-0.11753,-0.09509,-0.45376,-0.12207,-0.07271,-0.04967,0.55789,0.0998,0.08056,-0.49128,-0.11883,0.07437,0.05063
8.88,0.00742,0.00433,-0.13323,0.38226,-0.23652,-0.09853,0.70772,0.03017,-0.02333,-0.48575,0.05799,-0.01398,0.49137,-0.5546,0.01691,1.47649,1.37131,-0.09193,-0.00122,0.34661,0.48022,0.0175,1.66002,-1.29492,-0.12658,-0.01967,0.4467,-0.11683,-0.09161,-0.45605,-0.12241,-0.07267,-0.04973,0.55437,0.09742,0.06936,-0.49176,-0.11953,0.07585,0.05152
8.9,0.00763,0.00436,-0.13431,0.38082,-0.23389,-0.09986,0.70467,0.02969,-0.02433,-0.4907,0.05745,-0.01398,0.48073,-0.5457,0.01372,1.47362,1.36921,-0.09497,-0.00169,0.3398,0.47449,0.00866,1.65295,-1.29071,-0.1299,-0.0192,0.44468,-0.11644,-0.08954,-0.45811,-0.12267,-0.07262,-0.04975,0.55092,0.09578,0.06138,-0.49222,-0.12001,0.07701,0.0522
8.92,0.00782,0.00435,-0.13503,0.37913,-0.23142,-0.10057,0.7029,0.02895,-0.02551,-0.4937,0.05669,-0.01398,0.47759,-0.53442,0.02102,1.43346,1.36583,-0.09694,-0.00148,0.34024,0.46714,0.00187,1.60671,-1.28727,-0.13207,-0.01939,0.44272,-0.11711,-0.09198,-0.4595,-0.12271,-0.0725,-0.04964,0.54761,0.09638,0.06321,-0.49252,-0.11984,0.07717,0.05224
8.94,0.008,0.00431,-0.13558,0.37735,-0.22903,-0.10106,0.70155,0.02813,-0.02675,-0.49592,0.05588,-0.01398,0.47704,-0.52234,0.03201,1.38055,1.36208,-0.09849,-0.00101,0.34308,0.45934,-0.00412,1.54717,-1.28412,-0.13383,-0.01982,0.44084,-0.11811,-0.09583,-0.46065,-0.12266,-0.07235,-0.0495,0.54442,0.09772,0.06833,-0.49281,-0.11945,0.07699,0.05205
8.96,0.00817,0.00427,-0.1362,0.37559,-0.22667,-0.10164,0.69996,0.02737,-0.02793,-0.49839,0.05512,-0.01398,0.47499,-0.51088,0.04096,1.3352,1.35862,-0.10018,-0.00069,0.34436,0.4519,-0.01018,1.49579,-1.28092,-0.13574,-0.02012,0.43902,-0.11892,-0.09887,-0.46193,-0.12265,-0.07221,-0.04937,0.54129,0.09868,0.07176,-0.49313,-0.11917,0.07697,0.05198
8.98,0.00838,0.00425,-0.13685,0.37393,-0.22399,-0.10224,0.69856,0.0265,-0.02928,-0.50129,0.05424,-0.01398,0.47432,-0.49827,0.05152,1.28217,1.35469,-0.10207,-0.00033,0.34766,0.44384,-0.01758,1.43516,-1.27735,-0.1378,-0.02051,0.43676,-0.11987,-0.10256,-0.46315,-0.12265,-0.07211,-0.04925,0.53768,0.0998,0.07591,-0.49334,-0.11883,0.0769,0.05186
9,0.00852,0.0042,-0.13741,0.37204,-0.22201,-0.10277,0.69687,0.02583,-0.03028,-0.50313,0.0536,-0.01398,0.47143,-0.4879,0.05959,1.24212,1.35162,-0.10346,0.00014,0.34735,0.43696,-0.02198,1.39065,-1.2746,-0.13946,-0.02077,0.43544,-0.12061,-0.10527,-0.46442,-0.1226,-0.07191,-0.0491,0.53509,0.10078,0.07939,-0.49377,-0.11857,0.07687,0.05179
9.02,0.0085,0.00405,-0.13776,0.36948,-0.22195,-0.10319,0.69413,0.0257,-0.03021,-0.5021,0.05372,-0.01398,0.46111,-0.48402,0.05967,1.24207,1.35114,-0.10327,-0.00024,0.33588,0.43327,-0.01803,1.39544,-1.27435,-0.13998,-0.02056,0.43678,-0.12064,-0.1048,-0.4659,-0.12242,-0.07143,-0.04886,0.53531,0.1012,0.08019,-0.49484,-0.11854,0.07703,0.05187
9.04,0.00842,0.00388,-0.13803,0.36669,-0.22259,-0.10355,0.69109,0.02577,-0.02979,-0.50005,0.0541,-0.01398,0.44857,-0.48244,0.05714,1.25538,1.3515,-0.10263,-0.00035,0.32081,0.43081,-0.01112,1.41668,-1.27477,-0.14015,-0.02024,0.43905,-0.12045,-0.10333,-0.46742,-0.1222,-0.07084,-0.0486,0.53654,0.10147,0.08023,-0.49611,-0.1186,0.07724,0.05201
9.06,0.00836,0.00372,-0.13833,0.36403,-0.22291,-0.10393,0.68826,0.02575,-0.02957,-0.49854,0.05434,-0.01398,0.43748,-0.47975,0.05591,1.26191,1.35137,-0.10239,0.00023,0.30778,0.4279,-0.00573,1.42942,-1.27482,-0.14053,-0.01997,0.44087,-0.12037,-0.10239,-0.4689,-0.122,-0.07031,-0.04835,0.53727,0.10181,0.08064,-0.49724,-0.11862,0.07742,0.05212
9.08,0.00829,0.00354,-0.13865,0.36127,-0.22327,-0.10432,0.68516,0.0257,-0.0292,-0.49669,0.05466,-0.01398,0.42465,-0.47729,0.05432,1.27093,1.35165,-0.10134,-0.00241,0.29311,0.42452,0.00041,1.44599,-1.27557,-0.14058,-0.01963,0.44282,-0.12024,-0.10117,-0.47046,-0.12177,-0.06974,-0.04809,0.53817,0.10214,0.08105,-0.49859,-0.11863,0.0776,0.05224
9.1,0.00825,0.00341,-0.13892,0.35866,-0.22371,-0.10469,0.68254,0.02576,-0.02905,-0.49531,0.05487,-0.01398,0.41486,-0.47493,0.05283,1.27815,1.35132,-0.10182,0.00144,0.28097,0.42241,0.0057,1.45873,-1.27451,-0.14136,-0.0195,0.44472,-0.12016,-0.10028,-0.47187,-0.1216,-0.06922,-0.04784,0.53895,0.10244,0.08124,-0.49954,-0.11868,0.07779,0.05236
9.12,0.00827,0.00346,-0.13911,0.35648,-0.22422,-0.10502,0.68134,0.0261,-0.02962,-0.49551,0.05468,-0.01398,0.41414,-0.47203,0.05207,1.27689,1.34892,-0.10708,0.02571,0.27672,0.42376,0.00769,1.45645,-1.27282,-0.14313,-0.01924,0.44636,-0.12022,-0.10038,-0.47285,-0.12158,-0.06889,-0.04764,0.53916,0.10269,0.08099,-0.49928,-0.11883,0.07801,0.0525
9.14,0.00833,0.00357,-0.13925,0.35447,-0.22478,-0.10533,0.68063,0.02654,-0.03042,-0.49623,0.05437,-0.01398,0.41653,-0.4692,0.0515,1.27348,1.34592,-0.11381,0.05606,0.27513,0.42633,0.00875,1.44991,-1.26865,-0.1458,-0.0193,0.44792,-0.12033,-0.10085,-0.47366,-0.12162,-0.06861,-0.04744,0.53921,0.10289,0.08054,-0.49862,-0.11901,0.07824,0.05265
9.16,0.00839,0.00365,-0.13941,0.35241,-0.2253,-0.10563,0.67969,0.02692,-0.03108,-0.49671,0.05415,-0.01399,0.41739,-0.46649,0.05093,1.27131,1.34332,-0.11957,0.08192,0.27231,0.4282,0.01038,1.44569,-1.26233,-0.14886,-0.01974,0.44947,-0.12045,-0.10124,-0.47455,-0.12162,-0.0683,-0.04724,0.53932,0.10311,0.0802,-0.49818,-0.11916,0.07846,0.05279
9.18,0.00841,0.00375,-0.13957,0.35024,-0.22593,-0.10599,0.6788,0.02738,-0.03186,-0.49717,0.05381,-0.01399,0.41867,-0.46322,0.04992,1.26848,1.34021,-0.1266,0.11494,0.26945,0.43068,0.01153,1.44041,-1.26893,-0.14875,-0.01808,0.45122,-0.12046,-0.10127,-0.47544,-0.12166,-0.06802,-0.04705,0.5395,0.10335,0.07977,-0.49759,-0.11934,0.0787,0.05294
9.2,0.0085,0.00382,-0.13971,0.34833,-0.22634,-0.10624,0.67792,0.02769,-0.03246,-0.49781,0.05368,-0.01399,0.41984,-0.46109,0.0499,1.26634,1.338,-0.13134,0.13468,0.26734,0.43221,0.01337,1.43612,-1.24922,-0.15518,-0.02069,0.45253,-0.12069,-0.1021,-0.47629,-0.12164,-0.0677,-0.04684,0.53948,0.10354,0.07947,-0.49721,-0.11948,0.0789,0.05307
9.22,0.00875,0.00379,-0.13981,0.34709,-0.22612,-0.10616,0.67694,0.02754,-0.03251,-0.49892,0.05418,-0.01399,0.41996,-0.46218,0.05268,1.26664,1.33847,-0.12918,0.11461,0.2667,0.43058,0.01767,1.43558,-1.1471,-0.18206,-0.03665,0.45264,-0.12158,-0.10537,-0.47712,-0.12142,-0.06726,-0.04653,0.53892,0.10361,0.07959,-0.49747,-0.11951,0.07899,0.05313
9.24,0.00908,0.00373,-0.13989,0.3461,-0.22568,-0.10597,0.67597,0.02723,-0.03238,-0.5002,0.05488,-0.01399,0.41989,-0.46437,0.05644,1.26765,1.33985,-0.12472,0.08129,0.26673,0.42799,0.02261,1.43613,-1.02038,-0.21503,-0.05661,0.4523,-0.12269,-0.10938,-0.47791,-0.12114,-0.06679,-0.0462,0.53816,0.10365,0.07985,-0.49794,-0.11949,0.07905,0.05318
9.26,0.00938,0.00369,-0.13998,0.34501,-0.22536,-0.10584,0.67503,0.02701,-0.03233,-0.50137,0.05547,-0.01399,0.41992,-0.46598,0.05967,1.26828,1.34079,-0.12147,0.05512,0.26645,0.42601,0.027,1.43615,-0.91194,-0.24344,-0.07362,0.45216,-0.12364,-0.11286,-0.47868,-0.12089,-0.06634,-0.04589,0.5375,0.1037,0.08003,-0.49831,-0.11949,0.07912,0.05323
9.28,0.00965,0.00363,-0.14008,0.34387,-0.22497,-0.1057,0.67394,0.02674,-0.03228,-0.5027,0.05614,-0.01399,0.41997,-0.46796,0.06324,1.26908,1.34181,-0.11757,0.02437,0.26628,0.42335,0.03244,1.4362,-0.77406,-0.27931,-0.09534,0.45204,-0.12483,-0.11715,-0.47959,-0.12062,-0.06583,-0.04552,0.53679,0.10375,0.08027,-0.49869,-0.11949,0.07919,0.05329
9.3,0.00999,0.00359,-0.14014,0.3429,-0.22466,-0.10554,0.67316,0.02652,-0.03219,-0.50372,0.0567,-0.01399,0.4199,-0.46941,0.06635,1.26971,1.34288,-0.11446,-0,0.266,0.42183,0.03587,1.43647,-0.69091,-0.30127,-0.1083,0.45176,-0.12558,-0.11995,-0.4802,-0.12038,-0.06545,-0.04527,0.53614,0.1038,0.08043,-0.49911,-0.11948,0.07926,0.05334
9.32,0.0105,0.0036,-0.14011,0.34231,-0.22467,-0.10532,0.6733,0.02648,-0.03199,-0.50384,0.05688,-0.01399,0.41943,-0.46914,0.06796,1.26977,1.34406,-0.11394,-0.00431,0.26519,0.42388,0.03347,1.43717,-0.77152,-0.28169,-0.09505,0.45117,-0.12506,-0.11826,-0.47994,-0.12027,-0.06544,-0.04534,0.53571,0.10387,0.08031,-0.49958,-0.11948,0.07935,0.0534
9.34,0.01108,0.00363,-0.14005,0.34187,-0.22476,-0.10508,0.67375,0.02648,-0.03174,-0.50365,0.05695,-0.01399,0.41885,-0.46829,0.06908,1.26962,1.34525,-0.11431,-0.00166,0.26423,0.42705,0.02905,1.43804,-0.90686,-0.24821,-0.07304,0.45043,-0.12411,-0.11506,-0.47939,-0.12019,-0.06555,-0.04552,0.53535,0.10396,0.08012,-0.50009,-0.11947,0.07945,0.05346
9.36,0.01163,0.00365,-0.13999,0.34139,-0.22479,-0.10485,0.67402,0.02646,-0.03152,-0.50362,0.05708,-0.01399,0.41836,-0.4677,0.07043,1.26951,1.34631,-0.11439,-0.00163,0.26336,0.42955,0.02565,1.43875,-1.01275,-0.22217,-0.05575,0.44975,-0.12338,-0.11266,-0.47902,-0.1201,-0.0656,-0.04564,0.53494,0.10405,0.08,-0.50061,-0.11946,0.07955,0.05351
9.38,0.0122,0.00368,-0.13995,0.34083,-0.22491,-0.10462,0.67443,0.02645,-0.03128,-0.50353,0.05717,-0.01399,0.41767,-0.46716,0.07176,1.26964,1.34788,-0.11396,-0.00413,0.26244,0.43272,0.02185,1.43981,-1.13693,-0.19163,-0.03548,0.44907,-0.12254,-0.10983,-0.47844,-0.12001,-0.06566,-0.04579,0.53458,0.10408,0.07972,-0.50104,-0.11946,0.07966,0.05359
9.4,0.01274,0.00369,-0.13988,0.34045,-0.22487,-0.10439,0.67463,0.02643,-0.03107,-0.50349,0.05731,-0.01399,0.41739,-0.46637,0.07305,1.26922,1.34842,-0.11478,0.00018,0.26156,0.43476,0.0184,1.4402,-1.23652,-0.16704,-0.01927,0.44836,-0.12183,-0.10752,-0.47822,-0.11991,-0.06573,-0.04592,0.53415,0.10423,0.07974,-0.50165,-0.11943,0.07974,0.05362
9.42,0.0132,0.00362,-0.13975,0.34049,-0.22433,-0.10418,0.67418,0.02637,-0.03093,-0.50367,0.05762,-0.01399,0.41824,-0.46489,0.07408,1.26732,1.34592,-0.11921,0.02407,0.26088,0.43349,0.01648,1.43851,-1.25347,-0.16269,-0.01668,0.44757,-0.12159,-0.10699,-0.47904,-0.11978,-0.06582,-0.04597,0.53354,0.10472,0.08093,-0.50277,-0.11929,0.07968,0.05355
9.44,0.01364,0.00353,-0.13959,0.34069,-0.22362,-0.10396,0.67352,0.02629,-0.03083,-0.50391,0.058,-0.01399,0.41953,-0.46319,0.07516,1.26487,1.34241,-0.12481,0.0542,0.26023,0.43102,0.01497,1.43617,-1.24413,-0.16473,-0.01842,0.44675,-0.12148,-0.10701,-0.48023,-0.11964,-0.06593,-0.046,0.53287,0.1053,0.08239,-0.50408,-0.11911,0.07959,0.05345
9.46,0.0141,0.00345,-0.13944,0.34082,-0.223,-0.10375,0.67297,0.0262,-0.03071,-0.50414,0.05835,-0.01399,0.42064,-0.46167,0.0764,1.26268,1.33949,-0.12959,0.07984,0.25949,0.42903,0.01324,1.43426,-1.24784,-0.16356,-0.01802,0.44595,-0.12131,-0.10677,-0.48125,-0.11951,-0.06603,-0.04604,0.53223,0.10579,0.08353,-0.50529,-0.11896,0.07952,0.05337
9.48,0.01455,0.00337,-0.1393,0.34093,-0.22235,-0.10354,0.67236,0.02617,-0.03058,-0.50432,0.05866,-0.01399,0.42162,-0.4598,0.07684,1.26045,1.33601,-0.13558,0.11253,0.25904,0.42736,0.01159,1.4318,-1.24885,-0.16315,-0.01804,0.44513,-0.12115,-0.10654,-0.48227,-0.11938,-0.06613,-0.04608,0.53156,0.10648,0.08548,-0.50654,-0.11877,0.07941,0.05324
9.5,0.01499,0.00329,-0.13913,0.34113,-0.22172,-0.10333,0.67183,0.02602,-0.03049,-0.50459,0.05908,-0.01399,0.42301,-0.4586,0.07896,1.25815,1.33344,-0.13936,0.13214,0.25802,0.42472,0.00988,1.43031,-1.24848,-0.16291,-0.01832,0.44435,-0.12099,-0.10644,-0.48338,-0.11923,-0.06623,-0.04611,0.53095,0.10679,0.08584,-0.50776,-0.11866,0.07938,0.05321
9.52,0.01544,0.0032,-0.13889,0.34159,-0.22115,-0.10318,0.67154,0.02556,-0.03056,-0.50529,0.05982,-0.01399,0.4252,-0.45944,0.08565,1.25611,1.33376,-0.13633,0.11247,0.25527,0.4199,0.00793,1.43185,-1.25089,-0.16138,-0.01828,0.4437,-0.12079,-0.10658,-0.48471,-0.11907,-0.06628,-0.04613,0.53047,0.10592,0.08126,-0.50886,-0.11882,0.07962,0.05345
9.54,0.01589,0.00312,-0.13862,0.34213,-0.22061,-0.10304,0.67133,0.02499,-0.03067,-0.50605,0.06068,-0.01399,0.42784,-0.46095,0.09406,1.25396,1.33496,-0.13112,0.07969,0.25199,0.41412,0.00586,1.43434,-1.25252,-0.15993,-0.01837,0.44311,-0.12058,-0.10683,-0.48612,-0.1189,-0.06633,-0.04613,0.53006,0.10469,0.07515,-0.50992,-0.11907,0.07994,0.05378
9.56,0.01634,0.00303,-0.13836,0.34262,-0.22008,-0.10289,0.6711,0.02448,-0.03073,-0.50668,0.06147,-0.01399,0.43041,-0.46207,0.10169,1.25168,1.33568,-0.12717,0.05396,0.24907,0.40866,0.00383,1.43626,-1.25412,-0.15866,-0.01842,0.4425,-0.12036,-0.10701,-0.48747,-0.11873,-0.06638,-0.04614,0.52963,0.1037,0.07004,-0.51098,-0.11926,0.08021,0.05405
9.58,0.01679,0.00294,-0.13811,0.34317,-0.21947,-0.10274,0.67082,0.02394,-0.0309,-0.50776,0.0623,-0.01399,0.43238,-0.46354,0.10921,1.2502,1.33684,-0.12211,0.02386,0.24562,0.40367,0.00197,1.43878,-1.25648,-0.15668,-0.01857,0.44184,-0.12019,-0.10728,-0.48895,-0.11856,-0.06642,-0.04614,0.52913,0.10237,0.06367,-0.51209,-0.11951,0.08053,0.05438
9.6,0.01723,0.00287,-0.13784,0.34362,-0.21904,-0.1026,0.67067,0.02343,-0.03087,-0.5079,0.06309,-0.01399,0.43579,-0.46444,0.11747,1.24697,1.33715,-0.11886,-0.00034,0.24317,0.39745,-0.00037,1.44023,-1.25739,-0.15613,-0.01847,0.44131,-0.11993,-0.10741,-0.49017,-0.11839,-0.06647,-0.04616,0.52879,0.10166,0.05953,-0.5131,-0.11968,0.08077,0.05461
9.62,0.01761,0.00285,-0.13751,0.34377,-0.21909,-0.10249,0.67084,0.023,-0.03024,-0.50564,0.06383,-0.014,0.4422,-0.46377,0.1266,1.23936,1.33607,-0.12072,-0.00507,0.24351,0.38832,-0.00325,1.43888,-1.25476,-0.15927,-0.01765,0.44109,-0.11941,-0.10698,-0.49062,-0.11827,-0.06659,-0.04621,0.52886,0.1028,0.06206,-0.51387,-0.11957,0.08075,0.05448
9.64,0.01798,0.00285,-0.13716,0.34381,-0.21934,-0.1024,0.67116,0.02259,-0.02944,-0.5024,0.06453,-0.014,0.45021,-0.46248,0.13656,1.22994,1.33395,-0.12451,-0.00346,0.24491,0.37792,-0.00675,1.43636,-1.2508,-0.16383,-0.01657,0.441,-0.11881,-0.10644,-0.4908,-0.11817,-0.06672,-0.04628,0.5291,0.10455,0.06685,-0.51453,-0.11938,0.08064,0.05424
9.66,0.01835,0.00285,-0.13682,0.34388,-0.21953,-0.1023,0.67144,0.02218,-0.02876,-0.4995,0.06523,-0.014,0.45805,-0.4614,0.14662,1.22106,1.33143,-0.12769,-0.00477,0.24589,0.36794,-0.01045,1.43414,-1.24737,-0.16788,-0.01559,0.44087,-0.11827,-0.10605,-0.49109,-0.11805,-0.06683,-0.04634,0.52928,0.106,0.07049,-0.51521,-0.11924,0.08057,0.05406
9.68,0.01873,0.00283,-0.13647,0.34402,-0.21962,-0.10218,0.67162,0.02172,-0.0279,-0.49705,0.066,-0.014,0.46353,-0.46068,0.1547,1.21328,1.33233,-0.12978,-0.00633,0.24656,0.35864,-0.01211,1.43296,-1.24411,-0.17145,-0.01468,0.44066,-0.11763,-0.10525,-0.49141,-0.11794,-0.06699,-0.04642,0.5294,0.10756,0.07462,-0.51599,-0.11907,0.08049,0.05385
9.7,0.01909,0.00285,-0.13614,0.344,-0.21994,-0.10211,0.67203,0.02138,-0.02739,-0.49343,0.06662,-0.014,0.47435,-0.45901,0.16712,1.20287,1.3262,-0.1345,-0.00576,0.24814,0.34759,-0.01818,1.4293,-1.2403,-0.17627,-0.01356,0.44066,-0.11719,-0.10527,-0.49162,-0.11782,-0.06706,-0.04644,0.52968,0.10902,0.07829,-0.51655,-0.11893,0.08042,0.05368
9.72,0.01939,0.00295,-0.13586,0.3435,-0.22085,-0.10213,0.67309,0.02143,-0.0278,-0.48675,0.06687,-0.014,0.49894,-0.45513,0.19101,1.18506,1.29775,-0.14723,-0.00012,0.25183,0.33231,-0.03603,1.41916,-1.23458,-0.18496,-0.01186,0.44123,-0.11735,-0.10767,-0.49157,-0.11768,-0.06688,-0.04629,0.53041,0.11008,0.08013,-0.51651,-0.11892,0.0804,0.05368
9.74,0.01966,0.00308,-0.1356,0.34284,-0.22197,-0.10219,0.67436,0.0216,-0.0286,-0.47894,0.06696,-0.014,0.52894,-0.45024,0.21929,1.1648,1.2628,-0.16235,0.00738,0.25642,0.31527,-0.05835,1.40657,-1.22849,-0.19472,-0.00997,0.44202,-0.11772,-0.11087,-0.49142,-0.11753,-0.06662,-0.04607,0.53129,0.11103,0.08146,-0.51624,-0.11895,0.0804,0.05372
9.76,0.01994,0.00319,-0.13533,0.34228,-0.22298,-0.10223,0.67552,0.02171,-0.0293,-0.47167,0.06712,-0.014,0.55683,-0.44564,0.24577,1.14604,1.23294,-0.17557,0.01355,0.26071,0.29884,-0.07879,1.39505,-1.22304,-0.20349,-0.0082,0.44271,-0.11799,-0.11365,-0.49134,-0.11739,-0.0664,-0.04589,0.5321,0.11202,0.08305,-0.51608,-0.11896,0.08039,0.05374
9.78,0.02024,0.00331,-0.13505,0.34159,-0.22404,-0.10228,0.67678,0.02185,-0.02967,-0.46421,0.0673,-0.014,0.58331,-0.44178,0.27147,1.12554,1.19423,-0.1922,0.02187,0.26458,0.28315,-0.09859,1.38359,-1.21558,-0.21445,-0.00625,0.44342,-0.11828,-0.11667,-0.49117,-0.11723,-0.06618,-0.04569,0.53294,0.11305,0.0846,-0.5159,-0.11898,0.08039,0.05377
9.8,0.02048,0.00343,-0.13479,0.34114,-0.22504,-0.10232,0.67786,0.02195,-0.03083,-0.45692,0.0674,-0.014,0.61396,-0.43611,0.29978,1.10819,1.17219,-0.20237,0.02621,0.26952,0.26555,-0.12077,1.37154,-1.21221,-0.22108,-0.00465,0.44414,-0.11856,-0.11936,-0.49115,-0.11709,-0.06593,-0.04551,0.53375,0.11397,0.08609,-0.5157,-0.119,0.08037,0.05379
9.82,0.0206,0.00357,-0.13462,0.34137,-0.22586,-0.10231,0.67847,0.02191,-0.03408,-0.45017,0.06733,-0.014,0.65518,-0.42586,0.33477,1.09932,1.19979,-0.19331,0.01805,0.27739,0.24291,-0.14852,1.35768,-1.22024,-0.2153,-0.00415,0.4449,-0.1188,-0.12114,-0.49155,-0.11698,-0.06559,-0.04536,0.53447,0.11461,0.08737,-0.51549,-0.11902,0.08032,0.05378
9.84,0.02065,0.00371,-0.13447,0.34185,-0.2266,-0.10229,0.67886,0.02183,-0.03813,-0.44367,0.06718,-0.014,0.70031,-0.4138,0.3721,1.09388,1.24404,-0.1778,0.00598,0.28627,0.21846,-0.17847,1.34346,-1.23235,-0.20513,-0.00402,0.44567,-0.11899,-0.12252,-0.49211,-0.11687,-0.06522,-0.04524,0.53515,0.11515,0.08861,-0.51525,-0.11905,0.08025,0.05377
9.86,0.02074,0.00385,-0.1343,0.34223,-0.22735,-0.10228,0.67931,0.02176,-0.04185,-0.43718,0.06707,-0.014,0.74343,-0.40247,0.40802,1.08739,1.27936,-0.16577,-0.00361,0.29457,0.19499,-0.20735,1.32993,-1.24258,-0.19706,-0.00367,0.44642,-0.11917,-0.12395,-0.4926,-0.11677,-0.06488,-0.04511,0.53582,0.11576,0.08995,-0.51502,-0.11907,0.08017,0.05375
9.88,0.02083,0.004,-0.13415,0.34254,-0.2282,-0.10225,0.67997,0.02172,-0.04547,-0.43011,0.06697,-0.01401,0.78785,-0.3915,0.44563,1.0786,1.32018,-0.15155,-0.01607,0.30346,0.1708,-0.23673,1.31411,-1.25302,-0.1886,-0.0035,0.44725,-0.11952,-0.12594,-0.49307,-0.11664,-0.06444,-0.04494,0.53661,0.11625,0.09096,-0.51482,-0.11913,0.08014,0.05376
9.9,0.02088,0.00413,-0.13397,0.34306,-0.22882,-0.10225,0.68012,0.02162,-0.04946,-0.42435,0.06682,-0.01401,0.83028,-0.37937,0.48013,1.07551,1.35361,-0.1403,-0.02357,0.31132,0.14772,-0.26547,1.30299,-1.26388,-0.1799,-0.00309,0.4479,-0.1195,-0.12669,-0.49362,-0.11657,-0.06421,-0.04487,0.53712,0.11696,0.09261,-0.51455,-0.1191,0.08001,0.0537
9.92,0.02085,0.00421,-0.1337,0.34412,-0.22896,-0.10231,0.67904,0.02131,-0.05441,-0.42186,0.06664,-0.01401,0.8675,-0.36441,0.50622,1.0869,1.36214,-0.13909,-0.0157,0.31626,0.12806,-0.29242,1.30517,-1.27595,-0.1715,-0.00135,0.44813,-0.11843,-0.12392,-0.49432,-0.11666,-0.06459,-0.04513,0.5369,0.11835,0.09651,-0.51401,-0.11877,0.07952,0.05341
9.94,0.02078,0.00427,-0.1334,0.34536,-0.22885,-0.1024,0.67744,0.02094,-0.05967,-0.42074,0.0664,-0.01401,0.90235,-0.34837,0.52895,1.10396,1.36275,-0.14103,-0.00284,0.32011,0.10962,-0.31852,1.31205,-1.28815,-0.16304,0.00058,0.44816,-0.11699,-0.11995,-0.49511,-0.1168,-0.06518,-0.04549,0.53638,0.11994,0.10097,-0.51341,-0.11836,0.07893,0.05306
9.96,0.02073,0.00434,-0.1331,0.3465,-0.22879,-0.10248,0.676,0.02061,-0.0647,-0.41916,0.06616,-0.01401,0.93749,-0.33287,0.55271,1.11877,1.36728,-0.14134,0.00725,0.32434,0.09065,-0.34464,1.31664,-1.29959,-0.15469,0.00203,0.44824,-0.11574,-0.11666,-0.49588,-0.11691,-0.06565,-0.04579,0.53596,0.12139,0.1049,-0.51287,-0.11802,0.07841,0.05275
9.98,0.02068,0.00442,-0.13285,0.34777,-0.22899,-0.10255,0.67486,0.02023,-0.07011,-0.41687,0.06606,-0.01401,0.97612,-0.31708,0.57865,1.13252,1.37106,-0.14228,0.01926,0.32906,0.07143,-0.37241,1.32188,-1.31401,-0.14579,0.00501,0.4485,-0.11441,-0.11281,-0.49655,-0.11706,-0.06621,-0.04615,0.53569,0.12306,0.11004,-0.51217,-0.11757,0.07776,0.05236
10,0.02061,0.00446,-0.13249,0.34879,-0.22859,-0.10265,0.67297,0.01995,-0.0748,-0.4164,0.06564,-0.01401,1.00683,-0.30167,0.59924,1.14955,1.37427,-0.14276,0.02857,0.33252,0.05314,-0.39649,1.32684,-1.32234,-0.13811,0.00498,0.44835,-0.11316,-0.10983,-0.49746,-0.11714,-0.06664,-0.04642,0.53503,0.12429,0.11273,-0.5118,-0.11731,0.07738,0.05213
10.02,0.02046,0.0044,-0.13188,0.34919,-0.22666,-0.10287,0.66904,0.02,-0.0775,-0.42058,0.06434,-0.01401,1.01642,-0.28741,0.60544,1.17615,1.37806,-0.14093,0.02888,0.33249,0.03636,-0.41061,1.33032,-1.31253,-0.13361,-0.00441,0.44708,-0.11224,-0.10971,-0.49902,-0.11701,-0.06668,-0.04639,0.53337,0.12437,0.10893,-0.5123,-0.11756,0.07772,0.05236
10.04,0.0203,0.0043,-0.13117,0.34932,-0.22414,-0.10312,0.66437,0.02017,-0.07943,-0.42655,0.06273,-0.01401,1.01807,-0.27362,0.60642,1.20552,1.38143,-0.13861,0.02637,0.33126,0.02064,-0.421,1.33329,-1.29679,-0.1304,-0.01665,0.44542,-0.11143,-0.11049,-0.50082,-0.11682,-0.0666,-0.04628,0.53132,0.12397,0.10259,-0.51314,-0.11803,0.07834,0.05276
10.06,0.02014,0.00421,-0.1305,0.34951,-0.22186,-0.10334,0.66008,0.02029,-0.08164,-0.43174,0.06127,-0.01401,1.0232,-0.25971,0.6101,1.23235,1.3848,-0.13673,0.0254,0.33076,0.00496,-0.43305,1.33619,-1.28462,-0.12679,-0.02689,0.44395,-0.11057,-0.11079,-0.50251,-0.11666,-0.06657,-0.04621,0.52944,0.12369,0.09711,-0.51385,-0.11843,0.07887,0.0531
10.08,0.01998,0.00414,-0.12983,0.34998,-0.21966,-0.10365,0.65561,0.02041,-0.08418,-0.43688,0.05973,-0.01402,1.02878,-0.2453,0.61235,1.26469,1.38872,-0.13409,0.02356,0.32949,-0.01288,-0.44528,1.34048,-1.26883,-0.12243,-0.04001,0.44242,-0.10969,-0.11135,-0.50418,-0.11649,-0.06654,-0.04613,0.52757,0.12378,0.09276,-0.51448,-0.11869,0.07926,0.05336
10.1,0.01982,0.00403,-0.12914,0.34981,-0.21718,-0.10378,0.65134,0.02055,-0.08584,-0.44249,0.0583,-0.01402,1.03157,-0.23211,0.61631,1.28625,1.39149,-0.13283,0.02276,0.32951,-0.026,-0.45619,1.34176,-1.25909,-0.11989,-0.0479,0.44091,-0.10888,-0.11159,-0.50596,-0.11632,-0.06649,-0.04605,0.5256,0.12302,0.08558,-0.51534,-0.11928,0.08,0.05381
10.12,0.01965,0.00381,-0.12839,0.34783,-0.21397,-0.10338,0.64777,0.02072,-0.08528,-0.44908,0.05716,-0.01402,1.02868,-0.22181,0.62687,1.27624,1.39126,-0.13567,0.02574,0.33386,-0.02634,-0.46495,1.33427,-1.26813,-0.12235,-0.03999,0.43949,-0.10824,-0.11063,-0.50806,-0.11618,-0.06644,-0.04602,0.52339,0.11972,0.07019,-0.5168,-0.12081,0.08176,0.05481
10.14,0.01948,0.00355,-0.12761,0.34522,-0.21051,-0.10282,0.64445,0.02092,-0.08385,-0.45604,0.05614,-0.01402,1.02327,-0.21281,0.63922,1.25544,1.38989,-0.13986,0.02979,0.33948,-0.02199,-0.4724,1.32386,-1.28334,-0.12654,-0.02682,0.4381,-0.10768,-0.10934,-0.51028,-0.11603,-0.06638,-0.04601,0.5211,0.11562,0.05223,-0.51847,-0.12265,0.08385,0.05598
10.16,0.01931,0.00332,-0.12685,0.34296,-0.20722,-0.10235,0.64105,0.02111,-0.08281,-0.46272,0.05511,-0.01402,1.01901,-0.20346,0.65037,1.24027,1.38905,-0.14328,0.03317,0.34423,-0.01982,-0.48009,1.31516,-1.29529,-0.12973,-0.01648,0.43673,-0.10709,-0.10824,-0.51242,-0.11589,-0.06632,-0.04598,0.51889,0.11207,0.03611,-0.52002,-0.12429,0.08571,0.05702
10.18,0.01913,0.00306,-0.12606,0.34043,-0.20365,-0.10181,0.6375,0.02129,-0.08178,-0.46993,0.05387,-0.01402,1.01446,-0.19307,0.66299,1.22217,1.3882,-0.14733,0.03725,0.35015,-0.01741,-0.48918,1.30484,-1.30893,-0.13382,-0.00442,0.4352,-0.10647,-0.10696,-0.51466,-0.11574,-0.06626,-0.04597,0.51649,0.10774,0.01706,-0.52169,-0.12621,0.08789,0.05825
10.2,0.01897,0.00284,-0.12533,0.33831,-0.20062,-0.10137,0.63434,0.0215,-0.08053,-0.47611,0.05311,-0.01402,1.01001,-0.18517,0.67303,1.20754,1.38702,-0.1504,0.04016,0.35398,-0.01439,-0.49508,1.29717,-1.32062,-0.13646,0.00536,0.43401,-0.10593,-0.106,-0.51671,-0.1156,-0.06619,-0.04594,0.51446,0.10483,0.00351,-0.52315,-0.12761,0.08949,0.05914
10.22,0.01886,0.00273,-0.12476,0.33742,-0.19915,-0.10122,0.6322,0.02181,-0.07884,-0.4793,0.05374,-0.01403,1.00653,-0.18376,0.67558,1.20546,1.38608,-0.15028,0.03963,0.35152,-0.01084,-0.49251,1.29779,-1.32537,-0.1345,0.00748,0.43379,-0.10554,-0.10588,-0.51821,-0.11548,-0.0661,-0.04586,0.51351,0.10612,0.00609,-0.52394,-0.12745,0.08938,0.05906
10.24,0.01877,0.00266,-0.12425,0.33697,-0.19822,-0.10116,0.63046,0.02217,-0.07697,-0.48145,0.05485,-0.01403,1.00326,-0.18482,0.67548,1.20718,1.38471,-0.14914,0.03788,0.34695,-0.00684,-0.4868,1.30111,-1.32797,-0.13106,0.00715,0.43391,-0.10524,-0.10612,-0.51952,-0.11535,-0.066,-0.04576,0.51293,0.10885,0.01425,-0.52451,-0.12675,0.08868,0.05863
10.26,0.01868,0.00257,-0.12372,0.33634,-0.19703,-0.10107,0.62856,0.0225,-0.07523,-0.4841,0.05569,-0.01403,0.99987,-0.18477,0.67657,1.20695,1.38293,-0.14855,0.03664,0.34349,-0.00305,-0.48253,1.30302,-1.33161,-0.12843,0.008,0.43384,-0.10493,-0.10629,-0.52092,-0.11523,-0.0659,-0.04567,0.51216,0.11085,0.01965,-0.52519,-0.12632,0.08826,0.05836
10.28,0.01856,0.00248,-0.12317,0.3356,-0.1959,-0.10097,0.62658,0.02284,-0.07327,-0.48664,0.05672,-0.01403,0.99649,-0.18472,0.67775,1.2073,1.38353,-0.14763,0.03561,0.33945,0.00091,-0.47814,1.30563,-1.33523,-0.12528,0.00873,0.43391,-0.10449,-0.10608,-0.5223,-0.11511,-0.06583,-0.04559,0.51146,0.1131,0.02588,-0.52582,-0.12583,0.08779,0.05806
10.3,0.0185,0.00239,-0.12268,0.33519,-0.19477,-0.1009,0.62486,0.02316,-0.07173,-0.48915,0.05749,-0.01403,0.99317,-0.18523,0.6781,1.20747,1.37926,-0.14713,0.03388,0.33611,0.00458,-0.47329,1.30744,-1.33829,-0.12284,0.00908,0.43377,-0.10432,-0.10673,-0.52369,-0.11497,-0.0657,-0.04548,0.51072,0.11521,0.03177,-0.5265,-0.12532,0.08729,0.05775
10.32,0.01856,0.00229,-0.12235,0.3356,-0.19355,-0.10088,0.62384,0.02339,-0.07144,-0.49187,0.05743,-0.01403,0.98999,-0.18661,0.67681,1.20625,1.36021,-0.14809,0.03028,0.33524,0.00735,-0.46792,1.30647,-1.34034,-0.12278,0.00899,0.43301,-0.10491,-0.10992,-0.52512,-0.1148,-0.06541,-0.04527,0.50981,0.11654,0.03519,-0.52732,-0.12487,0.08685,0.05752
10.34,0.01866,0.00218,-0.12209,0.33631,-0.19231,-0.10088,0.62307,0.0236,-0.07156,-0.49459,0.05711,-0.01403,0.98687,-0.18846,0.67477,1.20474,1.33653,-0.14949,0.02608,0.33515,0.00982,-0.46223,1.30457,-1.34188,-0.12346,0.00858,0.43204,-0.10574,-0.11393,-0.52659,-0.11461,-0.06507,-0.04504,0.50884,0.11769,0.03813,-0.52822,-0.1244,0.08641,0.05729
10.36,0.01875,0.00207,-0.1218,0.33688,-0.19104,-0.10088,0.62216,0.02381,-0.07147,-0.49729,0.05694,-0.01403,0.98373,-0.1901,0.67305,1.20336,1.31592,-0.15066,0.0223,0.3347,0.0124,-0.45672,1.30305,-1.34362,-0.12377,0.00831,0.43116,-0.10641,-0.11739,-0.52808,-0.11444,-0.06477,-0.04483,0.50789,0.11895,0.0414,-0.52913,-0.12394,0.08597,0.05706
10.38,0.01883,0.00198,-0.1215,0.3375,-0.18992,-0.10088,0.62138,0.02402,-0.07149,-0.50004,0.05665,-0.01403,0.9806,-0.19181,0.67129,1.20212,1.29125,-0.15197,0.01782,0.33424,0.01507,-0.45095,1.30186,-1.34541,-0.12423,0.00801,0.43032,-0.10725,-0.12159,-0.52939,-0.11425,-0.06441,-0.04458,0.50701,0.12014,0.04438,-0.52983,-0.12349,0.08553,0.05683
10.4,0.01894,0.00184,-0.12125,0.33808,-0.1885,-0.10087,0.62038,0.02424,-0.07138,-0.5027,0.05655,-0.01404,0.97742,-0.19348,0.6695,1.20047,1.27388,-0.15306,0.01469,0.33399,0.01753,-0.4457,1.29968,-1.34702,-0.12451,0.00772,0.42933,-0.10782,-0.12446,-0.53109,-0.11408,-0.06416,-0.04441,0.50595,0.12141,0.04776,-0.53099,-0.12301,0.08509,0.05659
10.42,0.01909,0.00159,-0.1211,0.33846,-0.18627,-0.10082,0.61863,0.02449,-0.0708,-0.50514,0.05704,-0.01404,0.9743,-0.19452,0.66762,1.19767,1.27836,-0.15373,0.01534,0.3342,0.01888,-0.44168,1.29539,-1.34808,-0.12456,0.00755,0.42807,-0.10754,-0.12322,-0.53391,-0.11397,-0.06423,-0.04449,0.50442,0.12297,0.05239,-0.53335,-0.12248,0.08466,0.05631
10.44,0.01928,0.0013,-0.121,0.33881,-0.18374,-0.10075,0.61667,0.02474,-0.07007,-0.50749,0.05773,-0.01404,0.97108,-0.19558,0.66579,1.19446,1.29026,-0.1541,0.01737,0.33458,0.02016,-0.43825,1.29007,-1.34904,-0.12431,0.0074,0.42667,-0.10698,-0.12065,-0.53713,-0.11387,-0.0644,-0.04465,0.50271,0.1246,0.05739,-0.53616,-0.12193,0.08423,0.05601
10.46,0.01946,0.00102,-0.12088,0.33921,-0.18134,-0.10068,0.61485,0.02498,-0.06941,-0.50987,0.05833,-0.01404,0.96777,-0.19686,0.66405,1.19144,1.29835,-0.15448,0.01882,0.33485,0.02184,-0.43473,1.28496,-1.35016,-0.12392,0.00724,0.42529,-0.10659,-0.11885,-0.54013,-0.11376,-0.06452,-0.04476,0.50106,0.12618,0.06216,-0.53878,-0.12139,0.08381,0.05572
10.48,0.01958,0.00074,-0.12075,0.33948,-0.17894,-0.10064,0.61282,0.02527,-0.06877,-0.51233,0.05895,-0.01404,0.96506,-0.19712,0.66175,1.18836,1.308,-0.15551,0.02006,0.3353,0.02187,-0.43047,1.28089,-1.35069,-0.12476,0.00707,0.42409,-0.10603,-0.11642,-0.54327,-0.11367,-0.06467,-0.04491,0.49948,0.12783,0.06715,-0.54137,-0.12085,0.08337,0.05542
10.5,0.01984,0.00045,-0.12065,0.33999,-0.1765,-0.10054,0.61119,0.02546,-0.06804,-0.51455,0.05956,-0.01404,0.96105,-0.19961,0.6607,1.18538,1.3164,-0.155,0.02206,0.33538,0.02544,-0.42785,1.27446,-1.35252,-0.12292,0.00692,0.42249,-0.10575,-0.11496,-0.54622,-0.11354,-0.06478,-0.04501,0.49773,0.12935,0.07177,-0.54412,-0.12031,0.08296,0.05514
10.52,0.02043,0.00011,-0.12066,0.34115,-0.17387,-0.10033,0.61051,0.02537,-0.06716,-0.51638,0.0601,-0.01404,0.95382,-0.20728,0.66248,1.18218,1.31792,-0.15115,0.02595,0.3346,0.03767,-0.42997,1.26134,-1.35741,-0.11409,0.00682,0.41965,-0.10634,-0.11671,-0.5486,-0.11326,-0.06476,-0.04496,0.49549,0.13049,0.07535,-0.54727,-0.11982,0.08261,0.0549
10.54,0.02115,-0.00025,-0.1207,0.34253,-0.17124,-0.10007,0.61027,0.02517,-0.06619,-0.5179,0.06061,-0.01404,0.94524,-0.21738,0.66562,1.17921,1.31823,-0.14559,0.03051,0.33339,0.05369,-0.43366,1.246,-1.36372,-0.1025,0.00674,0.41645,-0.10722,-0.11945,-0.55077,-0.11294,-0.06471,-0.04486,0.49311,0.13149,0.07852,-0.55054,-0.11935,0.08227,0.05468
10.56,0.02181,-0.0006,-0.12072,0.34379,-0.1687,-0.09983,0.60992,0.02501,-0.06524,-0.51939,0.06113,-0.01404,0.93706,-0.22697,0.66851,1.17652,1.32015,-0.14027,0.03466,0.33222,0.0687,-0.43642,1.23192,-1.3698,-0.09196,0.00665,0.4135,-0.10794,-0.12161,-0.55301,-0.11265,-0.06468,-0.04479,0.49087,0.13254,0.08184,-0.55373,-0.11887,0.08193,0.05445
10.58,0.02245,-0.00097,-0.12075,0.34513,-0.16578,-0.09962,0.60915,0.02488,-0.06437,-0.52162,0.0617,-0.01404,0.92975,-0.23397,0.66982,1.17218,1.31786,-0.13724,0.03932,0.33171,0.08063,-0.44016,1.21664,-1.3742,-0.08229,0.00652,0.41016,-0.10878,-0.12427,-0.55536,-0.11234,-0.06463,-0.04469,0.4883,0.13366,0.08534,-0.55709,-0.11838,0.08159,0.05422
10.6,0.02318,-0.00128,-0.12078,0.34636,-0.16366,-0.09933,0.60939,0.02468,-0.06332,-0.52221,0.06213,-0.01404,0.92033,-0.24704,0.67479,1.17137,1.32395,-0.129,0.04304,0.32974,0.09996,-0.44218,1.20347,-1.38233,-0.07015,0.00652,0.40756,-0.10944,-0.12615,-0.55742,-0.11206,-0.06462,-0.04464,0.4864,0.1346,0.08835,-0.56008,-0.11792,0.08126,0.054
10.62,0.02416,-0.00147,-0.1208,0.34727,-0.16348,-0.09881,0.6122,0.02428,-0.06181,-0.51852,0.06222,-0.01405,0.90527,-0.27552,0.68927,1.17986,1.35347,-0.10708,0.04423,0.32374,0.1379,-0.43945,1.1955,-1.40129,-0.0517,0.00664,0.40685,-0.10951,-0.12553,-0.55884,-0.11189,-0.06475,-0.04473,0.48616,0.13505,0.09006,-0.56219,-0.11753,0.08095,0.05383
10.64,0.02522,-0.00159,-0.12083,0.34806,-0.16413,-0.09822,0.61603,0.02382,-0.06012,-0.51317,0.06214,-0.01405,0.88817,-0.31016,0.70743,1.19196,1.39141,-0.0799,0.0444,0.31633,0.18331,-0.43493,1.18995,-1.42377,-0.03086,0.00692,0.40692,-0.10939,-0.12412,-0.55995,-0.11176,-0.06492,-0.04487,0.48662,0.13532,0.0913,-0.56388,-0.11718,0.08065,0.05368
10.66,0.02624,-0.00172,-0.12086,0.34889,-0.16456,-0.09768,0.61949,0.0234,-0.05849,-0.50845,0.06211,-0.01405,0.87208,-0.34248,0.72408,1.2027,1.42552,-0.05495,0.04487,0.30958,0.22586,-0.43091,1.18411,-1.44406,-0.01127,0.00726,0.40678,-0.10936,-0.12314,-0.56111,-0.11162,-0.06507,-0.04498,0.48688,0.13569,0.09279,-0.56562,-0.11683,0.08034,0.05352
10.68,0.0273,-0.00193,-0.1209,0.34976,-0.16435,-0.09706,0.62262,0.02293,-0.05697,-0.50416,0.06221,-0.01405,0.85551,-0.37289,0.74014,1.21235,1.45976,-0.03064,0.04603,0.3026,0.26626,-0.42804,1.17484,-1.46695,0.00898,0.00706,0.40602,-0.10933,-0.12188,-0.56262,-0.11145,-0.06525,-0.04512,0.48663,0.13599,0.0941,-0.56793,-0.11643,0.08005,0.05336
10.7,0.02828,-0.00196,-0.1209,0.35054,-0.16566,-0.0966,0.62663,0.02256,-0.05518,-0.49867,0.06198,-0.01405,0.83957,-0.40869,0.75824,1.22501,1.49555,-0.00373,0.04551,0.29598,0.31291,-0.42261,1.17322,-1.48519,0.02854,0.00802,0.40673,-0.10925,-0.12101,-0.56335,-0.11135,-0.06538,-0.04522,0.48761,0.13639,0.09567,-0.56898,-0.11613,0.07974,0.0532
10.72,0.02907,-0.00147,-0.12083,0.35105,-0.17115,-0.09662,0.63316,0.02249,-0.05266,-0.48972,0.06096,-0.01405,0.8252,-0.45807,0.78132,1.24608,1.53533,0.02852,0.04059,0.28907,0.37453,-0.40822,1.19304,-1.49034,0.04417,0.01195,0.41142,-0.10906,-0.12128,-0.56183,-0.11145,-0.06539,-0.04523,0.49183,0.13714,0.09828,-0.5665,-0.11609,0.07933,0.05298
10.74,0.02977,-0.00081,-0.12073,0.35151,-0.17812,-0.09682,0.64046,0.02253,-0.0499,-0.47974,0.0596,-0.01405,0.81168,-0.51259,0.80629,1.26982,1.57611,0.06327,0.03402,0.28295,0.4422,-0.3918,1.22027,-1.49068,0.05926,0.01705,0.41756,-0.10884,-0.12198,-0.55956,-0.11163,-0.06536,-0.0452,0.49725,0.138,0.10116,-0.5628,-0.11614,0.07891,0.05276
10.76,0.03047,-0.00024,-0.12063,0.35205,-0.18431,-0.09695,0.64719,0.02251,-0.04727,-0.47057,0.05833,-0.01405,0.79817,-0.56466,0.83023,1.29172,1.61523,0.09728,0.02818,0.2775,0.50745,-0.37779,1.24357,-1.49271,0.07557,0.02175,0.423,-0.10866,-0.12258,-0.55773,-0.11177,-0.06535,-0.04518,0.5021,0.13877,0.10378,-0.55974,-0.11615,0.0785,0.05254
10.78,0.03132,0.0004,-0.12057,0.35234,-0.19101,-0.09703,0.65495,0.0225,-0.04452,-0.45983,0.05729,-0.01405,0.78284,-0.61755,0.85497,1.31658,1.65953,0.12995,0.02233,0.26744,0.57177,-0.35729,1.26951,-1.49655,0.08794,0.02597,0.42867,-0.10837,-0.12278,-0.55544,-0.11191,-0.06536,-0.04517,0.5071,0.13966,0.10691,-0.55629,-0.11615,0.07806,0.0523
10.8,0.03184,0.00093,-0.12041,0.35314,-0.19694,-0.09726,0.66067,0.02253,-0.04198,-0.45221,0.05571,-0.01405,0.77164,-0.66973,0.87847,1.33564,1.69344,0.16577,0.01619,0.26744,0.63913,-0.35006,1.29148,-1.49596,0.10823,0.03135,0.43416,-0.10829,-0.12391,-0.55396,-0.11207,-0.06532,-0.04515,0.51202,0.14035,0.10909,-0.55338,-0.11619,0.07768,0.0521
10.82,0.03148,0.00118,-0.11999,0.35548,-0.20064,-0.09791,0.66093,0.02259,-0.04009,-0.45271,0.05268,-0.01405,0.77059,-0.7199,0.89773,1.33992,1.696,0.21084,0.00925,0.29283,0.71547,-0.37795,1.3024,-1.47961,0.15138,0.04065,0.43898,-0.10884,-0.12772,-0.55472,-0.11226,-0.06516,-0.04507,0.51661,0.14035,0.10808,-0.55211,-0.11634,0.07753,0.05204
10.84,0.03078,0.00132,-0.11947,0.35833,-0.20344,-0.09872,0.65903,0.02271,-0.03842,-0.45651,0.04913,-0.01405,0.77387,-0.7689,0.91565,1.33794,1.68845,0.25866,0.00218,0.32867,0.79422,-0.41958,1.30875,-1.45975,0.20224,0.05087,0.44354,-0.1096,-0.13241,-0.55634,-0.11248,-0.06496,-0.04497,0.52102,0.14017,0.10617,-0.55145,-0.11652,0.07743,0.05202
10.86,0.0302,0.00149,-0.11899,0.36088,-0.20646,-0.09943,0.65788,0.02285,-0.03665,-0.45926,0.04585,-0.01405,0.77589,-0.81763,0.93445,1.33755,1.68709,0.30451,-0.00457,0.36124,0.87055,-0.45637,1.31604,-1.44465,0.24909,0.06001,0.44812,-0.11024,-0.13656,-0.55767,-0.11268,-0.06479,-0.04489,0.52538,0.14017,0.10501,-0.5506,-0.11667,0.07726,0.05195
10.88,0.02976,0.00173,-0.11853,0.3637,-0.21032,-0.10023,0.65773,0.02281,-0.03489,-0.46008,0.04242,-0.01405,0.77502,-0.87,0.95243,1.34245,1.6791,0.35379,-0.01255,0.38781,0.95282,-0.48751,1.32834,-1.41632,0.29847,0.07206,0.45316,-0.11098,-0.14133,-0.55855,-0.11288,-0.06459,-0.04479,0.53035,0.13977,0.1025,-0.54935,-0.11692,0.07725,0.05198
10.9,0.02895,0.0018,-0.118,0.36609,-0.21221,-0.10089,0.65498,0.02314,-0.03317,-0.4657,0.03919,-0.01406,0.78109,-0.91436,0.97145,1.33491,1.68241,0.39618,-0.01788,0.42908,1.02305,-0.53327,1.32908,-1.41443,0.3439,0.07818,0.45716,-0.11157,-0.14502,-0.56058,-0.1131,-0.06444,-0.04472,0.53399,0.14014,0.10249,-0.54908,-0.11696,0.07695,0.05183
10.92,0.02725,0.00145,-0.1173,0.36719,-0.20876,-0.10106,0.64554,0.02446,-0.03152,-0.48405,0.03657,-0.01407,0.80609,-0.9376,0.99635,1.29362,1.71979,0.42193,-0.01658,0.51079,1.06067,-0.61978,1.29855,-1.48898,0.38094,0.06819,0.45826,-0.11176,-0.14554,-0.56567,-0.11336,-0.06443,-0.04473,0.53382,0.14293,0.11038,-0.55149,-0.11637,0.07571,0.05114
10.94,0.02519,0.00093,-0.11654,0.36785,-0.20338,-0.10109,0.63355,0.02613,-0.02992,-0.50706,0.03418,-0.01408,0.83776,-0.95265,1.02184,1.24021,1.76856,0.44005,-0.01248,0.60644,1.08581,-0.71979,1.25666,-1.58958,0.41293,0.05216,0.45834,-0.11179,-0.14493,-0.57186,-0.11364,-0.06447,-0.04478,0.53232,0.14647,0.12068,-0.55486,-0.11558,0.0742,0.05028
10.96,0.02329,0.00049,-0.11581,0.36872,-0.19895,-0.10121,0.62272,0.02764,-0.02831,-0.52779,0.03173,-0.0141,0.86586,-0.97097,1.04531,1.19288,1.81216,0.45964,-0.00915,0.69421,1.11579,-0.81122,1.22015,-1.67685,0.44431,0.03852,0.45892,-0.11189,-0.14482,-0.57748,-0.11392,-0.06448,-0.04481,0.5315,0.14951,0.12934,-0.55773,-0.11492,0.07289,0.04953
10.98,0.0214,4e-05,-0.11508,0.36956,-0.19416,-0.10124,0.61178,0.02917,-0.02662,-0.5494,0.02906,-0.01411,0.89646,-0.99123,1.07616,1.14276,1.85638,0.48778,-0.00784,0.78909,1.14939,-0.91366,1.1823,-1.7712,0.48814,0.0262,0.45929,-0.11202,-0.14481,-0.58342,-0.11418,-0.06449,-0.04483,0.53035,0.15321,0.14022,-0.56087,-0.11409,0.07128,0.04862
11,0.0194,-0.00043,-0.11434,0.37034,-0.1897,-0.10142,0.60054,0.03073,-0.02513,-0.57014,0.02691,-0.01412,0.92332,-1.00546,1.09177,1.09587,1.9009,0.49622,-0.00179,0.87209,1.17246,-0.99592,1.14494,-1.85589,0.50486,0.00992,0.4599,-0.11205,-0.14432,-0.58894,-0.11447,-0.06453,-0.04488,0.52962,0.15573,0.1471,-0.56367,-0.11358,0.07022,0.048
11.02,0.01713,-0.00093,-0.11356,0.37109,-0.18628,-0.10211,0.58873,0.03233,-0.02417,-0.58833,0.02604,-0.01413,0.93859,-1.00546,1.06552,1.0589,1.95447,0.45252,0.01795,0.92087,1.16952,-1.02161,1.10873,-1.91781,0.44695,-0.01786,0.46119,-0.11185,-0.14277,-0.59327,-0.11488,-0.06462,-0.04498,0.53004,0.15479,0.14197,-0.5654,-0.11398,0.07079,0.0482
11.04,0.01476,-0.00144,-0.11276,0.3718,-0.18333,-0.10296,0.57678,0.03394,-0.02342,-0.60531,0.02569,-0.01414,0.94975,-0.99961,1.02388,1.02603,2.00623,0.38926,0.04214,0.95679,1.15643,-1.02604,1.07401,-1.96747,0.36214,-0.04907,0.46281,-0.11155,-0.14079,-0.59711,-0.11533,-0.06473,-0.0451,0.531,0.15266,0.13279,-0.56674,-0.1147,0.07191,0.04867
11.06,0.01245,-0.00194,-0.11198,0.3725,-0.1804,-0.10371,0.56513,0.03551,-0.02259,-0.6222,0.02517,-0.01415,0.96256,-0.99617,0.98906,0.99256,2.05124,0.33459,0.06348,0.99725,1.14799,-1.03847,1.04055,-2.01571,0.29018,-0.07734,0.46446,-0.11128,-0.13897,-0.60104,-0.11576,-0.06484,-0.04522,0.53193,0.15112,0.1257,-0.5682,-0.11526,0.07273,0.04901
11.08,0.01007,-0.00249,-0.11118,0.37326,-0.17643,-0.10455,0.55241,0.03725,-0.02168,-0.64194,0.02441,-0.01416,0.97663,-0.99345,0.95497,0.95317,2.12738,0.28059,0.08845,1.04372,1.13894,-1.05825,0.99843,-2.09335,0.21515,-0.11154,0.46532,-0.11106,-0.13718,-0.60557,-0.1162,-0.06493,-0.04533,0.53191,0.14938,0.11761,-0.56994,-0.11587,0.07374,0.04941
11.1,0.00781,-0.00294,-0.11041,0.37391,-0.17476,-0.10526,0.54192,0.03863,-0.02099,-0.65541,0.02424,-0.01417,0.98687,-0.98799,0.91575,0.92746,2.13965,0.22107,0.10683,1.07442,1.12891,-1.05769,0.97495,-2.1078,0.14054,-0.13428,0.46792,-0.11073,-0.13533,-0.60871,-0.11663,-0.06505,-0.04545,0.53402,0.14779,0.11063,-0.57098,-0.11645,0.07449,0.04974
11.12,0.00585,-0.00315,-0.10972,0.37427,-0.17924,-0.10554,0.53763,0.03898,-0.02077,-0.65184,0.02567,-0.01418,0.98858,-0.97626,0.86554,0.9368,1.96265,0.14756,0.10626,1.06477,1.11868,-1.00431,1.00192,-1.93947,0.07079,-0.12325,0.47519,-0.10996,-0.13272,-0.60819,-0.11705,-0.06532,-0.04564,0.54186,0.14686,0.10755,-0.5704,-0.11688,0.07443,0.04985
11.14,0.004,-0.00327,-0.10907,0.37454,-0.18604,-0.10569,0.53561,0.03897,-0.02078,-0.64202,0.02767,-0.01417,0.98633,-0.96206,0.81082,0.96014,1.7238,0.06988,0.09884,1.03959,1.10789,-0.93148,1.04775,-1.70998,0.00298,-0.10076,0.4842,-0.10911,-0.1302,-0.60627,-0.11746,-0.0656,-0.04582,0.55184,0.14615,0.10572,-0.56911,-0.11727,0.0741,0.04988
11.16,0.00211,-0.00341,-0.1084,0.37488,-0.19186,-0.10593,0.5326,0.03914,-0.02076,-0.63506,0.02934,-0.01418,0.98519,-0.94912,0.75853,0.97827,1.52205,-0.00352,0.09425,1.0214,1.09738,-0.86867,1.08547,-1.5157,-0.06386,-0.08433,0.49245,-0.10841,-0.12813,-0.60493,-0.11787,-0.06582,-0.04596,0.56086,0.14538,0.10341,-0.56802,-0.11768,0.07388,0.04993
11.18,0.00019,-0.00363,-0.10774,0.37511,-0.19742,-0.10607,0.52944,0.03924,-0.02044,-0.62793,0.0313,-0.01418,0.98685,-0.93536,0.70401,0.99171,1.28253,-0.08771,0.0909,1.00308,1.08631,-0.80008,1.12142,-1.28952,-0.1396,-0.06448,0.50063,-0.10723,-0.12403,-0.6038,-0.11832,-0.06628,-0.04626,0.56985,0.1444,0.10063,-0.56739,-0.11808,0.0737,0.05004
11.2,-0.00164,-0.00367,-0.10706,0.37553,-0.20404,-0.10637,0.5271,0.0394,-0.02079,-0.61975,0.03279,-0.01418,0.98174,-0.92287,0.65337,1.01814,1.10671,-0.15012,0.08345,0.98146,1.0765,-0.73927,1.16537,-1.11562,-0.19582,-0.04894,0.50932,-0.10701,-0.12409,-0.60192,-0.11868,-0.06624,-0.04625,0.57939,0.14391,0.09915,-0.56567,-0.11849,0.07337,0.05002
11.22,-0.00324,-0.00321,-0.10631,0.37648,-0.21334,-0.10723,0.52672,0.03985,-0.02309,-0.60948,0.03285,-0.01418,0.95941,-0.91399,0.6137,1.07743,1.12463,-0.15151,0.06487,0.95497,1.06976,-0.70418,1.22787,-1.0993,-0.19994,-0.04841,0.51926,-0.1097,-0.13645,-0.59815,-0.1188,-0.06467,-0.0453,0.59021,0.14487,0.1013,-0.56092,-0.11894,0.07258,0.04963
11.24,-0.00474,-0.00258,-0.10555,0.3776,-0.22357,-0.10825,0.52704,0.04037,-0.02606,-0.5985,0.03241,-0.01418,0.93032,-0.90661,0.57831,1.14918,1.20829,-0.1307,0.04264,0.92567,1.06445,-0.6778,1.29751,-1.13798,-0.1841,-0.05253,0.52959,-0.11333,-0.15283,-0.5937,-0.11884,-0.06261,-0.04404,0.60144,0.1463,0.10468,-0.55514,-0.11941,0.07164,0.04913
11.26,-0.00626,-0.00206,-0.10479,0.37864,-0.23317,-0.10915,0.52685,0.04083,-0.02864,-0.58827,0.03219,-0.01418,0.90401,-0.89892,0.54158,1.21501,1.26007,-0.11989,0.02309,0.89743,1.05888,-0.64787,1.36326,-1.15284,-0.17638,-0.05429,0.53958,-0.11639,-0.1668,-0.58965,-0.11891,-0.06085,-0.04298,0.61231,0.14743,0.1073,-0.54998,-0.11986,0.0708,0.0487
11.28,-0.00786,-0.00142,-0.10403,0.37972,-0.24374,-0.11024,0.52754,0.04141,-0.03155,-0.57596,0.03205,-0.01418,0.87881,-0.88958,0.50213,1.28258,1.31812,-0.10969,-0.00086,0.86957,1.05164,-0.6155,1.43261,-1.16107,-0.17263,-0.05669,0.55036,-0.12005,-0.18324,-0.58516,-0.11899,-0.05875,-0.0417,0.62405,0.1489,0.1108,-0.54417,-0.12034,0.06981,0.04819
11.3,-0.00929,-0.00097,-0.10328,0.38075,-0.25246,-0.11097,0.52653,0.04176,-0.03395,-0.56795,0.03159,-0.01418,0.84975,-0.88406,0.46944,1.34907,1.37955,-0.09278,-0.01658,0.84042,1.04825,-0.59057,1.49565,-1.19637,-0.1559,-0.05899,0.55953,-0.12268,-0.1955,-0.58147,-0.11904,-0.05724,-0.04079,0.63401,0.14979,0.11277,-0.53948,-0.12077,0.06911,0.04782
11.32,-0.01028,-0.00105,-0.10254,0.38169,-0.25605,-0.1107,0.52069,0.04145,-0.03483,-0.57172,0.03042,-0.01419,0.8118,-0.88872,0.45432,1.41134,1.43433,-0.06359,-0.0075,0.80891,1.05481,-0.58408,1.54163,-1.29846,-0.10828,-0.06005,0.5643,-0.12215,-0.195,-0.58004,-0.11905,-0.05755,-0.041,0.63907,0.14884,0.10988,-0.53794,-0.12107,0.06923,0.0479
11.34,-0.0111,-0.00132,-0.10181,0.38255,-0.2577,-0.11006,0.51312,0.04091,-0.03517,-0.57992,0.02893,-0.0142,0.77026,-0.89717,0.44592,1.47162,1.4905,-0.02824,0.00981,0.77624,1.06524,-0.5849,1.58045,-1.42526,-0.04833,-0.06086,0.56741,-0.12056,-0.19018,-0.57948,-0.11903,-0.05847,-0.04159,0.64228,0.14731,0.10546,-0.5376,-0.12132,0.06963,0.04813
11.36,-0.01199,-0.00151,-0.10107,0.38337,-0.26012,-0.10957,0.50632,0.04049,-0.03573,-0.58634,0.02755,-0.0142,0.73027,-0.90389,0.43451,1.5316,1.54629,0.00491,0.02257,0.74379,1.07412,-0.58239,1.62112,-1.53733,0.00602,-0.06169,0.57118,-0.1195,-0.18746,-0.57863,-0.11902,-0.05908,-0.04199,0.64624,0.14612,0.10193,-0.53685,-0.12158,0.06989,0.04828
11.38,-0.01293,-0.00167,-0.10032,0.3845,-0.26305,-0.10913,0.4996,0.04002,-0.03641,-0.5918,0.02627,-0.01421,0.69022,-0.91072,0.42299,1.59732,1.60332,0.03642,0.03856,0.71231,1.08223,-0.58007,1.66822,-1.66571,0.06118,-0.06306,0.57533,-0.11825,-0.18431,-0.5773,-0.11905,-0.05979,-0.04246,0.6506,0.14464,0.0976,-0.5355,-0.1219,0.0702,0.04846
11.4,-0.01372,-0.00194,-0.09962,0.38498,-0.26444,-0.10851,0.49232,0.0396,-0.03673,-0.60024,0.02473,-0.01422,0.64974,-0.91818,0.41335,1.65016,1.65717,0.07238,0.04989,0.67886,1.09276,-0.57915,1.69981,-1.7657,0.11716,-0.0632,0.57831,-0.11714,-0.18098,-0.5772,-0.11899,-0.06045,-0.04288,0.65368,0.14361,0.09456,-0.53569,-0.12207,0.07048,0.04862
11.42,-0.01415,-0.00251,-0.09905,0.38367,-0.2619,-0.10749,0.48368,0.0394,-0.0361,-0.61658,0.02255,-0.01422,0.60723,-0.92647,0.40625,1.67022,1.70259,0.12004,0.0459,0.63774,1.10954,-0.57861,1.69298,-1.77738,0.17364,-0.06005,0.57839,-0.11663,-0.17807,-0.58033,-0.11871,-0.06084,-0.0431,0.65361,0.14392,0.09536,-0.53988,-0.12188,0.07062,0.04868
11.44,-0.01444,-0.00319,-0.09853,0.3817,-0.25789,-0.10632,0.47457,0.03926,-0.03514,-0.63564,0.02012,-0.01422,0.5648,-0.93525,0.40099,1.67687,1.74434,0.17164,0.03707,0.59518,1.12852,-0.57944,1.67027,-1.76005,0.23012,-0.05567,0.57737,-0.1163,-0.17512,-0.58468,-0.11836,-0.06115,-0.04325,0.65231,0.1447,0.0975,-0.54555,-0.12154,0.07073,0.04872
11.46,-0.01478,-0.00382,-0.09799,0.38005,-0.25462,-0.10523,0.46583,0.03907,-0.03439,-0.65299,0.01779,-0.01422,0.52344,-0.94381,0.39549,1.6881,1.78702,0.22079,0.03076,0.55493,1.14616,-0.58074,1.65303,-1.75833,0.28574,-0.0518,0.57692,-0.11591,-0.17227,-0.58847,-0.11805,-0.06149,-0.04342,0.65162,0.14529,0.09907,-0.55049,-0.12127,0.07085,0.04877
11.48,-0.01516,-0.00448,-0.09744,0.37835,-0.25095,-0.10406,0.4564,0.03895,-0.03339,-0.67252,0.01548,-0.01423,0.47714,-0.95254,0.38766,1.70574,1.83289,0.27315,0.02333,0.5076,1.16538,-0.57784,1.64281,-1.74743,0.34569,-0.04804,0.57614,-0.11542,-0.16895,-0.59233,-0.11772,-0.06188,-0.04363,0.65066,0.14578,0.10044,-0.55571,-0.12099,0.07099,0.04883
11.5,-0.01544,-0.00508,-0.09692,0.37658,-0.24779,-0.10303,0.44831,0.03872,-0.03284,-0.68806,0.01309,-0.01423,0.44138,-0.96091,0.38508,1.70676,1.87121,0.31941,0.01703,0.47476,1.18174,-0.58375,1.61442,-1.74823,0.39614,-0.04388,0.57577,-0.11519,-0.16663,-0.59629,-0.1174,-0.06213,-0.04375,0.64997,0.14658,0.10253,-0.56068,-0.1207,0.07108,0.04885
11.52,-0.01547,-0.00554,-0.09646,0.37475,-0.24639,-0.10238,0.44386,0.0382,-0.03373,-0.69226,0.01042,-0.01423,0.43295,-0.96871,0.39601,1.66622,1.88955,0.35011,0.01467,0.48176,1.19009,-0.615,1.5388,-1.78961,0.42306,-0.03792,0.57698,-0.11576,-0.16719,-0.60046,-0.11714,-0.06201,-0.04365,0.6505,0.14817,0.10656,-0.56478,-0.12039,0.07101,0.04871
11.54,-0.0154,-0.00592,-0.09603,0.37287,-0.24555,-0.10187,0.4408,0.03758,-0.03508,-0.69229,0.00772,-0.01423,0.43544,-0.97599,0.41218,1.60929,1.9004,0.37408,0.01366,0.50349,1.19539,-0.65474,1.44573,-1.84315,0.43983,-0.03177,0.57862,-0.11658,-0.16875,-0.60464,-0.11689,-0.06174,-0.04346,0.65132,0.15005,0.11123,-0.56853,-0.12007,0.0709,0.04853
11.56,-0.01536,-0.00631,-0.0956,0.37102,-0.24446,-0.10133,0.43721,0.03701,-0.03617,-0.69399,0.00512,-0.01423,0.43413,-0.98311,0.42633,1.55912,1.91475,0.39964,0.01223,0.51886,1.2018,-0.68974,1.36123,-1.89056,0.45945,-0.0264,0.57996,-0.11723,-0.1698,-0.60865,-0.11665,-0.06154,-0.04331,0.65192,0.15175,0.11543,-0.57229,-0.11977,0.07082,0.04837
11.58,-0.01538,-0.0068,-0.09513,0.36914,-0.24331,-0.10067,0.4332,0.03639,-0.03747,-0.69668,0.00211,-0.01423,0.42801,-0.99191,0.43922,1.51117,1.92869,0.4316,0.00977,0.53284,1.20949,-0.72873,1.2732,-1.94062,0.48663,-0.01815,0.58168,-0.11811,-0.17107,-0.61341,-0.11636,-0.06133,-0.04315,0.65285,0.15365,0.1204,-0.57671,-0.1194,0.07069,0.04817
11.6,-0.01526,-0.00708,-0.09474,0.36731,-0.24244,-0.10028,0.43038,0.03587,-0.03844,-0.69632,-4e-05,-0.01423,0.43438,-0.99708,0.45573,1.45514,1.94161,0.44852,0.00989,0.55314,1.21374,-0.76116,1.18892,-1.98706,0.49551,-0.01576,0.58273,-0.11859,-0.17212,-0.6166,-0.11617,-0.06111,-0.043,0.65319,0.15521,0.12393,-0.57968,-0.11916,0.07065,0.04806
11.62,-0.01478,-0.00681,-0.09458,0.3656,-0.24223,-0.10065,0.43052,0.03561,-0.03855,-0.68829,0.00011,-0.01423,0.47349,-0.99238,0.48289,1.37868,1.95433,0.42584,0.01629,0.58815,1.20946,-0.7755,1.11661,-2.03284,0.45762,-0.03044,0.58176,-0.11786,-0.17226,-0.61532,-0.11625,-0.06093,-0.04291,0.65171,0.15573,0.1232,-0.57856,-0.11932,0.07084,0.04825
11.64,-0.01417,-0.00634,-0.09449,0.36396,-0.2423,-0.10129,0.43181,0.03546,-0.03832,-0.67737,0.00115,-0.01423,0.52459,-0.98403,0.51313,1.29517,1.96598,0.38817,0.02531,0.62885,1.20179,-0.78258,1.04931,-2.07273,0.40151,-0.05084,0.58011,-0.11673,-0.17213,-0.61249,-0.11644,-0.06075,-0.04285,0.64963,0.1559,0.12101,-0.576,-0.11961,0.0711,0.04854
11.66,-0.01362,-0.00597,-0.09438,0.3623,-0.24225,-0.10179,0.43256,0.03528,-0.03817,-0.66791,0.00186,-0.01423,0.56965,-0.97733,0.5407,1.2163,1.97781,0.35717,0.03353,0.66641,1.19554,-0.79156,0.98151,-2.10696,0.35281,-0.06806,0.57882,-0.11581,-0.17215,-0.61045,-0.11658,-0.06057,-0.04278,0.64789,0.15625,0.11956,-0.57419,-0.11983,0.07133,0.04878
11.68,-0.01303,-0.00555,-0.09425,0.36058,-0.24221,-0.10235,0.43345,0.03505,-0.03832,-0.65765,0.00227,-0.01423,0.61773,-0.97066,0.57388,1.13056,1.9913,0.3266,0.04033,0.70689,1.18969,-0.80661,0.90543,-2.17546,0.30712,-0.08776,0.57732,-0.11478,-0.17214,-0.60802,-0.11673,-0.06039,-0.0427,0.6459,0.15655,0.11782,-0.57198,-0.12008,0.07158,0.04905
11.7,-0.01251,-0.0052,-0.09416,0.359,-0.24218,-0.10286,0.43426,0.03493,-0.03776,-0.64849,0.0035,-0.01423,0.66207,-0.96306,0.596,1.05794,2.00036,0.29161,0.05046,0.74239,1.18225,-0.80736,0.84821,-2.17269,0.25134,-0.10361,0.57608,-0.11389,-0.17208,-0.60606,-0.11687,-0.06022,-0.04264,0.64427,0.15685,0.11632,-0.57027,-0.12031,0.07181,0.04928
11.72,-0.01218,-0.00506,-0.09418,0.35768,-0.24223,-0.1032,0.43485,0.03505,-0.03524,-0.64249,0.00684,-0.01423,0.69418,-0.95375,0.58716,1.0212,2.00481,0.24854,0.07111,0.76314,1.17128,-0.76892,0.84023,-1.96001,0.16903,-0.10784,0.5758,-0.11352,-0.17207,-0.60565,-0.11695,-0.06009,-0.04256,0.64382,0.15726,0.11594,-0.57012,-0.12046,0.07195,0.04937
11.74,-0.01192,-0.005,-0.09424,0.3565,-0.24225,-0.10348,0.43526,0.03526,-0.03203,-0.63782,0.01095,-0.01424,0.72183,-0.94363,0.56702,0.99841,2.00372,0.20156,0.09468,0.77849,1.15884,-0.71657,0.85146,-1.67838,0.07786,-0.10792,0.57579,-0.1133,-0.172,-0.60578,-0.117,-0.05997,-0.0425,0.64374,0.15767,0.11584,-0.57054,-0.12059,0.07208,0.04943
11.76,-0.01165,-0.00493,-0.09428,0.35529,-0.24219,-0.10379,0.43557,0.03544,-0.02917,-0.63293,0.01467,-0.01424,0.7508,-0.9339,0.55183,0.97066,2.00009,0.15603,0.11558,0.79601,1.14708,-0.6715,0.85501,-1.43789,-0.00718,-0.10958,0.5756,-0.113,-0.17187,-0.60575,-0.11706,-0.05985,-0.04244,0.64345,0.15806,0.11555,-0.57079,-0.12072,0.07221,0.0495
11.78,-0.01131,-0.00477,-0.09433,0.35391,-0.24254,-0.10412,0.43671,0.0356,-0.02614,-0.62631,0.01859,-0.01424,0.78329,-0.92397,0.53749,0.93674,2.01685,0.11108,0.14214,0.81507,1.13515,-0.62214,0.85421,-1.15611,-0.10182,-0.11264,0.57562,-0.11275,-0.17208,-0.60531,-0.11714,-0.0597,-0.04235,0.6433,0.15851,0.11546,-0.5706,-0.12087,0.07235,0.04957
11.8,-0.01113,-0.0048,-0.09435,0.35294,-0.24203,-0.10438,0.43606,0.03582,-0.02331,-0.62364,0.02225,-0.01424,0.80708,-0.91432,0.5187,0.91921,1.99099,0.06453,0.15771,0.82941,1.12328,-0.57852,0.86704,-0.94364,-0.17821,-0.11183,0.57529,-0.11244,-0.17158,-0.60587,-0.11717,-0.05963,-0.04231,0.64296,0.15884,0.11504,-0.57149,-0.12097,0.07247,0.04963
11.82,-0.0114,-0.00529,-0.09426,0.35302,-0.23908,-0.10445,0.43051,0.03622,-0.02116,-0.63164,0.02503,-0.01424,0.80926,-0.90552,0.49013,0.94242,1.83888,0.01176,0.14105,0.83334,1.11178,-0.55407,0.91218,-0.94322,-0.20284,-0.10052,0.57382,-0.11189,-0.16899,-0.60897,-0.11708,-0.05984,-0.04245,0.64195,0.15889,0.11372,-0.57523,-0.12093,0.0725,0.04965
11.84,-0.01183,-0.00596,-0.09413,0.35351,-0.23527,-0.10446,0.42317,0.03669,-0.01924,-0.64355,0.02751,-0.01425,0.80255,-0.89708,0.45752,0.98186,1.64595,-0.04187,0.11345,0.83243,1.10044,-0.53594,0.97042,-1.01442,-0.20851,-0.08558,0.57201,-0.11127,-0.1657,-0.61305,-0.11694,-0.06014,-0.04265,0.64075,0.15881,0.11203,-0.58003,-0.12085,0.07251,0.04966
11.86,-0.01219,-0.00655,-0.09402,0.35384,-0.2319,-0.10449,0.41665,0.03712,-0.01724,-0.65363,0.03011,-0.01425,0.79899,-0.88857,0.42689,1.01469,1.47816,-0.09328,0.09163,0.83283,1.08916,-0.51501,1.02308,-1.05021,-0.22232,-0.07283,0.57043,-0.11071,-0.16279,-0.61674,-0.11682,-0.06039,-0.04282,0.6397,0.15877,0.11045,-0.58435,-0.12078,0.07254,0.04967
11.88,-0.01256,-0.00713,-0.09391,0.35403,-0.22831,-0.10452,0.41008,0.03756,-0.0151,-0.66402,0.03284,-0.01426,0.799,-0.87963,0.3952,1.04493,1.28222,-0.15266,0.06649,0.83679,1.07726,-0.49325,1.07495,-1.09505,-0.23868,-0.05767,0.56854,-0.11006,-0.15961,-0.62025,-0.11672,-0.06066,-0.04301,0.6384,0.15882,0.10915,-0.58869,-0.12071,0.07254,0.04967
11.9,-0.01295,-0.00776,-0.09379,0.35463,-0.22498,-0.10455,0.40324,0.03801,-0.01332,-0.67464,0.03519,-0.01426,0.78956,-0.87167,0.36499,1.08406,1.13548,-0.19545,0.04564,0.83225,1.06672,-0.47495,1.13116,-1.13974,-0.24481,-0.04668,0.56721,-0.10959,-0.15684,-0.62433,-0.11657,-0.06091,-0.04316,0.63758,0.15864,0.10717,-0.59321,-0.12064,0.0726,0.0497
11.92,-0.01339,-0.0085,-0.09362,0.35626,-0.22244,-0.1046,0.39581,0.03851,-0.01235,-0.68527,0.03664,-0.01427,0.75596,-0.86638,0.33919,1.14531,1.13291,-0.19363,0.03909,0.80558,1.05979,-0.46436,1.19759,-1.1599,-0.22994,-0.0485,0.56749,-0.10963,-0.15517,-0.62998,-0.11631,-0.06108,-0.04323,0.63811,0.15781,0.10324,-0.59816,-0.12057,0.07283,0.04983
11.94,-0.01386,-0.00928,-0.09343,0.35828,-0.22022,-0.10465,0.38824,0.03901,-0.01174,-0.69592,0.0377,-0.01427,0.71324,-0.86206,0.31519,1.21458,1.18151,-0.17485,0.03724,0.77054,1.05425,-0.45715,1.26754,-1.17888,-0.20498,-0.05458,0.56834,-0.10987,-0.15396,-0.63612,-0.11602,-0.06121,-0.04325,0.63913,0.15675,0.09866,-0.60322,-0.12049,0.07312,0.05
11.96,-0.0143,-0.01001,-0.09326,0.36009,-0.21795,-0.1047,0.38096,0.0395,-0.01103,-0.70633,0.0389,-0.01428,0.67486,-0.85724,0.29083,1.27916,1.20793,-0.16282,0.03337,0.73922,1.04815,-0.44866,1.33487,-1.20329,-0.18276,-0.05846,0.56893,-0.11004,-0.15268,-0.64187,-0.11574,-0.06135,-0.04329,0.63996,0.15583,0.09447,-0.6081,-0.12041,0.07338,0.05014
11.98,-0.01482,-0.01085,-0.09307,0.36204,-0.21523,-0.10474,0.37269,0.04005,-0.01006,-0.71785,0.04025,-0.01428,0.63527,-0.85266,0.26437,1.34883,1.22881,-0.15467,0.02868,0.70799,1.04176,-0.43931,1.40709,-1.21013,-0.16732,-0.06331,0.56949,-0.11013,-0.15082,-0.64835,-0.11545,-0.06154,-0.04335,0.64066,0.15478,0.08985,-0.61355,-0.12033,0.07367,0.05031
12,-0.01517,-0.01148,-0.09291,0.36379,-0.21354,-0.10479,0.36645,0.04046,-0.0097,-0.727,0.04121,-0.01429,0.59625,-0.84785,0.2428,1.40946,1.27338,-0.13467,0.02691,0.67475,1.03631,-0.43245,1.46962,-1.25156,-0.13606,-0.06722,0.57026,-0.11042,-0.15026,-0.65341,-0.11518,-0.06162,-0.04335,0.64173,0.15393,0.08598,-0.61784,-0.12026,0.07391,0.05044
12.02,-0.01503,-0.01157,-0.09284,0.36497,-0.21469,-0.10485,0.36592,0.04047,-0.01102,-0.72967,0.04119,-0.01429,0.56016,-0.84173,0.23407,1.44411,1.37564,-0.08365,0.0324,0.63707,1.03297,-0.43196,1.506,-1.39537,-0.05992,-0.0673,0.57155,-0.11125,-0.15347,-0.65439,-0.11497,-0.0614,-0.04322,0.64378,0.15363,0.08438,-0.61898,-0.12022,0.07398,0.05046
12.04,-0.01472,-0.01145,-0.0928,0.36592,-0.21685,-0.10492,0.36744,0.04033,-0.01292,-0.72992,0.04079,-0.01429,0.52517,-0.83542,0.23027,1.46912,1.49928,-0.02174,0.04064,0.59787,1.03056,-0.43378,1.53218,-1.57245,0.03099,-0.06636,0.57303,-0.11226,-0.15794,-0.65392,-0.11478,-0.06107,-0.04303,0.64615,0.15353,0.08357,-0.61895,-0.1202,0.074,0.05044
12.06,-0.0145,-0.01142,-0.09275,0.36692,-0.2185,-0.10497,0.368,0.04025,-0.0145,-0.73122,0.04056,-0.01429,0.49028,-0.82948,0.22437,1.49782,1.61017,0.03357,0.04744,0.55997,1.02782,-0.43434,1.56202,-1.72959,0.11261,-0.06602,0.5744,-0.11315,-0.16165,-0.65412,-0.11459,-0.0608,-0.04288,0.6483,0.15334,0.08239,-0.61944,-0.12017,0.07404,0.05044
12.08,-0.01425,-0.0114,-0.09269,0.36813,-0.22039,-0.10506,0.36866,0.04019,-0.01633,-0.73274,0.04031,-0.01429,0.45247,-0.82239,0.21791,1.52972,1.7356,0.09642,0.05519,0.51913,1.02476,-0.43593,1.59608,-1.90703,0.2055,-0.06522,0.57592,-0.11422,-0.16615,-0.6543,-0.11436,-0.06048,-0.04269,0.65079,0.15316,0.0812,-0.62001,-0.12013,0.07408,0.05043
12.1,-0.014,-0.01132,-0.09266,0.36886,-0.22201,-0.10507,0.36961,0.04005,-0.01778,-0.73321,0.04003,-0.01429,0.42118,-0.81763,0.21378,1.55257,1.83517,0.14593,0.06158,0.48423,1.02257,-0.43586,1.61891,-2.05016,0.27829,-0.06511,0.57714,-0.11494,-0.16931,-0.65417,-0.11421,-0.06024,-0.04256,0.65263,0.15299,0.08024,-0.62013,-0.12012,0.07411,0.05043
12.12,-0.01376,-0.01115,-0.09266,0.36832,-0.22264,-0.1049,0.3709,0.03971,-0.018,-0.73132,0.03976,-0.01429,0.40724,-0.81938,0.21488,1.55255,1.85796,0.15597,0.06335,0.4656,1.0226,-0.43073,1.61293,-2.08968,0.29181,-0.06692,0.57748,-0.11462,-0.16852,-0.65352,-0.11426,-0.06022,-0.04257,0.6526,0.1528,0.0797,-0.61926,-0.1202,0.07413,0.05046
12.14,-0.01351,-0.01094,-0.09268,0.36732,-0.22296,-0.10465,0.37242,0.03931,-0.01783,-0.72845,0.03948,-0.01429,0.39993,-0.82345,0.21814,1.54376,1.85378,0.15213,0.06366,0.45312,1.02346,-0.42383,1.59603,-2.09362,0.28456,-0.06948,0.5775,-0.11394,-0.16635,-0.65262,-0.11438,-0.06028,-0.04263,0.6519,0.15262,0.07937,-0.61799,-0.1203,0.07414,0.05051
12.16,-0.01326,-0.01075,-0.09269,0.36655,-0.22339,-0.10443,0.37382,0.03894,-0.01784,-0.72605,0.03922,-0.01429,0.38986,-0.82643,0.22039,1.53911,1.86175,0.15457,0.06471,0.43817,1.02392,-0.41764,1.58429,-2.11436,0.28685,-0.07182,0.57765,-0.11341,-0.16477,-0.65185,-0.11448,-0.06032,-0.04267,0.65149,0.15244,0.07895,-0.61693,-0.12038,0.07415,0.05055
12.18,-0.013,-0.01053,-0.09271,0.36569,-0.22396,-0.10421,0.37536,0.03853,-0.01784,-0.72346,0.03889,-0.01429,0.37876,-0.82961,0.22293,1.53349,1.87087,0.15752,0.06552,0.42181,1.02454,-0.41188,1.5714,-2.13374,0.28926,-0.07361,0.57787,-0.11292,-0.16334,-0.65094,-0.11456,-0.06032,-0.0427,0.65113,0.15225,0.07852,-0.61572,-0.12048,0.07416,0.05059
12.2,-0.01278,-0.01036,-0.09272,0.36491,-0.22417,-0.10399,0.37664,0.03819,-0.01778,-0.72106,0.0387,-0.01429,0.37139,-0.83288,0.22534,1.52791,1.87101,0.15597,0.06648,0.40986,1.02498,-0.40482,1.55842,-2.1469,0.28629,-0.07673,0.57787,-0.11228,-0.16129,-0.65028,-0.11467,-0.0604,-0.04277,0.65052,0.15207,0.07817,-0.61474,-0.12056,0.07418,0.05063
12.22,-0.01268,-0.01034,-0.09269,0.36448,-0.22344,-0.10377,0.37708,0.03805,-0.01762,-0.71951,0.03889,-0.01429,0.37256,-0.83616,0.22675,1.52484,1.85188,0.14519,0.06789,0.40867,1.02494,-0.39434,1.54803,-2.15278,0.2735,-0.08349,0.57734,-0.11123,-0.15759,-0.65037,-0.11484,-0.06073,-0.04298,0.64938,0.15192,0.07793,-0.61448,-0.12062,0.07425,0.05067
12.24,-0.01263,-0.01037,-0.09266,0.36417,-0.22236,-0.10355,0.37725,0.03799,-0.01743,-0.71818,0.03922,-0.01429,0.37728,-0.8394,0.22797,1.52213,1.82473,0.13033,0.06954,0.41169,1.02464,-0.38266,1.53797,-2.15325,0.25596,-0.09153,0.5766,-0.11006,-0.15334,-0.65073,-0.11502,-0.06115,-0.04324,0.64803,0.15178,0.07778,-0.61448,-0.12066,0.07433,0.05071
12.26,-0.01256,-0.01038,-0.09262,0.36381,-0.22145,-0.10333,0.37757,0.0379,-0.01728,-0.71671,0.03949,-0.01429,0.38048,-0.84247,0.22935,1.51915,1.80187,0.11739,0.0713,0.41276,1.02432,-0.37171,1.52771,-2.15524,0.24055,-0.09887,0.57597,-0.109,-0.14952,-0.65097,-0.11518,-0.06151,-0.04347,0.64678,0.15164,0.07762,-0.61436,-0.1207,0.07441,0.05076
12.28,-0.01248,-0.01038,-0.09259,0.3634,-0.22048,-0.1031,0.3778,0.03778,-0.01702,-0.71538,0.03974,-0.01429,0.38353,-0.84639,0.2305,1.51627,1.7754,0.10366,0.07213,0.41426,1.02462,-0.35995,1.51723,-2.15992,0.22449,-0.10676,0.57528,-0.10769,-0.14492,-0.65118,-0.11538,-0.06193,-0.04374,0.64545,0.15147,0.07733,-0.61423,-0.12075,0.07448,0.0508
12.3,-0.01243,-0.0104,-0.09256,0.36314,-0.21957,-0.1029,0.37814,0.03773,-0.01698,-0.71382,0.04008,-0.01429,0.38764,-0.84851,0.23205,1.5134,1.75482,0.09081,0.07491,0.41574,1.02353,-0.34957,1.50747,-2.15824,0.20897,-0.11376,0.57466,-0.10687,-0.1418,-0.65153,-0.11552,-0.06225,-0.04393,0.64427,0.15138,0.07735,-0.61419,-0.12079,0.07456,0.05084
12.32,-0.01248,-0.01051,-0.09253,0.36327,-0.21885,-0.10277,0.37878,0.03791,-0.0176,-0.71178,0.0406,-0.01429,0.39376,-0.8455,0.23472,1.51047,1.75305,0.08122,0.08351,0.41643,1.01891,-0.34361,1.49942,-2.13978,0.19582,-0.11829,0.57418,-0.10754,-0.14311,-0.65227,-0.11547,-0.06226,-0.04386,0.64355,0.15142,0.07792,-0.61439,-0.1208,0.07465,0.05089
12.34,-0.01256,-0.01063,-0.09251,0.36355,-0.21822,-0.10267,0.37956,0.03817,-0.01844,-0.70949,0.04122,-0.01429,0.40079,-0.84069,0.23779,1.50757,1.75746,0.07273,0.09397,0.41686,1.01285,-0.33902,1.49219,-2.1153,0.18351,-0.1218,0.57379,-0.10871,-0.14589,-0.65315,-0.11535,-0.06216,-0.04371,0.64301,0.15154,0.07883,-0.61467,-0.12078,0.07473,0.05092
12.36,-0.01263,-0.01074,-0.09248,0.36377,-0.2176,-0.10255,0.38032,0.03837,-0.01916,-0.70719,0.04183,-0.01429,0.40738,-0.83676,0.2407,1.50469,1.75882,0.0639,0.10326,0.4172,1.00729,-0.33364,1.48478,-2.09424,0.17111,-0.1256,0.57342,-0.10961,-0.14786,-0.65395,-0.11527,-0.06212,-0.04361,0.64242,0.15167,0.07975,-0.61488,-0.12077,0.0748,0.05095
12.38,-0.01268,-0.01087,-0.09246,0.364,-0.21675,-0.10244,0.38087,0.03863,-0.01995,-0.70541,0.04227,-0.01429,0.41421,-0.83253,0.24355,1.50166,1.76108,0.05426,0.11394,0.41863,1.0024,-0.32899,1.47651,-2.07049,0.15737,-0.13024,0.57279,-0.11068,-0.15039,-0.65487,-0.11517,-0.06206,-0.04347,0.64166,0.15163,0.08001,-0.61526,-0.1208,0.07496,0.05104
12.4,-0.01279,-0.01097,-0.09243,0.36422,-0.21642,-0.10232,0.38191,0.0388,-0.02065,-0.70248,0.04311,-0.01429,0.4207,-0.82852,0.24658,1.49897,1.76282,0.0466,0.12214,0.41759,0.99573,-0.32308,1.47025,-2.05049,0.14658,-0.13281,0.57272,-0.11151,-0.15214,-0.65555,-0.1151,-0.06202,-0.04337,0.64132,0.15195,0.08168,-0.61528,-0.12073,0.07493,0.051
12.42,-0.01303,-0.011,-0.09238,0.3644,-0.21733,-0.10211,0.38413,0.03869,-0.02103,-0.69663,0.04502,-0.01429,0.42611,-0.82555,0.25026,1.49709,1.76355,0.04449,0.1233,0.41045,0.98491,-0.31399,1.46908,-2.04655,0.14457,-0.1306,0.57409,-0.11154,-0.15123,-0.6557,-0.1151,-0.06206,-0.04341,0.642,0.15336,0.08756,-0.61441,-0.12037,0.07438,0.05056
12.44,-0.01332,-0.011,-0.09233,0.36455,-0.21879,-0.10188,0.38687,0.03847,-0.0213,-0.6896,0.04733,-0.01429,0.43109,-0.82287,0.25407,1.49556,1.76327,0.04431,0.12185,0.4007,0.97224,-0.30346,1.46993,-2.04592,0.14538,-0.12624,0.57602,-0.11131,-0.14951,-0.65557,-0.11514,-0.06211,-0.04349,0.64311,0.15511,0.09476,-0.61316,-0.11991,0.07365,0.05
12.46,-0.01359,-0.011,-0.09228,0.36471,-0.22009,-0.10167,0.38946,0.0383,-0.02163,-0.68297,0.04947,-0.01429,0.43619,-0.82007,0.25767,1.49392,1.7622,0.04302,0.12143,0.39173,0.96015,-0.29318,1.47001,-2.04087,0.14434,-0.1224,0.57774,-0.11122,-0.14828,-0.65547,-0.11516,-0.06215,-0.04355,0.64409,0.15661,0.10106,-0.612,-0.11952,0.07303,0.04952
12.48,-0.01387,-0.01105,-0.09224,0.36492,-0.22101,-0.10143,0.39166,0.03816,-0.02195,-0.6769,0.05158,-0.01429,0.44169,-0.81715,0.26193,1.49206,1.76648,0.04271,0.12175,0.3845,0.9492,-0.28466,1.4695,-2.04751,0.14566,-0.12039,0.57931,-0.11109,-0.14663,-0.65584,-0.11517,-0.06223,-0.04363,0.64479,0.1585,0.10863,-0.61119,-0.11902,0.07229,0.04893
12.5,-0.01412,-0.01099,-0.09217,0.36501,-0.22286,-0.10124,0.39482,0.03793,-0.02224,-0.66937,0.05385,-0.01429,0.4462,-0.81457,0.26481,1.49074,1.75948,0.04084,0.11987,0.37297,0.93535,-0.27211,1.47071,-2.03118,0.14282,-0.11418,0.58131,-0.11096,-0.1456,-0.65513,-0.1152,-0.06224,-0.04367,0.64617,0.15968,0.11388,-0.60955,-0.11872,0.07175,0.04853
12.52,-0.01427,-0.01064,-0.09204,0.36486,-0.22705,-0.10119,0.40032,0.03752,-0.02253,-0.65818,0.05642,-0.0143,0.44847,-0.81297,0.26416,1.49081,1.72006,0.03392,0.11285,0.35082,0.91485,-0.24887,1.47602,-1.94597,0.12708,-0.09592,0.58434,-0.11104,-0.14676,-0.65163,-0.11525,-0.06205,-0.04355,0.64932,0.15871,0.11207,-0.60582,-0.119,0.0718,0.04867
12.54,-0.01437,-0.01017,-0.09189,0.36458,-0.23216,-0.10119,0.40678,0.03704,-0.02277,-0.64553,0.05915,-0.0143,0.44968,-0.81169,0.26205,1.4914,1.66959,0.0254,0.10368,0.32433,0.89134,-0.22163,1.48303,-1.8384,0.10719,-0.0737,0.58777,-0.11111,-0.14851,-0.64703,-0.11532,-0.0618,-0.0434,0.65314,0.15705,0.1079,-0.60126,-0.11949,0.07205,0.04899
12.56,-0.01447,-0.00975,-0.09176,0.36431,-0.2369,-0.10117,0.41291,0.03659,-0.02297,-0.63349,0.06186,-0.0143,0.45115,-0.81021,0.2604,1.49175,1.62518,0.01779,0.09528,0.2994,0.86861,-0.19613,1.48938,-1.74416,0.08969,-0.05395,0.59102,-0.1111,-0.14978,-0.64286,-0.11539,-0.0616,-0.04327,0.65664,0.15578,0.10504,-0.59703,-0.11987,0.07219,0.04922
12.58,-0.01465,-0.00937,-0.09159,0.36426,-0.24149,-0.10113,0.41864,0.03614,-0.02339,-0.62162,0.06441,-0.0143,0.45358,-0.80899,0.25964,1.4921,1.57635,0.00953,0.08761,0.27609,0.84827,-0.17085,1.49534,-1.63674,0.07017,-0.0313,0.59429,-0.11141,-0.1519,-0.63901,-0.11541,-0.06131,-0.0431,0.66022,0.15421,0.1013,-0.59299,-0.12028,0.07238,0.04949
12.6,-0.01465,-0.00887,-0.09149,0.36372,-0.24659,-0.10115,0.42542,0.03568,-0.02337,-0.60908,0.06728,-0.0143,0.45372,-0.80726,0.25666,1.49258,1.53412,0.00217,0.07802,0.24844,0.82232,-0.14428,1.50247,-1.55128,0.05381,-0.01376,0.5976,-0.11108,-0.15244,-0.63421,-0.11553,-0.06118,-0.04301,0.66378,0.15307,0.09875,-0.58838,-0.1207,0.07254,0.04971
12.62,-0.0142,-0.00805,-0.09161,0.36185,-0.25302,-0.10133,0.43492,0.03523,-0.02203,-0.59487,0.07114,-0.0143,0.4481,-0.80436,0.24809,1.49322,1.51293,-0.00206,0.06297,0.20964,0.78123,-0.11408,1.51259,-1.53315,0.04746,-0.01156,0.60112,-0.10891,-0.14815,-0.62708,-0.11591,-0.06153,-0.04322,0.66734,0.15346,0.10068,-0.58234,-0.12106,0.07248,0.0497
12.64,-0.01356,-0.00712,-0.09181,0.35949,-0.2599,-0.10157,0.44544,0.03476,-0.02026,-0.58007,0.07526,-0.0143,0.44016,-0.80086,0.2373,1.49399,1.49877,-0.0054,0.0462,0.16671,0.7347,-0.08291,1.5238,-1.53767,0.04437,-0.01463,0.60462,-0.10611,-0.14232,-0.61903,-0.11637,-0.06202,-0.04351,0.67083,0.15429,0.1038,-0.5758,-0.12142,0.0724,0.04963
12.66,-0.01299,-0.00626,-0.09198,0.35735,-0.26649,-0.10178,0.45546,0.03428,-0.01875,-0.56564,0.07915,-0.0143,0.43311,-0.79744,0.22742,1.49474,1.48133,-0.00936,0.03066,0.12582,0.6909,-0.05287,1.53439,-1.53098,0.03958,-0.01509,0.60799,-0.10366,-0.1374,-0.61141,-0.11678,-0.06243,-0.04374,0.67425,0.15481,0.10595,-0.56954,-0.1218,0.07237,0.04962
12.68,-0.01252,-0.00535,-0.09213,0.35519,-0.2735,-0.102,0.46564,0.0339,-0.01699,-0.55072,0.08352,-0.0143,0.42673,-0.79489,0.21794,1.49532,1.46383,-0.01245,0.01314,0.08397,0.64581,-0.01982,1.54555,-1.52732,0.03557,-0.0162,0.612,-0.10095,-0.13159,-0.6037,-0.11727,-0.06292,-0.04404,0.67814,0.15575,0.10975,-0.563,-0.12212,0.07217,0.04949
12.7,-0.01177,-0.00449,-0.09235,0.35298,-0.27971,-0.1022,0.47574,0.03331,-0.01565,-0.53671,0.08694,-0.0143,0.41838,-0.79035,0.20707,1.49632,1.44829,-0.01711,-0.00064,0.04336,0.60227,0.00717,1.55577,-1.52311,0.03078,-0.01741,0.61463,-0.09862,-0.12727,-0.59598,-0.11761,-0.06326,-0.04424,0.68101,0.15594,0.11051,-0.55695,-0.12256,0.07231,0.04958
12.72,-0.0103,-0.00379,-0.09276,0.35065,-0.28373,-0.10229,0.48538,0.03213,-0.01559,-0.52524,0.08793,-0.0143,0.40537,-0.78075,0.19344,1.49826,1.43636,-0.02642,-0.00353,0.00576,0.5635,0.01676,1.56312,-1.51108,0.02288,-0.01624,0.6136,-0.09741,-0.12737,-0.58825,-0.1175,-0.06315,-0.04416,0.68127,0.1538,0.10195,-0.55229,-0.12339,0.07345,0.05034
12.74,-0.00855,-0.00313,-0.09326,0.34832,-0.2869,-0.10235,0.49489,0.03074,-0.01597,-0.51473,0.08791,-0.0143,0.39042,-0.76912,0.17839,1.50068,1.42624,-0.03729,-0.00261,-0.03017,0.52669,0.02025,1.56949,-1.49794,0.01415,-0.01521,0.61117,-0.09659,-0.12903,-0.58057,-0.11722,-0.06287,-0.04399,0.68048,0.15093,0.09041,-0.54816,-0.12433,0.07492,0.05132
12.76,-0.00691,-0.00246,-0.09372,0.34608,-0.29035,-0.10242,0.50445,0.02946,-0.01614,-0.50388,0.08821,-0.0143,0.3762,-0.75826,0.16364,1.50301,1.41542,-0.04735,-0.00351,-0.06595,0.48954,0.02677,1.57626,-1.48593,0.00594,-0.01511,0.60928,-0.09562,-0.13004,-0.57298,-0.11702,-0.06266,-0.04386,0.68007,0.14852,0.08068,-0.54384,-0.12518,0.07619,0.05216
12.78,-0.00531,-0.00176,-0.09418,0.34342,-0.29424,-0.1025,0.5141,0.02812,-0.01632,-0.49263,0.08911,-0.0143,0.3625,-0.74806,0.15027,1.50477,1.40431,-0.05784,-0.00411,-0.10577,0.44975,0.03228,1.58318,-1.47212,-0.00276,-0.01124,0.60775,-0.09452,-0.13076,-0.56488,-0.11682,-0.06246,-0.04373,0.68007,0.1456,0.06911,-0.53927,-0.1262,0.07767,0.05315
12.8,-0.00357,-0.00113,-0.09466,0.34165,-0.29701,-0.10256,0.5235,0.02687,-0.0166,-0.48244,0.08849,-0.0143,0.3473,-0.73598,0.13373,1.50789,1.39415,-0.06779,-0.0044,-0.13663,0.41614,0.03836,1.58963,-1.46142,-0.0107,-0.01487,0.60516,-0.09378,-0.13245,-0.55788,-0.11658,-0.06221,-0.04359,0.67897,0.14356,0.0606,-0.53537,-0.1269,0.0788,0.05389
12.82,-0.00153,-0.00065,-0.09515,0.34223,-0.29692,-0.10259,0.53225,0.0259,-0.01702,-0.47487,0.08426,-0.0143,0.32837,-0.71939,0.10873,1.51416,1.38599,-0.07591,-0.00483,-0.14392,0.39781,0.04811,1.59438,-1.46031,-0.01615,-0.04197,0.59999,-0.09399,-0.13667,-0.55388,-0.11624,-0.06186,-0.04341,0.67508,0.14422,0.06156,-0.53322,-0.12667,0.07889,0.05385
12.84,0.00065,-0.00022,-0.09566,0.34371,-0.29572,-0.10262,0.54073,0.02503,-0.01752,-0.46833,0.07846,-0.0143,0.30802,-0.70093,0.08061,1.52188,1.37873,-0.08341,-0.00506,-0.14209,0.38587,0.05854,1.59882,-1.46214,-0.02085,-0.07611,0.59379,-0.09454,-0.14177,-0.55101,-0.11587,-0.06148,-0.04321,0.67012,0.14579,0.06565,-0.53173,-0.12611,0.07862,0.05355
12.86,0.00276,0.00022,-0.09615,0.34484,-0.29502,-0.10264,0.54931,0.02414,-0.018,-0.46134,0.07316,-0.0143,0.28837,-0.6832,0.05396,1.52927,1.37113,-0.09115,-0.00533,-0.14394,0.37188,0.06828,1.60384,-1.46201,-0.02602,-0.1051,0.58807,-0.0949,-0.14631,-0.54768,-0.11553,-0.06113,-0.04304,0.66564,0.14689,0.0681,-0.52995,-0.12572,0.07853,0.05338
12.88,0.0049,0.00068,-0.09667,0.34575,-0.29434,-0.10267,0.55796,0.02315,-0.01842,-0.45431,0.06873,-0.0143,0.26842,-0.66592,0.02703,1.53533,1.36328,-0.09916,-0.00566,-0.14774,0.35442,0.07943,1.60696,-1.46444,-0.03068,-0.14215,0.58228,-0.09544,-0.15157,-0.54414,-0.11514,-0.06069,-0.04281,0.66115,0.14821,0.07133,-0.52817,-0.12527,0.0784,0.05317
12.9,0.00702,0.0011,-0.09715,0.34732,-0.29335,-0.10269,0.56641,0.0224,-0.01898,-0.44761,0.06214,-0.0143,0.24877,-0.64728,-0,1.54445,1.35617,-0.10639,-0.00588,-0.14529,0.34562,0.08788,1.61398,-1.46233,-0.0362,-0.1643,0.5764,-0.09568,-0.15552,-0.5413,-0.11483,-0.06043,-0.04268,0.65644,0.14929,0.07374,-0.52654,-0.12485,0.07825,0.05296
12.92,0.00907,0.00142,-0.09755,0.35051,-0.29176,-0.10271,0.57439,0.02229,-0.02007,-0.44138,0.04984,-0.0143,0.23034,-0.62523,-0.02706,1.56202,1.35064,-0.11186,-0.00587,-0.12822,0.35958,0.08873,1.63172,-1.44624,-0.04456,-0.14179,0.5706,-0.09504,-0.15556,-0.54019,-0.1147,-0.06066,-0.04284,0.65143,0.1494,0.07286,-0.52522,-0.12458,0.07814,0.05286
12.94,0.01111,0.00171,-0.09793,0.35434,-0.28989,-0.10272,0.58217,0.02243,-0.02129,-0.43546,0.03547,-0.01431,0.21226,-0.6019,-0.054,1.58253,1.34587,-0.11651,-0.00576,-0.10512,0.38194,0.08687,1.65341,-1.42563,-0.05376,-0.10439,0.56473,-0.0941,-0.15426,-0.53973,-0.11465,-0.06108,-0.0431,0.64623,0.14925,0.0711,-0.52403,-0.12434,0.07801,0.05275
12.96,0.01316,0.00202,-0.09832,0.35786,-0.28815,-0.10274,0.59005,0.02245,-0.02238,-0.4295,0.02212,-0.01431,0.19398,-0.57921,-0.0807,1.60148,1.34092,-0.12134,-0.00567,-0.0845,0.4002,0.08628,1.67338,-1.40759,-0.06241,-0.07503,0.55886,-0.0933,-0.15363,-0.5389,-0.11457,-0.06141,-0.04331,0.6411,0.14927,0.06993,-0.52276,-0.12408,0.07787,0.05264
12.98,0.0152,0.0023,-0.0987,0.36148,-0.28637,-0.10273,0.59791,0.02248,-0.02379,-0.42314,0.00835,-0.01431,0.17581,-0.55615,-0.10882,1.6215,1.33533,-0.12693,-0.00566,-0.06461,0.4199,0.08558,1.69307,-1.38745,-0.07176,-0.0406,0.55312,-0.09249,-0.15278,-0.5384,-0.11448,-0.06175,-0.04352,0.63601,0.1491,0.06809,-0.52158,-0.12387,0.07781,0.05257
13,0.01726,0.00263,-0.09909,0.36504,-0.28461,-0.10277,0.60573,0.02256,-0.02456,-0.4177,-0.00498,-0.01431,0.15754,-0.53364,-0.13385,1.63989,1.33123,-0.13078,-0.00548,-0.04194,0.43846,0.08444,1.71421,-1.37058,-0.07985,-0.01303,0.54708,-0.09163,-0.15205,-0.53738,-0.11442,-0.06213,-0.04375,0.6308,0.14924,0.06739,-0.52025,-0.12356,0.07758,0.0524
13.02,0.01943,0.00309,-0.09955,0.3682,-0.28308,-0.10292,0.61373,0.02279,-0.02348,-0.41458,-0.01676,-0.01431,0.13851,-0.5126,-0.15096,1.65369,1.33096,-0.12991,-0.00483,-0.01263,0.45223,0.08276,1.73906,-1.36383,-0.08423,-0.00847,0.54027,-0.09069,-0.15199,-0.53468,-0.11441,-0.06258,-0.04399,0.62537,0.15027,0.07002,-0.51835,-0.12298,0.07689,0.05195
13.04,0.02162,0.0036,-0.10004,0.37127,-0.28156,-0.10311,0.62165,0.02307,-0.02177,-0.41241,-0.02795,-0.01431,0.11945,-0.49225,-0.16482,1.66563,1.33217,-0.12736,-0.00403,0.01913,0.46442,0.08072,1.76509,-1.36053,-0.0873,-0.01121,0.53314,-0.0897,-0.15208,-0.53145,-0.11443,-0.06309,-0.04424,0.6198,0.15161,0.07383,-0.5163,-0.1223,0.07603,0.0514
13.06,0.02379,0.00407,-0.10051,0.3744,-0.27995,-0.10329,0.62945,0.02331,-0.02039,-0.40992,-0.03926,-0.01431,0.10065,-0.47184,-0.17976,1.67798,1.33276,-0.12568,-0.00334,0.04951,0.47703,0.07883,1.79017,-1.35564,-0.09099,-0.01029,0.52611,-0.08874,-0.15208,-0.52854,-0.11444,-0.06357,-0.04448,0.61424,0.15281,0.07713,-0.51436,-0.12166,0.07524,0.0509
13.08,0.02603,0.00459,-0.10097,0.37747,-0.27868,-0.10346,0.63792,0.02362,-0.01886,-0.40697,-0.05131,-0.01431,0.08078,-0.4503,-0.1964,1.69226,1.33319,-0.12353,-0.00244,0.08138,0.49126,0.07691,1.81724,-1.35063,-0.09466,-0.0103,0.51925,-0.08774,-0.15212,-0.52532,-0.11446,-0.06404,-0.04472,0.60891,0.15402,0.08033,-0.51224,-0.12103,0.07446,0.05039
13.1,0.02812,0.00503,-0.10146,0.38065,-0.27671,-0.10364,0.64496,0.0238,-0.01748,-0.40521,-0.06163,-0.01431,0.06316,-0.4313,-0.20872,1.70205,1.33428,-0.12195,-0.00196,0.11047,0.50157,0.07501,1.84026,-1.34679,-0.09798,-0.01031,0.51198,-0.08683,-0.15213,-0.52262,-0.11446,-0.06455,-0.04497,0.60307,0.15527,0.08398,-0.51047,-0.12037,0.07363,0.04988
13.12,0.02982,0.00524,-0.102,0.3842,-0.2728,-0.10388,0.64819,0.02359,-0.01661,-0.40652,-0.06731,-0.01431,0.05158,-0.4191,-0.21005,1.69984,1.33688,-0.12251,-0.00266,0.13258,0.50179,0.07314,1.85288,-1.3449,-0.10105,-0.00851,0.50361,-0.08613,-0.15198,-0.52134,-0.11445,-0.06518,-0.04524,0.59586,0.15668,0.08902,-0.50966,-0.11961,0.07264,0.04935
13.14,0.03136,0.00537,-0.10256,0.38788,-0.26819,-0.10412,0.64995,0.02324,-0.01591,-0.409,-0.07126,-0.01431,0.0423,-0.40945,-0.20712,1.69317,1.34007,-0.1237,-0.0038,0.15153,0.49799,0.07134,1.86116,-1.34413,-0.10374,-0.00654,0.49487,-0.08554,-0.15179,-0.52062,-0.11442,-0.06583,-0.04553,0.58816,0.15811,0.09441,-0.50922,-0.11883,0.07161,0.04883
13.16,0.03297,0.00553,-0.10311,0.39148,-0.26388,-0.10434,0.65229,0.02297,-0.01517,-0.41096,-0.07601,-0.01431,0.03206,-0.39867,-0.20606,1.68857,1.34296,-0.12448,-0.00475,0.17109,0.49578,0.06956,1.87071,-1.34317,-0.10631,-0.00472,0.48634,-0.08493,-0.15164,-0.51971,-0.11439,-0.06646,-0.04581,0.58069,0.15945,0.09938,-0.50863,-0.11807,0.07064,0.04832
13.18,0.03462,0.00571,-0.10366,0.39516,-0.25961,-0.10463,0.65499,0.02263,-0.01427,-0.41292,-0.08069,-0.01431,0.02142,-0.38778,-0.20517,1.68375,1.34607,-0.12565,-0.00566,0.19428,0.49458,0.06747,1.8833,-1.34109,-0.11,-0.00282,0.4776,-0.08419,-0.15142,-0.5185,-0.11439,-0.06714,-0.0461,0.57315,0.16115,0.10549,-0.50795,-0.11724,0.0695,0.04773
13.2,0.03613,0.00583,-0.10422,0.39869,-0.25511,-0.10478,0.65659,0.0224,-0.01375,-0.41513,-0.0851,-0.01431,0.01219,-0.37773,-0.20294,1.67834,1.3488,-0.12626,-0.00676,0.20905,0.49028,0.06613,1.88848,-1.34142,-0.11138,-0.00098,0.46924,-0.08376,-0.15133,-0.51806,-0.11434,-0.06772,-0.04636,0.56568,0.16211,0.1093,-0.50756,-0.11656,0.0687,0.04732
13.22,0.03727,0.00579,-0.10483,0.40179,-0.25001,-0.10455,0.65553,0.02254,-0.01417,-0.41793,-0.08934,-0.01431,0.00609,-0.36933,-0.19811,1.67232,1.3507,-0.12453,-0.00826,0.20191,0.47878,0.06632,1.87465,-1.34928,-0.10544,0.00081,0.46192,-0.08412,-0.15154,-0.51965,-0.11419,-0.06802,-0.04656,0.55833,0.16098,0.1065,-0.50783,-0.11625,0.06882,0.04742
13.24,0.03825,0.00569,-0.10544,0.40471,-0.24472,-0.10418,0.65342,0.02279,-0.01499,-0.42091,-0.09333,-0.01432,0.00137,-0.36171,-0.19209,1.66587,1.3521,-0.12234,-0.00992,0.18628,0.46423,0.06735,1.85349,-1.35928,-0.09737,0.00253,0.45503,-0.08479,-0.15188,-0.52201,-0.11399,-0.06822,-0.04673,0.55111,0.15911,0.1014,-0.50839,-0.11609,0.06926,0.04771
13.26,0.0393,0.00562,-0.10604,0.40769,-0.23958,-0.10385,0.65177,0.02295,-0.0157,-0.4237,-0.09733,-0.01432,-0.00385,-0.35375,-0.18659,1.65965,1.35351,-0.12082,-0.01152,0.17413,0.45079,0.06835,1.8354,-1.36755,-0.09098,0.00422,0.44803,-0.08534,-0.15217,-0.52399,-0.11382,-0.06846,-0.04691,0.54395,0.1576,0.09747,-0.50885,-0.11585,0.06955,0.0479
13.28,0.04039,0.00555,-0.10666,0.41076,-0.23412,-0.10359,0.65012,0.02327,-0.01613,-0.427,-0.10171,-0.01432,-0.00955,-0.3458,-0.18101,1.6531,1.35597,-0.11743,-0.01314,0.16347,0.4383,0.06789,1.8181,-1.37911,-0.08163,0.00621,0.44064,-0.08585,-0.15241,-0.5261,-0.11363,-0.0687,-0.0471,0.53626,0.15599,0.09306,-0.50919,-0.11563,0.06988,0.04812
13.3,0.04134,0.00545,-0.10726,0.41358,-0.22931,-0.10317,0.64825,0.02328,-0.01721,-0.42926,-0.10525,-0.01432,-0.01394,-0.33801,-0.1754,1.64723,1.35599,-0.11776,-0.01469,0.14775,0.42324,0.07065,1.79766,-1.38425,-0.07787,0.00752,0.43419,-0.08649,-0.15279,-0.52812,-0.11347,-0.06893,-0.04726,0.52972,0.15442,0.08906,-0.50985,-0.11543,0.0702,0.04832
13.32,0.04197,0.00528,-0.10778,0.41591,-0.22618,-0.10231,0.64596,0.02237,-0.02022,-0.42861,-0.10672,-0.01432,-0.01503,-0.33026,-0.16968,1.64312,1.35066,-0.12889,-0.01651,0.12005,0.40129,0.08243,1.76896,-1.37173,-0.09073,0.00741,0.43006,-0.08749,-0.15356,-0.52985,-0.11336,-0.06914,-0.04739,0.52615,0.15317,0.08693,-0.51134,-0.11521,0.07042,0.04839
13.34,0.04246,0.00508,-0.10827,0.41797,-0.22374,-0.1013,0.64352,0.02116,-0.02383,-0.42691,-0.10732,-0.01432,-0.01485,-0.32269,-0.16405,1.63977,1.34275,-0.14369,-0.01816,0.08761,0.37699,0.09735,1.73764,-1.35261,-0.10917,0.00656,0.42689,-0.08861,-0.15447,-0.53146,-0.11327,-0.06934,-0.04749,0.52375,0.15199,0.08526,-0.51313,-0.11501,0.07062,0.04844
13.36,0.04301,0.00489,-0.10876,0.42005,-0.22109,-0.1004,0.64123,0.02012,-0.027,-0.42568,-0.10821,-0.01432,-0.01525,-0.31516,-0.15863,1.63621,1.3351,-0.15657,-0.01952,0.05738,0.35411,0.11064,1.70847,-1.336,-0.12467,0.00574,0.4234,-0.08964,-0.1553,-0.53306,-0.11317,-0.06954,-0.0476,0.52093,0.15077,0.08327,-0.51475,-0.11482,0.07084,0.04851
13.38,0.04356,0.00468,-0.1093,0.42253,-0.21798,-0.09934,0.63858,0.01894,-0.03088,-0.42446,-0.10955,-0.01432,-0.0156,-0.3071,-0.15213,1.63205,1.33095,-0.17054,-0.02237,0.02654,0.32956,0.12488,1.67501,-1.32125,-0.14187,0.00613,0.41943,-0.09082,-0.1562,-0.53495,-0.11307,-0.06977,-0.04773,0.51766,0.14952,0.08164,-0.51651,-0.11456,0.07102,0.04855
13.4,0.04408,0.00452,-0.10974,0.42414,-0.21599,-0.09856,0.63663,0.01798,-0.03342,-0.42299,-0.10974,-0.01432,-0.01576,-0.30024,-0.14788,1.62933,1.3193,-0.18305,-0.02219,-0.00394,0.30808,0.13782,1.64992,-1.3014,-0.1568,0.00394,0.41669,-0.0917,-0.15699,-0.53621,-0.11298,-0.06993,-0.04781,0.5156,0.14839,0.07942,-0.51807,-0.11444,0.07128,0.04865
13.42,0.04457,0.00456,-0.10995,0.42331,-0.21696,-0.09856,0.63675,0.01773,-0.03203,-0.42101,-0.10685,-0.01432,-0.0158,-0.29616,-0.15015,1.63048,1.284,-0.19123,-0.01263,-0.0332,0.29462,0.14695,1.64888,-1.26559,-0.16474,-0.0062,0.41705,-0.09173,-0.15748,-0.53564,-0.11292,-0.06989,-0.04776,0.51656,0.14752,0.0753,-0.51897,-0.1147,0.07178,0.04897
13.44,0.04502,0.00467,-0.11005,0.42163,-0.21902,-0.09884,0.63755,0.01772,-0.02927,-0.41882,-0.10285,-0.01432,-0.0157,-0.29336,-0.15462,1.63305,1.24181,-0.19773,-0.0002,-0.0617,0.28452,0.15456,1.65632,-1.2254,-0.17012,-0.01873,0.41863,-0.09144,-0.15787,-0.53444,-0.11286,-0.06978,-0.04766,0.51872,0.14679,0.07061,-0.51968,-0.1151,0.07235,0.04937
13.46,0.04547,0.00473,-0.11019,0.4204,-0.22056,-0.099,0.63796,0.01759,-0.02717,-0.41677,-0.09941,-0.01432,-0.01564,-0.29029,-0.15787,1.63493,1.20521,-0.20458,0.01021,-0.08989,0.27358,0.1625,1.6597,-1.18962,-0.17624,-0.02946,0.41967,-0.0913,-0.15832,-0.5336,-0.1128,-0.0697,-0.04758,0.52036,0.14602,0.06627,-0.52052,-0.11542,0.07287,0.04972
13.48,0.04601,0.00483,-0.11039,0.41891,-0.22223,-0.09913,0.6387,0.01747,-0.02493,-0.41451,-0.0957,-0.01432,-0.01565,-0.28594,-0.16207,1.63703,1.15851,-0.21323,0.02354,-0.12107,0.25972,0.17206,1.66388,-1.1438,-0.18425,-0.04314,0.42066,-0.09115,-0.15873,-0.53247,-0.11274,-0.06963,-0.0475,0.52192,0.14513,0.06152,-0.52121,-0.11578,0.07345,0.05011
13.5,0.04635,0.00488,-0.11044,0.41776,-0.2239,-0.09937,0.63891,0.01739,-0.02264,-0.41261,-0.09229,-0.01432,-0.01546,-0.28452,-0.1648,1.63898,1.13079,-0.21777,0.0316,-0.14572,0.2527,0.17788,1.6684,-1.11742,-0.18777,-0.05137,0.42205,-0.09094,-0.15918,-0.53178,-0.11268,-0.06952,-0.04742,0.52394,0.14454,0.05752,-0.52216,-0.11611,0.07393,0.05043
13.52,0.04622,0.00481,-0.11016,0.41775,-0.22509,-0.09986,0.63745,0.01735,-0.02045,-0.41205,-0.09,-0.01432,-0.015,-0.29133,-0.16282,1.64031,1.16121,-0.2107,0.02314,-0.15313,0.26432,0.17342,1.67217,-1.15029,-0.17841,-0.04273,0.42399,-0.09057,-0.15973,-0.53247,-0.11263,-0.06932,-0.04732,0.52665,0.14478,0.05556,-0.52388,-0.11634,0.07412,0.05053
13.54,0.04588,0.0047,-0.10973,0.41812,-0.22628,-0.10044,0.63543,0.01734,-0.01826,-0.4118,-0.08804,-0.01432,-0.01431,-0.30098,-0.15927,1.6414,1.21032,-0.19966,0.00947,-0.15387,0.28263,0.16529,1.67596,-1.20215,-0.16479,-0.02872,0.42634,-0.09016,-0.16033,-0.53361,-0.11259,-0.06907,-0.04721,0.52983,0.14533,0.05441,-0.52588,-0.11654,0.07419,0.05055
13.56,0.04561,0.0046,-0.10936,0.41834,-0.22759,-0.10096,0.63367,0.01731,-0.0161,-0.41119,-0.0859,-0.01432,-0.01358,-0.30904,-0.15651,1.64249,1.24812,-0.19089,-0.00097,-0.15725,0.29751,0.15906,1.6795,-1.24226,-0.15385,-0.01802,0.42865,-0.0898,-0.16093,-0.53453,-0.11254,-0.06886,-0.04712,0.53298,0.14573,0.05302,-0.52775,-0.11675,0.07429,0.0506
13.58,0.04546,0.00451,-0.10902,0.41848,-0.22844,-0.10158,0.63187,0.01731,-0.01374,-0.41147,-0.08385,-0.01432,-0.01346,-0.31839,-0.15357,1.64407,1.29719,-0.18014,-0.01483,-0.16225,0.31414,0.15183,1.68428,-1.29498,-0.13977,-0.00386,0.43035,-0.08928,-0.16141,-0.53551,-0.11248,-0.06861,-0.047,0.53542,0.14614,0.05108,-0.52962,-0.11698,0.07449,0.0507
13.6,0.04501,0.0044,-0.10859,0.41886,-0.23024,-0.102,0.63004,0.01727,-0.01183,-0.40999,-0.0817,-0.01432,-0.01199,-0.32572,-0.15054,1.64456,1.32778,-0.17253,-0.023,-0.1623,0.32867,0.14578,1.68644,-1.32651,-0.13114,0.00455,0.43343,-0.08909,-0.16218,-0.53647,-0.11246,-0.06842,-0.04692,0.53944,0.14661,0.05047,-0.53154,-0.11717,0.07447,0.05067
13.62,0.04384,0.00422,-0.108,0.41997,-0.23451,-0.10184,0.62818,0.01704,-0.01119,-0.40358,-0.0793,-0.01432,-0.0072,-0.32677,-0.14813,1.64214,1.2986,-0.17524,-0.01287,-0.15034,0.33579,0.14422,1.68067,-1.29035,-0.13959,-0.00549,0.44012,-0.08982,-0.16351,-0.53743,-0.11259,-0.06845,-0.04696,0.54765,0.14711,0.05332,-0.53367,-0.11723,0.07389,0.0503
13.64,0.04238,0.00402,-0.10733,0.4213,-0.23974,-0.10148,0.62632,0.01679,-0.011,-0.3954,-0.07678,-0.01432,-0.00099,-0.32569,-0.14558,1.63859,1.25092,-0.18114,0.00292,-0.13363,0.34057,0.14389,1.67234,-1.23297,-0.15352,-0.02127,0.4482,-0.09089,-0.16516,-0.53835,-0.11277,-0.06853,-0.04702,0.55744,0.14765,0.05747,-0.53581,-0.11726,0.0731,0.0498
13.66,0.04103,0.00384,-0.10667,0.42243,-0.24462,-0.10123,0.62452,0.0166,-0.01061,-0.38803,-0.07427,-0.01432,0.00479,-0.32563,-0.14277,1.63552,1.21457,-0.18513,0.0152,-0.1191,0.34639,0.14277,1.66557,-1.18845,-0.16426,-0.03354,0.45573,-0.09181,-0.16682,-0.5392,-0.11292,-0.06857,-0.04705,0.56657,0.1482,0.06103,-0.53784,-0.11732,0.07242,0.04937
13.68,0.03973,0.00361,-0.10611,0.42399,-0.24919,-0.10093,0.62244,0.01617,-0.01022,-0.38063,-0.07197,-0.01432,0.00961,-0.3255,-0.14129,1.63262,1.16682,-0.19087,0.03116,-0.10426,0.3525,0.14253,1.6571,-1.13146,-0.17769,-0.04931,0.46293,-0.09272,-0.16789,-0.54045,-0.1131,-0.06872,-0.04715,0.57551,0.14865,0.06464,-0.54032,-0.1173,0.07169,0.04891
13.7,0.03826,0.00348,-0.10533,0.4247,-0.2546,-0.10066,0.62095,0.01625,-0.00993,-0.37288,-0.0692,-0.01432,0.01681,-0.32492,-0.13703,1.62908,1.13781,-0.19384,0.04099,-0.08898,0.3574,0.14077,1.65158,-1.09461,-0.187,-0.05935,0.47113,-0.0937,-0.1702,-0.54083,-0.11323,-0.06864,-0.04712,0.58517,0.14931,0.06841,-0.54185,-0.11743,0.07101,0.04848
13.72,0.03636,0.00364,-0.10402,0.42311,-0.26229,-0.1006,0.62123,0.01771,-0.00985,-0.3645,-0.0652,-0.01432,0.02999,-0.32397,-0.12511,1.62425,1.16823,-0.18783,0.03144,-0.07419,0.35919,0.13468,1.65488,-1.12318,-0.18258,-0.05094,0.48192,-0.09497,-0.17646,-0.53894,-0.11321,-0.06788,-0.04668,0.5967,0.15055,0.07244,-0.54088,-0.11799,0.07045,0.04817
13.74,0.03428,0.00389,-0.10249,0.42065,-0.27076,-0.10057,0.62209,0.01967,-0.00985,-0.35585,-0.06074,-0.01432,0.04555,-0.32255,-0.11041,1.61878,1.21751,-0.17905,0.01574,-0.05904,0.35986,0.12701,1.66122,-1.1719,-0.17402,-0.03676,0.49361,-0.09627,-0.18385,-0.53616,-0.11314,-0.0669,-0.04612,0.60884,0.15199,0.07656,-0.53894,-0.1187,0.06994,0.0479
13.76,0.0323,0.00409,-0.10104,0.41853,-0.27877,-0.10048,0.62263,0.02141,-0.00978,-0.3474,-0.05647,-0.01432,0.06017,-0.3211,-0.09701,1.61346,1.25593,-0.17195,0.00358,-0.04375,0.36121,0.11998,1.66614,-1.2081,-0.16809,-0.02607,0.50478,-0.09743,-0.1903,-0.53371,-0.1131,-0.06607,-0.04564,0.62052,0.15331,0.08055,-0.53738,-0.11935,0.06943,0.04762
13.78,0.03026,0.00432,-0.09969,0.41666,-0.28727,-0.10057,0.62343,0.02314,-0.00985,-0.33853,-0.05228,-0.01432,0.07428,-0.32063,-0.08345,1.60871,1.30322,-0.16319,-0.0115,-0.02962,0.36176,0.11331,1.67117,-1.2573,-0.15931,-0.01205,0.51652,-0.09909,-0.19852,-0.53155,-0.11303,-0.06505,-0.04505,0.633,0.15477,0.08498,-0.53607,-0.11998,0.06884,0.04728
13.8,0.02829,0.00451,-0.09808,0.41407,-0.2949,-0.10028,0.62381,0.025,-0.00965,-0.3305,-0.04781,-0.01432,0.08995,-0.31803,-0.06957,1.60265,1.33697,-0.15716,-0.02209,-0.01298,0.36377,0.10548,1.67669,-1.28506,-0.15527,-0.00337,0.52723,-0.09974,-0.20337,-0.52858,-0.113,-0.06435,-0.04465,0.64395,0.15599,0.08848,-0.53402,-0.12067,0.06843,0.04708
13.82,0.02652,0.00457,-0.09587,0.40967,-0.30005,-0.09897,0.62291,0.02707,-0.00864,-0.32477,-0.04267,-0.01433,0.10978,-0.30974,-0.0555,1.59302,1.32684,-0.15963,-0.01825,0.0099,0.36986,0.09511,1.68311,-1.24353,-0.16645,-0.01203,0.53502,-0.09746,-0.19828,-0.52351,-0.1131,-0.06462,-0.04483,0.65062,0.15654,0.08946,-0.52996,-0.12149,0.06852,0.04721
13.84,0.02482,0.00458,-0.09341,0.4046,-0.30424,-0.09725,0.62155,0.02926,-0.00736,-0.3199,-0.03727,-0.01433,0.131,-0.29934,-0.04122,1.58213,1.30286,-0.16486,-0.00981,0.03539,0.37752,0.08355,1.68988,-1.18067,-0.18232,-0.02602,0.54171,-0.09418,-0.18984,-0.51766,-0.11323,-0.0652,-0.04519,0.6557,0.15685,0.08946,-0.52522,-0.12237,0.0688,0.04747
13.86,0.0231,0.0046,-0.09104,0.39986,-0.30877,-0.09568,0.62037,0.0314,-0.00621,-0.31469,-0.03201,-0.01433,0.15132,-0.28988,-0.02702,1.57189,1.28659,-0.16864,-0.00387,0.06005,0.38463,0.07236,1.69633,-1.13118,-0.19525,-0.03672,0.54879,-0.09143,-0.1832,-0.51223,-0.11332,-0.0656,-0.04546,0.66145,0.15726,0.08985,-0.52091,-0.12321,0.06899,0.04767
13.88,0.02132,0.00468,-0.08878,0.39497,-0.31375,-0.09428,0.61936,0.03354,-0.00502,-0.30925,-0.02664,-0.01433,0.17292,-0.28047,-0.01276,1.56125,1.26507,-0.17319,0.00356,0.08319,0.39105,0.06189,1.70356,-1.06731,-0.21134,-0.0508,0.55637,-0.08839,-0.17546,-0.5065,-0.1135,-0.06611,-0.04579,0.66745,0.15769,0.09052,-0.51604,-0.12408,0.06916,0.04786
13.9,0.0197,0.00462,-0.08621,0.39026,-0.31755,-0.09243,0.61787,0.0357,-0.00386,-0.30451,-0.02144,-0.01433,0.19208,-0.27046,0.00136,1.5512,1.25084,-0.1768,0.00908,0.11014,0.39927,0.04962,1.70919,-1.02751,-0.22214,-0.05931,0.56263,-0.08571,-0.16916,-0.50123,-0.11351,-0.06649,-0.04602,0.67255,0.15803,0.09035,-0.51221,-0.12492,0.06943,0.04812
13.92,0.01848,0.00419,-0.08288,0.38614,-0.31836,-0.08953,0.61506,0.03786,-0.00286,-0.3014,-0.01682,-0.01433,0.20484,-0.25943,0.01528,1.5429,1.26118,-0.17733,0.00802,0.14683,0.41222,0.03307,1.71044,-1.06422,-0.21619,-0.04997,0.5656,-0.08433,-0.16786,-0.49744,-0.11306,-0.06642,-0.04595,0.67552,0.15819,0.0881,-0.51128,-0.12569,0.06996,0.04852
13.94,0.01744,0.00361,-0.07923,0.38225,-0.31799,-0.08619,0.61178,0.04004,-0.00192,-0.29898,-0.01238,-0.01433,0.21496,-0.24788,0.02901,1.53529,1.27907,-0.17679,0.00494,0.18729,0.42691,0.01467,1.71001,-1.12494,-0.20494,-0.03508,0.56727,-0.08335,-0.16808,-0.49415,-0.11245,-0.0662,-0.04577,0.67763,0.15827,0.08503,-0.51146,-0.12645,0.07058,0.04899
13.96,0.01632,0.0031,-0.07571,0.37829,-0.31812,-0.08303,0.60878,0.04223,-0.00095,-0.2963,-0.00784,-0.01433,0.22585,-0.2365,0.04265,1.52751,1.29273,-0.17668,0.0029,0.22611,0.44069,-0.00309,1.71021,-1.17131,-0.19685,-0.02351,0.56949,-0.08214,-0.16744,-0.49065,-0.11191,-0.06606,-0.04565,0.68014,0.15838,0.0823,-0.51122,-0.12722,0.07117,0.04942
13.98,0.01516,0.00261,-0.07225,0.37413,-0.31837,-0.07994,0.60552,0.04435,4e-05,-0.29343,-0.00334,-0.01433,0.23863,-0.22527,0.057,1.51906,1.30923,-0.17697,0.00046,0.26473,0.45498,-0.01992,1.71096,-1.23121,-0.18588,-0.00876,0.57186,-0.08107,-0.16734,-0.48705,-0.11137,-0.06588,-0.0455,0.68258,0.15848,0.07965,-0.51059,-0.12796,0.07175,0.04987
14,0.01414,0.00203,-0.06859,0.37049,-0.31809,-0.07661,0.60267,0.04662,0.00094,-0.29113,0.00119,-0.01433,0.24679,-0.21368,0.06985,1.51219,1.32186,-0.17607,-0.00163,0.30463,0.46866,-0.03925,1.71019,-1.26924,-0.17943,0.00077,0.57361,-0.07982,-0.16657,-0.48378,-0.11079,-0.06575,-0.04539,0.68497,0.1586,0.07669,-0.51105,-0.12875,0.07235,0.05031
14.02,0.01344,0.00122,-0.0644,0.36806,-0.31678,-0.07265,0.60112,0.04916,0.00182,-0.29008,0.00592,-0.01433,0.24303,-0.20084,0.07834,1.50959,1.32138,-0.17255,-0.00285,0.34704,0.47972,-0.06383,1.70536,-1.2382,-0.18791,-0.00576,0.57415,-0.07795,-0.16326,-0.48122,-0.11016,-0.06577,-0.04539,0.6875,0.1587,0.07293,-0.51413,-0.12965,0.07297,0.05072
14.04,0.01287,0.00032,-0.06002,0.36618,-0.31495,-0.06847,0.59999,0.05186,0.00255,-0.28959,0.0107,-0.01433,0.23468,-0.18776,0.08537,1.50854,1.31691,-0.16776,-0.00357,0.39063,0.49018,-0.09108,1.69909,-1.18496,-0.20087,-0.01767,0.57409,-0.07589,-0.15929,-0.47897,-0.10949,-0.06584,-0.04543,0.68999,0.15884,0.06893,-0.5183,-0.13058,0.0736,0.05111
14.06,0.01225,-0.00053,-0.05573,0.36416,-0.31327,-0.06443,0.59862,0.05454,0.00321,-0.28894,0.01542,-0.01433,0.2283,-0.17505,0.09323,1.50672,1.31471,-0.16326,-0.00411,0.43374,0.50126,-0.11787,1.69363,-1.14383,-0.21098,-0.02686,0.57419,-0.07395,-0.15584,-0.47661,-0.10884,-0.06588,-0.04545,0.69247,0.15902,0.06516,-0.52208,-0.13148,0.07421,0.05149
14.08,0.01161,-0.0014,-0.05142,0.36168,-0.31192,-0.0602,0.5974,0.05698,0.0045,-0.28794,0.02026,-0.01433,0.2223,-0.16119,0.10042,1.50521,1.31084,-0.15996,-0.00635,0.47673,0.51099,-0.14151,1.68747,-1.09498,-0.22431,-0.03693,0.57473,-0.0719,-0.15154,-0.47415,-0.10818,-0.06596,-0.0455,0.69506,0.15893,0.06084,-0.52548,-0.13244,0.07491,0.05194
14.1,0.01103,-0.00226,-0.04712,0.3603,-0.30978,-0.05632,0.59601,0.05997,0.0044,-0.28779,0.02488,-0.01433,0.21445,-0.1497,0.10864,1.50341,1.30941,-0.15387,-0.00503,0.52023,0.52331,-0.17238,1.68241,-1.05665,-0.23207,-0.04662,0.57421,-0.07001,-0.14879,-0.47198,-0.10753,-0.06596,-0.04549,0.6974,0.15941,0.05763,-0.52988,-0.13329,0.07541,0.05225
14.12,0.01056,-0.00315,-0.04287,0.36166,-0.30562,-0.05342,0.59394,0.06445,0.0007,-0.28981,0.02891,-0.01433,0.20257,-0.14461,0.12021,1.50043,1.3156,-0.14026,0.00698,0.56454,0.54346,-0.22194,1.68109,-1.05282,-0.22339,-0.05317,0.57097,-0.06863,-0.15083,-0.47049,-0.10687,-0.06565,-0.04525,0.69928,0.16154,0.05765,-0.53706,-0.1339,0.07535,0.05217
14.14,0.01016,-0.00404,-0.03865,0.36412,-0.30069,-0.05089,0.59173,0.06947,-0.00444,-0.29267,0.03273,-0.01433,0.189,-0.14196,0.13285,1.49711,1.32436,-0.12393,0.02239,0.60934,0.56612,-0.27876,1.68088,-1.06037,-0.20894,-0.05928,0.56669,-0.06741,-0.1544,-0.46931,-0.10621,-0.06525,-0.04495,0.70088,0.16423,0.05879,-0.54515,-0.13441,0.07509,0.05195
14.16,0.00974,-0.00491,-0.03447,0.3662,-0.29611,-0.04821,0.58968,0.07424,-0.00909,-0.29518,0.03664,-0.01433,0.17624,-0.13836,0.14493,1.49395,1.33195,-0.10892,0.03559,0.65413,0.5873,-0.33273,1.67993,-1.06237,-0.19716,-0.06618,0.56285,-0.06609,-0.15703,-0.46804,-0.10558,-0.06493,-0.0447,0.70249,0.16659,0.05933,-0.55264,-0.13495,0.07492,0.05179
14.18,0.00927,-0.00584,-0.03008,0.36783,-0.29153,-0.04543,0.5872,0.07907,-0.01308,-0.2976,0.04057,-0.01433,0.16311,-0.13411,0.1573,1.49081,1.33939,-0.09346,0.05159,0.69817,0.60995,-0.38506,1.6799,-1.06461,-0.1854,-0.07093,0.5591,-0.06488,-0.16062,-0.46657,-0.10484,-0.06445,-0.04434,0.70462,0.16927,0.06019,-0.56098,-0.13555,0.07477,0.05164
14.2,0.00891,-0.00664,-0.02613,0.37062,-0.28676,-0.04296,0.58559,0.08388,-0.01875,-0.30038,0.04441,-0.01433,0.15044,-0.13176,0.1693,1.48752,1.34785,-0.07834,0.06259,0.74373,0.63006,-0.4423,1.67828,-1.07011,-0.17207,-0.07979,0.55493,-0.0635,-0.16263,-0.46558,-0.10431,-0.06428,-0.04421,0.70557,0.17141,0.06071,-0.56773,-0.136,0.07452,0.05145
14.22,0.00887,-0.00708,-0.02327,0.37646,-0.28165,-0.04134,0.58645,0.08853,-0.02893,-0.30407,0.04793,-0.01433,0.13907,-0.13432,0.1805,1.48402,1.35807,-0.06465,0.05852,0.79453,0.64309,-0.51287,1.67173,-1.07495,-0.15679,-0.10183,0.54992,-0.06138,-0.15952,-0.46576,-0.10436,-0.06505,-0.04478,0.70346,0.1719,0.05945,-0.56996,-0.1361,0.07408,0.05121
14.24,0.00895,-0.00738,-0.02086,0.3834,-0.27636,-0.04001,0.58818,0.09314,-0.0407,-0.30807,0.05137,-0.01433,0.12829,-0.13867,0.19123,1.48036,1.3693,-0.05145,0.04935,0.84661,0.65335,-0.58778,1.66361,-1.08388,-0.13996,-0.1277,0.54454,-0.05913,-0.15482,-0.46642,-0.1046,-0.06613,-0.04558,0.70015,0.17183,0.0579,-0.57055,-0.13605,0.07354,0.05093
14.26,0.00897,-0.00774,-0.01828,0.38974,-0.27114,-0.03851,0.58949,0.09774,-0.05161,-0.31187,0.05493,-0.01433,0.11748,-0.14204,0.2019,1.47669,1.38039,-0.03817,0.04277,0.89739,0.66449,-0.65971,1.6564,-1.09581,-0.12311,-0.15062,0.53932,-0.0571,-0.15113,-0.46691,-0.10474,-0.06704,-0.04625,0.6973,0.17205,0.05687,-0.57185,-0.13604,0.07302,0.05065
14.28,0.00899,-0.00812,-0.01553,0.39654,-0.26593,-0.0372,0.59088,0.10245,-0.06317,-0.31596,0.05814,-0.01433,0.10561,-0.14621,0.21376,1.47331,1.39034,-0.02417,0.03517,0.9513,0.6773,-0.73629,1.6484,-1.08839,-0.10895,-0.17853,0.53408,-0.05442,-0.14634,-0.46721,-0.10494,-0.06808,-0.04704,0.6948,0.17216,0.05427,-0.57333,-0.13611,0.0726,0.05044
14.3,0.00904,-0.00842,-0.01326,0.40263,-0.26069,-0.03556,0.59233,0.10692,-0.07372,-0.3195,0.06205,-0.01434,0.09613,-0.1491,0.22302,1.46933,1.40271,-0.01185,0.02842,0.99887,0.68596,-0.80397,1.64165,-1.12114,-0.0891,-0.19708,0.52883,-0.05305,-0.14338,-0.46802,-0.10507,-0.06892,-0.04764,0.6913,0.17234,0.05479,-0.57403,-0.13601,0.07195,0.05009
14.32,0.00915,-0.00858,-0.0122,0.40647,-0.25526,-0.0329,0.59366,0.11081,-0.08111,-0.32151,0.06794,-0.01434,0.09304,-0.14793,0.22506,1.46351,1.42289,-0.00375,0.02564,1.02957,0.68385,-0.84731,1.63866,-1.27213,-0.05235,-0.18793,0.52355,-0.05552,-0.14644,-0.47013,-0.1049,-0.06913,-0.04764,0.68523,0.17304,0.0647,-0.57298,-0.13545,0.07063,0.04933
14.34,0.00929,-0.00866,-0.01162,0.40954,-0.24983,-0.02991,0.59504,0.11445,-0.08741,-0.32293,0.07453,-0.01434,0.09237,-0.14541,0.22451,1.45714,1.44524,0.00262,0.02383,1.05366,0.67766,-0.88128,1.63697,-1.46186,-0.01026,-0.16939,0.51832,-0.05929,-0.15128,-0.47271,-0.10465,-0.06915,-0.04745,0.67823,0.17379,0.07763,-0.57119,-0.13475,0.06911,0.04844
14.36,0.00942,-0.00877,-0.01083,0.41296,-0.24447,-0.0271,0.59644,0.11815,-0.09419,-0.32456,0.08077,-0.01434,0.09065,-0.14357,0.22526,1.45115,1.46562,0.00957,0.02129,1.08017,0.67334,-0.91867,1.63472,-1.62826,0.02828,-0.15574,0.51315,-0.06235,-0.15489,-0.47505,-0.10446,-0.06929,-0.04737,0.67174,0.17438,0.08871,-0.56975,-0.13413,0.06773,0.04763
14.38,0.00955,-0.00889,-0.01001,0.41645,-0.23878,-0.02419,0.59766,0.12205,-0.10112,-0.32644,0.08711,-0.01434,0.08875,-0.14155,0.2255,1.44458,1.49003,0.01735,0.0197,1.10921,0.66887,-0.95975,1.63228,-1.81867,0.07155,-0.13961,0.50761,-0.06588,-0.16018,-0.47754,-0.10419,-0.06929,-0.04719,0.6648,0.17549,0.10177,-0.56822,-0.13341,0.06614,0.0467
14.4,0.00968,-0.00899,-0.00937,0.41959,-0.2338,-0.0214,0.59926,0.12548,-0.10742,-0.32765,0.09341,-0.01434,0.08778,-0.13953,0.22614,1.4391,1.50675,0.02304,0.01654,1.13139,0.66378,-0.99087,1.63056,-1.96857,0.10628,-0.12635,0.50286,-0.06877,-0.16247,-0.47982,-0.10407,-0.06953,-0.04718,0.65861,0.17556,0.11144,-0.5667,-0.13288,0.06493,0.046
14.42,0.00977,-0.00907,-0.0091,0.42208,-0.23067,-0.01895,0.60192,0.12774,-0.11243,-0.32717,0.09947,-0.01434,0.08888,-0.13806,0.22901,1.43668,1.49992,0.02305,0.00785,1.13623,0.65789,-0.99666,1.63055,-1.99412,0.11568,-0.1234,0.5002,-0.06957,-0.1555,-0.48147,-0.10446,-0.07054,-0.04771,0.65464,0.17266,0.11088,-0.56541,-0.13288,0.06486,0.04599
14.44,0.00985,-0.00914,-0.00899,0.42423,-0.22827,-0.01665,0.60494,0.12952,-0.1168,-0.32602,0.10544,-0.01434,0.09082,-0.13658,0.23228,1.43539,1.48557,0.02109,-0.00227,1.13438,0.65155,-0.99274,1.63123,-1.97804,0.11639,-0.12363,0.49835,-0.0697,-0.14554,-0.48289,-0.105,-0.07178,-0.04841,0.65146,0.16874,0.10682,-0.56415,-0.13308,0.06518,0.04622
14.46,0.00993,-0.00921,-0.0088,0.42647,-0.22559,-0.01432,0.60777,0.13147,-0.12134,-0.32513,0.11143,-0.01434,0.09232,-0.13492,0.23503,1.43364,1.47588,0.02026,-0.01104,1.13559,0.64549,-0.9933,1.63156,-1.98302,0.1214,-0.12231,0.49617,-0.07017,-0.13732,-0.48437,-0.10545,-0.07288,-0.04901,0.64795,0.16536,0.1044,-0.56283,-0.13319,0.06532,0.04634
14.48,0.01002,-0.00929,-0.00864,0.42896,-0.2227,-0.0118,0.61073,0.1336,-0.12633,-0.32439,0.11757,-0.01434,0.09416,-0.13396,0.23909,1.43165,1.46119,0.01838,-0.02262,1.1365,0.63896,-0.99327,1.63206,-1.98053,0.12512,-0.1211,0.49385,-0.07054,-0.12758,-0.48602,-0.10598,-0.07415,-0.04971,0.64429,0.16166,0.10185,-0.56166,-0.1333,0.06546,0.04646
14.5,0.0101,-0.00935,-0.00846,0.43086,-0.22041,-0.00972,0.61351,0.13525,-0.13024,-0.32319,0.12333,-0.01434,0.09545,-0.1316,0.2406,1.43042,1.45491,0.01822,-0.02882,1.1365,0.63338,-0.99226,1.63238,-1.98296,0.12935,-0.12054,0.49201,-0.07093,-0.12026,-0.48727,-0.10639,-0.07512,-0.05024,0.64115,0.15838,0.09872,-0.56021,-0.13346,0.0657,0.04664
14.52,0.01014,-0.00932,-0.00815,0.43122,-0.21954,-0.00878,0.61567,0.13569,-0.13127,-0.32088,0.12823,-0.01434,0.095,-0.12497,0.23455,1.43099,1.47539,0.02364,-0.01891,1.13582,0.63044,-0.99108,1.63193,-2.01114,0.13754,-0.12105,0.4913,-0.07158,-0.12043,-0.48747,-0.10639,-0.07523,-0.05026,0.63919,0.15648,0.09484,-0.558,-0.13371,0.06613,0.04691
14.54,0.01018,-0.00927,-0.0078,0.43102,-0.21925,-0.00829,0.61764,0.13564,-0.13123,-0.31813,0.13271,-0.01434,0.09396,-0.11701,0.226,1.43227,1.50429,0.0308,-0.00369,1.13444,0.62852,-0.98924,1.6313,-2.04515,0.14643,-0.12214,0.49105,-0.07226,-0.12312,-0.48727,-0.10626,-0.07504,-0.05011,0.63775,0.15504,0.0905,-0.55552,-0.134,0.06665,0.04724
14.56,0.01022,-0.00923,-0.00747,0.43109,-0.21874,-0.00762,0.61973,0.13579,-0.13168,-0.31558,0.13728,-0.01434,0.09322,-0.10993,0.21885,1.43323,1.52821,0.03696,0.0085,1.1333,0.62623,-0.98765,1.6308,-2.07498,0.1547,-0.123,0.49062,-0.0729,-0.12462,-0.48724,-0.10619,-0.07498,-0.05003,0.63612,0.15342,0.08639,-0.55319,-0.13428,0.06713,0.04753
14.58,0.01025,-0.00919,-0.00713,0.43105,-0.2181,-0.00687,0.62172,0.13604,-0.13209,-0.313,0.14229,-0.01434,0.09238,-0.10171,0.21059,1.4342,1.55666,0.04394,0.0232,1.13228,0.62355,-0.98599,1.63011,-2.10982,0.16394,-0.12384,0.49011,-0.07364,-0.12621,-0.48726,-0.10612,-0.07494,-0.04996,0.6343,0.15167,0.0821,-0.55076,-0.13455,0.06763,0.04785
14.6,0.01031,-0.00914,-0.00679,0.43112,-0.21785,-0.00639,0.62385,0.13597,-0.13234,-0.31039,0.14629,-0.01434,0.09161,-0.09553,0.20405,1.43532,1.57785,0.04966,0.03401,1.1309,0.62191,-0.98439,1.62978,-2.1362,0.17145,-0.1248,0.48987,-0.07418,-0.12824,-0.48709,-0.10601,-0.0748,-0.04985,0.63301,0.1503,0.0781,-0.54847,-0.13483,0.0681,0.04814
14.62,0.0105,-0.00906,-0.00647,0.43169,-0.2185,-0.00653,0.62646,0.13519,-0.13252,-0.30782,0.1476,-0.01434,0.09113,-0.09536,0.20297,1.43667,1.57641,0.05142,0.03219,1.12898,0.62296,-0.98356,1.63036,-2.13733,0.17404,-0.12606,0.49017,-0.07421,-0.13097,-0.48646,-0.10581,-0.07444,-0.04968,0.63299,0.14989,0.07512,-0.54662,-0.1351,0.06846,0.04833
14.64,0.01073,-0.00897,-0.00614,0.43239,-0.21952,-0.00693,0.6292,0.1341,-0.13259,-0.30523,0.14791,-0.01434,0.09073,-0.09729,0.2037,1.43814,1.56749,0.05187,0.02637,1.12668,0.62501,-0.98275,1.63133,-2.13002,0.17492,-0.12737,0.49074,-0.07404,-0.13405,-0.48567,-0.10557,-0.074,-0.04948,0.63349,0.14985,0.07247,-0.54492,-0.13537,0.06879,0.04849
14.66,0.01092,-0.00889,-0.00581,0.433,-0.22039,-0.00723,0.63183,0.13315,-0.13267,-0.30261,0.1487,-0.01434,0.0903,-0.09822,0.20354,1.43954,1.56241,0.05296,0.0228,1.12442,0.62656,-0.9817,1.63219,-2.12712,0.17661,-0.12857,0.49122,-0.07393,-0.13692,-0.48496,-0.10536,-0.07361,-0.0493,0.63379,0.14965,0.06961,-0.54316,-0.13564,0.06913,0.04867
14.68,0.01116,-0.0088,-0.00551,0.43371,-0.22123,-0.00748,0.63466,0.13222,-0.13287,-0.30011,0.14937,-0.01434,0.08985,-0.09928,0.20354,1.44103,1.55583,0.05395,0.01767,1.12277,0.62835,-0.98165,1.63275,-2.12206,0.17818,-0.13016,0.49157,-0.07396,-0.14012,-0.4842,-0.10511,-0.07317,-0.0491,0.63399,0.14942,0.06694,-0.54136,-0.13591,0.06948,0.04885
14.7,0.01133,-0.00873,-0.00514,0.43426,-0.22221,-0.00787,0.63711,0.13116,-0.13282,-0.29738,0.15006,-0.01434,0.08946,-0.10062,0.20371,1.44236,1.55039,0.05479,0.01467,1.11968,0.62984,-0.97947,1.63406,-2.11932,0.17957,-0.13094,0.49225,-0.07365,-0.14265,-0.4835,-0.10492,-0.07282,-0.04894,0.6345,0.14934,0.06401,-0.53967,-0.13617,0.0698,0.04902
14.72,0.01128,-0.00869,-0.00457,0.4343,-0.22343,-0.00856,0.63841,0.1298,-0.13209,-0.29402,0.15102,-0.01434,0.08931,-0.10199,0.20375,1.44319,1.55063,0.05572,0.01947,1.11335,0.63036,-0.97186,1.63717,-2.12584,0.18091,-0.12947,0.49377,-0.07258,-0.14358,-0.48307,-0.10489,-0.0727,-0.04888,0.63573,0.14942,0.05989,-0.53827,-0.1364,0.07007,0.04923
14.74,0.01117,-0.00867,-0.00393,0.43418,-0.22479,-0.00936,0.63932,0.1283,-0.13114,-0.29042,0.15203,-0.01434,0.08919,-0.10363,0.20394,1.44387,1.5521,0.05649,0.02637,1.10542,0.6305,-0.96199,1.64108,-2.13476,0.18209,-0.12718,0.49563,-0.07117,-0.14377,-0.4827,-0.10492,-0.07268,-0.04886,0.63726,0.14964,0.05557,-0.53697,-0.13661,0.07031,0.04944
14.76,0.0111,-0.00863,-0.00332,0.43415,-0.22611,-0.01011,0.64043,0.12685,-0.13031,-0.28692,0.15301,-0.01435,0.089,-0.10532,0.20418,1.44465,1.55245,0.05722,0.03165,1.09789,0.63074,-0.9529,1.64472,-2.14212,0.18334,-0.1253,0.49737,-0.06985,-0.14405,-0.48229,-0.10494,-0.07265,-0.04884,0.63867,0.14988,0.05164,-0.53561,-0.13682,0.07053,0.04963
14.78,0.011,-0.00861,-0.00271,0.43406,-0.22732,-0.01085,0.64147,0.12545,-0.12938,-0.28346,0.15399,-0.01435,0.08908,-0.10636,0.20402,1.44529,1.55484,0.05842,0.03954,1.09198,0.63137,-0.94502,1.64791,-2.15141,0.18463,-0.12329,0.49899,-0.06879,-0.14532,-0.48193,-0.10489,-0.07251,-0.04875,0.64001,0.14978,0.04651,-0.53432,-0.13705,0.07086,0.04989
14.8,0.01093,-0.00857,-0.00208,0.43406,-0.2288,-0.01163,0.64255,0.12391,-0.12863,-0.27987,0.155,-0.01435,0.08856,-0.10878,0.20468,1.4462,1.55343,0.0586,0.04264,1.08203,0.63101,-0.93387,1.65232,-2.15706,0.18571,-0.12134,0.50092,-0.06713,-0.14445,-0.48148,-0.10499,-0.0726,-0.04881,0.64157,0.1504,0.04377,-0.53291,-0.13725,0.07097,0.05001
14.82,0.01091,-0.0085,-0.00141,0.43444,-0.23087,-0.01248,0.6438,0.122,-0.12838,-0.27592,0.15608,-0.01435,0.08666,-0.11507,0.20764,1.44783,1.54063,0.05621,0.03105,1.06372,0.6287,-0.91615,1.65905,-2.15455,0.18729,-0.11987,0.50354,-0.06366,-0.13688,-0.48078,-0.10553,-0.07341,-0.04931,0.64366,0.15307,0.04805,-0.53122,-0.13738,0.07043,0.04967
14.84,0.01091,-0.00841,-0.00073,0.43491,-0.23321,-0.01336,0.64511,0.11994,-0.12834,-0.27188,0.15719,-0.01435,0.08408,-0.12273,0.2114,1.44975,1.52409,0.05276,0.01476,1.04092,0.62527,-0.89492,1.66715,-2.14784,0.18848,-0.11847,0.50646,-0.05966,-0.12735,-0.47998,-0.10621,-0.07443,-0.04994,0.64598,0.15643,0.05467,-0.5294,-0.13749,0.06968,0.04918
14.86,0.01091,-0.00833,-6e-05,0.43528,-0.23549,-0.0142,0.64643,0.11797,-0.12824,-0.26792,0.1583,-0.01435,0.08164,-0.12967,0.21473,1.45154,1.50968,0.04966,0.00128,1.01861,0.62192,-0.87403,1.67517,-2.14148,0.18918,-0.11697,0.50927,-0.05608,-0.11939,-0.4792,-0.10678,-0.07528,-0.05046,0.64821,0.15939,0.05997,-0.5276,-0.13763,0.06906,0.04878
14.88,0.01088,-0.00827,0.00063,0.4359,-0.23751,-0.01512,0.64756,0.11592,-0.12799,-0.26377,0.15936,-0.01435,0.07995,-0.137,0.21834,1.45328,1.49349,0.04711,-0.0149,1.00287,0.62043,-0.85821,1.68085,-2.14186,0.19269,-0.11577,0.51197,-0.05173,-0.10863,-0.47855,-0.10754,-0.07645,-0.05118,0.65035,0.16271,0.06633,-0.52599,-0.13769,0.0683,0.04829
14.9,0.01091,-0.00816,0.00129,0.436,-0.24013,-0.01589,0.6491,0.11399,-0.12809,-0.25999,0.16053,-0.01435,0.0765,-0.14387,0.22158,1.45523,1.48008,0.04315,-0.02667,0.97234,0.6147,-0.83123,1.69179,-2.12706,0.19024,-0.11395,0.51498,-0.04883,-0.10315,-0.4776,-0.10795,-0.07701,-0.05153,0.65275,0.16545,0.07104,-0.52395,-0.13792,0.06779,0.04795
14.92,0.01106,-0.00791,0.00185,0.4348,-0.2443,-0.01628,0.65186,0.11247,-0.12911,-0.25731,0.16199,-0.01435,0.06872,-0.14876,0.2232,1.45753,1.47563,0.03586,-0.0245,0.90279,0.5984,-0.77266,1.71652,-2.0726,0.1718,-0.11048,0.51866,-0.05027,-0.11357,-0.47578,-0.10733,-0.07574,-0.05075,0.65579,0.16639,0.07059,-0.52073,-0.13861,0.068,0.04808
14.94,0.01126,-0.00762,0.00238,0.43304,-0.24906,-0.01651,0.65501,0.11106,-0.13047,-0.255,0.16354,-0.01435,0.05913,-0.15323,0.22448,1.46007,1.47405,0.02715,-0.01783,0.81849,0.57772,-0.70337,1.74658,-2.00287,0.14735,-0.10639,0.52266,-0.05314,-0.12923,-0.47367,-0.10637,-0.07384,-0.0496,0.65909,0.16673,0.0684,-0.51708,-0.13949,0.06847,0.04836
14.96,0.01145,-0.00736,0.00292,0.43143,-0.25358,-0.01679,0.65793,0.10955,-0.13168,-0.25249,0.16503,-0.01435,0.05013,-0.15816,0.22618,1.46265,1.47091,0.01886,-0.01363,0.74039,0.55842,-0.63999,1.77449,-1.93918,0.12538,-0.10254,0.52659,-0.05522,-0.14193,-0.47172,-0.10559,-0.07228,-0.04865,0.66228,0.16736,0.06703,-0.51363,-0.14028,0.06882,0.04857
14.98,0.01161,-0.00707,0.00346,0.43025,-0.25799,-0.01716,0.6611,0.10826,-0.13289,-0.25008,0.16661,-0.01435,0.04208,-0.162,0.22683,1.46465,1.46866,0.01137,-0.00782,0.66389,0.54153,-0.57181,1.80134,-1.87871,0.10433,-0.09882,0.53021,-0.05785,-0.15695,-0.46965,-0.1047,-0.07052,-0.04757,0.66546,0.16795,0.06563,-0.51017,-0.14107,0.06916,0.04877
15,0.01183,-0.00682,0.004,0.42807,-0.26277,-0.01731,0.66383,0.10652,-0.13418,-0.24756,0.16801,-0.01435,0.03163,-0.16798,0.22953,1.46787,1.46534,0.00201,-0.00421,0.5811,0.51876,-0.51151,1.83158,-1.80849,0.08013,-0.09475,0.53453,-0.05969,-0.16848,-0.46778,-0.10396,-0.06903,-0.04666,0.66873,0.16848,0.06384,-0.50663,-0.1419,0.0696,0.04904
15.02,0.01221,-0.00668,0.00457,0.42296,-0.26851,-0.01677,0.66524,0.10348,-0.1356,-0.24451,0.16916,-0.01435,0.01516,-0.17999,0.23825,1.47479,1.45804,-0.01311,-0.00797,0.4805,0.4794,-0.47225,1.87037,-1.71058,0.04712,-0.08942,0.54082,-0.05902,-0.16865,-0.46651,-0.10373,-0.06841,-0.04632,0.67215,0.16898,0.06156,-0.50283,-0.14281,0.07029,0.0495
15.04,0.01264,-0.00659,0.00514,0.41691,-0.27458,-0.01602,0.66619,0.09999,-0.1371,-0.24133,0.17009,-0.01435,-0.00367,-0.19416,0.24897,1.48284,1.44966,-0.02989,-0.01404,0.37492,0.43452,-0.44188,1.91228,-1.60424,0.01144,-0.08384,0.54777,-0.05752,-0.1652,-0.46547,-0.10367,-0.06809,-0.04616,0.67566,0.16946,0.05893,-0.49898,-0.14375,0.07108,0.05003
15.06,0.01304,-0.00647,0.00573,0.41148,-0.28045,-0.01543,0.66734,0.09672,-0.13859,-0.23827,0.17095,-0.01435,-0.02154,-0.20736,0.25858,1.49014,1.442,-0.04532,-0.01892,0.27423,0.3931,-0.40965,1.95246,-1.50477,-0.02195,-0.07871,0.55433,-0.05641,-0.16374,-0.46435,-0.10353,-0.06761,-0.0459,0.67916,0.16996,0.05633,-0.49521,-0.14469,0.07183,0.05052
15.08,0.01347,-0.00635,0.00626,0.40522,-0.28659,-0.01455,0.66856,0.09338,-0.13997,-0.23499,0.1725,-0.01435,-0.03907,-0.22055,0.26905,1.49854,1.43345,-0.06332,-0.02428,0.16169,0.34757,-0.36794,1.99421,-1.392,-0.06003,-0.07219,0.56129,-0.05528,-0.1611,-0.46314,-0.1034,-0.06717,-0.04566,0.68254,0.17039,0.05414,-0.49116,-0.1456,0.0726,0.05103
15.1,0.01386,-0.00625,0.0069,0.40047,-0.29222,-0.01423,0.66951,0.09008,-0.1416,-0.23214,0.17257,-0.01435,-0.05778,-0.23422,0.27821,1.50478,1.42646,-0.07635,-0.02918,0.07317,0.30927,-0.34812,2.03329,-1.30504,-0.08896,-0.06844,0.56756,-0.05396,-0.1599,-0.46217,-0.1033,-0.06675,-0.04545,0.68619,0.17099,0.05111,-0.48771,-0.14656,0.07332,0.05152
15.12,0.01416,-0.00619,0.00783,0.40008,-0.29641,-0.01556,0.66985,0.08699,-0.14393,-0.23057,0.16863,-0.01435,-0.07973,-0.24923,0.28327,1.50601,1.42399,-0.0752,-0.03273,0.04929,0.29298,-0.3876,2.06482,-1.2923,-0.0915,-0.07306,0.57172,-0.05245,-0.16425,-0.46179,-0.10323,-0.06622,-0.04519,0.69054,0.17194,0.04519,-0.48589,-0.14765,0.07398,0.05193
15.14,0.01442,-0.00613,0.00888,0.40123,-0.30007,-0.01747,0.66993,0.08396,-0.14652,-0.22944,0.16319,-0.01435,-0.10265,-0.26457,0.28695,1.50479,1.42313,-0.06899,-0.03566,0.05031,0.28403,-0.44864,2.09341,-1.30574,-0.08479,-0.08038,0.57516,-0.05074,-0.17003,-0.46164,-0.10319,-0.06571,-0.04496,0.69514,0.1731,0.03855,-0.4847,-0.14877,0.07457,0.05231
15.16,0.01468,-0.00608,0.00988,0.40169,-0.30394,-0.01911,0.67012,0.08091,-0.14898,-0.22809,0.15841,-0.01435,-0.12476,-0.27943,0.29125,1.50392,1.42157,-0.06511,-0.03855,0.04193,0.27127,-0.49922,2.12297,-1.30667,-0.0826,-0.08605,0.57893,-0.049,-0.17464,-0.4614,-0.10315,-0.06525,-0.04475,0.69963,0.17427,0.03268,-0.48325,-0.14984,0.07514,0.05267
15.18,0.01502,-0.006,0.01085,0.4021,-0.30796,-0.02077,0.67032,0.0778,-0.15149,-0.22683,0.15372,-0.01435,-0.14858,-0.29575,0.29563,1.50639,1.41982,-0.06118,-0.04284,0.02547,0.26032,-0.55301,2.15425,-1.30984,-0.07918,-0.09347,0.58271,-0.04773,-0.18125,-0.46113,-0.10304,-0.06454,-0.0444,0.70414,0.17501,0.02496,-0.48168,-0.15108,0.07592,0.05316
15.2,0.01519,-0.00598,0.01192,0.40298,-0.31152,-0.02253,0.67045,0.07486,-0.15397,-0.22547,0.1485,-0.01435,-0.16898,-0.30905,0.29954,1.5012,1.41888,-0.05613,-0.04407,0.0316,0.24739,-0.60499,2.18114,-1.31471,-0.07607,-0.09791,0.58629,-0.04547,-0.18418,-0.46097,-0.10309,-0.06434,-0.04434,0.70865,0.17667,0.02087,-0.48051,-0.15196,0.07625,0.05338
15.22,0.0149,-0.00608,0.01327,0.40493,-0.31397,-0.02448,0.67055,0.07235,-0.15627,-0.22387,0.1421,-0.01435,-0.18029,-0.31407,0.30199,1.4764,1.41974,-0.04911,-0.03667,0.09585,0.22752,-0.64781,2.19713,-1.31768,-0.07618,-0.09344,0.5896,-0.04027,-0.17575,-0.46107,-0.10362,-0.06567,-0.04513,0.71323,0.18104,0.02749,-0.48033,-0.15183,0.07523,0.05283
15.24,0.01446,-0.00622,0.01473,0.40729,-0.31595,-0.02651,0.67058,0.07003,-0.15852,-0.22214,0.13523,-0.01435,-0.18802,-0.31598,0.30407,1.44383,1.42139,-0.04117,-0.02625,0.18163,0.20539,-0.68782,2.2087,-1.32154,-0.07689,-0.08588,0.59273,-0.03414,-0.16374,-0.46128,-0.10432,-0.06749,-0.04619,0.71777,0.1863,0.03768,-0.48052,-0.15135,0.07376,0.05201
15.26,0.0141,-0.00635,0.01612,0.40938,-0.3181,-0.02847,0.67058,0.06764,-0.16081,-0.22038,0.12861,-0.01435,-0.19701,-0.31917,0.30663,1.41419,1.42271,-0.03371,-0.01744,0.25642,0.18409,-0.72835,2.22196,-1.32519,-0.07725,-0.07973,0.59587,-0.02862,-0.15397,-0.46146,-0.10491,-0.06901,-0.04709,0.72221,0.19103,0.04588,-0.48052,-0.15105,0.07255,0.05134
15.28,0.01368,-0.00648,0.0176,0.41187,-0.32041,-0.03059,0.67085,0.0652,-0.16307,-0.219,0.12176,-0.01435,-0.2076,-0.32294,0.30789,1.38693,1.42394,-0.02579,-0.00766,0.33728,0.16379,-0.77285,2.23647,-1.32894,-0.07761,-0.07363,0.59927,-0.02231,-0.14168,-0.46159,-0.10563,-0.07084,-0.04817,0.72713,0.19628,0.05562,-0.48063,-0.15067,0.07112,0.05055
15.3,0.01334,-0.00661,0.01891,0.41359,-0.32229,-0.03239,0.67055,0.06292,-0.16537,-0.2168,0.11533,-0.01435,-0.214,-0.32475,0.31173,1.35298,1.42554,-0.0187,0.00087,0.41014,0.14091,-0.80811,2.24736,-1.33236,-0.07824,-0.0667,0.6021,-0.01741,-0.13373,-0.46183,-0.10611,-0.07216,-0.04893,0.73106,0.20066,0.06301,-0.4806,-0.15038,0.07005,0.04996
15.32,0.01327,-0.00668,0.01974,0.41323,-0.3231,-0.0333,0.66864,0.06096,-0.16793,-0.21232,0.11006,-0.01435,-0.2095,-0.32209,0.32328,1.30176,1.42798,-0.01402,0.00483,0.45679,0.11039,-0.81856,2.24938,-1.33447,-0.07959,-0.0579,0.60333,-0.01673,-0.13921,-0.46238,-0.10587,-0.07188,-0.04872,0.7323,0.20242,0.06306,-0.48005,-0.15043,0.07011,0.04999
15.34,0.01329,-0.00674,0.0204,0.41205,-0.3235,-0.03387,0.66618,0.05918,-0.17051,-0.20705,0.10527,-0.01435,-0.20096,-0.31756,0.33734,1.24425,1.43076,-0.01024,0.00751,0.49429,0.07754,-0.81969,2.24793,-1.33611,-0.08122,-0.04843,0.60399,-0.01748,-0.14907,-0.46303,-0.10538,-0.07108,-0.04818,0.73255,0.20327,0.06063,-0.47934,-0.15059,0.07055,0.05023
15.36,0.01327,-0.00681,0.02113,0.41114,-0.32412,-0.03459,0.66401,0.05737,-0.17298,-0.20218,0.10036,-0.01435,-0.19441,-0.31378,0.34994,1.19005,1.43339,-0.00614,0.01105,0.53508,0.04642,-0.82498,2.24808,-1.33794,-0.08269,-0.03948,0.60495,-0.0175,-0.15653,-0.46361,-0.10501,-0.07054,-0.04781,0.73327,0.20454,0.05933,-0.47875,-0.15071,0.07082,0.05038
15.38,0.01323,-0.00688,0.02189,0.41065,-0.32461,-0.03536,0.66164,0.05534,-0.1759,-0.19711,0.09503,-0.01435,-0.18707,-0.31026,0.3639,1.13354,1.43603,-0.00167,0.01353,0.58033,0.01234,-0.83053,2.24802,-1.33992,-0.08435,-0.02948,0.60574,-0.01782,-0.16558,-0.46429,-0.1046,-0.06992,-0.04738,0.73392,0.20582,0.05812,-0.478,-0.15079,0.07107,0.05051
15.4,0.01325,-0.00694,0.02254,0.40911,-0.32525,-0.03593,0.65959,0.05381,-0.17789,-0.1923,0.09067,-0.01435,-0.1805,-0.30583,0.37559,1.08062,1.43871,0.00182,0.01782,0.61383,-0.01604,-0.83332,2.2476,-1.34148,-0.08566,-0.02158,0.60675,-0.01788,-0.17243,-0.46478,-0.10422,-0.06933,-0.04698,0.73448,0.20685,0.05611,-0.47752,-0.15099,0.07146,0.05074
15.42,0.0134,-0.00695,0.02295,0.40479,-0.32645,-0.03606,0.65851,0.0536,-0.17728,-0.18818,0.08896,-0.01436,-0.17664,-0.29915,0.38073,1.03755,1.44151,0.00273,0.02792,0.61699,-0.02861,-0.83109,2.24718,-1.3418,-0.08603,-0.01946,0.60857,-0.01676,-0.17186,-0.46469,-0.10401,-0.06892,-0.04675,0.73512,0.20737,0.05236,-0.47783,-0.1515,0.07219,0.05124
15.44,0.01362,-0.00695,0.02324,0.39946,-0.32779,-0.036,0.6578,0.05388,-0.17576,-0.18441,0.08817,-0.01436,-0.17377,-0.29165,0.38343,0.99865,1.44434,0.00268,0.03977,0.60855,-0.03525,-0.82635,2.2465,-1.34175,-0.08602,-0.01952,0.61061,-0.01535,-0.16899,-0.46441,-0.10384,-0.06856,-0.04655,0.73569,0.20765,0.04792,-0.47841,-0.15212,0.07306,0.05184
15.46,0.01381,-0.00696,0.02358,0.39466,-0.32903,-0.03601,0.65695,0.05393,-0.17471,-0.18064,0.08689,-0.01436,-0.17074,-0.28465,0.38701,0.95891,1.4471,0.0031,0.05048,0.60544,-0.0443,-0.82259,2.24588,-1.34201,-0.08613,-0.01868,0.6125,-0.01415,-0.1674,-0.46423,-0.10365,-0.06817,-0.04632,0.73625,0.20803,0.04388,-0.47885,-0.15269,0.07386,0.05239
15.48,0.01398,-0.00696,0.02395,0.38955,-0.3304,-0.03606,0.65595,0.05401,-0.17344,-0.17613,0.08593,-0.01436,-0.1664,-0.27706,0.39162,0.91443,1.45008,0.00334,0.06258,0.60182,-0.05469,-0.81922,2.24542,-1.34165,-0.08649,-0.01742,0.61459,-0.01268,-0.16502,-0.46397,-0.10346,-0.06779,-0.04612,0.73697,0.20841,0.03938,-0.47934,-0.15329,0.0747,0.05297
15.5,0.0142,-0.00697,0.02424,0.38486,-0.33155,-0.03599,0.65536,0.05414,-0.1724,-0.17328,0.08451,-0.01436,-0.16503,-0.27054,0.39351,0.88097,1.45262,0.00374,0.07222,0.59659,-0.06079,-0.81453,2.24455,-1.3425,-0.08621,-0.01756,0.61631,-0.01167,-0.16362,-0.46383,-0.10328,-0.06741,-0.04588,0.73735,0.20875,0.03571,-0.4798,-0.15383,0.07547,0.05349
15.52,0.01454,-0.00698,0.02434,0.38144,-0.3321,-0.03567,0.65585,0.05431,-0.17212,-0.17489,0.08166,-0.01436,-0.17194,-0.2671,0.38836,0.87654,1.4539,0.00476,0.0746,0.59014,-0.05709,-0.80726,2.24306,-1.34665,-0.08449,-0.02126,0.61703,-0.01203,-0.16584,-0.46407,-0.10311,-0.06694,-0.04554,0.73687,0.20902,0.03443,-0.48012,-0.15417,0.07604,0.05382
15.54,0.01493,-0.007,0.02437,0.3785,-0.3324,-0.03524,0.65676,0.0545,-0.17211,-0.17816,0.07831,-0.01436,-0.18174,-0.26479,0.38058,0.88318,1.45474,0.00599,0.07445,0.58243,-0.04915,-0.79872,2.2411,-1.35205,-0.08208,-0.02629,0.61735,-0.01284,-0.16903,-0.46443,-0.10294,-0.06647,-0.04518,0.73606,0.20925,0.03403,-0.4804,-0.15444,0.07652,0.05407
15.56,0.01529,-0.00701,0.02443,0.37543,-0.33279,-0.03486,0.65747,0.05466,-0.17201,-0.18068,0.07514,-0.01436,-0.19002,-0.26201,0.37409,0.88504,1.4558,0.00718,0.07547,0.57512,-0.04276,-0.79056,2.23905,-1.35695,-0.07982,-0.03057,0.61781,-0.01339,-0.1715,-0.46473,-0.10279,-0.06603,-0.04484,0.73538,0.20948,0.03327,-0.4807,-0.15472,0.07702,0.05435
15.58,0.01565,-0.00703,0.0245,0.37195,-0.33332,-0.03448,0.6582,0.05491,-0.17173,-0.1832,0.07219,-0.01436,-0.19923,-0.25902,0.36716,0.88594,1.45681,0.00813,0.07646,0.56823,-0.0378,-0.78317,2.23823,-1.36155,-0.07824,-0.03547,0.61845,-0.01415,-0.17503,-0.46506,-0.10259,-0.06548,-0.04442,0.73479,0.20975,0.0323,-0.48101,-0.15507,0.07759,0.05467
15.6,0.01603,-0.00705,0.02453,0.36945,-0.33348,-0.03408,0.65899,0.05498,-0.1719,-0.18611,0.06867,-0.01436,-0.20715,-0.25675,0.36053,0.89144,1.4578,0.00959,0.07689,0.56021,-0.02889,-0.77386,2.23477,-1.36705,-0.07511,-0.03943,0.61861,-0.0146,-0.17667,-0.46535,-0.10247,-0.06516,-0.04418,0.73392,0.20995,0.03199,-0.48129,-0.15526,0.078,0.05487
15.62,0.01645,-0.00705,0.02443,0.36969,-0.33269,-0.03366,0.65986,0.0545,-0.17343,-0.18971,0.06342,-0.01436,-0.21095,-0.25616,0.35555,0.9066,1.45895,0.01276,0.07631,0.5504,-0.01036,-0.7599,2.22378,-1.37492,-0.0675,-0.03983,0.61756,-0.01395,-0.17233,-0.46553,-0.1026,-0.06556,-0.04447,0.73245,0.20992,0.03323,-0.48148,-0.15505,0.07799,0.05478
15.64,0.01688,-0.00704,0.02427,0.37088,-0.33153,-0.03321,0.66076,0.05385,-0.17537,-0.19365,0.05764,-0.01436,-0.2133,-0.25626,0.35096,0.92602,1.46009,0.01635,0.07525,0.53937,0.01199,-0.744,2.21021,-1.38358,-0.05842,-0.03932,0.61605,-0.01298,-0.16614,-0.46568,-0.1028,-0.06619,-0.04493,0.73071,0.20982,0.0351,-0.48165,-0.15469,0.07782,0.05457
15.66,0.0173,-0.00704,0.02414,0.37156,-0.33052,-0.03277,0.66162,0.0533,-0.17698,-0.19742,0.05228,-0.01436,-0.2162,-0.25608,0.3461,0.94368,1.46119,0.0195,0.07442,0.52828,0.03273,-0.72879,2.19803,-1.39183,-0.0502,-0.03967,0.61472,-0.01223,-0.16113,-0.46583,-0.10295,-0.06667,-0.04529,0.72905,0.20978,0.03674,-0.48184,-0.1544,0.07773,0.05442
15.68,0.01772,-0.00703,0.02402,0.37261,-0.32956,-0.03235,0.66263,0.05266,-0.1792,-0.20131,0.04616,-0.01436,-0.21967,-0.2558,0.34154,0.96101,1.46248,0.02372,0.07346,0.51972,0.05315,-0.71436,2.18489,-1.40054,-0.04109,-0.03829,0.61347,-0.01117,-0.15473,-0.46601,-0.10316,-0.06733,-0.04576,0.72754,0.20965,0.03823,-0.48201,-0.15411,0.07763,0.05426
15.7,0.01815,-0.00703,0.02387,0.3731,-0.32841,-0.03189,0.66332,0.05216,-0.18024,-0.20501,0.0415,-0.01436,-0.22154,-0.25588,0.33648,0.97989,1.46336,0.0258,0.07267,0.50563,0.07503,-0.69785,2.17317,-1.4082,-0.0336,-0.04015,0.61197,-0.01068,-0.15075,-0.46613,-0.10326,-0.06768,-0.04603,0.72567,0.20967,0.04012,-0.48221,-0.15377,0.0775,0.05409
15.72,0.01863,-0.00702,0.02366,0.37186,-0.32673,-0.03132,0.66308,0.05208,-0.17798,-0.20814,0.0409,-0.01436,-0.21959,-0.25673,0.32992,1.00212,1.46318,0.022,0.07268,0.47665,0.10034,-0.67603,2.16581,-1.41507,-0.03005,-0.05213,0.60982,-0.01199,-0.15429,-0.4661,-0.10303,-0.06709,-0.04568,0.72284,0.21015,0.04327,-0.48246,-0.15333,0.07729,0.05389
15.74,0.01912,-0.00702,0.02343,0.37003,-0.32488,-0.03071,0.66252,0.05215,-0.17449,-0.21107,0.04182,-0.01436,-0.21602,-0.25791,0.32287,1.0257,1.46257,0.01601,0.07287,0.44217,0.1269,-0.6522,2.16002,-1.42048,-0.02834,-0.06721,0.60744,-0.01388,-0.16027,-0.46601,-0.10268,-0.06617,-0.04513,0.71969,0.21077,0.04674,-0.48275,-0.15285,0.07706,0.05369
15.76,0.0196,-0.00701,0.02321,0.36845,-0.32314,-0.03012,0.66211,0.05216,-0.17153,-0.21408,0.0421,-0.01436,-0.21302,-0.25896,0.31608,1.04855,1.4621,0.01091,0.07286,0.41014,0.15264,-0.62932,2.15365,-1.42495,-0.02645,-0.08021,0.60522,-0.01545,-0.16489,-0.46595,-0.1024,-0.06543,-0.04469,0.71673,0.21127,0.04982,-0.48303,-0.1524,0.07685,0.05351
15.78,0.02009,-0.007,0.02299,0.36696,-0.32123,-0.02951,0.66167,0.05216,-0.16873,-0.21714,0.04211,-0.01436,-0.21068,-0.25993,0.30913,1.07207,1.46188,0.00624,0.07331,0.3782,0.1796,-0.6062,2.14661,-1.43597,-0.02185,-0.09595,0.60277,-0.01726,-0.17048,-0.46586,-0.10208,-0.06459,-0.04418,0.71354,0.21199,0.05392,-0.48327,-0.15189,0.07658,0.05327
15.8,0.02056,-0.007,0.02275,0.36515,-0.31964,-0.02895,0.66122,0.05221,-0.16529,-0.22004,0.04306,-0.01436,-0.20661,-0.26115,0.30239,1.09445,1.46103,0.00019,0.07286,0.34488,0.20423,-0.58317,2.14137,-1.43331,-0.02321,-0.10681,0.60076,-0.0187,-0.17467,-0.46584,-0.10181,-0.06387,-0.04376,0.71078,0.2123,0.05601,-0.48361,-0.1515,0.07644,0.05315
15.82,0.02097,-0.00702,0.02244,0.36245,-0.31897,-0.02853,0.66076,0.05235,-0.16032,-0.22257,0.04632,-0.01436,-0.19801,-0.26297,0.29648,1.11339,1.45862,-0.00955,0.06993,0.3082,0.22241,-0.56065,2.14077,-1.39037,-0.04172,-0.1029,0.6,-0.01893,-0.17432,-0.46602,-0.10172,-0.06354,-0.04359,0.70921,0.2114,0.05207,-0.48426,-0.15149,0.07672,0.05343
15.84,0.02136,-0.00706,0.02211,0.35948,-0.31863,-0.02818,0.6603,0.05252,-0.15477,-0.22493,0.05045,-0.01436,-0.18775,-0.26502,0.29078,1.13111,1.45559,-0.02054,0.0661,0.27048,0.23813,-0.53837,2.14193,-1.33424,-0.06595,-0.09408,0.59968,-0.01877,-0.17251,-0.46628,-0.1017,-0.06335,-0.04351,0.7081,0.21011,0.04615,-0.48502,-0.15159,0.07713,0.05383
15.86,0.02176,-0.00708,0.02177,0.35671,-0.31815,-0.02781,0.65986,0.05266,-0.14954,-0.22735,0.05413,-0.01436,-0.17835,-0.26696,0.2849,1.14937,1.45282,-0.03068,0.06269,0.23379,0.25478,-0.51614,2.14228,-1.28606,-0.08679,-0.08786,0.59917,-0.0188,-0.17142,-0.46649,-0.10165,-0.0631,-0.04339,0.70681,0.20905,0.0414,-0.48573,-0.15162,0.07747,0.05416
15.88,0.02216,-0.00712,0.02147,0.35355,-0.31761,-0.02737,0.65936,0.05287,-0.14403,-0.22985,0.05808,-0.01436,-0.16847,-0.26891,0.27935,1.16777,1.45012,-0.04205,0.05926,0.19454,0.27231,-0.49314,2.14273,-1.22962,-0.11103,-0.08021,0.59865,-0.01878,-0.17015,-0.46674,-0.10159,-0.06282,-0.04326,0.70538,0.20777,0.03556,-0.48645,-0.15173,0.07787,0.05456
15.9,0.02254,-0.00713,0.0211,0.35117,-0.31727,-0.0271,0.65897,0.05296,-0.13898,-0.23213,0.06166,-0.01436,-0.15921,-0.27089,0.27318,1.18555,1.44714,-0.05116,0.05564,0.1605,0.28737,-0.47188,2.14338,-1.1872,-0.12953,-0.07432,0.59824,-0.01876,-0.16889,-0.46694,-0.10156,-0.06264,-0.04318,0.70435,0.20684,0.0315,-0.48716,-0.15171,0.07816,0.05484
15.92,0.02283,-0.00709,0.02057,0.35098,-0.31743,-0.02727,0.65897,0.05273,-0.13526,-0.23392,0.06403,-0.01436,-0.15202,-0.2729,0.26519,1.20198,1.44341,-0.05365,0.05181,0.1405,0.2964,-0.45483,2.1442,-1.18737,-0.13049,-0.07469,0.59803,-0.01878,-0.16782,-0.467,-0.1016,-0.06272,-0.04325,0.7043,0.20703,0.03296,-0.48785,-0.15132,0.07807,0.05472
15.94,0.02309,-0.00702,0.01996,0.35161,-0.31777,-0.02761,0.65906,0.0524,-0.13203,-0.23548,0.06598,-0.01436,-0.14554,-0.27491,0.25659,1.2178,1.43945,-0.05384,0.04781,0.12593,0.30297,-0.43963,2.14515,-1.20194,-0.12552,-0.07697,0.59791,-0.0188,-0.16681,-0.46702,-0.10166,-0.06291,-0.04338,0.70463,0.20758,0.03625,-0.48852,-0.1508,0.07785,0.05447
15.96,0.02335,-0.00697,0.01938,0.35191,-0.31801,-0.02788,0.65907,0.05211,-0.12861,-0.23711,0.06808,-0.01436,-0.13879,-0.2769,0.24831,1.23386,1.43566,-0.05513,0.04381,0.10931,0.31053,-0.42396,2.146,-1.20959,-0.12343,-0.07825,0.59773,-0.01886,-0.1659,-0.46706,-0.1017,-0.06305,-0.04347,0.70479,0.20793,0.03862,-0.48921,-0.15034,0.0777,0.05428
15.98,0.02365,-0.00691,0.01882,0.352,-0.31834,-0.02814,0.65925,0.05184,-0.12502,-0.23891,0.07039,-0.01436,-0.13175,-0.279,0.23984,1.25007,1.43156,-0.05623,0.04006,0.09088,0.31858,-0.40673,2.14707,-1.21861,-0.12073,-0.07986,0.59764,-0.01876,-0.16447,-0.46708,-0.10176,-0.06322,-0.04359,0.70495,0.20842,0.0413,-0.48988,-0.14987,0.07755,0.05409
16,0.02387,-0.00686,0.01821,0.35272,-0.31853,-0.02845,0.6591,0.0515,-0.12193,-0.24028,0.07216,-0.01436,-0.12549,-0.28087,0.23162,1.26581,1.42806,-0.05717,0.0358,0.07753,0.32502,-0.39318,2.1477,-1.22808,-0.11785,-0.08135,0.59737,-0.01899,-0.16408,-0.46714,-0.1018,-0.06335,-0.04368,0.70519,0.2087,0.04379,-0.49057,-0.14939,0.07734,0.05388
16.02,0.02386,-0.00682,0.01752,0.35498,-0.31831,-0.02884,0.65796,0.051,-0.12007,-0.2405,0.07252,-0.01436,-0.1212,-0.28216,0.22412,1.28052,1.4263,-0.05823,0.03001,0.07686,0.32795,-0.38934,2.14706,-1.23778,-0.11549,-0.08178,0.59657,-0.02026,-0.16714,-0.46731,-0.10177,-0.06327,-0.04362,0.70554,0.20837,0.04537,-0.49128,-0.1489,0.07702,0.05364
16.04,0.02377,-0.00679,0.01679,0.35784,-0.31795,-0.02928,0.65649,0.05043,-0.11871,-0.24028,0.07236,-0.01436,-0.11766,-0.28322,0.21691,1.29474,1.42516,-0.0592,0.02377,0.08112,0.3293,-0.38914,2.14598,-1.24709,-0.11319,-0.08208,0.59557,-0.02185,-0.17114,-0.46751,-0.10173,-0.06316,-0.04354,0.70595,0.20781,0.04668,-0.492,-0.14839,0.07665,0.05338
16.06,0.02372,-0.00676,0.01607,0.36043,-0.31766,-0.02969,0.65519,0.0499,-0.11713,-0.24027,0.07245,-0.01436,-0.11377,-0.28437,0.20963,1.30909,1.42373,-0.06021,0.01789,0.08312,0.33118,-0.38725,2.14509,-1.25492,-0.11112,-0.08264,0.59467,-0.02321,-0.17431,-0.46769,-0.10172,-0.0631,-0.04349,0.70633,0.20733,0.04807,-0.49272,-0.14789,0.07631,0.05314
16.08,0.02367,-0.00673,0.01539,0.36307,-0.31736,-0.03012,0.65381,0.04934,-0.11552,-0.24022,0.07248,-0.01436,-0.10995,-0.2856,0.20206,1.32384,1.42234,-0.06113,0.01135,0.08539,0.33376,-0.38553,2.14422,-1.27,-0.1078,-0.08243,0.59374,-0.0249,-0.17912,-0.46792,-0.10164,-0.06289,-0.04334,0.70676,0.20698,0.04972,-0.49345,-0.14739,0.07594,0.05288
16.1,0.02361,-0.00669,0.0146,0.36571,-0.31705,-0.03053,0.65251,0.04884,-0.1141,-0.24014,0.07251,-0.01436,-0.10616,-0.2866,0.19519,1.33762,1.42101,-0.06225,0.00607,0.0882,0.33456,-0.38432,2.14322,-1.27002,-0.10713,-0.08373,0.59281,-0.026,-0.1808,-0.46805,-0.10168,-0.06299,-0.0434,0.70709,0.2063,0.05075,-0.49415,-0.1469,0.07561,0.05265
16.12,0.02352,-0.00662,0.01352,0.36828,-0.31672,-0.03087,0.65144,0.04853,-0.11306,-0.24012,0.07268,-0.01436,-0.10213,-0.28708,0.1901,1.3489,1.41968,-0.06406,0.00441,0.09136,0.33072,-0.38356,2.14195,-1.22576,-0.11423,-0.08954,0.59191,-0.0253,-0.17308,-0.4679,-0.10207,-0.064,-0.04405,0.70718,0.20477,0.05007,-0.49478,-0.14648,0.07541,0.05254
16.14,0.02343,-0.00653,0.01233,0.37081,-0.31639,-0.03118,0.65046,0.04828,-0.1122,-0.2401,0.07287,-0.01436,-0.09812,-0.28734,0.18574,1.3592,1.4184,-0.06606,0.00403,0.09488,0.3252,-0.3832,2.14058,-1.16683,-0.12391,-0.09678,0.59101,-0.02404,-0.16228,-0.46766,-0.10257,-0.06532,-0.0449,0.70717,0.20293,0.0488,-0.49538,-0.14607,0.07524,0.05247
16.16,0.02334,-0.00645,0.01118,0.37332,-0.31607,-0.03151,0.64946,0.04801,-0.11126,-0.24007,0.07304,-0.01436,-0.09417,-0.28767,0.18111,1.36989,1.41712,-0.06792,0.00307,0.0982,0.32053,-0.38269,2.13929,-1.11636,-0.13213,-0.10316,0.5901,-0.02311,-0.15322,-0.46747,-0.10302,-0.06646,-0.04564,0.70719,0.20124,0.04785,-0.49597,-0.14566,0.07506,0.05238
16.18,0.02323,-0.00638,0.01005,0.37599,-0.31571,-0.03183,0.64836,0.04774,-0.11032,-0.24005,0.07322,-0.01436,-0.08993,-0.2881,0.17621,1.38079,1.41578,-0.07001,0.0021,0.10185,0.31539,-0.38217,2.13785,-1.05824,-0.1416,-0.11046,0.5892,-0.02184,-0.14271,-0.46725,-0.1035,-0.06774,-0.04647,0.70727,0.19948,0.04665,-0.49663,-0.14525,0.07487,0.0523
16.2,0.02317,-0.00629,0.00886,0.37832,-0.31544,-0.03215,0.6475,0.04748,-0.10942,-0.24001,0.07341,-0.01436,-0.08631,-0.28828,0.17206,1.39102,1.41455,-0.07166,0.00145,0.10483,0.31089,-0.38172,2.1367,-1.0127,-0.14905,-0.11616,0.58829,-0.02116,-0.1345,-0.46706,-0.10392,-0.06882,-0.04715,0.70721,0.1978,0.04584,-0.49716,-0.14484,0.07471,0.05222
16.22,0.02321,-0.00618,0.00753,0.37973,-0.31544,-0.03245,0.64726,0.04726,-0.1086,-0.23995,0.07366,-0.01436,-0.08442,-0.28788,0.16973,1.39984,1.41362,-0.07207,0.00134,0.10582,0.30844,-0.38143,2.13653,-1.00432,-0.15044,-0.11733,0.58733,-0.02218,-0.13328,-0.46693,-0.10413,-0.06931,-0.04734,0.70679,0.19639,0.04615,-0.49735,-0.14441,0.07463,0.05215
16.24,0.02329,-0.00606,0.00615,0.38078,-0.31555,-0.03275,0.64725,0.04706,-0.10781,-0.23987,0.07392,-0.01436,-0.08316,-0.28724,0.16815,1.40799,1.41281,-0.07205,0.00151,0.10612,0.30673,-0.38117,2.13664,-1.00928,-0.14966,-0.1168,0.58636,-0.0238,-0.13447,-0.46682,-0.10426,-0.06959,-0.04736,0.70623,0.19508,0.04689,-0.49742,-0.14398,0.07458,0.05208
16.26,0.02336,-0.00595,0.00479,0.38196,-0.3156,-0.03304,0.64713,0.04685,-0.107,-0.23979,0.07418,-0.01437,-0.08163,-0.28668,0.16626,1.4163,1.41195,-0.07222,0.00156,0.10675,0.30479,-0.38084,2.13656,-1.00892,-0.14975,-0.11686,0.5854,-0.02516,-0.13463,-0.46671,-0.10441,-0.06994,-0.04745,0.70572,0.19375,0.0475,-0.49756,-0.14355,0.07451,0.05201
16.28,0.02344,-0.00583,0.00342,0.3833,-0.31568,-0.03335,0.64706,0.04664,-0.10619,-0.23974,0.07445,-0.01437,-0.08004,-0.28625,0.16427,1.42518,1.41106,-0.07237,0.00161,0.10732,0.30236,-0.38078,2.13678,-1.00505,-0.15043,-0.1177,0.58443,-0.02645,-0.13448,-0.46658,-0.10461,-0.0704,-0.04758,0.70524,0.19232,0.04781,-0.49763,-0.14313,0.07446,0.05195
16.3,0.02349,-0.00572,0.00207,0.38422,-0.31572,-0.03361,0.64694,0.04644,-0.1054,-0.23963,0.07468,-0.01437,-0.07872,-0.28549,0.16265,1.43273,1.41025,-0.07248,0.00172,0.10786,0.30113,-0.38014,2.1364,-1.01171,-0.14934,-0.11654,0.58349,-0.02804,-0.1355,-0.4665,-0.1047,-0.07059,-0.04759,0.70469,0.19111,0.04883,-0.49782,-0.14268,0.07437,0.05186
16.32,0.02348,-0.00566,0.00082,0.38408,-0.31556,-0.03372,0.64659,0.04626,-0.10457,-0.23938,0.07484,-0.01437,-0.07792,-0.28394,0.16189,1.43688,1.40961,-0.07252,0.00175,0.1084,0.3031,-0.37809,2.13446,-1.04535,-0.14369,-0.1099,0.58257,-0.03045,-0.13984,-0.46658,-0.10448,-0.07,-0.04726,0.70394,0.19057,0.05193,-0.49836,-0.14213,0.07409,0.05167
16.34,0.02344,-0.00561,-0.00041,0.38354,-0.31536,-0.03376,0.64619,0.0461,-0.10375,-0.23907,0.07496,-0.01437,-0.07736,-0.28207,0.16148,1.43972,1.40904,-0.07254,0.00185,0.10894,0.30624,-0.37541,2.13186,-1.08895,-0.13636,-0.10137,0.58171,-0.03312,-0.14518,-0.46671,-0.10416,-0.06916,-0.04681,0.70314,0.19024,0.05571,-0.499,-0.14155,0.07376,0.05145
16.36,0.02341,-0.00556,-0.00165,0.38318,-0.3152,-0.03383,0.64584,0.04593,-0.10295,-0.2388,0.07508,-0.01437,-0.07672,-0.28033,0.16089,1.4431,1.40845,-0.07259,0.00207,0.1095,0.30879,-0.37288,2.12944,-1.12732,-0.12991,-0.09395,0.58086,-0.03557,-0.14961,-0.4668,-0.10391,-0.06849,-0.04644,0.70239,0.18978,0.05904,-0.49959,-0.141,0.07347,0.05126
16.38,0.0234,-0.00551,-0.0029,0.38281,-0.31493,-0.0339,0.6454,0.04576,-0.10207,-0.2385,0.07526,-0.01437,-0.07598,-0.27862,0.1604,1.44666,1.40783,-0.07256,0.00171,0.10993,0.31162,-0.37092,2.12756,-1.16924,-0.12289,-0.08542,0.57983,-0.03847,-0.15597,-0.46695,-0.10355,-0.06759,-0.04595,0.70151,0.18946,0.06292,-0.50023,-0.14039,0.07311,0.05102
16.4,0.02335,-0.00546,-0.00411,0.38236,-0.31489,-0.03395,0.64512,0.0456,-0.10136,-0.23823,0.07531,-0.01437,-0.07549,-0.27679,0.15979,1.44957,1.40727,-0.0727,0.00251,0.11067,0.31415,-0.36763,2.12437,-1.20583,-0.11671,-0.07877,0.5792,-0.0405,-0.15861,-0.46699,-0.10339,-0.0671,-0.0457,0.7009,0.1889,0.06586,-0.50078,-0.1399,0.07288,0.05086
16.42,0.02322,-0.00538,-0.00523,0.38178,-0.31546,-0.03393,0.64537,0.04547,-0.10114,-0.23809,0.07507,-0.01437,-0.07568,-0.27464,0.15875,1.45095,1.40696,-0.07334,0.00692,0.11215,0.31543,-0.36083,2.11792,-1.22625,-0.11299,-0.07794,0.57964,-0.03986,-0.15007,-0.46665,-0.10381,-0.06791,-0.04619,0.70104,0.18757,0.06572,-0.50109,-0.13977,0.07305,0.05096
16.44,0.02307,-0.00529,-0.00631,0.38112,-0.31626,-0.03389,0.64577,0.04535,-0.10111,-0.23798,0.07471,-0.01437,-0.0761,-0.27239,0.15759,1.45172,1.40669,-0.07416,0.0124,0.11396,0.31637,-0.35271,2.11015,-1.24073,-0.11022,-0.07906,0.58048,-0.03835,-0.13787,-0.46619,-0.10442,-0.06915,-0.04693,0.70145,0.186,0.06466,-0.5013,-0.13976,0.07335,0.05114
16.46,0.02291,-0.00522,-0.0074,0.3805,-0.31695,-0.03385,0.64605,0.04523,-0.101,-0.23784,0.0744,-0.01437,-0.0764,-0.27024,0.15648,1.4528,1.40632,-0.0749,0.01707,0.11569,0.31755,-0.34519,2.10286,-1.25721,-0.10718,-0.0792,0.58114,-0.03735,-0.12779,-0.46579,-0.10492,-0.07014,-0.04753,0.70174,0.1846,0.06424,-0.50156,-0.13968,0.07356,0.05127
16.48,0.0228,-0.00513,-0.00851,0.37985,-0.31767,-0.03382,0.64653,0.04508,-0.10087,-0.23777,0.07409,-0.01437,-0.07679,-0.26784,0.15536,1.45371,1.40626,-0.07564,0.0231,0.11712,0.31845,-0.33763,2.09602,-1.27692,-0.10342,-0.07969,0.58181,-0.0359,-0.11586,-0.46536,-0.1055,-0.07132,-0.04825,0.70202,0.18297,0.06294,-0.50182,-0.13967,0.07388,0.05147
16.5,0.02259,-0.00506,-0.00956,0.37925,-0.31838,-0.03378,0.64663,0.04499,-0.10082,-0.23757,0.07375,-0.01437,-0.07704,-0.26595,0.15425,1.45485,1.40558,-0.07641,0.02656,0.11925,0.31982,-0.32985,2.08798,-1.28844,-0.1014,-0.07993,0.58254,-0.03516,-0.10687,-0.46498,-0.10596,-0.07222,-0.04879,0.70239,0.18173,0.06318,-0.50205,-0.13955,0.07402,0.05155
16.52,0.02214,-0.00502,-0.01048,0.37881,-0.31896,-0.03369,0.64565,0.04505,-0.10098,-0.23699,0.07331,-0.01437,-0.07689,-0.26538,0.15311,1.4568,1.40295,-0.07735,0.02261,0.12328,0.32261,-0.32169,2.07651,-1.27819,-0.10403,-0.07895,0.58331,-0.0366,-0.10718,-0.46479,-0.10601,-0.0722,-0.04874,0.70291,0.18176,0.06843,-0.50224,-0.13906,0.07355,0.05127
16.54,0.0216,-0.005,-0.01134,0.37841,-0.31952,-0.0336,0.64428,0.04517,-0.10122,-0.2363,0.07285,-0.01437,-0.07659,-0.26534,0.15199,1.45899,1.39972,-0.0783,0.01606,0.12799,0.32588,-0.31339,2.06398,-1.25997,-0.10837,-0.07769,0.58414,-0.03876,-0.11054,-0.46467,-0.10592,-0.07189,-0.04851,0.70354,0.18215,0.07516,-0.5024,-0.13847,0.07291,0.05087
16.56,0.02109,-0.00497,-0.01223,0.37798,-0.32013,-0.03351,0.6431,0.04526,-0.1014,-0.23567,0.07242,-0.01437,-0.07633,-0.26514,0.15092,1.46105,1.3969,-0.07917,0.01071,0.13235,0.32889,-0.30523,2.05224,-1.24574,-0.11188,-0.07658,0.58498,-0.04055,-0.11232,-0.46451,-0.1059,-0.07173,-0.04837,0.70416,0.18229,0.08087,-0.50256,-0.13796,0.07239,0.05055
16.58,0.0206,-0.00494,-0.01312,0.37762,-0.3206,-0.0334,0.64187,0.04534,-0.10166,-0.23497,0.07189,-0.01437,-0.07619,-0.26464,0.14959,1.46318,1.39349,-0.08033,0.00529,0.1369,0.33207,-0.29669,2.03913,-1.22973,-0.11564,-0.07537,0.58565,-0.0425,-0.11476,-0.46438,-0.10585,-0.07152,-0.04819,0.70462,0.18278,0.08799,-0.50275,-0.13733,0.0717,0.05013
16.6,0.02006,-0.00491,-0.014,0.37711,-0.32134,-0.03333,0.64066,0.04546,-0.10178,-0.23441,0.07157,-0.01437,-0.07576,-0.26486,0.14879,1.46523,1.39116,-0.08091,-0.00055,0.1412,0.33499,-0.28894,2.02864,-1.21562,-0.11928,-0.07434,0.5867,-0.04431,-0.11661,-0.4642,-0.10582,-0.07133,-0.04805,0.70543,0.18265,0.09258,-0.50288,-0.13691,0.07131,0.04988
16.62,0.01939,-0.0049,-0.01486,0.37619,-0.32278,-0.03334,0.63955,0.04574,-0.10156,-0.23422,0.07186,-0.01437,-0.07452,-0.26713,0.14963,1.46701,1.39207,-0.07967,-0.00772,0.14478,0.3372,-0.28333,2.02567,-1.20876,-0.12224,-0.07345,0.58877,-0.04552,-0.11606,-0.4639,-0.1059,-0.07127,-0.04802,0.70724,0.18061,0.08957,-0.50285,-0.13711,0.07182,0.05018
16.64,0.01868,-0.00488,-0.01572,0.37512,-0.32448,-0.03338,0.63848,0.04606,-0.1012,-0.23417,0.07236,-0.01437,-0.07301,-0.27007,0.15096,1.4687,1.39405,-0.07789,-0.01508,0.14805,0.33909,-0.27854,2.02537,-1.20413,-0.125,-0.07281,0.59122,-0.04656,-0.11484,-0.46355,-0.10601,-0.07124,-0.04803,0.7094,0.17794,0.08403,-0.50276,-0.13752,0.07262,0.05066
16.66,0.018,-0.00487,-0.01658,0.37411,-0.32607,-0.03341,0.6374,0.04636,-0.1009,-0.23408,0.07275,-0.01437,-0.07165,-0.27255,0.15193,1.47041,1.39545,-0.07649,-0.02179,0.15136,0.34103,-0.27342,2.02385,-1.19847,-0.12778,-0.07237,0.59349,-0.04769,-0.11395,-0.46322,-0.1061,-0.0712,-0.04802,0.71138,0.1756,0.07982,-0.50268,-0.13782,0.07327,0.05105
16.68,0.01729,-0.00486,-0.01743,0.37314,-0.32767,-0.03343,0.63625,0.04668,-0.10064,-0.23391,0.07318,-0.01437,-0.07015,-0.27566,0.15345,1.47223,1.39722,-0.07452,-0.03092,0.15509,0.3434,-0.26811,2.02232,-1.19254,-0.13092,-0.07069,0.5958,-0.04882,-0.11302,-0.46289,-0.1062,-0.07116,-0.04802,0.71346,0.17307,0.07488,-0.50267,-0.13818,0.074,0.05149
16.7,0.01662,-0.00484,-0.0183,0.37204,-0.32929,-0.03347,0.63528,0.04696,-0.10026,-0.23393,0.07359,-0.01437,-0.06889,-0.27764,0.15397,1.47379,1.3985,-0.07361,-0.03511,0.15788,0.3448,-0.2634,2.02146,-1.18787,-0.13325,-0.07156,0.59811,-0.0499,-0.11199,-0.46255,-0.10629,-0.07112,-0.04801,0.7154,0.1708,0.07087,-0.50249,-0.13847,0.07463,0.05186
16.72,0.01604,-0.00478,-0.01921,0.3706,-0.33097,-0.0335,0.63486,0.04713,-0.09958,-0.23446,0.07391,-0.01437,-0.06834,-0.27624,0.15147,1.4746,1.39809,-0.07593,-0.02478,0.1582,0.34349,-0.26005,2.02179,-1.18555,-0.13343,-0.08034,0.60041,-0.05087,-0.11071,-0.46217,-0.1064,-0.07107,-0.048,0.71692,0.16933,0.06987,-0.50182,-0.13856,0.07493,0.05202
16.74,0.01549,-0.0047,-0.02012,0.36903,-0.33267,-0.03354,0.63464,0.04725,-0.09879,-0.23518,0.0742,-0.01437,-0.06806,-0.27369,0.14797,1.47515,1.39716,-0.07932,-0.00961,0.15757,0.34122,-0.2573,2.0227,-1.18455,-0.13279,-0.09153,0.60269,-0.0518,-0.10936,-0.46179,-0.1065,-0.07102,-0.04799,0.71826,0.16816,0.06992,-0.50099,-0.13857,0.07513,0.05212
16.76,0.01494,-0.00464,-0.02103,0.36754,-0.33433,-0.03358,0.63431,0.04739,-0.09807,-0.2358,0.0745,-0.01437,-0.06768,-0.27173,0.14502,1.47583,1.39653,-0.08212,0.00283,0.15735,0.33944,-0.25433,2.02335,-1.18337,-0.13249,-0.101,0.60493,-0.05275,-0.10812,-0.46142,-0.1066,-0.07096,-0.04798,0.71965,0.16689,0.06962,-0.50025,-0.1386,0.07536,0.05224
16.78,0.01435,-0.00457,-0.02195,0.36597,-0.33612,-0.0336,0.63404,0.04755,-0.09728,-0.23648,0.07482,-0.01437,-0.0672,-0.2695,0.14167,1.47647,1.39568,-0.08536,0.0175,0.15721,0.3374,-0.25115,2.02408,-1.18054,-0.1323,-0.11303,0.60737,-0.05367,-0.10653,-0.46101,-0.10671,-0.07093,-0.04798,0.7212,0.16544,0.06873,-0.49944,-0.13868,0.07566,0.0524
16.8,0.01385,-0.0045,-0.02285,0.36453,-0.33763,-0.03366,0.63371,0.04765,-0.0966,-0.23707,0.07508,-0.01437,-0.06699,-0.26756,0.13892,1.47712,1.39514,-0.08794,0.0287,0.15669,0.33568,-0.24855,2.02474,-1.18136,-0.1317,-0.12041,0.60938,-0.05465,-0.10564,-0.46068,-0.10679,-0.07085,-0.04795,0.72236,0.16445,0.06931,-0.49873,-0.13864,0.0758,0.05245
16.82,0.01362,-0.00443,-0.02369,0.36352,-0.33836,-0.03382,0.63319,0.04756,-0.09629,-0.23736,0.07518,-0.01437,-0.06742,-0.26672,0.13803,1.4779,1.39563,-0.08841,0.02884,0.15529,0.33508,-0.24748,2.02501,-1.19264,-0.13006,-0.11336,0.6102,-0.05581,-0.10673,-0.46058,-0.10678,-0.07066,-0.04782,0.72247,0.16477,0.07397,-0.49827,-0.13823,0.07548,0.05222
16.84,0.0135,-0.00437,-0.02452,0.36265,-0.33879,-0.03401,0.63261,0.04741,-0.09609,-0.23756,0.07522,-0.01437,-0.0681,-0.2662,0.13777,1.47869,1.39643,-0.0882,0.02537,0.15357,0.33483,-0.24698,2.02517,-1.2074,-0.12807,-0.1017,0.61057,-0.05702,-0.10851,-0.46057,-0.10674,-0.07042,-0.04766,0.72218,0.16554,0.08001,-0.4979,-0.13769,0.07501,0.05189
16.86,0.01333,-0.0043,-0.02535,0.3617,-0.33935,-0.03418,0.63208,0.04728,-0.09584,-0.2378,0.07527,-0.01437,-0.06867,-0.26553,0.13724,1.47944,1.39706,-0.08832,0.02372,0.15204,0.33441,-0.24618,2.0254,-1.22008,-0.12632,-0.09283,0.61113,-0.0582,-0.10995,-0.46052,-0.1067,-0.07021,-0.04752,0.72206,0.16606,0.0852,-0.49751,-0.13722,0.07463,0.05161
16.88,0.01314,-0.00423,-0.0262,0.36081,-0.33995,-0.03438,0.63148,0.04717,-0.09561,-0.23803,0.07536,-0.01437,-0.06926,-0.26485,0.1366,1.48032,1.39781,-0.08836,0.02148,0.15025,0.33398,-0.24552,2.02557,-1.23488,-0.12419,-0.08121,0.61175,-0.05943,-0.1115,-0.46047,-0.10668,-0.07,-0.04737,0.72197,0.16679,0.09134,-0.49704,-0.13669,0.07415,0.05128
16.9,0.01302,-0.00417,-0.027,0.35982,-0.34038,-0.03454,0.63099,0.047,-0.09535,-0.23826,0.07537,-0.01437,-0.06985,-0.26428,0.13636,1.48095,1.39838,-0.0884,0.01956,0.149,0.3337,-0.24474,2.02582,-1.2461,-0.12276,-0.07406,0.61213,-0.06057,-0.11296,-0.46043,-0.10664,-0.06977,-0.04722,0.72173,0.1672,0.09585,-0.49676,-0.13627,0.07384,0.05105
16.92,0.01307,-0.00411,-0.02766,0.35853,-0.34043,-0.03461,0.63086,0.04666,-0.09493,-0.23855,0.07523,-0.01437,-0.07044,-0.26392,0.13706,1.4809,1.39836,-0.08863,0.01938,0.14874,0.33335,-0.24331,2.02651,-1.24659,-0.1235,-0.08142,0.61195,-0.06149,-0.11412,-0.4604,-0.10655,-0.06946,-0.04706,0.72125,0.16658,0.0954,-0.49701,-0.1362,0.07401,0.05118
16.94,0.0132,-0.00406,-0.02826,0.35714,-0.3403,-0.03466,0.63084,0.04625,-0.09448,-0.23885,0.07502,-0.01437,-0.07101,-0.26366,0.13814,1.48061,1.39815,-0.08887,0.01963,0.14918,0.3332,-0.2418,2.02722,-1.24338,-0.12494,-0.09325,0.61153,-0.0623,-0.11514,-0.46037,-0.10645,-0.06914,-0.0469,0.72063,0.16564,0.09328,-0.49745,-0.13624,0.07435,0.05142
16.96,0.0133,-0.00401,-0.02889,0.3558,-0.34022,-0.03472,0.63074,0.04587,-0.09406,-0.23914,0.07483,-0.01437,-0.07157,-0.26335,0.13905,1.48043,1.39804,-0.08906,0.01967,0.14965,0.33321,-0.24047,2.02782,-1.24184,-0.12599,-0.10232,0.61119,-0.06313,-0.1161,-0.46034,-0.10636,-0.06884,-0.04675,0.72003,0.16487,0.092,-0.49779,-0.13623,0.0746,0.0516
16.98,0.01339,-0.00396,-0.02953,0.35445,-0.34025,-0.03478,0.63072,0.04548,-0.09358,-0.23944,0.07472,-0.01437,-0.07224,-0.26304,0.14,1.48024,1.39788,-0.0894,0.01965,0.14853,0.33219,-0.23852,2.02896,-1.24041,-0.12734,-0.11426,0.61096,-0.06411,-0.11757,-0.46031,-0.10625,-0.06848,-0.04656,0.71959,0.16401,0.09044,-0.49819,-0.13624,0.07488,0.0518
17,0.01351,-0.0039,-0.03013,0.3531,-0.34002,-0.03482,0.63058,0.04511,-0.09322,-0.23972,0.07441,-0.01437,-0.07267,-0.26277,0.14094,1.48002,1.39777,-0.08945,0.0199,0.15103,0.33337,-0.23787,2.02885,-1.23791,-0.12822,-0.12139,0.61046,-0.06477,-0.11797,-0.46027,-0.10618,-0.06824,-0.04644,0.71879,0.16325,0.08905,-0.49851,-0.13624,0.07515,0.05199
17.02,0.01372,-0.0038,-0.03062,0.3517,-0.33915,-0.03485,0.63007,0.04479,-0.0931,-0.24009,0.07364,-0.01437,-0.0725,-0.26253,0.14168,1.47979,1.39789,-0.08876,0.02089,0.16235,0.34043,-0.24047,2.02626,-1.23254,-0.12779,-0.11365,0.60928,-0.06448,-0.11504,-0.46021,-0.10628,-0.06833,-0.04654,0.71699,0.16282,0.08853,-0.49857,-0.13619,0.07537,0.05213
17.04,0.01397,-0.00369,-0.03107,0.35031,-0.33804,-0.03487,0.62942,0.04449,-0.09311,-0.24043,0.07267,-0.01437,-0.07207,-0.26233,0.14241,1.47954,1.39807,-0.08777,0.02214,0.1775,0.34971,-0.24444,2.02217,-1.22636,-0.12685,-0.10105,0.60783,-0.0639,-0.1111,-0.46015,-0.10642,-0.06854,-0.04671,0.71484,0.16249,0.08822,-0.49856,-0.13613,0.07558,0.05226
17.06,0.0142,-0.00359,-0.03154,0.34897,-0.33703,-0.03489,0.62882,0.04418,-0.09313,-0.24071,0.07175,-0.01437,-0.07171,-0.26213,0.1432,1.47931,1.39821,-0.08689,0.02323,0.19156,0.35808,-0.24799,2.01816,-1.22108,-0.12603,-0.09103,0.60651,-0.06352,-0.10791,-0.46011,-0.10653,-0.06867,-0.04684,0.71288,0.16212,0.08783,-0.49859,-0.13607,0.07579,0.05239
17.08,0.01445,-0.00348,-0.03202,0.3474,-0.33602,-0.03491,0.62827,0.04388,-0.09287,-0.24131,0.07102,-0.01437,-0.07155,-0.26182,0.14376,1.47906,1.39839,-0.0861,0.02452,0.20285,0.36609,-0.25064,2.01688,-1.21344,-0.12569,-0.07955,0.60517,-0.06285,-0.10352,-0.46001,-0.10668,-0.06889,-0.04702,0.7108,0.16175,0.08736,-0.49857,-0.13602,0.07603,0.05253
17.1,0.01465,-0.00339,-0.03245,0.34633,-0.33498,-0.03492,0.62759,0.04357,-0.09323,-0.24122,0.06984,-0.01437,-0.07091,-0.26176,0.1448,1.47883,1.3985,-0.08507,0.02545,0.2209,0.37532,-0.25557,2.00934,-1.21054,-0.12423,-0.06993,0.6038,-0.06271,-0.10134,-0.46001,-0.10675,-0.06896,-0.0471,0.70888,0.16139,0.08709,-0.49863,-0.13596,0.07621,0.05264
17.12,0.01467,-0.00338,-0.03274,0.34655,-0.33389,-0.03488,0.62661,0.04322,-0.09517,-0.23935,0.06758,-0.01437,-0.06911,-0.26239,0.147,1.47868,1.39839,-0.08347,0.02529,0.25595,0.38773,-0.26586,1.98658,-1.22125,-0.11973,-0.06637,0.60239,-0.0642,-0.10603,-0.4603,-0.10658,-0.06855,-0.04684,0.70747,0.16107,0.08744,-0.49894,-0.13584,0.07629,0.05265
17.14,0.01463,-0.0034,-0.03296,0.34729,-0.33277,-0.03483,0.62549,0.04288,-0.09776,-0.23678,0.06485,-0.01437,-0.06682,-0.26326,0.1497,1.47853,1.39822,-0.08164,0.02477,0.29778,0.40122,-0.27852,1.95722,-1.23672,-0.11414,-0.06486,0.60097,-0.06622,-0.11291,-0.46069,-0.10633,-0.06799,-0.04646,0.70624,0.16074,0.08797,-0.49933,-0.13571,0.07632,0.05262
17.16,0.01461,-0.00341,-0.03321,0.34785,-0.33168,-0.03478,0.6244,0.04254,-0.10014,-0.23445,0.06226,-0.01437,-0.06467,-0.26401,0.15227,1.47834,1.39808,-0.07989,0.02444,0.33698,0.41399,-0.29051,1.92979,-1.24981,-0.10908,-0.06256,0.59959,-0.06791,-0.11846,-0.46104,-0.10613,-0.06753,-0.04616,0.70497,0.1604,0.08833,-0.49968,-0.13559,0.07637,0.05261
17.18,0.01462,-0.00342,-0.03348,0.34819,-0.33053,-0.03472,0.62342,0.04216,-0.10218,-0.23242,0.05998,-0.01437,-0.06286,-0.2648,0.15441,1.47831,1.39793,-0.0782,0.02402,0.37448,0.42785,-0.30088,1.90694,-1.2638,-0.10381,-0.05953,0.59807,-0.06994,-0.12536,-0.46137,-0.10587,-0.06694,-0.04577,0.70354,0.16015,0.08905,-0.50006,-0.13546,0.07641,0.05259
17.2,0.01454,-0.00344,-0.03369,0.34911,-0.3295,-0.03469,0.6222,0.04187,-0.10507,-0.22962,0.05695,-0.01437,-0.06021,-0.26556,0.15758,1.47795,1.39779,-0.07638,0.02367,0.41703,0.4396,-0.31512,1.87288,-1.27705,-0.0988,-0.05851,0.59683,-0.0714,-0.13,-0.46176,-0.10572,-0.06658,-0.04554,0.70248,0.15971,0.08907,-0.50039,-0.13535,0.07646,0.05259
17.22,0.01421,-0.00349,-0.03374,0.35153,-0.32878,-0.03477,0.62032,0.0418,-0.11016,-0.22481,0.05205,-0.01437,-0.0555,-0.26614,0.16325,1.47674,1.39767,-0.07382,0.02387,0.47207,0.44596,-0.33971,1.81056,-1.28705,-0.09414,-0.06322,0.59643,-0.0711,-0.12763,-0.46228,-0.10591,-0.06693,-0.04583,0.70243,0.15876,0.08702,-0.50062,-0.13532,0.07657,0.05266
17.24,0.01379,-0.00355,-0.03374,0.35453,-0.32817,-0.03489,0.61822,0.04182,-0.11608,-0.21926,0.0464,-0.01437,-0.04994,-0.26667,0.16997,1.47517,1.39755,-0.07122,0.02413,0.53188,0.45002,-0.36803,1.73707,-1.29615,-0.08991,-0.06979,0.59631,-0.07022,-0.12296,-0.46284,-0.10623,-0.06753,-0.0463,0.70274,0.15764,0.08427,-0.50079,-0.13532,0.07668,0.05275
17.26,0.01341,-0.0036,-0.03377,0.35727,-0.3275,-0.03499,0.61623,0.04183,-0.12165,-0.21409,0.04104,-0.01437,-0.0447,-0.26723,0.17633,1.47372,1.39745,-0.06892,0.02421,0.58939,0.45466,-0.39451,1.66792,-1.30572,-0.08591,-0.07507,0.59604,-0.06963,-0.11949,-0.46336,-0.10649,-0.06801,-0.04667,0.70287,0.15661,0.08191,-0.50096,-0.1353,0.07679,0.05283
17.28,0.01302,-0.00367,-0.03378,0.36004,-0.32686,-0.03508,0.61418,0.04172,-0.12717,-0.20871,0.03588,-0.01437,-0.03973,-0.26781,0.18221,1.47248,1.3973,-0.06539,0.0249,0.64782,0.46133,-0.42182,1.60136,-1.31525,-0.08005,-0.08223,0.59587,-0.06893,-0.11544,-0.46396,-0.10674,-0.06849,-0.04708,0.70308,0.15551,0.07925,-0.50122,-0.13529,0.07691,0.05292
17.3,0.01263,-0.00371,-0.03382,0.36285,-0.3262,-0.03521,0.61221,0.04187,-0.13295,-0.2036,0.03016,-0.01437,-0.034,-0.2683,0.18932,1.47071,1.39723,-0.06444,0.02436,0.70522,0.46319,-0.4481,1.52718,-1.32452,-0.07819,-0.08596,0.59556,-0.06833,-0.11202,-0.46442,-0.10704,-0.06903,-0.04747,0.70321,0.15452,0.07705,-0.50128,-0.13527,0.07701,0.05299
17.32,0.01224,-0.00366,-0.03396,0.36568,-0.32544,-0.03544,0.6104,0.04272,-0.13942,-0.19928,0.02288,-0.01437,-0.02635,-0.26874,0.19977,1.46756,1.39736,-0.07061,0.02033,0.75988,0.45238,-0.472,1.43205,-1.33377,-0.0874,-0.07903,0.59481,-0.06817,-0.1108,-0.4645,-0.10748,-0.06973,-0.04781,0.703,0.15393,0.07626,-0.50076,-0.13524,0.07705,0.05301
17.34,0.01185,-0.00358,-0.03414,0.36851,-0.32465,-0.03572,0.6087,0.04382,-0.14607,-0.19528,0.01513,-0.01437,-0.01794,-0.26906,0.21137,1.46389,1.39755,-0.07937,0.01507,0.81306,0.43681,-0.49448,1.33021,-1.34269,-0.1006,-0.06868,0.59392,-0.06815,-0.1103,-0.46445,-0.10797,-0.07047,-0.04814,0.70269,0.15346,0.07595,-0.50003,-0.1352,0.07707,0.053
17.36,0.01147,-0.00351,-0.03431,0.3713,-0.32391,-0.03598,0.60702,0.04479,-0.15251,-0.19121,0.00772,-0.01437,-0.00993,-0.26933,0.22228,1.4605,1.39771,-0.08696,0.01044,0.86608,0.42337,-0.51665,1.23314,-1.35143,-0.1119,-0.06038,0.59312,-0.06808,-0.10952,-0.46447,-0.10842,-0.07117,-0.04847,0.70244,0.15293,0.07542,-0.49941,-0.13517,0.0771,0.05301
17.38,0.01104,-0.00344,-0.03444,0.37428,-0.32306,-0.03623,0.60504,0.04581,-0.15957,-0.1868,-0.0003,-0.01437,-0.00179,-0.27003,0.2339,1.45694,1.39789,-0.09454,0.00554,0.92282,0.40993,-0.54287,1.12821,-1.36149,-0.1236,-0.05011,0.59225,-0.06792,-0.10849,-0.46445,-0.10892,-0.07195,-0.04883,0.70216,0.1524,0.07488,-0.49871,-0.13514,0.07713,0.05301
17.4,0.01073,-0.00336,-0.03467,0.37683,-0.3224,-0.0365,0.60371,0.04679,-0.16532,-0.18319,-0.00711,-0.01437,0.00641,-0.26979,0.24433,1.45358,1.39804,-0.10275,0.0009,0.97132,0.39548,-0.56042,1.03844,-1.36876,-0.13538,-0.04304,0.59145,-0.06798,-0.10816,-0.46447,-0.10933,-0.07258,-0.04912,0.70188,0.1519,0.07448,-0.49814,-0.13509,0.07717,0.05302
17.42,0.01072,-0.00327,-0.03514,0.37843,-0.32241,-0.0368,0.60408,0.04756,-0.16788,-0.18166,-0.01091,-0.01437,0.01313,-0.26713,0.25095,1.45115,1.39808,-0.1123,-0.00265,0.99796,0.37861,-0.55314,0.9901,-1.36825,-0.14667,-0.04624,0.59111,-0.06857,-0.10961,-0.46472,-0.1095,-0.0728,-0.0492,0.70194,0.15145,0.07443,-0.49799,-0.13499,0.07723,0.05305
17.44,0.01083,-0.00316,-0.03572,0.37954,-0.32256,-0.0371,0.60511,0.04828,-0.16902,-0.18093,-0.01339,-0.01437,0.02018,-0.26348,0.25635,1.44885,1.3981,-0.12236,-0.00592,1.01622,0.36105,-0.53739,0.95765,-1.36496,-0.15783,-0.05267,0.59079,-0.06937,-0.11175,-0.46501,-0.10957,-0.07286,-0.0492,0.70195,0.15104,0.07449,-0.49798,-0.13488,0.07732,0.0531
17.46,0.01093,-0.00305,-0.03626,0.3807,-0.32254,-0.03739,0.60588,0.04903,-0.17052,-0.17988,-0.0162,-0.01437,0.028,-0.26019,0.26247,1.44634,1.39815,-0.13203,-0.00939,1.03791,0.34435,-0.52631,0.91941,-1.36304,-0.1689,-0.05718,0.5903,-0.07008,-0.11361,-0.46524,-0.10967,-0.07296,-0.04923,0.70177,0.1506,0.07442,-0.49791,-0.13477,0.07741,0.05315
17.48,0.01087,-0.00297,-0.03675,0.38259,-0.32298,-0.03775,0.60646,0.04978,-0.17329,-0.17866,-0.02023,-0.01437,0.03185,-0.25732,0.26797,1.44456,1.39813,-0.14247,-0.01262,1.06113,0.32522,-0.51175,0.87507,-1.36068,-0.18081,-0.06342,0.59051,-0.07077,-0.11542,-0.46562,-0.10984,-0.07318,-0.04931,0.70249,0.1502,0.07467,-0.49782,-0.13466,0.07743,0.05316
17.5,0.01116,-0.00283,-0.03738,0.38282,-0.32249,-0.03796,0.6076,0.0505,-0.17302,-0.17799,-0.02135,-0.01437,0.04419,-0.25328,0.27441,1.44115,1.39823,-0.15139,-0.01624,1.07922,0.31099,-0.50242,0.84707,-1.35856,-0.19082,-0.06693,0.58926,-0.07155,-0.11741,-0.46572,-0.10984,-0.07312,-0.04925,0.70132,0.14974,0.07431,-0.49782,-0.13455,0.0776,0.05325
17.52,0.01235,-0.00256,-0.03833,0.37873,-0.31953,-0.03781,0.61006,0.05102,-0.16507,-0.17868,-0.01518,-0.01438,0.07851,-0.24659,0.28405,1.43454,1.3987,-0.1561,-0.0211,1.08501,0.31105,-0.50974,0.86215,-1.35779,-0.19615,-0.06153,0.58415,-0.07256,-0.12025,-0.46498,-0.10936,-0.07228,-0.04879,0.69512,0.1491,0.07182,-0.49788,-0.13446,0.0782,0.0536
17.54,0.0139,-0.00223,-0.03943,0.37298,-0.31561,-0.03751,0.61307,0.05153,-0.15404,-0.17991,-0.00603,-0.01438,0.12156,-0.23869,0.29458,1.42602,1.39929,-0.15924,-0.02632,1.08599,0.316,-0.52259,0.89282,-1.35736,-0.19945,-0.05339,0.57756,-0.07364,-0.12316,-0.46398,-0.10873,-0.07118,-0.04819,0.68701,0.14842,0.06877,-0.49805,-0.13435,0.07894,0.05403
17.56,0.01529,-0.00194,-0.04048,0.3679,-0.31204,-0.03728,0.61587,0.05211,-0.14416,-0.18088,0.00205,-0.01438,0.16154,-0.23112,0.30452,1.41748,1.3998,-0.16304,-0.03129,1.08931,0.31837,-0.5328,0.91518,-1.35677,-0.20328,-0.04692,0.57157,-0.07464,-0.12568,-0.46316,-0.10818,-0.07023,-0.04768,0.67968,0.1478,0.06626,-0.49827,-0.13424,0.0796,0.05442
17.58,0.01666,-0.00162,-0.04143,0.36309,-0.30885,-0.03707,0.61853,0.05238,-0.13526,-0.18192,0.00897,-0.01438,0.19789,-0.22445,0.31529,1.41271,1.40039,-0.16707,-0.03661,1.09165,0.3222,-0.54322,0.94325,-1.35609,-0.20873,-0.03879,0.56587,-0.07581,-0.12966,-0.46208,-0.10757,-0.06912,-0.04707,0.67273,0.14702,0.06259,-0.49811,-0.1342,0.08031,0.05484
17.6,0.01816,-0.00134,-0.04264,0.35739,-0.30464,-0.03677,0.62159,0.05331,-0.12366,-0.18294,0.01898,-0.01438,0.24369,-0.21563,0.32445,1.39963,1.40086,-0.17024,-0.0413,1.09505,0.32417,-0.55465,0.96293,-1.35572,-0.21037,-0.03339,0.55921,-0.07668,-0.13068,-0.46149,-0.10705,-0.0683,-0.04662,0.66453,0.14654,0.06117,-0.49875,-0.134,0.08096,0.0552
17.62,0.02002,-0.00117,-0.04449,0.34919,-0.29789,-0.03624,0.62567,0.05596,-0.10485,-0.18374,0.03683,-0.01438,0.315,-0.2011,0.32983,1.36425,1.40102,-0.17142,-0.04416,1.10224,0.31968,-0.56729,0.95534,-1.35626,-0.20167,-0.03635,0.55032,-0.07635,-0.12288,-0.46217,-0.10685,-0.06835,-0.04663,0.65333,0.14705,0.06618,-0.50155,-0.1334,0.08144,0.05541
17.64,0.022,-0.00104,-0.04662,0.34024,-0.29015,-0.03561,0.63011,0.05931,-0.08353,-0.18452,0.05765,-0.01438,0.39518,-0.18446,0.33338,1.32057,1.40107,-0.17177,-0.04637,1.11079,0.31315,-0.58085,0.93872,-1.35712,-0.18926,-0.04209,0.54051,-0.07578,-0.11222,-0.4634,-0.10674,-0.0687,-0.0468,0.64096,0.14782,0.07344,-0.50516,-0.13263,0.08185,0.05555
17.66,0.0239,-0.0009,-0.04867,0.33194,-0.28284,-0.03502,0.63434,0.06241,-0.06367,-0.18533,0.07707,-0.01438,0.47034,-0.16884,0.33725,1.28053,1.40116,-0.17251,-0.0489,1.11895,0.30765,-0.59414,0.92633,-1.35775,-0.17879,-0.04643,0.53108,-0.07551,-0.10328,-0.46444,-0.10659,-0.06889,-0.04689,0.62917,0.14836,0.07963,-0.50841,-0.13192,0.08226,0.05571
17.68,0.02591,-0.00073,-0.05054,0.32226,-0.27559,-0.03446,0.63882,0.06518,-0.04233,-0.18607,0.0968,-0.01438,0.55019,-0.15292,0.34341,1.24085,1.4013,-0.1732,-0.05139,1.12592,0.30194,-0.6069,0.91396,-1.35871,-0.16724,-0.05125,0.52177,-0.07441,-0.09256,-0.46516,-0.10645,-0.06916,-0.04702,0.61712,0.1494,0.08604,-0.5116,-0.13129,0.08278,0.05593
17.7,0.02772,-0.00063,-0.05284,0.31531,-0.26799,-0.03382,0.64285,0.06883,-0.02356,-0.18696,0.11655,-0.01438,0.62201,-0.13713,0.34425,1.19863,1.4013,-0.17377,-0.05374,1.13585,0.29604,-0.62101,0.89919,-1.35913,-0.15703,-0.05576,0.51201,-0.075,-0.08489,-0.46675,-0.10631,-0.06934,-0.04709,0.60535,0.14942,0.09247,-0.51515,-0.13046,0.08306,0.056
17.72,0.02899,-0.00066,-0.05621,0.31594,-0.25981,-0.03302,0.64564,0.07464,-0.01225,-0.18811,0.13557,-0.01438,0.67148,-0.1222,0.33182,1.15001,1.40092,-0.1747,-0.05628,1.15276,0.29071,-0.63778,0.88004,-1.35723,-0.15174,-0.05881,0.5012,-0.08014,-0.08624,-0.47022,-0.10615,-0.0692,-0.04693,0.59456,0.14687,0.09904,-0.51928,-0.12908,0.08259,0.05566
17.74,0.03004,-0.00076,-0.06001,0.31936,-0.2513,-0.03213,0.64795,0.08133,-0.0037,-0.18945,0.15449,-0.01438,0.71213,-0.10747,0.31393,1.09938,1.4004,-0.17547,-0.05862,1.17278,0.28512,-0.65601,0.85869,-1.35491,-0.14786,-0.06143,0.49,-0.08704,-0.09077,-0.47465,-0.10599,-0.06896,-0.0467,0.5841,0.14325,0.10547,-0.52381,-0.12751,0.08187,0.05518
17.76,0.03118,-0.00086,-0.06364,0.3216,-0.24287,-0.03125,0.65043,0.08766,0.00594,-0.1908,0.17349,-0.01438,0.75548,-0.09264,0.29789,1.05059,1.39994,-0.17602,-0.06075,1.19201,0.27921,-0.67409,0.83819,-1.35325,-0.14311,-0.06419,0.47902,-0.09328,-0.09395,-0.47892,-0.10583,-0.06874,-0.04649,0.57351,0.13992,0.11153,-0.52832,-0.12607,0.08131,0.05478
17.78,0.03241,-0.00085,-0.06716,0.32348,-0.23473,-0.0305,0.65315,0.09381,0.01639,-0.1917,0.19249,-0.01438,0.80471,-0.07777,0.28441,0.99759,1.39949,-0.17776,-0.06412,1.20873,0.27508,-0.69003,0.81795,-1.34961,-0.13917,-0.0673,0.4678,-0.09893,-0.09671,-0.482,-0.10568,-0.06861,-0.04632,0.56279,0.1374,0.11939,-0.53213,-0.12449,0.08059,0.0543
17.8,0.03338,-0.00108,-0.07102,0.32676,-0.22588,-0.02946,0.65521,0.10057,0.02442,-0.19364,0.21134,-0.01438,0.83945,-0.06305,0.26441,0.95298,1.39897,-0.17701,-0.0649,1.23129,0.26723,-0.71079,0.79684,-1.35,-0.13395,-0.06952,0.45702,-0.10622,-0.10102,-0.48786,-0.1055,-0.06829,-0.04607,0.55244,0.13297,0.1236,-0.53753,-0.12313,0.08012,0.05396
17.82,0.03366,-0.00186,-0.07567,0.33342,-0.21539,-0.02773,0.65586,0.10851,0.02668,-0.1981,0.23045,-0.01438,0.83645,-0.04903,0.22711,0.93217,1.39829,-0.16918,-0.05813,1.27,0.24905,-0.74426,0.77334,-1.36155,-0.12472,-0.06946,0.44734,-0.11771,-0.10987,-0.50039,-0.1052,-0.0674,-0.04559,0.54317,0.12309,0.11615,-0.54682,-0.12253,0.08054,0.05414
17.84,0.03368,-0.00289,-0.08064,0.34136,-0.20416,-0.0257,0.65581,0.11708,0.02651,-0.20369,0.24926,-0.01438,0.81909,-0.03513,0.18358,0.9199,1.39754,-0.1589,-0.04884,1.31428,0.22719,-0.78252,0.74919,-1.37718,-0.11418,-0.06849,0.43816,-0.13077,-0.11996,-0.51581,-0.10486,-0.06634,-0.04505,0.53427,0.1114,0.10531,-0.55777,-0.12213,0.0812,0.05445
17.86,0.0338,-0.00387,-0.08548,0.34859,-0.19312,-0.02378,0.65588,0.12552,0.02726,-0.20896,0.26778,-0.01438,0.80816,-0.02096,0.14328,0.90367,1.3968,-0.14991,-0.04099,1.35553,0.20706,-0.81881,0.72571,-1.39099,-0.10434,-0.06787,0.4289,-0.14305,-0.1288,-0.53042,-0.10456,-0.0654,-0.04457,0.52512,0.10086,0.09709,-0.56823,-0.12156,0.08165,0.05465
17.88,0.03398,-0.0046,-0.0903,0.35646,-0.18268,-0.02199,0.65675,0.13332,0.02872,-0.21338,0.28817,-0.01439,0.79732,-0.00766,0.10101,0.88765,1.39613,-0.14016,-0.03186,1.39913,0.18658,-0.85448,0.70053,-1.40464,-0.0941,-0.06751,0.41898,-0.15568,-0.14069,-0.54301,-0.10419,-0.06427,-0.04397,0.51631,0.08894,0.08437,-0.57757,-0.12131,0.08251,0.05509
17.9,0.03398,-0.0059,-0.09523,0.36325,-0.17083,-0.01985,0.65583,0.1426,0.02815,-0.21989,0.30449,-0.01439,0.78303,0.00734,0.06155,0.87328,1.39532,-0.13141,-0.02483,1.43892,0.16607,-0.89232,0.67882,-1.41959,-0.08436,-0.0664,0.41056,-0.1679,-0.14642,-0.56041,-0.10395,-0.06351,-0.04359,0.50689,0.07944,0.08011,-0.58963,-0.12046,0.08258,0.05506
17.92,0.03348,-0.00873,-0.10042,0.36692,-0.15504,-0.01689,0.64986,0.15568,0.02258,-0.23151,0.31059,-0.01439,0.76251,0.02776,0.03056,0.86127,1.39401,-0.12616,-0.02396,1.4684,0.1456,-0.93696,0.6663,-1.43732,-0.07646,-0.06337,0.40617,-0.17894,-0.13548,-0.59089,-0.1041,-0.06384,-0.04386,0.49549,0.07733,0.10104,-0.60898,-0.11777,0.08033,0.05366
17.94,0.03282,-0.01212,-0.10571,0.36942,-0.13791,-0.01358,0.64217,0.17022,0.01505,-0.24526,0.31245,-0.01439,0.73911,0.04974,0.00278,0.85066,1.39259,-0.12202,-0.02534,1.4935,0.12537,-0.98323,0.6574,-1.45616,-0.0691,-0.05965,0.40327,-0.18944,-0.1182,-0.626,-0.10439,-0.06457,-0.04435,0.48349,0.07765,0.13041,-0.63097,-0.11448,0.07732,0.0518
17.96,0.03226,-0.01525,-0.11095,0.37233,-0.12156,-0.01038,0.63548,0.18418,0.00841,-0.25833,0.31559,-0.0144,0.71717,0.07054,-0.02591,0.83947,1.3913,-0.11727,-0.02586,1.51955,0.10553,-1.0275,0.6472,-1.4744,-0.06133,-0.05627,0.39971,-0.19994,-0.10333,-0.65867,-0.10462,-0.06513,-0.04475,0.47189,0.07666,0.15529,-0.65165,-0.11154,0.07473,0.05019
17.98,0.03158,-0.0184,-0.11626,0.37577,-0.10447,-0.00736,0.62785,0.1979,0.00167,-0.27032,0.32133,-0.0144,0.69401,0.09338,-0.0571,0.82827,1.38966,-0.11275,-0.0256,1.55028,0.08345,-1.07735,0.63549,-1.49328,-0.05406,-0.05269,0.39614,-0.21152,-0.09034,-0.69289,-0.10484,-0.06562,-0.04511,0.45976,0.07648,0.18285,-0.67289,-0.10829,0.07181,0.04839
18,0.03111,-0.02163,-0.12142,0.37783,-0.08862,-0.00392,0.6218,0.21237,-0.00527,-0.28494,0.3208,-0.01441,0.67297,0.11228,-0.08226,0.81741,1.38875,-0.1082,-0.02753,1.57006,0.06617,-1.1158,0.62781,-1.51093,-0.04606,-0.04944,0.39289,-0.2207,-0.0721,-0.72489,-0.10511,-0.06635,-0.04559,0.44859,0.07523,0.20684,-0.69351,-0.10553,0.06939,0.04689
18.02,0.03119,-0.02505,-0.12627,0.37617,-0.07646,0.00087,0.62048,0.22932,-0.01239,-0.30702,0.30273,-0.01441,0.6579,0.12033,-0.09136,0.80645,1.38978,-0.10208,-0.03503,1.56114,0.06181,-1.12318,0.63026,-1.52568,-0.03454,-0.0466,0.39039,-0.22326,-0.03933,-0.75011,-0.10554,-0.06774,-0.04636,0.44029,0.07015,0.21927,-0.71222,-0.10425,0.06849,0.04635
18.04,0.03149,-0.0285,-0.13093,0.37318,-0.06562,0.00602,0.62083,0.2468,-0.01961,-0.33153,0.27874,-0.01442,0.64524,0.12425,-0.09447,0.7959,1.39159,-0.09613,-0.04465,1.54121,0.06232,-1.11884,0.63666,-1.53898,-0.02253,-0.04424,0.38812,-0.22342,-0.0018,-0.77282,-0.10602,-0.06936,-0.04722,0.43296,0.06397,0.22776,-0.73009,-0.10348,0.06811,0.04613
18.06,0.03171,-0.03188,-0.13561,0.37092,-0.05422,0.01083,0.62046,0.26354,-0.02672,-0.35447,0.25825,-0.01442,0.63191,0.12981,-0.10044,0.78559,1.39309,-0.09093,-0.05329,1.526,0.06082,-1.1194,0.64131,-1.55243,-0.01168,-0.04209,0.3856,-0.22475,0.03251,-0.79634,-0.10646,-0.07082,-0.048,0.42512,0.05846,0.23784,-0.74803,-0.10249,0.0675,0.04578
18.08,0.03183,-0.03553,-0.14063,0.36811,-0.04258,0.01639,0.61988,0.2825,-0.03422,-0.37949,0.23413,-0.01443,0.61662,0.1365,-0.10583,0.7735,1.39433,-0.0823,-0.06212,1.51193,0.05854,-1.12198,0.64588,-1.56812,0.00306,-0.0381,0.38371,-0.22577,0.07155,-0.82145,-0.10699,-0.07253,-0.04892,0.41753,0.05231,0.24907,-0.76744,-0.10145,0.06683,0.04538
18.1,0.03221,-0.03861,-0.14486,0.36613,-0.03181,0.02046,0.62016,0.29686,-0.04083,-0.40068,0.21632,-0.01444,0.60607,0.13976,-0.11092,0.76522,1.3964,-0.08081,-0.07096,1.49281,0.05892,-1.11733,0.65151,-1.57872,0.00991,-0.03806,0.38058,-0.22682,0.10173,-0.84255,-0.10734,-0.07377,-0.04959,0.4097,0.04723,0.25683,-0.7835,-0.10064,0.06643,0.04515
18.12,0.03321,-0.04017,-0.1471,0.36676,-0.02286,0.02056,0.62236,0.29908,-0.0457,-0.4111,0.21642,-0.01444,0.60775,0.13524,-0.11757,0.76702,1.39966,-0.0992,-0.0798,1.4634,0.06647,-1.0974,0.65919,-1.57603,-0.00588,-0.04887,0.37369,-0.22884,0.10661,-0.85348,-0.10722,-0.07375,-0.04954,0.40072,0.04508,0.25627,-0.79084,-0.10033,0.06667,0.04526
18.14,0.03445,-0.04113,-0.14852,0.36826,-0.01481,0.01911,0.62538,0.29652,-0.04954,-0.41751,0.22322,-0.01444,0.61418,0.12728,-0.12395,0.77266,1.40387,-0.12471,-0.08846,1.42913,0.07635,-1.07026,0.66779,-1.56807,-0.02949,-0.06361,0.36557,-0.2309,0.1023,-0.86038,-0.10692,-0.07326,-0.04924,0.39153,0.04409,0.25226,-0.79474,-0.10025,0.06718,0.04552
18.16,0.03559,-0.04231,-0.15022,0.36938,-0.00654,0.01824,0.62806,0.29569,-0.05335,-0.4255,0.22768,-0.01444,0.61859,0.12042,-0.12993,0.77676,1.4083,-0.14687,-0.09686,1.39649,0.08447,-1.04522,0.6759,-1.56239,-0.04902,-0.07655,0.35817,-0.23276,0.10196,-0.86891,-0.10671,-0.07296,-0.04904,0.3826,0.04275,0.24958,-0.79998,-0.10008,0.06757,0.04572
18.18,0.03671,-0.04374,-0.15233,0.37042,0.00252,0.01792,0.63066,0.29671,-0.05922,-0.4346,0.22921,-0.01444,0.62248,0.11535,-0.13805,0.78008,1.41013,-0.16964,-0.10676,1.36596,0.09566,-1.02471,0.68441,-1.55762,-0.07069,-0.08965,0.35011,-0.23533,0.10273,-0.87822,-0.10649,-0.07276,-0.0489,0.37297,0.0406,0.24776,-0.8062,-0.09985,0.06795,0.04591
18.2,0.03792,-0.0445,-0.15338,0.37183,0.0097,0.01607,0.63361,0.29276,-0.0606,-0.4404,0.23822,-0.01444,0.6286,0.10582,-0.14154,0.78586,1.41741,-0.1927,-0.11347,1.32999,0.10103,-0.99324,0.69229,-1.54914,-0.08982,-0.10323,0.34314,-0.23643,0.09889,-0.88494,-0.10624,-0.07224,-0.04858,0.36478,0.04045,0.2434,-0.80952,-0.09979,0.06841,0.04615
18.22,0.03926,-0.04364,-0.15182,0.37406,0.01215,0.01042,0.63716,0.27602,-0.04935,-0.43818,0.26873,-0.01444,0.63913,0.08447,-0.13388,0.79798,1.44115,-0.21572,-0.11145,1.28046,0.089,-0.93287,0.69783,-1.53683,-0.09951,-0.11813,0.33936,-0.23357,0.08492,-0.88593,-0.10597,-0.07095,-0.04788,0.36036,0.0453,0.23282,-0.80591,-0.10009,0.06903,0.04653
18.24,0.04068,-0.04213,-0.14919,0.37662,0.01268,0.00328,0.64104,0.25449,-0.0337,-0.43277,0.30613,-0.01444,0.65184,0.05882,-0.12132,0.81233,1.47004,-0.23859,-0.10619,1.22565,0.07115,-0.86186,0.70274,-1.5202,-0.10643,-0.13321,0.33675,-0.22918,0.06658,-0.88439,-0.10568,-0.06936,-0.04702,0.35744,0.05216,0.21984,-0.79944,-0.10055,0.06971,0.04696
18.26,0.04206,-0.04088,-0.14699,0.37899,0.01391,-0.0032,0.64486,0.23532,-0.02038,-0.42875,0.33877,-0.01444,0.66391,0.0354,-0.11003,0.82534,1.49548,-0.26093,-0.10236,1.17314,0.05644,-0.79598,0.70817,-1.50197,-0.11497,-0.14755,0.33368,-0.22542,0.04998,-0.88374,-0.1054,-0.06791,-0.04623,0.35398,0.05824,0.208,-0.79409,-0.10095,0.07036,0.04736
18.28,0.04345,-0.03974,-0.14503,0.38155,0.01585,-0.00967,0.64834,0.2152,-0.00566,-0.42483,0.37845,-0.01444,0.67465,0.01071,-0.10279,0.83988,1.52562,-0.28608,-0.09872,1.12084,0.03972,-0.72846,0.71267,-1.49785,-0.12238,-0.16474,0.33023,-0.22201,0.03398,-0.88404,-0.10511,-0.06643,-0.04544,0.34991,0.06381,0.1958,-0.78939,-0.1013,0.07103,0.04778
18.3,0.04485,-0.03824,-0.1423,0.38378,0.01588,-0.01648,0.65258,0.19597,0.00721,-0.42002,0.40509,-0.01444,0.68865,-0.01231,-0.08591,0.85169,1.54719,-0.30521,-0.09389,1.06697,0.02576,-0.66207,0.71892,-1.46429,-0.13125,-0.17606,0.3279,-0.21743,0.01599,-0.88183,-0.10485,-0.06495,-0.04463,0.34747,0.0709,0.18386,-0.7827,-0.10179,0.07167,0.04817
18.32,0.04625,-0.03586,-0.13775,0.38506,0.0111,-0.02391,0.65903,0.18059,0.01376,-0.41346,0.3934,-0.01444,0.71085,-0.02955,-0.04407,0.85576,1.54363,-0.30805,-0.08671,1.00952,0.02091,-0.60031,0.73023,-1.34266,-0.14597,-0.17052,0.32824,-0.21069,-0.008,-0.87324,-0.10468,-0.06338,-0.04369,0.3491,0.08152,0.17307,-0.77114,-0.10259,0.07227,0.04852
18.34,0.04766,-0.03315,-0.13243,0.38598,0.00448,-0.03162,0.66619,0.16626,0.01834,-0.40615,0.36843,-0.01445,0.73628,-0.04493,0.00739,0.85693,1.5313,-0.30476,-0.07841,0.95081,0.01899,-0.5403,0.74331,-1.19296,-0.16201,-0.15915,0.3297,-0.20271,-0.03354,-0.86225,-0.10456,-0.06184,-0.04276,0.35233,0.09361,0.16268,-0.75771,-0.10351,0.07284,0.04884
18.36,0.04905,-0.03061,-0.12743,0.38701,-0.00129,-0.03918,0.67289,0.15132,0.02394,-0.39925,0.34989,-0.01445,0.7604,-0.06121,0.05475,0.85919,1.52307,-0.30403,-0.07048,0.89305,0.01566,-0.48024,0.75551,-1.06135,-0.17663,-0.15084,0.33076,-0.19481,-0.05724,-0.85241,-0.10445,-0.0604,-0.0419,0.35488,0.1051,0.15221,-0.74518,-0.10436,0.0734,0.04916
18.38,0.05051,-0.02795,-0.12254,0.38827,-0.00719,-0.04686,0.68019,0.13674,0.02916,-0.39193,0.32989,-0.01445,0.78396,-0.07744,0.10113,0.8625,1.5145,-0.30422,-0.06296,0.83347,0.01249,-0.41661,0.76795,-0.90735,-0.19457,-0.14084,0.33142,-0.18886,-0.08573,-0.84224,-0.10421,-0.05847,-0.04074,0.35728,0.11637,0.1412,-0.73231,-0.10526,0.07405,0.04952
18.4,0.05182,-0.02547,-0.11725,0.38895,-0.01322,-0.05435,0.6864,0.12174,0.03466,-0.38537,0.30972,-0.01445,0.80941,-0.09325,0.15175,0.86288,1.50451,-0.30108,-0.05442,0.77749,0.00972,-0.36101,0.78037,-0.79305,-0.20601,-0.13295,0.33315,-0.17865,-0.10474,-0.83223,-0.10424,-0.05756,-0.04018,0.36034,0.12842,0.13146,-0.71978,-0.1061,0.07451,0.0498
18.42,0.05274,-0.02352,-0.11107,0.38818,-0.01927,-0.06128,0.68963,0.10535,0.04131,-0.38099,0.29215,-0.01445,0.83928,-0.1087,0.21173,0.85606,1.49245,-0.28986,-0.04296,0.73146,0.00761,-0.32693,0.79199,-0.79842,-0.19838,-0.13249,0.33759,-0.15625,-0.09554,-0.82307,-0.10505,-0.05967,-0.0414,0.36483,0.1422,0.12503,-0.70842,-0.10678,0.07445,0.04983
18.44,0.05352,-0.02177,-0.10451,0.38682,-0.02534,-0.068,0.69172,0.08853,0.0483,-0.37745,0.27488,-0.01446,0.87091,-0.12371,0.2756,0.84636,1.47929,-0.27558,-0.03059,0.6892,0.00578,-0.30098,0.80356,-0.84435,-0.18426,-0.13432,0.34304,-0.12975,-0.07705,-0.81422,-0.10611,-0.06278,-0.04321,0.3699,0.15669,0.11983,-0.69753,-0.10742,0.07421,0.04979
18.46,0.05436,-0.01996,-0.09812,0.38569,-0.03133,-0.0748,0.69424,0.0719,0.05518,-0.3736,0.25755,-0.01446,0.90172,-0.1387,0.33768,0.83787,1.46681,-0.26297,-0.01892,0.64539,0.00366,-0.27148,0.81542,-0.86944,-0.17369,-0.13498,0.34799,-0.10561,-0.06388,-0.80536,-0.10701,-0.06529,-0.04467,0.37469,0.17089,0.11418,-0.68658,-0.10806,0.07406,0.04978
18.48,0.05522,-0.018,-0.09173,0.38471,-0.03775,-0.08167,0.69721,0.05529,0.06179,-0.36938,0.2394,-0.01446,0.93277,-0.15459,0.40027,0.82969,1.45324,-0.24902,-0.00602,0.60074,0.0023,-0.24136,0.82635,-0.9029,-0.16081,-0.13599,0.35318,-0.07932,-0.0461,-0.79585,-0.10812,-0.06839,-0.04646,0.37963,0.18507,0.1083,-0.67491,-0.10873,0.07388,0.04977
18.5,0.056,-0.01641,-0.08526,0.38328,-0.04321,-0.08834,0.69891,0.03855,0.06907,-0.36617,0.22322,-0.01446,0.96366,-0.16849,0.46248,0.82024,1.44181,-0.23717,0.00454,0.55888,-0.0006,-0.2145,0.83903,-0.92992,-0.15095,-0.13689,0.35806,-0.05658,-0.03573,-0.78782,-0.10884,-0.07051,-0.0477,0.38436,0.19936,0.10295,-0.6649,-0.10936,0.07372,0.04975
18.52,0.05662,-0.01576,-0.07865,0.38077,-0.04623,-0.09453,0.6976,0.02141,0.07815,-0.36528,0.21249,-0.01446,0.99406,-0.17732,0.52359,0.80778,1.43663,-0.23214,0.00825,0.52261,-0.00789,-0.19427,0.85785,-0.92067,-0.15301,-0.13696,0.36202,-0.04443,-0.04787,-0.78357,-0.10837,-0.0697,-0.04729,0.38856,0.21454,0.10085,-0.65914,-0.1097,0.07345,0.04961
18.54,0.05716,-0.01549,-0.072,0.37785,-0.04823,-0.10052,0.695,0.00417,0.08789,-0.36542,0.20381,-0.01446,1.02415,-0.18411,0.58395,0.79419,1.43368,-0.22932,0.00961,0.48924,-0.01673,-0.17711,0.8782,-0.90507,-0.15801,-0.13684,0.36558,-0.03603,-0.06782,-0.78087,-0.1075,-0.06787,-0.04629,0.39249,0.22969,0.09893,-0.65507,-0.11003,0.07324,0.04947
18.56,0.05773,-0.01507,-0.06539,0.37513,-0.05053,-0.10658,0.69286,-0.01295,0.09732,-0.36524,0.19422,-0.01446,1.05413,-0.19163,0.64406,0.78124,1.42969,-0.22533,0.01217,0.4553,-0.02482,-0.15876,0.89699,-0.89841,-0.16027,-0.1368,0.36919,-0.02605,-0.08436,-0.77763,-0.10683,-0.06648,-0.04554,0.39639,0.24433,0.09548,-0.65036,-0.1105,0.07313,0.04942
18.58,0.05831,-0.01456,-0.05867,0.37232,-0.0535,-0.1127,0.69122,-0.03039,0.10683,-0.36447,0.1845,-0.01446,1.08529,-0.19995,0.70688,0.76764,1.42576,-0.22186,0.01423,0.41828,-0.03311,-0.13977,0.91938,-0.86845,-0.16802,-0.13689,0.37342,-0.0154,-0.10004,-0.77368,-0.1061,-0.06522,-0.04488,0.40092,0.2611,0.0979,-0.64512,-0.11044,0.07248,0.04902
18.6,0.05886,-0.01433,-0.05218,0.36961,-0.05485,-0.11865,0.68826,-0.04718,0.1163,-0.36515,0.17555,-0.01446,1.11382,-0.20614,0.76372,0.75518,1.42225,-0.21795,0.01673,0.38836,-0.04133,-0.12278,0.93468,-0.88391,-0.1654,-0.13661,0.37624,-0.00709,-0.1194,-0.77157,-0.10539,-0.06345,-0.04391,0.4041,0.27354,0.0885,-0.6414,-0.11143,0.07294,0.04932
18.62,0.05939,-0.01476,-0.04631,0.36727,-0.05195,-0.12428,0.68186,-0.06237,0.12567,-0.36963,0.16826,-0.01447,1.13582,-0.20702,0.80519,0.74602,1.41921,-0.21182,0.02137,0.37702,-0.04919,-0.11024,0.92972,-1.03545,-0.13094,-0.1356,0.37518,-0.00447,-0.14791,-0.77419,-0.10484,-0.06041,-0.04218,0.40353,0.27311,0.04306,-0.64134,-0.11566,0.07675,0.05169
18.64,0.0599,-0.01545,-0.0407,0.36505,-0.04747,-0.12973,0.67422,-0.07686,0.13496,-0.37552,0.16167,-0.01447,1.15507,-0.20581,0.84044,0.7381,1.41653,-0.20528,0.02647,0.37276,-0.05688,-0.09964,0.91763,-1.23102,-0.08643,-0.13419,0.3727,-0.00406,-0.17974,-0.77859,-0.10433,-0.05691,-0.04017,0.40165,0.26848,-0.01371,-0.64276,-0.12089,0.08162,0.05472
18.66,0.06041,-0.01603,-0.03501,0.36278,-0.04374,-0.1352,0.66723,-0.09154,0.1442,-0.38075,0.15473,-0.01447,1.17517,-0.20551,0.87791,0.72971,1.41377,-0.19925,0.03114,0.36542,-0.0645,-0.08831,0.90897,-1.40029,-0.04822,-0.1328,0.37088,-0.00254,-0.20953,-0.78215,-0.10381,-0.05368,-0.03832,0.40045,0.26641,-0.06303,-0.64358,-0.12544,0.08581,0.05732
18.68,0.06093,-0.01659,-0.02913,0.36047,-0.03985,-0.14091,0.65982,-0.10679,0.15382,-0.38612,0.14796,-0.01447,1.19695,-0.20533,0.91802,0.72082,1.41073,-0.19194,0.03666,0.35756,-0.07283,-0.07642,0.89952,-1.59596,-0.00283,-0.13204,0.36898,-0.00159,-0.24185,-0.78593,-0.10325,-0.05014,-0.0363,0.39888,0.26168,-0.12187,-0.64417,-0.13092,0.09083,0.06046
18.7,0.06142,-0.01725,-0.02373,0.35827,-0.03593,-0.14608,0.65301,-0.12066,0.1626,-0.39151,0.14099,-0.01447,1.21454,-0.20443,0.95105,0.71333,1.40832,-0.18714,0.04056,0.35247,-0.07959,-0.06615,0.89005,-1.74712,0.03011,-0.1299,0.36692,4e-05,-0.26957,-0.78963,-0.10278,-0.04715,-0.03459,0.39777,0.26138,-0.16382,-0.64554,-0.13473,0.09439,0.06265
18.72,0.06185,-0.01818,-0.01954,0.35629,-0.03229,-0.14989,0.6481,-0.13123,0.16923,-0.39674,0.13318,-0.01447,1.22174,-0.20197,0.96684,0.70914,1.40771,-0.18961,0.03971,0.35304,-0.08226,-0.05953,0.88198,-1.76517,0.0255,-0.12385,0.3648,0.00438,-0.28381,-0.79269,-0.10251,-0.04578,-0.03385,0.39842,0.2753,-0.15422,-0.64888,-0.13344,0.09346,0.06197
18.74,0.06224,-0.0192,-0.01585,0.3544,-0.02868,-0.15314,0.64386,-0.14038,0.17496,-0.40193,0.12515,-0.01447,1.22471,-0.19888,0.97554,0.70637,1.4077,-0.19457,0.03726,0.3562,-0.08331,-0.05453,0.87419,-1.73688,0.00817,-0.11647,0.36259,0.00946,-0.29323,-0.7956,-0.10233,-0.04498,-0.03343,0.39954,0.29363,-0.12759,-0.65293,-0.13046,0.09104,0.06034
18.76,0.06264,-0.02016,-0.012,0.3525,-0.02508,-0.15659,0.63935,-0.14999,0.18098,-0.40707,0.11726,-0.01447,1.22929,-0.19614,0.98698,0.70314,1.40733,-0.19823,0.03566,0.3583,-0.08497,-0.04901,0.86644,-1.72939,-0.00283,-0.1098,0.36043,0.01404,-0.3048,-0.79856,-0.10212,-0.04392,-0.03287,0.40032,0.30927,-0.1102,-0.65654,-0.12841,0.08943,0.05924
18.78,0.06309,-0.0212,-0.00788,0.35051,-0.02134,-0.16029,0.63463,-0.16037,0.18754,-0.41254,0.10917,-0.01447,1.23514,-0.19306,1.00031,0.69917,1.40733,-0.20257,0.03354,0.36007,-0.08716,-0.04262,0.85771,-1.72429,-0.01577,-0.1026,0.35819,0.01923,-0.31672,-0.80165,-0.10189,-0.04286,-0.0323,0.4016,0.32763,-0.08701,-0.66067,-0.12574,0.08731,0.05778
18.8,0.06341,-0.02208,-0.00444,0.3487,-0.01792,-0.16331,0.63054,-0.16877,0.19274,-0.41729,0.10149,-0.01447,1.23734,-0.19057,1.008,0.69708,1.40671,-0.20609,0.03212,0.36313,-0.08787,-0.03846,0.85122,-1.70295,-0.02783,-0.09626,0.35611,0.02335,-0.32667,-0.80441,-0.10172,-0.04194,-0.03181,0.40198,0.34145,-0.07156,-0.66386,-0.12394,0.08588,0.05681
18.82,0.06337,-0.02251,-0.00267,0.34741,-0.01525,-0.16475,0.62791,-0.17236,0.19449,-0.4202,0.09455,-0.01447,1.2308,-0.18973,1.0028,0.69957,1.40415,-0.20673,0.03303,0.36861,-0.08493,-0.03961,0.85053,-1.64515,-0.03438,-0.09212,0.35437,0.02455,-0.33275,-0.8063,-0.10172,-0.04123,-0.03142,0.39969,0.34157,-0.0829,-0.6643,-0.12506,0.08679,0.05746
18.84,0.06319,-0.02276,-0.0016,0.34628,-0.01292,-0.16549,0.62592,-0.17394,0.19487,-0.42236,0.08811,-0.01447,1.22066,-0.18953,0.99201,0.70393,1.40094,-0.20645,0.0347,0.37538,-0.08055,-0.04304,0.85218,-1.57291,-0.03965,-0.08897,0.35283,0.02465,-0.33692,-0.80783,-0.10179,-0.04066,-0.0311,0.39651,0.337,-0.10231,-0.66375,-0.12709,0.08842,0.05861
18.86,0.06306,-0.02307,-0.00027,0.34503,-0.01051,-0.16645,0.6237,-0.17623,0.19582,-0.42476,0.08172,-0.01447,1.21198,-0.18914,0.98323,0.70759,1.39807,-0.2066,0.03603,0.38185,-0.07679,-0.04572,0.853,-1.50901,-0.04553,-0.08567,0.3513,0.02514,-0.3417,-0.8095,-0.10183,-0.04004,-0.03076,0.39381,0.33467,-0.11714,-0.66362,-0.12862,0.08966,0.05949
18.88,0.063,-0.02345,0.00132,0.344,-0.00776,-0.1678,0.62125,-0.17935,0.19701,-0.4276,0.07416,-0.01447,1.20396,-0.18836,0.97651,0.71067,1.39504,-0.2068,0.03728,0.38713,-0.07313,-0.04721,0.85285,-1.43613,-0.0517,-0.08107,0.34933,0.02608,-0.34746,-0.8113,-0.10185,-0.03938,-0.03039,0.39082,0.33204,-0.13525,-0.66363,-0.13045,0.09111,0.06053
18.9,0.06275,-0.02366,0.00218,0.34254,-0.00582,-0.16817,0.61943,-0.18025,0.19736,-0.42933,0.06917,-0.01447,1.19371,-0.1885,0.96418,0.71538,1.39218,-0.20664,0.03891,0.39523,-0.06891,-0.05176,0.85526,-1.37899,-0.05681,-0.07942,0.34832,0.02584,-0.35071,-0.81271,-0.10193,-0.03883,-0.03009,0.38821,0.32884,-0.14864,-0.6631,-0.1319,0.0923,0.06136
18.92,0.06198,-0.02346,0.00129,0.3398,-0.00594,-0.16615,0.61913,-0.1758,0.19592,-0.42821,0.07104,-0.01447,1.17853,-0.19133,0.93848,0.72405,1.38997,-0.20575,0.04144,0.41023,-0.06378,-0.06374,0.86418,-1.37004,-0.05909,-0.0857,0.34985,0.02253,-0.34835,-0.81337,-0.10215,-0.03845,-0.02992,0.3868,0.32534,-0.14735,-0.66136,-0.13211,0.09259,0.06152
18.94,0.061,-0.02309,-0.00032,0.33662,-0.00689,-0.16315,0.61946,-0.16915,0.19366,-0.426,0.07552,-0.01447,1.16117,-0.19499,0.90722,0.7343,1.38794,-0.20449,0.04433,0.42812,-0.05811,-0.07881,0.87556,-1.37735,-0.06033,-0.0949,0.35234,0.01809,-0.34342,-0.81361,-0.10242,-0.0382,-0.02984,0.38579,0.32137,-0.14106,-0.65909,-0.13191,0.09259,0.06146
18.96,0.06011,-0.02279,-0.00165,0.33365,-0.00752,-0.16052,0.61955,-0.16334,0.19165,-0.42428,0.07888,-0.01447,1.1446,-0.1981,0.87807,0.74386,1.38581,-0.20335,0.04704,0.44503,-0.05253,-0.09274,0.88579,-1.37682,-0.06208,-0.10278,0.35441,0.01425,-0.33915,-0.81388,-0.10265,-0.03796,-0.02975,0.38463,0.3175,-0.13691,-0.65704,-0.13189,0.09271,0.06149
18.98,0.05925,-0.02251,-0.0028,0.33061,-0.00793,-0.1582,0.61945,-0.15813,0.1901,-0.42257,0.08197,-0.01447,1.12878,-0.20202,0.85056,0.75334,1.38375,-0.20241,0.04984,0.46054,-0.04757,-0.10559,0.8963,-1.37807,-0.06357,-0.11073,0.35641,0.01005,-0.33691,-0.8148,-0.10294,-0.03743,-0.02952,0.38333,0.314,-0.13354,-0.65505,-0.13193,0.09289,0.06156
19,0.05828,-0.02215,-0.00451,0.32764,-0.00899,-0.15499,0.61989,-0.15117,0.18742,-0.42058,0.08624,-0.01447,1.11089,-0.20439,0.81831,0.76336,1.38159,-0.20097,0.05254,0.47969,-0.0412,-0.12147,0.90671,-1.37916,-0.06547,-0.11913,0.35876,0.00631,-0.32991,-0.81428,-0.10313,-0.03752,-0.02961,0.38242,0.30964,-0.12734,-0.65282,-0.13174,0.09286,0.06149
19.02,0.05711,-0.02158,-0.00757,0.32485,-0.01165,-0.14956,0.6216,-0.14014,0.18196,-0.41797,0.09315,-0.01447,1.08828,-0.20266,0.77492,0.77426,1.37905,-0.19844,0.05485,0.50761,-0.03102,-0.14436,0.91701,-1.3806,-0.06786,-0.12877,0.36188,0.00441,-0.31003,-0.80985,-0.10301,-0.0393,-0.03059,0.38249,0.30342,-0.11359,-0.65008,-0.13091,0.09224,0.06108
19.04,0.05585,-0.02092,-0.01118,0.32217,-0.01492,-0.14328,0.62382,-0.12742,0.17538,-0.41512,0.10118,-0.01447,1.06361,-0.19927,0.72689,0.78566,1.37641,-0.1954,0.05705,0.53918,-0.01947,-0.17031,0.92697,-1.38065,-0.07085,-0.13864,0.36529,0.00297,-0.28555,-0.80402,-0.10279,-0.04169,-0.03189,0.38294,0.29631,-0.09727,-0.64712,-0.12987,0.09143,0.06056
19.06,0.05462,-0.0203,-0.01458,0.31951,-0.01791,-0.13739,0.62581,-0.11536,0.16924,-0.41245,0.1087,-0.01447,1.03962,-0.19639,0.68064,0.79698,1.37385,-0.19248,0.05932,0.56943,-0.00857,-0.19525,0.93659,-1.37812,-0.0742,-0.14793,0.36853,0.00116,-0.26338,-0.79887,-0.10264,-0.04378,-0.03303,0.3832,0.28937,-0.08272,-0.64426,-0.12899,0.09075,0.06011
19.08,0.05341,-0.01968,-0.01787,0.31652,-0.02096,-0.13143,0.62781,-0.10366,0.16336,-0.40945,0.11627,-0.01447,1.01661,-0.1946,0.63554,0.80776,1.37114,-0.19005,0.06151,0.59835,0.00251,-0.21865,0.94842,-1.38912,-0.07498,-0.15929,0.37196,2e-05,-0.24007,-0.79348,-0.10241,-0.04601,-0.03426,0.38351,0.28339,-0.06554,-0.64138,-0.12783,0.08987,0.05954
19.1,0.05215,-0.01904,-0.02149,0.31426,-0.02402,-0.12542,0.6299,-0.09085,0.15669,-0.40711,0.124,-0.01447,0.99113,-0.19012,0.58708,0.81971,1.36872,-0.18647,0.06382,0.63088,0.01347,-0.24599,0.95549,-1.37215,-0.08111,-0.16639,0.37505,-0.00245,-0.21821,-0.78828,-0.10231,-0.04805,-0.03537,0.38383,0.27523,-0.05317,-0.63852,-0.12718,0.08935,0.05921
19.12,0.05076,-0.01835,-0.02586,0.31384,-0.02696,-0.11945,0.63217,-0.07539,0.14822,-0.40664,0.13177,-0.01447,0.95908,-0.17878,0.53005,0.83519,1.36705,-0.17978,0.06678,0.67243,0.02419,-0.28319,0.94992,-1.27176,-0.10323,-0.16128,0.37727,-0.00831,-0.20031,-0.78402,-0.10262,-0.04957,-0.03616,0.38403,0.26087,-0.05567,-0.6357,-0.12815,0.08995,0.05963
19.14,0.04931,-0.01765,-0.03054,0.31416,-0.02987,-0.11346,0.63449,-0.05889,0.13899,-0.40687,0.13967,-0.01447,0.92468,-0.16477,0.46994,0.85172,1.36569,-0.17194,0.0698,0.71746,0.03463,-0.32429,0.93948,-1.1444,-0.13046,-0.15192,0.37913,-0.0156,-0.18422,-0.78,-0.10306,-0.05086,-0.03681,0.38426,0.24441,-0.06292,-0.63295,-0.12963,0.09092,0.0603
19.16,0.04789,-0.01697,-0.03507,0.31423,-0.03277,-0.10751,0.63674,-0.04288,0.13004,-0.40681,0.14756,-0.01448,0.89151,-0.15187,0.41156,0.8675,1.36424,-0.16465,0.07259,0.76094,0.04491,-0.36377,0.93097,-1.0336,-0.15447,-0.14475,0.38106,-0.02253,-0.16814,-0.77585,-0.10343,-0.05215,-0.03748,0.38453,0.22915,-0.06736,-0.63023,-0.13079,0.09166,0.06082
19.18,0.04649,-0.01624,-0.03964,0.31396,-0.03578,-0.10141,0.63919,-0.02673,0.12133,-0.40664,0.15528,-0.01448,0.85754,-0.13934,0.35154,0.88451,1.36255,-0.15726,0.07623,0.80448,0.05651,-0.4027,0.92363,-0.90463,-0.18231,-0.13651,0.38336,-0.02828,-0.14853,-0.77174,-0.10384,-0.05387,-0.03836,0.38458,0.21284,-0.07444,-0.62722,-0.13231,0.09264,0.0615
19.2,0.04502,-0.01561,-0.0442,0.31456,-0.03855,-0.09562,0.64124,-0.01065,0.11197,-0.40687,0.16341,-0.01448,0.82475,-0.12544,0.29435,0.89914,1.36144,-0.14979,0.07812,0.84861,0.06523,-0.44367,0.91274,-0.80709,-0.20339,-0.12948,0.38482,-0.03678,-0.13659,-0.76762,-0.10421,-0.05466,-0.03878,0.38509,0.19821,-0.07721,-0.62484,-0.13322,0.09321,0.0619
19.22,0.04337,-0.01522,-0.04864,0.31752,-0.04075,-0.09076,0.64224,0.00501,0.10076,-0.40791,0.17229,-0.01448,0.79539,-0.10821,0.24522,0.90742,1.36176,-0.14262,0.07523,0.89408,0.06643,-0.48939,0.89287,-0.80316,-0.20447,-0.12679,0.38391,-0.053,-0.1468,-0.76332,-0.10445,-0.05279,-0.03785,0.38694,0.18881,-0.06683,-0.62408,-0.13233,0.09255,0.06145
19.24,0.04165,-0.01493,-0.05305,0.32131,-0.04271,-0.08619,0.64282,0.02055,0.08896,-0.40935,0.18163,-0.01448,0.76739,-0.08975,0.19918,0.91317,1.36266,-0.13538,0.07055,0.9399,0.06468,-0.537,0.86968,-0.83174,-0.19859,-0.12546,0.38219,-0.07186,-0.16442,-0.75901,-0.10464,-0.05003,-0.03646,0.38925,0.18116,-0.05197,-0.62395,-0.13082,0.09146,0.06071
19.26,0.03996,-0.01461,-0.05747,0.32463,-0.04475,-0.08145,0.64355,0.03612,0.07759,-0.41068,0.19101,-0.01448,0.739,-0.07201,0.15206,0.91978,1.36336,-0.12803,0.06663,0.98521,0.06402,-0.58372,0.84822,-0.84531,-0.19596,-0.12351,0.38092,-0.08919,-0.1777,-0.75476,-0.10485,-0.04779,-0.03535,0.39132,0.17266,-0.03923,-0.62358,-0.12962,0.09058,0.06012
19.28,0.03828,-0.01423,-0.06193,0.32839,-0.04693,-0.07688,0.64445,0.05181,0.06555,-0.41172,0.19942,-0.01448,0.70952,-0.05347,0.10342,0.92769,1.36381,-0.12122,0.06296,1.03219,0.06437,-0.63076,0.8256,-0.859,-0.19316,-0.12141,0.37929,-0.10795,-0.19511,-0.75029,-0.10508,-0.04505,-0.03397,0.39353,0.16432,-0.02631,-0.62301,-0.12834,0.08966,0.0595
19.3,0.03656,-0.01399,-0.0663,0.33142,-0.04875,-0.07202,0.6449,0.06722,0.05474,-0.41346,0.20987,-0.01448,0.68271,-0.03635,0.05879,0.93224,1.36491,-0.1133,0.05832,1.07564,0.06198,-0.67744,0.80475,-0.88043,-0.18899,-0.12001,0.3782,-0.12435,-0.20569,-0.74628,-0.10526,-0.04315,-0.03303,0.39555,0.1561,-0.01263,-0.62301,-0.12706,0.08871,0.05885
19.32,0.03471,-0.01406,-0.07047,0.33225,-0.04968,-0.06623,0.64419,0.08182,0.04768,-0.417,0.22646,-0.01448,0.66251,-0.02336,0.02375,0.92831,1.36774,-0.10221,0.05157,1.10998,0.05229,-0.72335,0.7888,-0.91617,-0.18285,-0.12013,0.37885,-0.13351,-0.19532,-0.74346,-0.10531,-0.04384,-0.03339,0.39696,0.14772,0.00201,-0.62428,-0.12597,0.08783,0.05822
19.34,0.03283,-0.01426,-0.07455,0.33232,-0.05025,-0.06014,0.64304,0.09614,0.04183,-0.42125,0.24495,-0.01448,0.64503,-0.01185,-0.00721,0.92104,1.37118,-0.09003,0.0439,1.1406,0.04006,-0.76866,0.7749,-0.95858,-0.17555,-0.12093,0.38004,-0.14021,-0.17788,-0.74111,-0.10531,-0.04542,-0.03419,0.39815,0.13943,0.01729,-0.6261,-0.1249,0.08694,0.05757
19.36,0.03098,-0.01442,-0.07867,0.33276,-0.05096,-0.05419,0.64209,0.11063,0.03527,-0.4252,0.2622,-0.01448,0.6266,0.00029,-0.03956,0.91515,1.3743,-0.0784,0.03656,1.17246,0.0293,-0.81381,0.76058,-0.99746,-0.16869,-0.12148,0.38094,-0.14809,-0.16387,-0.73859,-0.10533,-0.04657,-0.03478,0.39944,0.13115,0.03235,-0.62774,-0.12381,0.08603,0.05692
19.38,0.02907,-0.01451,-0.08283,0.33314,-0.05178,-0.04821,0.64111,0.12497,0.02937,-0.42906,0.28112,-0.01448,0.607,0.01266,-0.07379,0.90973,1.37765,-0.0665,0.02947,1.20629,0.01705,-0.86094,0.744,-1.03945,-0.16193,-0.12183,0.382,-0.15584,-0.14922,-0.73589,-0.10536,-0.04778,-0.0354,0.40076,0.12269,0.04733,-0.62912,-0.12275,0.08517,0.05629
19.4,0.02727,-0.01477,-0.08686,0.33345,-0.05228,-0.04223,0.64012,0.13953,0.02239,-0.43326,0.29693,-0.01448,0.59049,0.02416,-0.10314,0.90259,1.38064,-0.05497,0.0217,1.23504,0.00739,-0.90365,0.73266,-1.07627,-0.15478,-0.12277,0.38285,-0.16321,-0.13413,-0.73368,-0.10535,-0.04908,-0.03607,0.40194,0.11462,0.06251,-0.63116,-0.12163,0.08423,0.05563
19.42,0.02577,-0.01548,-0.09058,0.33361,-0.05205,-0.03622,0.63904,0.15486,0.01221,-0.43822,0.30447,-0.01448,0.58154,0.03368,-0.1204,0.8914,1.38243,-0.04418,0.01216,1.25147,0.00522,-0.93542,0.73523,-1.09567,-0.14691,-0.12504,0.38307,-0.17028,-0.11935,-0.73271,-0.10525,-0.05045,-0.03677,0.40285,0.10759,0.07857,-0.63495,-0.12028,0.08305,0.05489
19.44,0.02439,-0.01635,-0.09415,0.33372,-0.05149,-0.03024,0.63798,0.17037,0.00091,-0.44348,0.3087,-0.01448,0.57565,0.04232,-0.13284,0.87864,1.38383,-0.03392,0.00201,1.26278,0.00581,-0.96252,0.74302,-1.10972,-0.13871,-0.1279,0.38303,-0.17703,-0.1044,-0.73222,-0.10512,-0.05187,-0.0375,0.40359,0.10097,0.09468,-0.63937,-0.11888,0.08179,0.05412
19.46,0.02298,-0.01714,-0.09776,0.3339,-0.05105,-0.02431,0.637,0.18572,-0.00995,-0.4486,0.3139,-0.01449,0.56854,0.05131,-0.14728,0.86668,1.38541,-0.02376,-0.00776,1.27595,0.00537,-0.99104,0.74852,-1.12713,-0.1306,-0.13059,0.38305,-0.18384,-0.08962,-0.73152,-0.105,-0.05327,-0.03821,0.40435,0.09416,0.11045,-0.64345,-0.11753,0.08059,0.05339
19.48,0.02145,-0.01797,-0.10151,0.33386,-0.05072,-0.01811,0.63562,0.20141,-0.02057,-0.45377,0.32134,-0.01449,0.5608,0.06053,-0.16241,0.85417,1.38698,-0.01204,-0.01798,1.29098,0.00391,-1.02257,0.75381,-1.14104,-0.12265,-0.13293,0.38335,-0.19092,-0.07416,-0.73077,-0.10488,-0.05472,-0.03895,0.40536,0.08732,0.12764,-0.64779,-0.11608,0.0793,0.05258
19.5,0.02021,-0.01875,-0.10491,0.33429,-0.05009,-0.01248,0.63508,0.21639,-0.03188,-0.45887,0.32342,-0.01449,0.55509,0.06902,-0.17497,0.84254,1.38849,-0.00378,-0.0274,1.30094,0.00522,-1.04666,0.76068,-1.16064,-0.11439,-0.13608,0.38299,-0.19737,-0.06021,-0.73025,-0.10477,-0.05605,-0.03964,0.40581,0.08068,0.14183,-0.65173,-0.11483,0.07818,0.05191
19.52,0.01976,-0.01932,-0.1075,0.33608,-0.04876,-0.00824,0.637,0.22992,-0.04545,-0.46394,0.31062,-0.01449,0.55384,0.07614,-0.18183,0.83331,1.38993,-0.00445,-0.03445,1.29831,0.01412,-1.05196,0.7712,-1.1991,-0.10476,-0.14171,0.38089,-0.20234,-0.05003,-0.73023,-0.10472,-0.05706,-0.04019,0.40479,0.07429,0.14805,-0.65451,-0.11412,0.07754,0.05161
19.54,0.01961,-0.01981,-0.10972,0.33836,-0.04715,-0.00461,0.63975,0.2426,-0.05956,-0.46886,0.29273,-0.01449,0.55457,0.08247,-0.18622,0.82513,1.39136,-0.00868,-0.04065,1.29074,0.02562,-1.04981,0.78301,-1.24301,-0.09497,-0.14805,0.37813,-0.20665,-0.04148,-0.73043,-0.10468,-0.05794,-0.0407,0.40322,0.06813,0.15119,-0.65686,-0.11363,0.07708,0.05144
19.56,0.01934,-0.02034,-0.11205,0.34042,-0.04565,-0.00082,0.64205,0.25532,-0.07302,-0.47369,0.27777,-0.01449,0.5546,0.0889,-0.19164,0.81673,1.39278,-0.01159,-0.04725,1.28535,0.03556,-1.05071,0.79383,-1.2833,-0.08568,-0.15382,0.37566,-0.21118,-0.03254,-0.73053,-0.10464,-0.05886,-0.04121,0.40187,0.062,0.15551,-0.65936,-0.11306,0.07656,0.05123
19.58,0.01901,-0.02091,-0.11462,0.34249,-0.04418,0.00345,0.64465,0.26957,-0.08824,-0.47921,0.26004,-0.01449,0.55387,0.09641,-0.19735,0.80713,1.39418,-0.01319,-0.05385,1.28009,0.0472,-1.05293,0.80656,-1.32855,-0.07456,-0.1607,0.37323,-0.2161,-0.02218,-0.73063,-0.1046,-0.05989,-0.04178,0.40059,0.05529,0.16074,-0.66208,-0.11241,0.07593,0.05097
19.6,0.01888,-0.02135,-0.11659,0.34464,-0.04261,0.00658,0.64682,0.28037,-0.09988,-0.48324,0.24699,-0.01449,0.55519,0.10145,-0.20184,0.80035,1.39571,-0.01841,-0.0602,1.2734,0.05589,-1.05061,0.81553,-1.36443,-0.06726,-0.16539,0.37057,-0.21998,-0.01506,-0.73077,-0.10456,-0.06066,-0.04221,0.39907,0.04986,0.16336,-0.66421,-0.11197,0.07557,0.05083
19.62,0.01922,-0.02153,-0.11709,0.34695,-0.04067,0.00679,0.64758,0.28235,-0.10185,-0.48335,0.24753,-0.01449,0.56149,0.10021,-0.20438,0.80063,1.39676,-0.03241,-0.06629,1.26438,0.05578,-1.03832,0.81384,-1.37657,-0.07017,-0.16406,0.36723,-0.22179,-0.0174,-0.73108,-0.10446,-0.06063,-0.04219,0.39694,0.04764,0.15955,-0.66495,-0.11206,0.07592,0.05102
19.64,0.01976,-0.02158,-0.11697,0.3493,-0.03866,0.00585,0.64787,0.28079,-0.10012,-0.48192,0.25306,-0.01449,0.56984,0.09645,-0.20563,0.80378,1.39809,-0.04998,-0.07211,1.25402,0.05261,-1.02159,0.80832,-1.37852,-0.077,-0.16047,0.3637,-0.22246,-0.02281,-0.73142,-0.10437,-0.06037,-0.04202,0.39461,0.04675,0.15323,-0.66507,-0.11236,0.07653,0.05133
19.66,0.02021,-0.02166,-0.11707,0.35158,-0.03678,0.00536,0.64836,0.28051,-0.09983,-0.48109,0.25674,-0.01449,0.57736,0.09362,-0.20698,0.80592,1.39985,-0.06614,-0.0779,1.24404,0.05082,-1.00649,0.80448,-1.38278,-0.08229,-0.15777,0.36037,-0.2232,-0.02613,-0.73169,-0.10431,-0.0603,-0.04197,0.39243,0.04544,0.14808,-0.66536,-0.11257,0.07702,0.05158
19.68,0.02064,-0.02184,-0.11744,0.3541,-0.03448,0.00515,0.64893,0.28157,-0.10055,-0.4807,0.25861,-0.01449,0.58445,0.09167,-0.21038,0.80687,1.39931,-0.08155,-0.0843,1.23493,0.04911,-0.99287,0.80084,-1.39678,-0.08659,-0.15566,0.35655,-0.22576,-0.03225,-0.73219,-0.10411,-0.0599,-0.04172,0.38996,0.04335,0.14271,-0.66611,-0.11276,0.07755,0.05185
19.7,0.02118,-0.02179,-0.1171,0.35612,-0.03304,0.00408,0.64921,0.27902,-0.0983,-0.47901,0.26534,-0.01449,0.59297,0.08732,-0.20915,0.81094,1.40356,-0.09928,-0.08938,1.22364,0.04655,-0.97509,0.79598,-1.38831,-0.09385,-0.15182,0.35372,-0.22432,-0.03349,-0.73221,-0.10419,-0.0601,-0.04183,0.38809,0.04322,0.13722,-0.66574,-0.11304,0.07804,0.05211
19.72,0.02194,-0.02114,-0.11503,0.35683,-0.03385,0.001,0.64877,0.26737,-0.08853,-0.47418,0.28568,-0.01449,0.60438,0.07671,-0.19609,0.82323,1.42149,-0.12292,-0.09084,1.20762,0.0418,-0.94808,0.78762,-1.31767,-0.10868,-0.14322,0.35357,-0.21162,-0.01841,-0.73092,-0.10513,-0.06228,-0.04306,0.38782,0.04797,0.13214,-0.6625,-0.11346,0.07834,0.05228
19.74,0.0228,-0.02028,-0.11226,0.35702,-0.03553,-0.00293,0.64806,0.25223,-0.07592,-0.46808,0.31051,-0.01449,0.61725,0.06382,-0.17829,0.83849,1.4441,-0.14868,-0.09097,1.1893,0.0364,-0.91688,0.77835,-1.22526,-0.12628,-0.13306,0.35445,-0.19503,0.00134,-0.72912,-0.10634,-0.06505,-0.04462,0.3882,0.05467,0.12699,-0.65814,-0.11397,0.07858,0.05243
19.76,0.02362,-0.01951,-0.10975,0.3574,-0.03689,-0.00653,0.6475,0.23871,-0.06474,-0.46251,0.3324,-0.01449,0.6298,0.05215,-0.16227,0.85219,1.46423,-0.17323,-0.09174,1.17141,0.0317,-0.88689,0.77023,-1.14451,-0.14241,-0.12395,0.35494,-0.18058,0.01756,-0.72751,-0.10736,-0.06739,-0.04595,0.38837,0.0606,0.1218,-0.65425,-0.11445,0.07886,0.05259
19.78,0.02442,-0.01874,-0.10746,0.35799,-0.03796,-0.00991,0.64681,0.22492,-0.05286,-0.45706,0.3583,-0.01449,0.64094,0.03964,-0.14786,0.86691,1.48592,-0.199,-0.0924,1.15605,0.02521,-0.85963,0.75892,-1.05588,-0.15965,-0.11329,0.3551,-0.16457,0.03947,-0.72609,-0.10864,-0.07037,-0.04763,0.38818,0.06606,0.11688,-0.65048,-0.11489,0.07911,0.05273
19.8,0.02528,-0.01792,-0.10456,0.35801,-0.03982,-0.01395,0.64634,0.21089,-0.04179,-0.45111,0.37683,-0.01449,0.65537,0.02835,-0.12886,0.88012,1.50538,-0.2226,-0.09293,1.13492,0.02227,-0.8258,0.754,-0.9787,-0.1751,-0.10555,0.3562,-0.15081,0.05085,-0.72416,-0.10947,-0.07219,-0.04866,0.38889,0.07295,0.11134,-0.64621,-0.11544,0.0794,0.05292
19.82,0.02625,-0.01697,-0.10018,0.35662,-0.04358,-0.01956,0.64654,0.19715,-0.03371,-0.44396,0.37403,-0.01449,0.67838,0.02122,-0.09945,0.8888,1.51834,-0.24043,-0.09391,1.09827,0.02983,-0.77448,0.7677,-0.93836,-0.18538,-0.10617,0.35959,-0.14491,0.0305,-0.721,-0.10893,-0.07052,-0.04771,0.39193,0.08338,0.10481,-0.64082,-0.1162,0.07973,0.05316
19.84,0.02729,-0.01598,-0.09521,0.35466,-0.0481,-0.02581,0.64698,0.18327,-0.02654,-0.4364,0.36363,-0.01449,0.70468,0.01538,-0.06537,0.89576,1.52874,-0.25586,-0.09474,1.05594,0.04088,-0.71679,0.78773,-0.91063,-0.19359,-0.1098,0.36389,-0.14128,-0.00032,-0.71733,-0.10794,-0.06769,-0.04611,0.39586,0.09517,0.09757,-0.63496,-0.11708,0.0801,0.05345
19.86,0.02831,-0.015,-0.09048,0.35295,-0.0523,-0.03179,0.64733,0.16938,-0.01894,-0.42914,0.35658,-0.01449,0.72958,0.00883,-0.03274,0.90323,1.53975,-0.2719,-0.09532,1.01633,0.04998,-0.66224,0.80436,-0.87692,-0.20247,-0.11211,0.36779,-0.13614,-0.0253,-0.71386,-0.1072,-0.06551,-0.04488,0.39941,0.10625,0.09013,-0.6293,-0.11796,0.0805,0.05374
19.88,0.02928,-0.01401,-0.08584,0.3513,-0.05645,-0.0377,0.64758,0.15572,-0.01131,-0.42135,0.35007,-0.01449,0.75414,0.00273,-0.00283,0.91195,1.55322,-0.29005,-0.09715,0.97605,0.06058,-0.60647,0.82314,-0.84241,-0.21278,-0.11418,0.37168,-0.13282,-0.05459,-0.71051,-0.10629,-0.06284,-0.04336,0.40289,0.11774,0.08472,-0.62363,-0.11864,0.08072,0.05393
19.9,0.03036,-0.01306,-0.08089,0.34938,-0.06084,-0.0439,0.64809,0.14157,-0.00397,-0.41459,0.34063,-0.01449,0.78015,-0.004,0.03384,0.91762,1.56093,-0.30321,-0.09639,0.93585,0.0689,-0.55186,0.83901,-0.81422,-0.21934,-0.11746,0.3758,-0.12638,-0.07759,-0.70682,-0.10562,-0.06089,-0.04226,0.40669,0.12874,0.07515,-0.61791,-0.11975,0.0813,0.05434
19.92,0.0317,-0.01221,-0.07526,0.34699,-0.06585,-0.0508,0.64937,0.12619,0.00235,-0.41064,0.3244,-0.01449,0.80945,-0.01237,0.08751,0.91521,1.5531,-0.30308,-0.08826,0.89732,0.07017,-0.50118,0.84471,-0.78777,-0.21839,-0.12357,0.38038,-0.11018,-0.07939,-0.70212,-0.10576,-0.06138,-0.04256,0.41128,0.13753,0.05224,-0.61206,-0.12221,0.08304,0.05548
19.94,0.03314,-0.01141,-0.06934,0.3443,-0.07104,-0.05796,0.65087,0.11034,0.00846,-0.40776,0.30555,-0.01449,0.84005,-0.02147,0.14787,0.90978,1.53957,-0.29801,-0.07758,0.85907,0.06901,-0.45209,0.84736,-0.76915,-0.21341,-0.13076,0.38514,-0.09089,-0.07474,-0.69714,-0.10615,-0.06259,-0.04328,0.41612,0.14586,0.02551,-0.60621,-0.12506,0.0851,0.05683
19.96,0.03453,-0.01061,-0.06356,0.34164,-0.07605,-0.06496,0.65218,0.09466,0.01493,-0.40447,0.28823,-0.01449,0.87001,-0.0305,0.20554,0.90574,1.52877,-0.29524,-0.06823,0.82066,0.06892,-0.40282,0.85175,-0.75603,-0.20856,-0.13732,0.38979,-0.07341,-0.0739,-0.69243,-0.1064,-0.06334,-0.04374,0.42075,0.15478,0.00192,-0.60045,-0.12759,0.08689,0.05801
19.98,0.03595,-0.00971,-0.05772,0.33943,-0.0815,-0.07218,0.65389,0.07911,0.02028,-0.40084,0.26921,-0.01449,0.90038,-0.03843,0.26204,0.90158,1.51728,-0.29216,-0.05814,0.78217,0.06911,-0.35096,0.85486,-0.70739,-0.21033,-0.14457,0.39463,-0.05431,-0.06976,-0.68712,-0.10677,-0.06458,-0.04446,0.4258,0.16224,-0.02746,-0.5943,-0.13071,0.08919,0.05949
20,0.03732,-0.00903,-0.05196,0.33623,-0.08606,-0.07899,0.65481,0.06322,0.0279,-0.39819,0.2532,-0.01449,0.93007,-0.04877,0.32233,0.89696,1.50593,-0.28859,-0.04902,0.74402,0.06809,-0.30502,0.85983,-0.73155,-0.19801,-0.15058,0.39906,-0.03781,-0.07079,-0.68298,-0.10694,-0.06501,-0.04474,0.43002,0.17252,-0.04586,-0.58898,-0.13272,0.09052,0.0604
20.02,0.03852,-0.00891,-0.04647,0.33039,-0.08826,-0.0847,0.65354,0.04629,0.04189,-0.39784,0.24632,-0.01449,0.95822,-0.06601,0.39289,0.89181,1.4961,-0.28473,-0.04306,0.70631,0.06433,-0.27461,0.87078,-0.98,-0.14233,-0.15301,0.40253,-0.02909,-0.0879,-0.68212,-0.10646,-0.06305,-0.04367,0.43205,0.19136,-0.0314,-0.5858,-0.13143,0.08895,0.05955
20.04,0.03966,-0.00902,-0.04109,0.32357,-0.08953,-0.08998,0.65145,0.02908,0.05815,-0.39847,0.24257,-0.01449,0.98549,-0.08555,0.4667,0.88631,1.48666,-0.28059,-0.0382,0.66905,0.05941,-0.25023,0.88365,-1.29705,-0.07355,-0.15412,0.40552,-0.0231,-0.11034,-0.68244,-0.10577,-0.06027,-0.04214,0.43321,0.21293,-0.00605,-0.58348,-0.12906,0.08642,0.05813
20.06,0.04083,-0.00903,-0.03571,0.31719,-0.09112,-0.09539,0.64969,0.01214,0.07332,-0.39873,0.23731,-0.01449,1.01276,-0.10377,0.53811,0.88096,1.47722,-0.27668,-0.03296,0.63188,0.05499,-0.22338,0.89554,-1.56564,-0.01447,-0.15571,0.40857,-0.01593,-0.13018,-0.68225,-0.10519,-0.05789,-0.04082,0.43466,0.23282,0.01328,-0.58088,-0.12729,0.08445,0.05703
20.08,0.042,-0.009,-0.0301,0.31081,-0.09317,-0.10106,0.64807,-0.00545,0.08875,-0.39869,0.23232,-0.0145,1.04187,-0.12321,0.61382,0.8755,1.46686,-0.27215,-0.02715,0.59339,0.05058,-0.19538,0.90782,-1.90594,0.06022,-0.15781,0.41229,-0.00838,-0.15061,-0.68195,-0.10454,-0.05544,-0.03948,0.43655,0.25457,0.03702,-0.57784,-0.12505,0.08198,0.05566
20.1,0.04314,-0.00912,-0.02501,0.30423,-0.09403,-0.1061,0.64599,-0.02172,0.10414,-0.3995,0.22754,-0.0145,1.06681,-0.14061,0.68107,0.87025,1.45855,-0.26891,-0.02281,0.55785,0.04593,-0.17126,0.91973,-2.11502,0.10591,-0.15856,0.4145,-0.00232,-0.17109,-0.68215,-0.104,-0.05292,-0.03808,0.43732,0.27306,0.05417,-0.57591,-0.12353,0.0803,0.05472
20.12,0.04417,-0.00962,-0.02123,0.2971,-0.09183,-0.10952,0.64279,-0.03455,0.11934,-0.4023,0.2225,-0.0145,1.08118,-0.152,0.72577,0.86542,1.4561,-0.26948,-0.0225,0.52956,0.04072,-0.15576,0.93056,-1.92787,0.06447,-0.15552,0.4126,0.0003,-0.19094,-0.68337,-0.10379,-0.05034,-0.03663,0.4352,0.28224,0.05086,-0.57681,-0.12424,0.08105,0.05509
20.14,0.04517,-0.01027,-0.01799,0.28984,-0.08848,-0.11232,0.63916,-0.046,0.13433,-0.40592,0.21758,-0.0145,1.09121,-0.1612,0.76149,0.86087,1.45568,-0.27135,-0.02362,0.50436,0.03536,-0.14408,0.94089,-1.60932,-0.00593,-0.15123,0.40919,0.00149,-0.21059,-0.68505,-0.10369,-0.04773,-0.03516,0.43197,0.28799,0.04052,-0.57879,-0.12572,0.08263,0.05592
20.16,0.04618,-0.01084,-0.01456,0.28278,-0.08566,-0.11539,0.63575,-0.05791,0.14913,-0.40923,0.21265,-0.0145,1.10273,-0.17125,0.80022,0.85633,1.45414,-0.27252,-0.02395,0.47822,0.03019,-0.13103,0.95118,-1.36224,-0.06051,-0.14778,0.40648,0.00332,-0.23005,-0.68656,-0.10355,-0.04516,-0.03371,0.42923,0.2951,0.03309,-0.58026,-0.12688,0.08383,0.05654
20.18,0.04721,-0.01146,-0.01088,0.27509,-0.08275,-0.11851,0.6322,-0.07055,0.16525,-0.41235,0.20763,-0.0145,1.11629,-0.18199,0.84362,0.85115,1.45341,-0.27412,-0.02487,0.45009,0.02445,-0.11661,0.96264,-1.06843,-0.12567,-0.14321,0.40368,0.00513,-0.25092,-0.68797,-0.10337,-0.04243,-0.03216,0.42653,0.30313,0.02706,-0.58185,-0.12791,0.08501,0.05713
20.2,0.04818,-0.01201,-0.00788,0.26869,-0.07978,-0.12138,0.62887,-0.08131,0.17852,-0.41603,0.20281,-0.0145,1.12456,-0.19078,0.87509,0.84742,1.4515,-0.27516,-0.02492,0.42688,0.01988,-0.10592,0.97155,-0.83921,-0.17605,-0.14061,0.40074,0.00666,-0.26868,-0.68966,-0.1033,-0.04006,-0.03083,0.42351,0.30842,0.01652,-0.58343,-0.12939,0.08643,0.0579
20.22,0.04903,-0.01237,-0.00655,0.26584,-0.07682,-0.1238,0.62617,-0.08744,0.1842,-0.42124,0.19831,-0.0145,1.11958,-0.19446,0.87598,0.84715,1.4457,-0.2742,-0.02189,0.41611,0.01858,-0.10431,0.97319,-0.82568,-0.17686,-0.14443,0.39775,0.00785,-0.27823,-0.69211,-0.10348,-0.03868,-0.03012,0.41975,0.30665,-0.00659,-0.58472,-0.13217,0.08846,0.05919
20.24,0.04981,-0.01265,-0.00592,0.26432,-0.07386,-0.12597,0.62373,-0.09169,0.18697,-0.42694,0.19403,-0.0145,1.10936,-0.19632,0.86511,0.84844,1.43866,-0.27265,-0.01796,0.41026,0.01847,-0.10637,0.97232,-0.8804,-0.16214,-0.15015,0.39469,0.0088,-0.28458,-0.69481,-0.10375,-0.03768,-0.02965,0.41575,0.30226,-0.03372,-0.58597,-0.13537,0.09069,0.06063
20.26,0.05062,-0.01295,-0.00503,0.26224,-0.07096,-0.12821,0.62124,-0.09666,0.19091,-0.4323,0.18976,-0.0145,1.10138,-0.19917,0.85953,0.84929,1.43228,-0.27145,-0.01463,0.4024,0.01781,-0.10693,0.97277,-0.90008,-0.15569,-0.15454,0.39171,0.00981,-0.29217,-0.69735,-0.10398,-0.03653,-0.02907,0.41195,0.29929,-0.05784,-0.58724,-0.13823,0.09273,0.06194
20.28,0.05146,-0.01331,-0.00392,0.25997,-0.06776,-0.13064,0.61847,-0.10215,0.19547,-0.43821,0.18502,-0.0145,1.09391,-0.20123,0.85395,0.84892,1.42556,-0.26998,-0.0106,0.39366,0.01714,-0.10688,0.97241,-0.93208,-0.1452,-0.16082,0.38849,0.01102,-0.30066,-0.70012,-0.10424,-0.03527,-0.02845,0.40773,0.29529,-0.08712,-0.58852,-0.14171,0.09518,0.06352
20.3,0.05222,-0.01354,-0.00343,0.25842,-0.06521,-0.13261,0.61635,-0.10612,0.19805,-0.44307,0.18131,-0.0145,1.08409,-0.20457,0.84561,0.85158,1.41925,-0.26888,-0.00775,0.38791,0.01682,-0.10896,0.97323,-0.95649,-0.13899,-0.16367,0.38577,0.01174,-0.3065,-0.70243,-0.10445,-0.03434,-0.02799,0.40433,0.2928,-0.10659,-0.58975,-0.14401,0.09684,0.06458
20.32,0.05279,-0.01347,-0.00443,0.25848,-0.06444,-0.13341,0.6159,-0.10657,0.19602,-0.4448,0.18034,-0.0145,1.07004,-0.21141,0.83318,0.86123,1.4142,-0.26922,-0.00863,0.38915,0.01686,-0.11558,0.97712,-0.94236,-0.14871,-0.15624,0.38446,0.01131,-0.30595,-0.70355,-0.1045,-0.03423,-0.02796,0.40332,0.29553,-0.09734,-0.59089,-0.14285,0.09626,0.06413
20.34,0.05328,-0.01327,-0.00605,0.25924,-0.06435,-0.13373,0.61611,-0.10553,0.19206,-0.44546,0.18041,-0.0145,1.05364,-0.2197,0.81828,0.87407,1.40963,-0.2699,-0.01069,0.39326,0.01729,-0.1243,0.98244,-0.91906,-0.16307,-0.14538,0.38367,0.01037,-0.30282,-0.70418,-0.10451,-0.03445,-0.02809,0.40315,0.29982,-0.07817,-0.59196,-0.1405,0.0949,0.06316
20.36,0.05381,-0.01312,-0.00743,0.25972,-0.06397,-0.13423,0.61605,-0.10506,0.1889,-0.44665,0.18003,-0.0145,1.03772,-0.22765,0.80412,0.88614,1.40493,-0.27025,-0.01202,0.39607,0.01777,-0.13233,0.98765,-0.90116,-0.17497,-0.13633,0.38262,0.0096,-0.30077,-0.70495,-0.10453,-0.03453,-0.02815,0.40257,0.30315,-0.0639,-0.593,-0.13874,0.09391,0.06243
20.38,0.05436,-0.01302,-0.00867,0.26005,-0.06348,-0.13489,0.61588,-0.10499,0.18602,-0.44768,0.17954,-0.0145,1.02415,-0.23419,0.79119,0.89541,1.39982,-0.2713,-0.01407,0.39897,0.01729,-0.13932,0.99053,-0.88033,-0.18784,-0.12627,0.38164,0.0091,-0.299,-0.70605,-0.10455,-0.03459,-0.0282,0.40211,0.30742,-0.04806,-0.5943,-0.1368,0.09284,0.06164
20.4,0.05483,-0.0128,-0.01035,0.26088,-0.0634,-0.1351,0.61608,-0.10373,0.18209,-0.44877,0.17953,-0.0145,1.00509,-0.24403,0.77521,0.91123,1.39568,-0.271,-0.01498,0.40237,0.01892,-0.14896,0.9986,-0.8626,-0.19996,-0.11748,0.38066,0.00792,-0.29607,-0.70635,-0.10458,-0.03477,-0.02832,0.4016,0.31013,-0.03313,-0.59504,-0.13494,0.09175,0.06088
20.42,0.05516,-0.01229,-0.01305,0.26274,-0.06419,-0.13415,0.61711,-0.09968,0.17599,-0.4503,0.18065,-0.0145,0.97231,-0.26273,0.75197,0.94461,1.39412,-0.26669,-0.01204,0.40575,0.02613,-0.16508,1.02082,-0.85506,-0.20909,-0.11307,0.37948,0.00504,-0.29076,-0.70456,-0.10464,-0.03518,-0.02854,0.40062,0.30839,-0.02264,-0.59427,-0.13357,0.09075,0.06027
20.44,0.05541,-0.01166,-0.01618,0.26512,-0.06538,-0.13275,0.61849,-0.09445,0.16886,-0.45193,0.1822,-0.0145,0.93395,-0.2847,0.72568,0.98441,1.39352,-0.26105,-0.00802,0.40962,0.03546,-0.18384,1.0482,-0.8508,-0.21731,-0.11004,0.3783,0.0015,-0.28438,-0.70199,-0.10473,-0.03572,-0.02883,0.39958,0.30499,-0.01346,-0.59293,-0.13233,0.08975,0.05971
20.46,0.05567,-0.01109,-0.01914,0.26738,-0.06643,-0.13155,0.61972,-0.08969,0.16204,-0.45349,0.18352,-0.0145,0.89764,-0.30513,0.70048,1.02111,1.39246,-0.25612,-0.00473,0.41368,0.0439,-0.20159,1.07311,-0.84504,-0.22587,-0.10638,0.37717,-0.00177,-0.27841,-0.69977,-0.1048,-0.03622,-0.02911,0.39866,0.3022,-0.004,-0.59185,-0.13105,0.08878,0.05914
20.48,0.05601,-0.01052,-0.02201,0.26918,-0.0673,-0.13035,0.62093,-0.08517,0.15583,-0.4551,0.18504,-0.0145,0.86334,-0.32585,0.67646,1.05873,1.39147,-0.25072,-0.00039,0.41611,0.05207,-0.21864,1.09859,-0.83881,-0.23494,-0.10265,0.37584,-0.00495,-0.27265,-0.69756,-0.10487,-0.03665,-0.02934,0.39738,0.30007,0.00708,-0.59077,-0.12963,0.08768,0.0585
20.5,0.05617,-0.00993,-0.02516,0.27206,-0.06866,-0.12906,0.62227,-0.07988,0.14811,-0.45666,0.18622,-0.0145,0.82347,-0.3467,0.64926,1.09588,1.39062,-0.24604,0.00195,0.42202,0.06129,-0.23773,1.12408,-0.83471,-0.24264,-0.09938,0.37492,-0.00847,-0.26626,-0.69513,-0.10496,-0.03724,-0.02967,0.39684,0.29616,0.01441,-0.58954,-0.12855,0.08684,0.05803
20.52,0.05591,-0.00935,-0.02891,0.2777,-0.07118,-0.12767,0.62385,-0.07281,0.13672,-0.45801,0.18644,-0.0145,0.77039,-0.36735,0.6142,1.13044,1.3895,-0.24312,-0.00073,0.4372,0.07298,-0.26185,1.14861,-0.83341,-0.24695,-0.09757,0.37515,-0.01258,-0.2581,-0.69236,-0.10512,-0.03829,-0.03024,0.39825,0.28764,0.01105,-0.58802,-0.12843,0.08676,0.05806
20.54,0.05547,-0.00877,-0.03291,0.28443,-0.07419,-0.12621,0.62556,-0.065,0.12383,-0.45934,0.18628,-0.0145,0.71176,-0.38794,0.57601,1.16422,1.38862,-0.24107,-0.00559,0.45587,0.08564,-0.2879,1.17295,-0.83457,-0.24987,-0.09608,0.3758,-0.01702,-0.24937,-0.68938,-0.1053,-0.03949,-0.03091,0.40041,0.2774,0.00403,-0.58635,-0.12864,0.08692,0.05826
20.56,0.0551,-0.00819,-0.03681,0.29071,-0.07703,-0.12475,0.62723,-0.05749,0.1115,-0.46073,0.18623,-0.0145,0.65515,-0.40839,0.53915,1.19818,1.38785,-0.23897,-0.01002,0.47307,0.09782,-0.31306,1.19719,-0.8362,-0.2533,-0.09408,0.37625,-0.02141,-0.2411,-0.68644,-0.10548,-0.04061,-0.03153,0.40229,0.26801,-0.0009,-0.58473,-0.12867,0.08695,0.05835
20.58,0.05479,-0.0076,-0.04069,0.29681,-0.0797,-0.12339,0.62882,-0.0501,0.09966,-0.46187,0.18644,-0.0145,0.60042,-0.42974,0.50258,1.23318,1.38596,-0.23535,-0.01218,0.48983,0.11024,-0.33844,1.22232,-0.83142,-0.25718,-0.09362,0.37671,-0.02544,-0.23203,-0.68369,-0.10563,-0.04178,-0.03218,0.40396,0.25826,-0.00761,-0.58317,-0.12884,0.0871,0.05855
20.6,0.0543,-0.00703,-0.04465,0.30355,-0.0828,-0.12183,0.6306,-0.04229,0.08645,-0.46354,0.18602,-0.0145,0.54056,-0.44906,0.46468,1.26567,1.38674,-0.23517,-0.01943,0.50827,0.12236,-0.36371,1.24556,-0.84031,-0.25985,-0.09007,0.37726,-0.03026,-0.22441,-0.68052,-0.10584,-0.04289,-0.0328,0.40622,0.24887,-0.01155,-0.58147,-0.12879,0.08705,0.05858
20.62,0.05342,-0.00648,-0.04879,0.31179,-0.08708,-0.11978,0.63308,-0.03363,0.06981,-0.4665,0.18393,-0.0145,0.46772,-0.46361,0.42418,1.29193,1.39209,-0.24386,-0.04149,0.53109,0.13344,-0.3888,1.26293,-0.88822,-0.2592,-0.07748,0.37789,-0.03738,-0.22178,-0.67597,-0.10617,-0.04372,-0.03326,0.41002,0.24114,-0.00637,-0.5793,-0.12799,0.08629,0.05803
20.64,0.05236,-0.00596,-0.053,0.32063,-0.09174,-0.11754,0.63573,-0.02458,0.05186,-0.47002,0.18124,-0.0145,0.38998,-0.47593,0.38242,1.31554,1.40056,-0.25605,-0.06838,0.55536,0.14415,-0.4136,1.27852,-0.94943,-0.25743,-0.06184,0.37859,-0.04525,-0.22052,-0.67107,-0.10656,-0.04451,-0.0337,0.41438,0.23382,0.00162,-0.57702,-0.12697,0.08533,0.0573
20.66,0.05135,-0.00544,-0.05718,0.32919,-0.09613,-0.11537,0.63819,-0.01565,0.0345,-0.4734,0.17886,-0.0145,0.31458,-0.48871,0.34104,1.34003,1.40945,-0.26692,-0.0922,0.57862,0.155,-0.43815,1.29533,-1.00329,-0.25642,-0.04786,0.37931,-0.05263,-0.21805,-0.66651,-0.10694,-0.04538,-0.03418,0.41843,0.22618,0.00792,-0.57487,-0.12608,0.08449,0.05668
20.68,0.05043,-0.00485,-0.06138,0.33783,-0.10094,-0.11326,0.64112,-0.00691,0.01708,-0.47627,0.17628,-0.0145,0.23841,-0.50384,0.3003,1.36596,1.41082,-0.27675,-0.11972,0.60357,0.16603,-0.4644,1.31032,-1.06275,-0.25435,-0.03272,0.37988,-0.0606,-0.21789,-0.66115,-0.10726,-0.046,-0.03453,0.42275,0.21904,0.01578,-0.57238,-0.12506,0.08352,0.05596
20.7,0.04931,-0.0044,-0.06554,0.34642,-0.10495,-0.11099,0.64312,0.00231,-0.00049,-0.48038,0.17401,-0.0145,0.16286,-0.51354,0.25804,1.38819,1.42829,-0.2895,-0.14072,0.62517,0.17658,-0.48697,1.32878,-1.11369,-0.25418,-0.01929,0.38074,-0.06757,-0.21342,-0.65738,-0.10772,-0.0471,-0.03514,0.42663,0.21099,0.02116,-0.57059,-0.12426,0.08277,0.0554
20.72,0.04759,-0.00432,-0.06958,0.35481,-0.1067,-0.10831,0.64234,0.01282,-0.01832,-0.48745,0.1724,-0.0145,0.08942,-0.50899,0.21153,1.40154,1.49196,-0.30993,-0.14211,0.63805,0.18572,-0.49973,1.35626,-1.13756,-0.26016,-0.01118,0.38257,-0.07121,-0.1954,-0.65803,-0.10861,-0.04973,-0.03657,0.42929,0.20016,0.01859,-0.57066,-0.12417,0.08268,0.05533
20.74,0.04569,-0.00438,-0.07357,0.36309,-0.1076,-0.10549,0.64063,0.0238,-0.03619,-0.49581,0.17119,-0.0145,0.01699,-0.49903,0.16365,1.41112,1.57125,-0.33308,-0.13685,0.64729,0.1944,-0.50875,1.38746,-1.15237,-0.268,-0.00491,0.38465,-0.07389,-0.17325,-0.6603,-0.10963,-0.05282,-0.03824,0.43148,0.18845,0.01352,-0.57145,-0.1243,0.08281,0.05542
20.76,0.0439,-0.00439,-0.07758,0.37137,-0.10884,-0.10274,0.63945,0.03455,-0.05391,-0.5038,0.16999,-0.0145,-0.0554,-0.49142,0.11662,1.422,1.64175,-0.35467,-0.13494,0.65761,0.20339,-0.5193,1.4176,-1.17157,-0.27455,0.00214,0.38649,-0.07727,-0.15388,-0.66184,-0.11056,-0.05558,-0.03974,0.4338,0.17727,0.00989,-0.57196,-0.12431,0.08281,0.05542
20.78,0.04198,-0.00436,-0.08163,0.37991,-0.11031,-0.09995,0.63783,0.04541,-0.07227,-0.51094,0.16794,-0.0145,-0.13027,-0.48415,0.06849,1.43458,1.71954,-0.37777,-0.13184,0.67048,0.21199,-0.53054,1.44505,-1.19032,-0.28285,0.00955,0.38888,-0.07957,-0.1308,-0.66333,-0.11163,-0.05886,-0.04151,0.43649,0.16552,0.00505,-0.57228,-0.12443,0.0829,0.05548
20.8,0.0403,-0.00443,-0.08557,0.38783,-0.11109,-0.09722,0.6369,0.05612,-0.08924,-0.52011,0.1678,-0.0145,-0.19944,-0.47497,0.02247,1.4427,1.78578,-0.39829,-0.12956,0.67705,0.22125,-0.53949,1.47899,-1.2074,-0.28805,0.01569,0.39017,-0.08385,-0.11438,-0.66532,-0.11245,-0.06117,-0.04276,0.43828,0.15477,0.00212,-0.57317,-0.12437,0.08287,0.05545
20.82,0.03931,-0.00472,-0.08929,0.39433,-0.11029,-0.09469,0.63825,0.06632,-0.10293,-0.53475,0.17253,-0.0145,-0.2549,-0.46129,-0.01852,1.43996,1.81646,-0.4114,-0.13131,0.6682,0.23264,-0.54259,1.53002,-1.22447,-0.28345,0.01921,0.38841,-0.09416,-0.11794,-0.66836,-0.11259,-0.06066,-0.04246,0.43779,0.14688,0.005,-0.57534,-0.1238,0.08243,0.05514
20.84,0.03858,-0.00512,-0.09289,0.40014,-0.10881,-0.09223,0.64029,0.07632,-0.11509,-0.55134,0.17926,-0.0145,-0.30422,-0.44598,-0.0571,1.43274,1.83493,-0.42175,-0.13406,0.65296,0.24466,-0.54359,1.5874,-1.23966,-0.27579,0.02141,0.38553,-0.10643,-0.12821,-0.67186,-0.11247,-0.05918,-0.04163,0.43639,0.14006,0.00988,-0.57808,-0.12305,0.08188,0.05475
20.86,0.03775,-0.00547,-0.09651,0.40608,-0.10756,-0.08974,0.64193,0.08638,-0.12756,-0.56691,0.18528,-0.0145,-0.35523,-0.43175,-0.09609,1.42724,1.85886,-0.43313,-0.13623,0.63994,0.25625,-0.54581,1.64187,-1.25411,-0.27005,0.02391,0.38312,-0.11761,-0.13502,-0.67513,-0.11247,-0.05817,-0.04106,0.43534,0.13282,0.01387,-0.58063,-0.12239,0.08139,0.0544
20.88,0.03685,-0.00579,-0.10026,0.41282,-0.10659,-0.08725,0.64392,0.09661,-0.14169,-0.58309,0.19041,-0.0145,-0.41112,-0.41585,-0.13815,1.42304,1.8837,-0.44555,-0.1387,0.6296,0.26844,-0.54675,1.69672,-1.275,-0.2622,0.02765,0.38085,-0.12961,-0.14344,-0.67855,-0.11249,-0.05703,-0.0404,0.43451,0.12525,0.0177,-0.58291,-0.1217,0.08086,0.05402
20.9,0.03616,-0.00622,-0.10371,0.4177,-0.1049,-0.08478,0.64535,0.10641,-0.15195,-0.59841,0.19792,-0.0145,-0.45507,-0.40317,-0.17306,1.41499,1.90352,-0.45511,-0.14087,0.61229,0.27951,-0.54993,1.75206,-1.28213,-0.25792,0.0285,0.37804,-0.14037,-0.15013,-0.68175,-0.11239,-0.05594,-0.0398,0.43302,0.11865,0.02239,-0.58588,-0.12102,0.08038,0.05368
20.92,0.03601,-0.0069,-0.10641,0.41784,-0.10145,-0.08236,0.64517,0.11509,-0.15227,-0.61117,0.2112,-0.0145,-0.47035,-0.39937,-0.19032,1.39849,1.91257,-0.45764,-0.14197,0.57683,0.28764,-0.55967,1.80879,-1.25206,-0.26479,0.02188,0.37382,-0.14735,-0.15073,-0.68407,-0.11202,-0.05525,-0.03947,0.42984,0.11433,0.02883,-0.59044,-0.12042,0.08012,0.05351
20.94,0.03607,-0.00769,-0.10882,0.41608,-0.0973,-0.07996,0.64438,0.12332,-0.14867,-0.62291,0.22684,-0.0145,-0.47331,-0.39895,-0.20019,1.37808,1.91692,-0.45737,-0.14277,0.53471,0.29457,-0.57175,1.86545,-1.20828,-0.27524,0.0124,0.36912,-0.15301,-0.14934,-0.68618,-0.11154,-0.05466,-0.03921,0.42603,0.11098,0.03612,-0.59569,-0.11984,0.07992,0.05338
20.96,0.03601,-0.00845,-0.11133,0.41502,-0.09346,-0.07755,0.64378,0.13173,-0.14661,-0.63491,0.24161,-0.0145,-0.4801,-0.39729,-0.21244,1.35877,1.92324,-0.45823,-0.14372,0.49597,0.30188,-0.58286,1.92109,-1.1705,-0.28368,0.00409,0.36476,-0.1592,-0.14867,-0.68847,-0.1111,-0.05403,-0.03893,0.42255,0.10727,0.04314,-0.60071,-0.11924,0.07968,0.05323
20.98,0.03604,-0.00916,-0.11395,0.41463,-0.08965,-0.07515,0.64355,0.14022,-0.14547,-0.64785,0.25566,-0.0145,-0.49416,-0.39436,-0.22873,1.34219,1.9297,-0.45953,-0.14462,0.45543,0.30993,-0.59357,1.98148,-1.13331,-0.29365,-0.00381,0.35984,-0.16574,-0.14895,-0.69041,-0.11066,-0.05332,-0.03861,0.41886,0.10325,0.04975,-0.6054,-0.11866,0.07946,0.05308
21,0.03594,-0.00998,-0.11628,0.41241,-0.08561,-0.07273,0.6424,0.14844,-0.14155,-0.65854,0.27167,-0.0145,-0.49021,-0.39484,-0.23491,1.319,1.93509,-0.45937,-0.14557,0.41725,0.31613,-0.60563,2.03179,-1.09206,-0.30129,-0.01312,0.35598,-0.17123,-0.14676,-0.69302,-0.11021,-0.05281,-0.03838,0.41547,0.10009,0.05734,-0.61092,-0.11805,0.07923,0.05294
21.02,0.03545,-0.01113,-0.11792,0.40545,-0.08112,-0.07018,0.63881,0.15599,-0.13052,-0.66343,0.2931,-0.0145,-0.4397,-0.40452,-0.21482,1.27904,1.937,-0.45508,-0.14659,0.38622,0.31747,-0.62141,2.05492,-1.03931,-0.30207,-0.02641,0.3552,-0.17397,-0.13747,-0.69758,-0.10976,-0.05289,-0.03839,0.41313,0.09913,0.06783,-0.61867,-0.11732,0.07892,0.05276
21.04,0.03483,-0.01239,-0.11928,0.39677,-0.07644,-0.06761,0.63431,0.16327,-0.11691,-0.66605,0.3163,-0.0145,-0.37156,-0.41741,-0.18489,1.23255,1.93832,-0.44956,-0.1477,0.35799,0.31699,-0.63836,2.06776,-0.98359,-0.30034,-0.04089,0.35549,-0.17571,-0.12585,-0.70279,-0.1093,-0.05314,-0.03847,0.41112,0.09899,0.07919,-0.62719,-0.11657,0.0786,0.05257
21.06,0.03427,-0.0136,-0.12075,0.38896,-0.07184,-0.06508,0.63022,0.1707,-0.1047,-0.66958,0.33832,-0.0145,-0.31133,-0.42843,-0.15953,1.18862,1.94112,-0.44516,-0.1489,0.32914,0.31735,-0.65442,2.08485,-0.9317,-0.2995,-0.05428,0.35523,-0.17802,-0.11578,-0.70767,-0.10885,-0.05327,-0.03849,0.40895,0.09843,0.08986,-0.63529,-0.11584,0.07831,0.0524
21.08,0.03373,-0.01485,-0.12227,0.38065,-0.0672,-0.06243,0.62611,0.17807,-0.09136,-0.67357,0.36204,-0.0145,-0.25077,-0.44131,-0.13335,1.14597,1.93881,-0.43834,-0.14958,0.29732,0.3176,-0.6721,2.10373,-0.86902,-0.29978,-0.07001,0.3552,-0.17982,-0.10363,-0.71275,-0.10838,-0.05359,-0.03861,0.40681,0.09811,0.10179,-0.64377,-0.11503,0.07793,0.05218
21.1,0.03311,-0.01601,-0.12362,0.37305,-0.06264,-0.06004,0.62188,0.18545,-0.07985,-0.67608,0.38257,-0.0145,-0.18725,-0.45103,-0.10679,1.09951,1.94683,-0.43624,-0.15133,0.27243,0.31766,-0.68664,2.11646,-0.82805,-0.29714,-0.0812,0.35497,-0.18241,-0.0952,-0.71752,-0.10795,-0.05356,-0.03855,0.40469,0.09748,0.11132,-0.65156,-0.11439,0.07772,0.05206
21.12,0.0323,-0.01699,-0.12459,0.36749,-0.0581,-0.05835,0.61716,0.19327,-0.07363,-0.67506,0.39415,-0.0145,-0.11679,-0.45113,-0.08025,1.04132,1.98567,-0.44818,-0.15621,0.2659,0.31781,-0.69236,2.11443,-0.85009,-0.28655,-0.0788,0.35383,-0.18782,-0.09832,-0.72163,-0.10759,-0.05236,-0.03788,0.40249,0.09561,0.11361,-0.65771,-0.1143,0.07809,0.05225
21.14,0.03142,-0.01786,-0.1254,0.36277,-0.05372,-0.05695,0.61242,0.20105,-0.06942,-0.67263,0.40239,-0.0145,-0.04463,-0.44794,-0.05396,0.98011,2.03454,-0.4648,-0.1621,0.26628,0.3178,-0.69485,2.10663,-0.89372,-0.27319,-0.07191,0.35245,-0.194,-0.10514,-0.72536,-0.10728,-0.05081,-0.03704,0.40032,0.09342,0.1135,-0.66304,-0.11437,0.07862,0.05252
21.16,0.0306,-0.01873,-0.12627,0.35788,-0.04945,-0.05545,0.60794,0.20863,-0.06455,-0.67084,0.41193,-0.0145,0.02473,-0.44632,-0.02845,0.9221,2.07747,-0.47884,-0.16739,0.26357,0.31774,-0.69873,2.10166,-0.92599,-0.26141,-0.06761,0.35123,-0.19955,-0.10978,-0.72905,-0.10696,-0.0495,-0.03633,0.39816,0.09149,0.11478,-0.66841,-0.11435,0.07902,0.05273
21.18,0.02967,-0.0198,-0.12718,0.35201,-0.0444,-0.05383,0.6024,0.21712,-0.05851,-0.66898,0.42244,-0.0145,0.10345,-0.44451,0.00126,0.85599,2.1263,-0.49479,-0.17332,0.26074,0.31811,-0.70299,2.09545,-0.96464,-0.24817,-0.06114,0.34986,-0.2062,-0.11637,-0.73363,-0.10657,-0.04785,-0.03541,0.39589,0.08913,0.1149,-0.67517,-0.11442,0.07964,0.05306
21.2,0.02896,-0.02043,-0.12796,0.34841,-0.04101,-0.05253,0.59906,0.22371,-0.05543,-0.66696,0.43012,-0.0145,0.16262,-0.44228,0.02197,0.80632,2.1651,-0.50784,-0.17814,0.25975,0.31759,-0.70565,2.09058,-0.99523,-0.23738,-0.05798,0.34872,-0.21079,-0.1199,-0.73629,-0.10635,-0.04682,-0.03486,0.39387,0.08756,0.11678,-0.67886,-0.11434,0.07984,0.05316
21.22,0.02887,-0.01982,-0.12845,0.35076,-0.04215,-0.05199,0.60192,0.2252,-0.05999,-0.66476,0.4308,-0.0145,0.1694,-0.43968,0.01842,0.80121,2.17479,-0.512,-0.17985,0.2622,0.31452,-0.70479,2.091,-0.99765,-0.23363,-0.06613,0.34824,-0.20931,-0.1132,-0.73361,-0.10658,-0.04763,-0.03543,0.39233,0.08834,0.12464,-0.67407,-0.11379,0.07876,0.05257
21.24,0.029,-0.01877,-0.12881,0.35537,-0.04495,-0.05177,0.60699,0.22476,-0.06747,-0.66248,0.42874,-0.0145,0.15603,-0.43676,0.00569,0.81306,2.1738,-0.513,-0.18037,0.26622,0.3106,-0.70241,2.09298,-0.99133,-0.23253,-0.07759,0.34801,-0.20579,-0.10345,-0.72903,-0.10697,-0.04906,-0.03635,0.39106,0.0899,0.13424,-0.66627,-0.1131,0.07726,0.05174
21.26,0.02903,-0.01793,-0.12921,0.35901,-0.04702,-0.05144,0.61098,0.22508,-0.07364,-0.6603,0.42792,-0.0145,0.15047,-0.43401,-0.00324,0.81829,2.17706,-0.51531,-0.18131,0.26947,0.30718,-0.70068,2.09417,-0.98943,-0.23051,-0.08681,0.3477,-0.20337,-0.0957,-0.7254,-0.10729,-0.05016,-0.03708,0.38979,0.09104,0.14266,-0.65997,-0.11251,0.07599,0.05105
21.28,0.02908,-0.01702,-0.12969,0.36243,-0.04905,-0.05099,0.6153,0.22585,-0.07981,-0.65778,0.42702,-0.0145,0.15056,-0.43106,-0.01064,0.81894,2.18335,-0.51841,-0.18283,0.27323,0.30329,-0.69904,2.09545,-0.98641,-0.22724,-0.09893,0.34726,-0.20026,-0.08558,-0.72139,-0.10762,-0.05147,-0.03795,0.388,0.09243,0.15264,-0.65303,-0.11181,0.07457,0.05027
21.3,0.02915,-0.01616,-0.12996,0.36682,-0.05151,-0.05085,0.61943,0.22527,-0.08662,-0.65598,0.42564,-0.0145,0.1342,-0.42847,-0.02334,0.83306,2.1805,-0.51895,-0.18283,0.27616,0.30018,-0.69684,2.09702,-0.98335,-0.22718,-0.10592,0.34713,-0.19806,-0.07954,-0.71775,-0.10796,-0.0525,-0.03861,0.38735,0.0935,0.15985,-0.64676,-0.11128,0.07335,0.0496
21.32,0.02921,-0.01552,-0.12966,0.37355,-0.05492,-0.05148,0.62276,0.22124,-0.09471,-0.65595,0.42401,-0.0145,0.07641,-0.4272,-0.04898,0.88145,2.15644,-0.51409,-0.17899,0.2768,0.29926,-0.69393,2.09901,-0.98219,-0.23573,-0.09734,0.34785,-0.19906,-0.08614,-0.71545,-0.10826,-0.0526,-0.03856,0.3899,0.09329,0.15856,-0.64277,-0.11127,0.0728,0.0493
21.34,0.02927,-0.01495,-0.12914,0.38111,-0.05865,-0.0524,0.62578,0.21597,-0.1033,-0.65667,0.42195,-0.0145,0.003,-0.42627,-0.07948,0.94254,2.12332,-0.50661,-0.17364,0.27645,0.29918,-0.69043,2.10125,-0.98119,-0.24735,-0.08363,0.34885,-0.20101,-0.09683,-0.71361,-0.10856,-0.0524,-0.03829,0.39355,0.09276,0.15452,-0.63962,-0.11143,0.07246,0.04912
21.36,0.02934,-0.01438,-0.12871,0.38814,-0.06209,-0.05316,0.62877,0.21138,-0.11152,-0.6572,0.41982,-0.0145,-0.0627,-0.425,-0.10741,0.99706,2.09329,-0.49968,-0.1689,0.27624,0.29882,-0.68689,2.1034,-0.98006,-0.25732,-0.07268,0.34965,-0.2024,-0.10522,-0.71166,-0.10884,-0.05237,-0.03815,0.39661,0.0925,0.15206,-0.63628,-0.1115,0.07201,0.04887
21.38,0.0294,-0.01366,-0.1283,0.39591,-0.06619,-0.05405,0.63258,0.2062,-0.12046,-0.65712,0.41865,-0.0145,-0.13192,-0.42446,-0.13734,1.05573,2.06691,-0.49519,-0.16439,0.27736,0.29802,-0.68458,2.10552,-0.97884,-0.26846,-0.06002,0.35074,-0.20428,-0.11534,-0.70924,-0.10919,-0.05224,-0.03792,0.40007,0.09176,0.1483,-0.632,-0.11164,0.07161,0.04865
21.4,0.02948,-0.01327,-0.1278,0.40228,-0.06897,-0.05474,0.63456,0.20199,-0.12795,-0.65848,0.41547,-0.0145,-0.19695,-0.42255,-0.16398,1.10835,2.03128,-0.48522,-0.15912,0.27549,0.29833,-0.67963,2.10772,-0.97799,-0.27784,-0.04966,0.35132,-0.2054,-0.12289,-0.70794,-0.1094,-0.05222,-0.0378,0.40296,0.0919,0.14651,-0.62993,-0.11166,0.07116,0.0484
21.42,0.02963,-0.01379,-0.12706,0.4049,-0.06804,-0.05483,0.63159,0.20077,-0.13152,-0.66365,0.40633,-0.0145,-0.24925,-0.41634,-0.18165,1.14284,1.96917,-0.45938,-0.15182,0.26542,0.30173,-0.66705,2.11029,-0.97796,-0.28161,-0.04702,0.35032,-0.20407,-0.12219,-0.70948,-0.10919,-0.05265,-0.03804,0.40407,0.09477,0.15143,-0.6339,-0.11126,0.07042,0.04795
21.44,0.02981,-0.01463,-0.12622,0.40601,-0.06575,-0.05469,0.62678,0.20058,-0.13355,-0.67022,0.39528,-0.0145,-0.29619,-0.40884,-0.19557,1.17042,1.89873,-0.42842,-0.1439,0.25241,0.30619,-0.65192,2.11288,-0.97837,-0.28349,-0.04684,0.34885,-0.20198,-0.11881,-0.71216,-0.10884,-0.05319,-0.03837,0.40456,0.09851,0.15832,-0.64007,-0.11073,0.06963,0.04746
21.46,0.02996,-0.01532,-0.12542,0.40759,-0.06406,-0.05463,0.62277,0.19993,-0.13613,-0.67614,0.38546,-0.0145,-0.34379,-0.40226,-0.21032,1.19997,1.83414,-0.40073,-0.13649,0.24086,0.31002,-0.63827,2.11529,-0.97874,-0.28621,-0.04543,0.34769,-0.20033,-0.11675,-0.71442,-0.10856,-0.05364,-0.03864,0.40529,0.1017,0.16392,-0.64517,-0.11029,0.06892,0.04702
21.48,0.03016,-0.01604,-0.12463,0.4101,-0.06247,-0.05469,0.61888,0.19919,-0.13939,-0.68219,0.37411,-0.0145,-0.39953,-0.39429,-0.22895,1.23491,1.76032,-0.36889,-0.12805,0.22876,0.31449,-0.62323,2.11843,-0.97846,-0.2891,-0.04429,0.3461,-0.19832,-0.11438,-0.71628,-0.10826,-0.05424,-0.039,0.40624,0.10551,0.17107,-0.65059,-0.10974,0.068,0.04644
21.5,0.03026,-0.01678,-0.12381,0.4103,-0.06034,-0.05444,0.61433,0.19889,-0.14085,-0.68824,0.36548,-0.0145,-0.43674,-0.38887,-0.23855,1.25683,1.70408,-0.3446,-0.12164,0.21714,0.3179,-0.61049,2.12006,-0.97962,-0.29114,-0.04326,0.3453,-0.19686,-0.112,-0.71921,-0.10796,-0.05456,-0.0392,0.40657,0.10825,0.17552,-0.65584,-0.10939,0.0675,0.04615
21.52,0.03006,-0.01754,-0.12295,0.40442,-0.05689,-0.05336,0.60828,0.19951,-0.13774,-0.69442,0.36516,-0.0145,-0.42462,-0.39117,-0.22384,1.24425,1.69666,-0.34174,-0.12079,0.20735,0.31791,-0.60478,2.1173,-0.98469,-0.29149,-0.04188,0.3468,-0.19705,-0.10998,-0.72498,-0.10769,-0.05414,-0.03894,0.40528,0.10769,0.1718,-0.66021,-0.1096,0.06819,0.04666
21.54,0.02976,-0.01831,-0.12206,0.39627,-0.05297,-0.05198,0.60165,0.20054,-0.13287,-0.70047,0.36762,-0.0145,-0.39386,-0.39602,-0.20018,1.21878,1.70753,-0.34677,-0.12203,0.19821,0.31686,-0.60148,2.11304,-0.99118,-0.29102,-0.04058,0.34913,-0.19781,-0.10808,-0.73173,-0.10744,-0.05344,-0.03851,0.4034,0.10605,0.16533,-0.66428,-0.11002,0.06932,0.04746
21.56,0.0295,-0.01906,-0.12119,0.38918,-0.04935,-0.05076,0.59536,0.20143,-0.12878,-0.70628,0.36861,-0.0145,-0.37116,-0.39945,-0.18075,1.19926,1.7113,-0.3487,-0.12247,0.18894,0.31645,-0.59705,2.10959,-0.997,-0.29077,-0.03931,0.35109,-0.19832,-0.10631,-0.7379,-0.10718,-0.05285,-0.03816,0.40183,0.10497,0.16028,-0.66838,-0.11035,0.07024,0.04812
21.58,0.02925,-0.01989,-0.12032,0.38192,-0.04529,-0.04942,0.58869,0.20218,-0.1247,-0.7134,0.37037,-0.0145,-0.34993,-0.40392,-0.16049,1.17908,1.7099,-0.34853,-0.1223,0.17883,0.31544,-0.59262,2.10561,-1.00297,-0.29104,-0.03782,0.35298,-0.19876,-0.10369,-0.74473,-0.1069,-0.05232,-0.03783,0.40005,0.1036,0.15461,-0.67303,-0.11066,0.07119,0.04882
21.6,0.02895,-0.02054,-0.11942,0.3745,-0.04208,-0.04826,0.58271,0.20329,-0.12021,-0.71774,0.37127,-0.0145,-0.32139,-0.40686,-0.13991,1.15737,1.7234,-0.35452,-0.12386,0.1707,0.31538,-0.58884,2.10237,-1.00891,-0.2901,-0.03681,0.35524,-0.19948,-0.10289,-0.75036,-0.10668,-0.05159,-0.0374,0.3986,0.10258,0.14954,-0.67642,-0.11106,0.07218,0.04949
21.62,0.02853,-0.02071,-0.11847,0.36702,-0.04112,-0.04758,0.57866,0.20551,-0.115,-0.71458,0.36868,-0.0145,-0.2762,-0.40481,-0.12043,1.13399,1.77652,-0.37698,-0.12998,0.16766,0.3184,-0.58609,2.10165,-1.01474,-0.2858,-0.03674,0.3583,-0.20099,-0.10716,-0.75271,-0.10663,-0.05032,-0.03668,0.39805,0.10273,0.14697,-0.67656,-0.11163,0.07322,0.05003
21.64,0.02805,-0.02068,-0.11748,0.35952,-0.04107,-0.04711,0.57534,0.20804,-0.10947,-0.70862,0.36522,-0.0145,-0.22452,-0.40116,-0.10102,1.10969,1.84352,-0.40515,-0.13771,0.16664,0.32235,-0.58394,2.10172,-1.02043,-0.28036,-0.03719,0.36174,-0.20273,-0.11325,-0.75377,-0.10665,-0.04886,-0.03586,0.3979,0.10325,0.14505,-0.67541,-0.11228,0.07428,0.05054
21.66,0.0276,-0.02073,-0.11649,0.35216,-0.04073,-0.0466,0.57177,0.21027,-0.10412,-0.70386,0.36246,-0.0145,-0.17646,-0.39833,-0.0817,1.0862,1.90225,-0.42983,-0.14449,0.1649,0.32573,-0.58164,2.10136,-1.02594,-0.27561,-0.03766,0.36503,-0.20423,-0.11845,-0.75524,-0.10665,-0.0475,-0.0351,0.3977,0.10364,0.14275,-0.67474,-0.1129,0.07531,0.05105
21.68,0.02717,-0.02086,-0.11555,0.34414,-0.03984,-0.04584,0.56786,0.21319,-0.09856,-0.69938,0.35855,-0.0145,-0.1248,-0.39517,-0.06145,1.06046,1.96981,-0.45853,-0.15224,0.16241,0.32971,-0.57895,2.10126,-1.03249,-0.27011,-0.03712,0.36822,-0.20628,-0.12388,-0.75747,-0.10662,-0.04604,-0.03428,0.39694,0.10388,0.14078,-0.67452,-0.11352,0.07642,0.05159
21.7,0.02666,-0.02076,-0.1145,0.33753,-0.04033,-0.04565,0.56482,0.21475,-0.0934,-0.69368,0.35675,-0.0145,-0.0795,-0.39229,-0.04337,1.03953,2.02213,-0.48014,-0.15836,0.1619,0.33268,-0.57713,2.10082,-1.03686,-0.26591,-0.03872,0.37172,-0.20726,-0.1293,-0.75779,-0.10667,-0.04476,-0.03357,0.39745,0.1045,0.13825,-0.67304,-0.11416,0.07738,0.05207
21.72,0.02595,-0.02007,-0.11313,0.33468,-0.04436,-0.04703,0.56414,0.21256,-0.08919,-0.68519,0.36149,-0.0145,-0.05206,-0.39048,-0.03058,1.03075,2.02799,-0.48032,-0.15938,0.1668,0.33253,-0.57801,2.09906,-1.03505,-0.26564,-0.04694,0.37587,-0.20506,-0.13385,-0.75314,-0.1069,-0.04405,-0.03322,0.40131,0.10629,0.13458,-0.66849,-0.11484,0.07786,0.05234
21.74,0.02515,-0.01916,-0.11162,0.33328,-0.04978,-0.04897,0.56431,0.209,-0.08545,-0.6756,0.36829,-0.0145,-0.0316,-0.38901,-0.02014,1.02715,2.01805,-0.47318,-0.15874,0.17355,0.33137,-0.57965,2.09697,-1.03109,-0.26671,-0.05716,0.38035,-0.20179,-0.13839,-0.74661,-0.1072,-0.04353,-0.033,0.40647,0.10843,0.13025,-0.6627,-0.11555,0.0782,0.05254
21.76,0.02438,-0.01835,-0.11017,0.33129,-0.05461,-0.05063,0.56402,0.20602,-0.08165,-0.66659,0.37383,-0.0145,-0.00886,-0.38742,-0.00911,1.02215,2.01598,-0.46966,-0.15903,0.17918,0.33073,-0.58065,2.09515,-1.02822,-0.26712,-0.06591,0.38473,-0.19914,-0.14322,-0.74095,-0.10748,-0.0429,-0.03271,0.4111,0.11027,0.12586,-0.6574,-0.11629,0.07863,0.05279
21.78,0.02367,-0.01752,-0.10877,0.32899,-0.05929,-0.0524,0.56404,0.20322,-0.0772,-0.65715,0.38074,-0.0145,0.01795,-0.38561,0.00392,1.01312,2.01178,-0.46519,-0.15872,0.18607,0.32984,-0.5829,2.09283,-1.0248,-0.26769,-0.077,0.38889,-0.19599,-0.14698,-0.73517,-0.10773,-0.04236,-0.03247,0.41548,0.11269,0.12296,-0.65234,-0.11687,0.07895,0.05296
21.8,0.02279,-0.01668,-0.10722,0.32769,-0.06463,-0.05407,0.5636,0.19972,-0.07423,-0.64838,0.38524,-0.0145,0.03446,-0.38436,0.01222,1.01371,2.00771,-0.46075,-0.15915,0.19072,0.32924,-0.58271,2.09147,-1.02208,-0.26827,-0.08373,0.39361,-0.19356,-0.15284,-0.72921,-0.10806,-0.04169,-0.03216,0.4207,0.114,0.11688,-0.64652,-0.11777,0.07947,0.05327
21.82,0.02151,-0.01581,-0.10527,0.3288,-0.07128,-0.05532,0.56183,0.19448,-0.07521,-0.64167,0.38297,-0.0145,0.0247,-0.38458,0.00814,1.03965,2.01113,-0.45935,-0.16273,0.18905,0.32964,-0.57578,2.09296,-1.02129,-0.26855,-0.07755,0.39949,-0.19372,-0.16548,-0.72332,-0.10862,-0.0405,-0.03156,0.42765,0.11191,0.10143,-0.63898,-0.11959,0.0807,0.05403
21.84,0.02005,-0.01493,-0.10316,0.33086,-0.07858,-0.05644,0.55955,0.18858,-0.07767,-0.6357,0.37816,-0.0145,0.00473,-0.38535,-0.00065,1.07507,2.01461,-0.45803,-0.16698,0.18499,0.33037,-0.56635,2.09542,-1.02135,-0.26881,-0.06698,0.40598,-0.19456,-0.18005,-0.7173,-0.10926,-0.0392,-0.0309,0.43546,0.10874,0.08296,-0.63074,-0.12172,0.08213,0.05491
21.86,0.01863,-0.01406,-0.1011,0.33249,-0.08571,-0.05762,0.55741,0.18304,-0.07949,-0.62945,0.37426,-0.0145,-0.01092,-0.38588,-0.00738,1.10615,2.01577,-0.45587,-0.17043,0.18179,0.33098,-0.55796,2.09739,-1.02135,-0.26908,-0.05867,0.41239,-0.19484,-0.1931,-0.71127,-0.10985,-0.03803,-0.03031,0.44305,0.10623,0.06637,-0.6228,-0.12367,0.08341,0.05571
21.88,0.01737,-0.01317,-0.09914,0.3342,-0.09239,-0.05883,0.55568,0.17721,-0.08121,-0.62291,0.37141,-0.0145,-0.02556,-0.38642,-0.0139,1.13764,2.02582,-0.45674,-0.17585,0.17958,0.33146,-0.54999,2.09953,-1.01994,-0.26939,-0.04929,0.41796,-0.19613,-0.20884,-0.70546,-0.11049,-0.03653,-0.02955,0.44994,0.103,0.0476,-0.61486,-0.12579,0.08492,0.05663
21.9,0.01574,-0.01233,-0.09692,0.33592,-0.10014,-0.05992,0.55294,0.17183,-0.08345,-0.61717,0.36578,-0.0145,-0.04454,-0.38704,-0.02189,1.17035,2.01791,-0.45154,-0.17742,0.17476,0.33229,-0.54056,2.10156,-1.02165,-0.26959,-0.04107,0.42544,-0.19551,-0.21948,-0.69917,-0.11104,-0.03568,-0.02913,0.45849,0.10102,0.03267,-0.60678,-0.12764,0.08601,0.05732
21.92,0.01313,-0.0116,-0.09407,0.3376,-0.11068,-0.06072,0.54772,0.1679,-0.08703,-0.61336,0.3528,-0.0145,-0.07387,-0.38795,-0.03314,1.20504,1.9573,-0.4284,-0.16766,0.163,0.33399,-0.52737,2.10308,-1.03212,-0.26943,-0.03719,0.438,-0.18938,-0.21526,-0.69168,-0.11131,-0.03671,-0.02972,0.4713,0.10277,0.02908,-0.59832,-0.12867,0.0859,0.0573
21.94,0.01016,-0.01093,-0.09096,0.33923,-0.12227,-0.06138,0.54147,0.16444,-0.09103,-0.61035,0.33716,-0.0145,-0.10701,-0.38887,-0.04562,1.24043,1.87926,-0.39939,-0.15412,0.14874,0.33603,-0.51285,2.10445,-1.04566,-0.26915,-0.03462,0.45246,-0.18132,-0.2059,-0.68369,-0.11149,-0.0384,-0.03066,0.48577,0.10582,0.02945,-0.58976,-0.12943,0.08537,0.05704
21.96,0.00734,-0.01025,-0.08795,0.34077,-0.1334,-0.06209,0.53558,0.16073,-0.09468,-0.60706,0.32293,-0.0145,-0.13784,-0.38964,-0.05732,1.27486,1.81132,-0.37386,-0.14269,0.13579,0.33792,-0.49912,2.10586,-1.0576,-0.26893,-0.03143,0.46607,-0.1742,-0.19909,-0.67587,-0.11171,-0.03976,-0.03142,0.49957,0.1083,0.02808,-0.58135,-0.13032,0.08503,0.05689
21.98,0.00456,-0.00949,-0.08501,0.34282,-0.14449,-0.06288,0.5301,0.15712,-0.09907,-0.60344,0.30779,-0.0145,-0.17154,-0.39104,-0.07017,1.31233,1.73422,-0.34488,-0.12963,0.12199,0.33982,-0.48448,2.10743,-1.07042,-0.26868,-0.02822,0.47967,-0.16682,-0.19146,-0.6683,-0.11194,-0.04124,-0.03225,0.51306,0.11069,0.02646,-0.57248,-0.13119,0.08468,0.05674
22,0.00161,-0.00891,-0.08187,0.34378,-0.15588,-0.06347,0.52355,0.15343,-0.10199,-0.60068,0.29394,-0.0145,-0.19996,-0.39116,-0.0808,1.34351,1.67202,-0.3217,-0.11904,0.10943,0.34176,-0.47149,2.10859,-1.08213,-0.26846,-0.0254,0.4937,-0.15953,-0.18429,-0.6601,-0.11213,-0.04264,-0.03303,0.52754,0.11355,0.02623,-0.56455,-0.13204,0.08426,0.05655
22.02,-0.00175,-0.00877,-0.07822,0.34177,-0.16807,-0.06358,0.51422,0.14942,-0.10086,-0.60003,0.28425,-0.0145,-0.21348,-0.38743,-0.08542,1.35713,1.65565,-0.31608,-0.11628,0.10071,0.34394,-0.46319,2.10884,-1.0899,-0.26836,-0.02336,0.50876,-0.15285,-0.17956,-0.65023,-0.11224,-0.04365,-0.03363,0.54463,0.11769,0.0298,-0.55919,-0.13281,0.08366,0.05625
22.04,-0.00525,-0.0088,-0.07438,0.33866,-0.18049,-0.06349,0.50386,0.14532,-0.09821,-0.6002,0.27597,-0.0145,-0.2214,-0.38248,-0.08765,1.36435,1.65484,-0.3165,-0.11612,0.09338,0.3461,-0.45664,2.10864,-1.09646,-0.26828,-0.02169,0.52414,-0.14633,-0.17548,-0.63976,-0.11232,-0.04456,-0.03416,0.56258,0.12222,0.03449,-0.55478,-0.13357,0.08301,0.05594
22.06,-0.00865,-0.00876,-0.07065,0.33604,-0.19267,-0.06349,0.49399,0.14126,-0.09619,-0.60002,0.2671,-0.0145,-0.23143,-0.3783,-0.09064,1.37444,1.64661,-0.31408,-0.11471,0.08556,0.34812,-0.44942,2.1085,-1.10366,-0.26819,-0.01985,0.53919,-0.13979,-0.17115,-0.62958,-0.11241,-0.04552,-0.03472,0.57994,0.12638,0.03804,-0.54997,-0.13439,0.08244,0.05567
22.08,-0.0122,-0.00871,-0.06683,0.33346,-0.20548,-0.06353,0.48398,0.13718,-0.09443,-0.59976,0.25793,-0.0145,-0.24346,-0.37322,-0.09503,1.3847,1.63911,-0.31181,-0.11345,0.07706,0.35081,-0.44161,2.10893,-1.1106,-0.26812,-0.01806,0.55511,-0.13298,-0.16646,-0.61929,-0.11249,-0.04651,-0.03532,0.59822,0.13135,0.04429,-0.54504,-0.135,0.08161,0.05524
22.1,-0.01548,-0.00871,-0.06317,0.33054,-0.21699,-0.06342,0.47406,0.13314,-0.09177,-0.59985,0.24976,-0.0145,-0.24993,-0.36969,-0.09593,1.39312,1.63418,-0.31079,-0.11256,0.07033,0.35208,-0.43547,2.10809,-1.11772,-0.268,-0.01625,0.56924,-0.12679,-0.16273,-0.60911,-0.11258,-0.04739,-0.03581,0.61475,0.13476,0.04527,-0.5406,-0.13604,0.0813,0.05514
22.12,-0.01807,-0.00882,-0.05997,0.32687,-0.22503,-0.06293,0.46436,0.12915,-0.0869,-0.60078,0.244,-0.0145,-0.24239,-0.37102,-0.08764,1.39752,1.63116,-0.31117,-0.11185,0.06829,0.34945,-0.43362,2.10358,-1.12604,-0.26773,-0.01409,0.57858,-0.12224,-0.16149,-0.59912,-0.11268,-0.04803,-0.03602,0.62648,0.13339,0.03013,-0.53715,-0.13844,0.08255,0.05602
22.14,-0.02037,-0.00897,-0.05695,0.32291,-0.23173,-0.0623,0.45485,0.12521,-0.0812,-0.602,0.23923,-0.0145,-0.22943,-0.37391,-0.07592,1.40039,1.63047,-0.3127,-0.11146,0.06797,0.34538,-0.4334,2.09785,-1.13451,-0.2674,-0.01193,0.58607,-0.11832,-0.16123,-0.58929,-0.11277,-0.04854,-0.03612,0.63638,0.13049,0.00984,-0.53419,-0.14125,0.0843,0.05722
22.16,-0.02276,-0.00911,-0.05388,0.31913,-0.23893,-0.06175,0.44542,0.12129,-0.07595,-0.60304,0.23403,-0.0145,-0.21896,-0.37591,-0.06586,1.40431,1.62982,-0.31416,-0.11108,0.06675,0.34195,-0.4324,2.09285,-1.14264,-0.26709,-0.00991,0.59428,-0.11413,-0.16055,-0.57953,-0.11285,-0.0491,-0.03626,0.64698,0.12852,-0.00727,-0.5311,-0.14378,0.08575,0.05822
22.18,-0.02534,-0.00922,-0.05069,0.31513,-0.24658,-0.06113,0.43523,0.11722,-0.07034,-0.60433,0.2288,-0.0145,-0.2082,-0.37861,-0.05531,1.40649,1.62536,-0.31405,-0.11019,0.06605,0.33856,-0.43161,2.0871,-1.15184,-0.26684,-0.00732,0.60303,-0.10986,-0.15975,-0.56912,-0.11299,-0.04973,-0.03642,0.65818,0.1256,-0.02784,-0.52767,-0.14671,0.0875,0.05943
22.2,-0.02745,-0.00939,-0.04779,0.31151,-0.25297,-0.06062,0.42671,0.11345,-0.0653,-0.60514,0.22385,-0.0145,-0.19681,-0.38026,-0.04496,1.41204,1.62881,-0.31724,-0.11035,0.06468,0.33476,-0.43076,2.08262,-1.1589,-0.26643,-0.00589,0.61019,-0.10591,-0.15943,-0.56014,-0.11301,-0.05016,-0.03653,0.66765,0.12427,-0.04249,-0.52505,-0.1489,0.08876,0.0603
22.22,-0.02834,-0.00973,-0.04561,0.30905,-0.2563,-0.06046,0.42271,0.11052,-0.06213,-0.6046,0.21932,-0.0145,-0.1852,-0.37859,-0.03643,1.42718,1.65683,-0.33075,-0.11378,0.06104,0.33002,-0.42913,2.08204,-1.15958,-0.26566,-0.00799,0.61343,-0.10262,-0.16032,-0.55493,-0.11271,-0.05008,-0.03652,0.67303,0.12781,-0.03923,-0.52456,-0.1489,0.08848,0.06015
22.24,-0.02875,-0.01011,-0.04372,0.30697,-0.25838,-0.06042,0.42042,0.1079,-0.05956,-0.60354,0.21504,-0.0145,-0.17311,-0.37581,-0.02814,1.44581,1.69207,-0.34727,-0.11817,0.05666,0.32494,-0.42741,2.08278,-1.15819,-0.2647,-0.0112,0.6151,-0.09963,-0.16163,-0.5512,-0.1123,-0.0498,-0.03645,0.67669,0.13297,-0.0299,-0.52487,-0.14815,0.08769,0.05966
22.26,-0.02936,-0.01047,-0.04171,0.30468,-0.26097,-0.06031,0.41738,0.10515,-0.05668,-0.60268,0.21071,-0.0145,-0.16112,-0.37359,-0.01944,1.46295,1.72168,-0.36138,-0.12181,0.05262,0.32009,-0.42587,2.08287,-1.15805,-0.26377,-0.0137,0.61746,-0.09652,-0.16267,-0.54691,-0.11195,-0.04962,-0.03641,0.68099,0.13731,-0.02356,-0.5248,-0.14777,0.08716,0.05934
22.28,-0.03004,-0.01086,-0.03963,0.30252,-0.26379,-0.06025,0.41421,0.10238,-0.05392,-0.60199,0.20613,-0.0145,-0.14947,-0.37122,-0.01187,1.47963,1.76111,-0.37982,-0.12677,0.04866,0.31484,-0.4238,2.08312,-1.15658,-0.26307,-0.01708,0.61989,-0.09334,-0.16409,-0.54215,-0.11157,-0.04941,-0.03636,0.68579,0.14194,-0.01642,-0.52481,-0.14728,0.08653,0.05897
22.3,-0.03045,-0.01119,-0.03778,0.30021,-0.26584,-0.06013,0.41174,0.09971,-0.05108,-0.6008,0.20212,-0.0145,-0.13704,-0.36885,-0.00207,1.49809,1.78201,-0.39006,-0.12924,0.04431,0.31039,-0.42281,2.08336,-1.15739,-0.26187,-0.0189,0.62181,-0.09039,-0.16481,-0.53872,-0.11123,-0.04922,-0.03631,0.68918,0.14636,-0.00946,-0.52483,-0.14682,0.08598,0.05862
22.32,-0.03023,-0.01132,-0.03645,0.29727,-0.26609,-0.05977,0.41069,0.09721,-0.04779,-0.59844,0.19957,-0.0145,-0.1228,-0.36706,0.01415,1.52089,1.74769,-0.3758,-0.12429,0.03909,0.30819,-0.42464,2.08334,-1.16494,-0.25923,-0.01591,0.62286,-0.08795,-0.16338,-0.53871,-0.11107,-0.04918,-0.03628,0.68917,0.14984,-0.00439,-0.52468,-0.14663,0.08575,0.05842
22.34,-0.02974,-0.01137,-0.03535,0.29418,-0.26561,-0.05935,0.41031,0.0948,-0.04442,-0.59557,0.19758,-0.0145,-0.10777,-0.36524,0.03256,1.54531,1.69487,-0.35337,-0.11685,0.03347,0.30683,-0.42759,2.08326,-1.17485,-0.25612,-0.01136,0.62345,-0.08574,-0.16125,-0.54,-0.11097,-0.04918,-0.03626,0.68782,0.15304,0.00029,-0.52452,-0.14648,0.08562,0.05826
22.36,-0.02936,-0.01145,-0.03416,0.29124,-0.26547,-0.05897,0.40969,0.09236,-0.04116,-0.59288,0.19536,-0.0145,-0.093,-0.36321,0.04984,1.56882,1.65202,-0.3354,-0.11074,0.02799,0.30512,-0.43014,2.08317,-1.18373,-0.25331,-0.00767,0.62417,-0.08347,-0.15955,-0.54065,-0.11083,-0.04915,-0.03623,0.68706,0.15635,0.00512,-0.52437,-0.14629,0.08544,0.05807
22.38,-0.02902,-0.01155,-0.0329,0.28799,-0.26528,-0.05855,0.40884,0.08988,-0.03761,-0.59044,0.19306,-0.0145,-0.07866,-0.36211,0.06771,1.59321,1.60288,-0.31442,-0.10384,0.02269,0.30325,-0.43222,2.08332,-1.1924,-0.25011,-0.00338,0.62514,-0.08105,-0.15741,-0.54155,-0.11071,-0.04915,-0.0362,0.68628,0.15982,0.01026,-0.5242,-0.14614,0.08527,0.05789
22.4,-0.02853,-0.0116,-0.03184,0.28535,-0.26503,-0.0582,0.40861,0.08752,-0.03465,-0.58732,0.19105,-0.0145,-0.06322,-0.35904,0.08485,1.61608,1.56229,-0.29766,-0.09798,0.01691,0.30192,-0.43556,2.0829,-1.20201,-0.24762,1e-05,0.62551,-0.07897,-0.15599,-0.54222,-0.11057,-0.04911,-0.03617,0.68526,0.16284,0.01458,-0.52406,-0.14595,0.0851,0.05772
22.42,-0.02767,-0.01154,-0.03124,0.28439,-0.26472,-0.05803,0.40986,0.08544,-0.03331,-0.58274,0.18966,-0.0145,-0.04514,-0.35085,0.0996,1.63464,1.55026,-0.29514,-0.09568,0.0101,0.30187,-0.44198,2.08113,-1.21424,-0.24723,0.0009,0.62428,-0.07783,-0.15685,-0.54196,-0.11034,-0.04892,-0.03608,0.68379,0.1648,0.0169,-0.52394,-0.14562,0.08487,0.05757
22.44,-0.02667,-0.01144,-0.03084,0.28406,-0.2644,-0.05793,0.41171,0.08348,-0.03258,-0.57746,0.18854,-0.0145,-0.02595,-0.34065,0.1135,1.65156,1.54732,-0.29701,-0.0945,0.0028,0.30232,-0.44965,2.07874,-1.22719,-0.24755,0.00076,0.6225,-0.07701,-0.15842,-0.54141,-0.11008,-0.0487,-0.03599,0.68215,0.16629,0.01835,-0.52385,-0.14525,0.08464,0.05745
22.46,-0.02574,-0.01136,-0.03035,0.28347,-0.26414,-0.0578,0.41333,0.08147,-0.03161,-0.57232,0.18731,-0.0145,-0.00713,-0.33118,0.12769,1.66905,1.53989,-0.29646,-0.09279,-0.00438,0.30254,-0.45684,2.07648,-1.23944,-0.24752,0.00084,0.62102,-0.07602,-0.15956,-0.54099,-0.10982,-0.04853,-0.03593,0.68067,0.1679,0.02001,-0.52378,-0.14491,0.08443,0.05733
22.48,-0.02478,-0.01129,-0.02983,0.28275,-0.26364,-0.05768,0.41481,0.07943,-0.0305,-0.56788,0.18605,-0.0145,0.01115,-0.32243,0.1424,1.68736,1.53338,-0.29743,-0.09113,-0.01114,0.3028,-0.46368,2.07482,-1.25345,-0.24762,0.00197,0.61928,-0.07514,-0.16114,-0.54065,-0.1096,-0.0482,-0.03577,0.67877,0.16987,0.02238,-0.52355,-0.14453,0.08413,0.05714
22.5,-0.02385,-0.01118,-0.02943,0.28247,-0.26364,-0.05755,0.4167,0.07749,-0.02982,-0.56184,0.1849,-0.0145,0.03078,-0.31173,0.15577,1.70351,1.5273,-0.29639,-0.08962,-0.01888,0.30309,-0.47157,2.07178,-1.26379,-0.24759,0.0007,0.61798,-0.07412,-0.16198,-0.54006,-0.1093,-0.0482,-0.03579,0.67774,0.17101,0.02313,-0.52366,-0.14422,0.08403,0.05709
22.52,-0.02301,-0.01098,-0.02932,0.28324,-0.26495,-0.05735,0.41957,0.07584,-0.03033,-0.55153,0.18397,-0.0145,0.05412,-0.29584,0.16576,1.71439,1.52095,-0.28875,-0.08854,-0.02933,0.30349,-0.48179,2.06503,-1.26522,-0.24715,-0.00743,0.61801,-0.07254,-0.16051,-0.53883,-0.10879,-0.04918,-0.03636,0.67917,0.16982,0.01922,-0.52477,-0.14415,0.0845,0.05742
22.54,-0.02219,-0.01074,-0.02932,0.28444,-0.26678,-0.05714,0.42282,0.07429,-0.03124,-0.53965,0.18313,-0.0145,0.07871,-0.27809,0.1744,1.7231,1.51469,-0.27898,-0.08753,-0.04071,0.30388,-0.49305,2.05694,-1.26269,-0.24654,-0.01788,0.61851,-0.07082,-0.1583,-0.53735,-0.10821,-0.05049,-0.03711,0.6815,0.16784,0.0138,-0.5262,-0.14416,0.08517,0.05788
22.56,-0.02137,-0.01052,-0.02929,0.28542,-0.2684,-0.05693,0.42591,0.07268,-0.03187,-0.52851,0.18224,-0.0145,0.10254,-0.26137,0.1836,1.73263,1.50798,-0.27021,-0.08631,-0.05161,0.30419,-0.50401,2.04948,-1.26105,-0.24593,-0.02694,0.61882,-0.06921,-0.15649,-0.53599,-0.10767,-0.05162,-0.03775,0.68342,0.16631,0.00935,-0.52742,-0.14412,0.08572,0.05826
22.58,-0.02052,-0.0103,-0.02922,0.2865,-0.2699,-0.05671,0.42898,0.07111,-0.03293,-0.51723,0.18139,-0.0145,0.12722,-0.24379,0.19301,1.74282,1.50328,-0.26143,-0.08584,-0.06282,0.3049,-0.51434,2.04184,-1.2632,-0.24566,-0.03739,0.61903,-0.06741,-0.15444,-0.53462,-0.10707,-0.05288,-0.03848,0.68536,0.16439,0.00367,-0.52888,-0.14412,0.08639,0.05873
22.6,-0.01974,-0.01008,-0.02924,0.28748,-0.27177,-0.05653,0.43217,0.0695,-0.0332,-0.50586,0.18046,-0.0145,0.15041,-0.2276,0.20167,1.75111,1.49436,-0.25215,-0.08384,-0.07354,0.30477,-0.52615,2.03433,-1.25657,-0.24463,-0.04554,0.61957,-0.06598,-0.15271,-0.53321,-0.10658,-0.05394,-0.03908,0.68746,0.16308,0.00019,-0.52993,-0.14405,0.08686,0.05904
22.62,-0.01911,-0.00988,-0.02944,0.28805,-0.27454,-0.05643,0.43567,0.06775,-0.03123,-0.49477,0.17939,-0.0145,0.16912,-0.21566,0.20854,1.75505,1.47321,-0.24164,-0.07752,-0.08291,0.30238,-0.54228,2.02718,-1.22611,-0.2415,-0.04625,0.62087,-0.06558,-0.15196,-0.53172,-0.10646,-0.05439,-0.03927,0.68971,0.1637,0.00319,-0.52972,-0.14378,0.08678,0.05888
22.64,-0.01855,-0.0097,-0.02973,0.2885,-0.27768,-0.05636,0.43926,0.06597,-0.02846,-0.48361,0.1782,-0.0145,0.18629,-0.2052,0.2147,1.7571,1.44788,-0.23076,-0.06968,-0.09165,0.29913,-0.55974,2.02029,-1.18708,-0.23762,-0.04463,0.62249,-0.06557,-0.15156,-0.5302,-0.10645,-0.05463,-0.03932,0.6921,0.16495,0.00846,-0.52908,-0.14342,0.08649,0.05856
22.66,-0.01797,-0.00951,-0.02999,0.28901,-0.28065,-0.05629,0.44276,0.06422,-0.02605,-0.47237,0.17698,-0.0145,0.2042,-0.19408,0.22121,1.75978,1.42477,-0.22026,-0.06257,-0.10056,0.29625,-0.57625,2.01352,-1.15225,-0.2341,-0.04445,0.624,-0.06541,-0.15107,-0.52874,-0.10639,-0.05495,-0.03943,0.69445,0.16588,0.01266,-0.52866,-0.14308,0.08628,0.05831
22.68,-0.01735,-0.00932,-0.03022,0.28949,-0.28363,-0.0562,0.4465,0.06244,-0.02365,-0.46155,0.1761,-0.0145,0.22198,-0.18282,0.22757,1.76333,1.40031,-0.20873,-0.05527,-0.11014,0.29349,-0.5943,2.0057,-1.11578,-0.23049,-0.04284,0.62539,-0.06512,-0.15031,-0.5271,-0.10633,-0.05532,-0.03955,0.69673,0.16691,0.01692,-0.52817,-0.1428,0.08613,0.05808
22.7,-0.01683,-0.00914,-0.03054,0.29,-0.28668,-0.05614,0.44974,0.0607,-0.02105,-0.44986,0.1745,-0.0145,0.23968,-0.17222,0.23407,1.76471,1.3777,-0.19935,-0.04803,-0.11799,0.29026,-0.60939,2.00014,-1.08103,-0.22691,-0.04352,0.62711,-0.0652,-0.15018,-0.52583,-0.1063,-0.05555,-0.03962,0.69917,0.16791,0.02166,-0.5277,-0.14239,0.0858,0.05778
22.72,-0.01654,-0.00904,-0.03109,0.29051,-0.28984,-0.0561,0.45165,0.05907,-0.01808,-0.43573,0.17098,-0.0145,0.25733,-0.16332,0.24119,1.76018,1.36071,-0.19557,-0.04105,-0.12274,0.28608,-0.61649,2.00098,-1.05058,-0.22336,-0.05207,0.62965,-0.06626,-0.15187,-0.52567,-0.1063,-0.05546,-0.03957,0.70208,0.16864,0.02695,-0.52748,-0.14166,0.08505,0.05735
22.74,-0.01636,-0.00896,-0.03175,0.29106,-0.29305,-0.05609,0.45302,0.0575,-0.01492,-0.42074,0.16676,-0.0145,0.27502,-0.155,0.24846,1.75365,1.34583,-0.19404,-0.03423,-0.12548,0.28141,-0.62048,2.00408,-1.02261,-0.21992,-0.06285,0.63251,-0.06769,-0.15414,-0.52588,-0.10633,-0.05525,-0.03948,0.70514,0.16932,0.03269,-0.52728,-0.1408,0.08411,0.05686
22.76,-0.01615,-0.00887,-0.03236,0.29162,-0.29622,-0.05606,0.45459,0.05591,-0.01184,-0.40618,0.16284,-0.0145,0.29283,-0.14628,0.25562,1.74826,1.33035,-0.19177,-0.02751,-0.12812,0.27689,-0.62555,2.00601,-0.99527,-0.21657,-0.07197,0.63521,-0.06893,-0.15604,-0.52587,-0.10635,-0.05512,-0.03941,0.7081,0.17007,0.03841,-0.52703,-0.13999,0.08324,0.05638
22.78,-0.01587,-0.00878,-0.03297,0.29203,-0.29947,-0.05603,0.45637,0.05427,-0.0088,-0.39142,0.15895,-0.0145,0.30996,-0.1382,0.26292,1.74172,1.31323,-0.18834,-0.01999,-0.13502,0.2727,-0.63205,2.00852,-0.96041,-0.21259,-0.08366,0.638,-0.07029,-0.15844,-0.52606,-0.10634,-0.0549,-0.0393,0.71118,0.17068,0.04346,-0.52696,-0.13919,0.08243,0.05595
22.8,-0.01576,-0.00868,-0.03359,0.29278,-0.30258,-0.05602,0.45756,0.05275,-0.00562,-0.37689,0.15487,-0.0145,0.32859,-0.12888,0.26998,1.73725,1.30007,-0.18782,-0.01422,-0.13259,0.26767,-0.63483,2.0104,-0.94166,-0.20995,-0.09064,0.64068,-0.07148,-0.15991,-0.52594,-0.10639,-0.05482,-0.03927,0.71407,0.17153,0.04993,-0.52651,-0.13835,0.08146,0.05542
22.82,-0.01601,-0.00853,-0.03424,0.29451,-0.30526,-0.05602,0.45749,0.05155,-0.00226,-0.36315,0.15033,-0.0145,0.35095,-0.11612,0.27633,1.73808,1.29738,-0.19504,-0.01315,-0.10486,0.26076,-0.62797,2.00951,-0.96927,-0.21109,-0.08351,0.64276,-0.07213,-0.15878,-0.52473,-0.10656,-0.05516,-0.03947,0.71628,0.17316,0.06054,-0.52494,-0.1374,0.08002,0.05457
22.84,-0.01644,-0.00837,-0.03489,0.29658,-0.30781,-0.05603,0.4568,0.05047,0.00125,-0.34967,0.14566,-0.0145,0.3749,-0.10206,0.28244,1.74125,1.29864,-0.20506,-0.01387,-0.06785,0.25296,-0.61752,2.00798,-1.01262,-0.21355,-0.07169,0.64475,-0.07261,-0.15668,-0.52321,-0.10679,-0.05564,-0.03975,0.71832,0.175,0.07247,-0.52299,-0.13641,0.07843,0.05363
22.86,-0.01682,-0.00822,-0.03553,0.29846,-0.31045,-0.05604,0.45624,0.04932,0.00476,-0.33611,0.14113,-0.0145,0.39838,-0.08847,0.28866,1.74399,1.29806,-0.21363,-0.01382,-0.03507,0.24536,-0.60878,2.00704,-1.04717,-0.21537,-0.06242,0.6469,-0.07316,-0.15496,-0.52191,-0.10699,-0.05606,-0.03999,0.72053,0.17669,0.08357,-0.52125,-0.13547,0.07694,0.05275
22.88,-0.01705,-0.00803,-0.03619,0.30048,-0.31298,-0.05605,0.45632,0.04821,0.00797,-0.3224,0.1362,-0.0145,0.42079,-0.07537,0.29484,1.74405,1.29768,-0.22303,-0.01355,-0.00203,0.23862,-0.59948,2.00492,-1.08867,-0.21742,-0.05149,0.64854,-0.07374,-0.15351,-0.52028,-0.10718,-0.05647,-0.04023,0.72235,0.17865,0.09571,-0.51934,-0.13442,0.07532,0.0518
22.9,-0.01764,-0.00793,-0.0368,0.3023,-0.31571,-0.05607,0.45489,0.04706,0.01186,-0.30905,0.1321,-0.0145,0.44583,-0.06101,0.30108,1.75022,1.29788,-0.23134,-0.01419,0.03248,0.2299,-0.59067,2.00507,-1.11954,-0.21925,-0.04282,0.65123,-0.07424,-0.15129,-0.51927,-0.10741,-0.05694,-0.04049,0.72496,0.18007,0.10594,-0.51772,-0.13358,0.07393,0.05098
22.92,-0.0191,-0.00808,-0.03726,0.30348,-0.319,-0.05606,0.44987,0.04576,0.01758,-0.29669,0.13025,-0.0145,0.47758,-0.0429,0.30714,1.77312,1.29782,-0.23588,-0.01679,0.07024,0.21566,-0.5831,2.01159,-1.11613,-0.22066,-0.04211,0.65667,-0.07445,-0.14676,-0.51992,-0.10776,-0.05759,-0.04085,0.72955,0.18003,0.111,-0.51684,-0.13331,0.07317,0.05055
22.94,-0.02092,-0.00832,-0.03765,0.30446,-0.32251,-0.05606,0.44328,0.04441,0.024,-0.28467,0.12924,-0.0145,0.51195,-0.02369,0.31333,1.80197,1.29835,-0.23924,-0.02026,0.1089,0.19952,-0.57633,2.02037,-1.10173,-0.22172,-0.04373,0.66319,-0.07461,-0.14155,-0.5212,-0.10816,-0.05828,-0.04122,0.73499,0.17941,0.11403,-0.5163,-0.13326,0.07265,0.05026
22.96,-0.02262,-0.00854,-0.03806,0.30553,-0.32596,-0.05608,0.43716,0.04308,0.03014,-0.27244,0.12789,-0.0145,0.54526,-0.00538,0.31974,1.82791,1.29921,-0.24318,-0.02341,0.14615,0.18445,-0.56987,2.02817,-1.09302,-0.22258,-0.04388,0.66934,-0.07487,-0.13691,-0.52224,-0.10853,-0.05892,-0.04157,0.74021,0.17899,0.11768,-0.51569,-0.13313,0.07205,0.04992
22.98,-0.02412,-0.00869,-0.0385,0.30661,-0.32925,-0.05601,0.43206,0.04173,0.03616,-0.26044,0.12638,-0.0145,0.57815,0.01465,0.325,1.85502,1.29776,-0.24705,-0.0263,0.18787,0.1685,-0.5605,2.03586,-1.08175,-0.22495,-0.04557,0.67499,-0.07481,-0.13115,-0.52307,-0.10891,-0.05971,-0.042,0.74473,0.17886,0.12259,-0.51471,-0.13292,0.07135,0.04952
23,-0.02612,-0.009,-0.03887,0.30762,-0.33293,-0.05613,0.42445,0.04043,0.04257,-0.24808,0.12539,-0.0145,0.61243,0.03134,0.33262,1.8808,1.30111,-0.25075,-0.02989,0.22049,0.15389,-0.55736,2.0442,-1.07321,-0.22415,-0.04472,0.68193,-0.07539,-0.12755,-0.5245,-0.10928,-0.0602,-0.04226,0.7509,0.178,0.12446,-0.51459,-0.13294,0.07091,0.04928
23.02,-0.02938,-0.0097,-0.03906,0.3085,-0.33765,-0.05676,0.41031,0.03929,0.05003,-0.23418,0.1257,-0.0145,0.65049,0.03856,0.34735,1.90393,1.31849,-0.25424,-0.03542,0.22667,0.14392,-0.57192,2.05496,-1.07301,-0.21417,-0.03589,0.69217,-0.07781,-0.13042,-0.52752,-0.10957,-0.05979,-0.04204,0.76135,0.17512,0.11764,-0.51678,-0.13358,0.07125,0.04955
23.04,-0.03312,-0.01055,-0.03918,0.30931,-0.34276,-0.05757,0.39369,0.03821,0.05783,-0.22001,0.12649,-0.0145,0.68972,0.04236,0.36434,1.9251,1.34048,-0.2576,-0.04157,0.22382,0.13531,-0.5926,2.06611,-1.07618,-0.20113,-0.02451,0.70368,-0.08086,-0.13541,-0.53112,-0.10984,-0.05909,-0.04165,0.77343,0.17155,0.10795,-0.51981,-0.13444,0.07183,0.04998
23.06,-0.03666,-0.01134,-0.03933,0.31014,-0.34769,-0.05831,0.37816,0.0371,0.06538,-0.20627,0.127,-0.0145,0.72801,0.04769,0.37987,1.94546,1.35973,-0.26105,-0.04727,0.22577,0.12579,-0.61006,2.07627,-1.07903,-0.18983,-0.01458,0.71461,-0.08357,-0.13923,-0.5344,-0.11012,-0.05856,-0.04136,0.78479,0.16841,0.10009,-0.52244,-0.13518,0.07224,0.0503
23.08,-0.04014,-0.01213,-0.03947,0.311,-0.35264,-0.05901,0.36271,0.03599,0.07339,-0.19123,0.1278,-0.0145,0.76813,0.05316,0.39717,1.97296,1.38172,-0.26434,-0.05369,0.2248,0.1174,-0.62945,2.08981,-1.07659,-0.177,-0.00352,0.72556,-0.08651,-0.14395,-0.53793,-0.11037,-0.05787,-0.04098,0.7961,0.16476,0.08999,-0.52517,-0.13603,0.07291,0.05077
23.1,-0.04385,-0.01294,-0.03962,0.31181,-0.35765,-0.05983,0.34655,0.03491,0.08049,-0.17884,0.12807,-0.0145,0.80465,0.0575,0.41136,1.98532,1.39913,-0.26796,-0.05876,0.22781,0.10705,-0.6462,2.09652,-1.08588,-0.16666,0.00585,0.73679,-0.08911,-0.14725,-0.54108,-0.1107,-0.05744,-0.04075,0.8079,0.162,0.08384,-0.52789,-0.1367,0.07311,0.05097
23.12,-0.04809,-0.01375,-0.03984,0.31238,-0.36258,-0.06091,0.3289,0.03379,0.08514,-0.17366,0.12702,-0.0145,0.83128,0.05959,0.4161,1.95393,1.40232,-0.2725,-0.05983,0.24359,0.09051,-0.65482,2.08297,-1.1286,-0.1637,0.00965,0.74822,-0.09075,-0.14662,-0.54294,-0.11118,-0.05768,-0.04098,0.82036,0.16207,0.08983,-0.53036,-0.13676,0.0719,0.05033
23.14,-0.05255,-0.01458,-0.04008,0.31294,-0.3676,-0.0621,0.31066,0.0327,0.08882,-0.17118,0.12535,-0.0145,0.85417,0.06063,0.4177,1.90779,1.40082,-0.27741,-0.05954,0.26375,0.07203,-0.66045,2.06275,-1.18273,-0.16339,0.01172,0.75992,-0.09201,-0.14439,-0.54441,-0.11176,-0.0582,-0.04139,0.83329,0.16302,0.0998,-0.53279,-0.13665,0.07023,0.04941
23.16,-0.05692,-0.01541,-0.04031,0.3136,-0.37269,-0.06325,0.29277,0.03165,0.09286,-0.16755,0.12378,-0.0145,0.87857,0.06212,0.42094,1.86995,1.40175,-0.28221,-0.05994,0.28219,0.05472,-0.66702,2.04641,-1.23045,-0.16204,0.01476,0.77165,-0.09337,-0.14253,-0.54611,-0.11232,-0.05866,-0.04174,0.84616,0.16344,0.10759,-0.53525,-0.13665,0.0688,0.04863
23.18,-0.06127,-0.0162,-0.04053,0.31385,-0.3773,-0.06436,0.27444,0.03037,0.09728,-0.16356,0.123,-0.0145,0.90385,0.06362,0.42334,1.82527,1.40157,-0.28678,-0.06008,0.29926,0.03626,-0.67556,2.02652,-1.2834,-0.15992,0.0171,0.7828,-0.09507,-0.14219,-0.54762,-0.11275,-0.05887,-0.04198,0.85844,0.16437,0.11685,-0.53772,-0.13653,0.06723,0.04778
23.2,-0.06569,-0.01707,-0.04077,0.31496,-0.38293,-0.06558,0.25693,0.02959,0.10066,-0.161,0.12043,-0.0145,0.92633,0.0649,0.42671,1.79139,1.40254,-0.29188,-0.06042,0.32024,0.01968,-0.67921,2.01244,-1.32819,-0.16005,0.02045,0.79518,-0.09598,-0.13835,-0.54941,-0.11349,-0.05964,-0.04249,0.87202,0.16447,0.12402,-0.54012,-0.13661,0.06584,0.04703
23.22,-0.0703,-0.01814,-0.04106,0.31849,-0.39139,-0.067,0.24169,0.03014,0.10148,-0.1616,0.11295,-0.0145,0.9426,0.06584,0.43343,1.79067,1.40782,-0.2985,-0.06163,0.35169,0.0092,-0.67009,2.01588,-1.34707,-0.16595,0.02707,0.81111,-0.09466,-0.12442,-0.55216,-0.11515,-0.06205,-0.04375,0.88924,0.16208,0.12455,-0.54244,-0.13728,0.06509,0.04661
23.24,-0.07495,-0.01927,-0.04138,0.32289,-0.40085,-0.06852,0.22732,0.0312,0.10125,-0.16357,0.1037,-0.0145,0.95605,0.06661,0.44123,1.80134,1.4144,-0.3056,-0.06308,0.38683,0.00063,-0.65612,2.02537,-1.35742,-0.17402,0.03473,0.82823,-0.09259,-0.10714,-0.55519,-0.11712,-0.06499,-0.04528,0.9077,0.15883,0.12283,-0.54467,-0.13816,0.06455,0.0463
23.26,-0.07955,-0.02038,-0.04169,0.32688,-0.40983,-0.07002,0.21265,0.03204,0.10144,-0.16501,0.09535,-0.0145,0.97039,0.06744,0.44859,1.80705,1.4204,-0.31237,-0.06442,0.41981,-0.00914,-0.64432,2.03227,-1.3721,-0.18097,0.04187,0.84469,-0.09098,-0.09189,-0.55805,-0.11891,-0.06761,-0.04664,0.9255,0.15597,0.12209,-0.54689,-0.13894,0.06392,0.04594
23.28,-0.08429,-0.0215,-0.04196,0.33091,-0.41895,-0.07141,0.19757,0.03282,0.10185,-0.16617,0.08661,-0.0145,0.9863,0.06827,0.45564,1.81156,1.42623,-0.31959,-0.06573,0.4549,-0.01772,-0.63251,2.03853,-1.38539,-0.18854,0.04919,0.86169,-0.08884,-0.07441,-0.56108,-0.12086,-0.07057,-0.04817,0.94378,0.15313,0.12165,-0.54933,-0.13974,0.06326,0.04556
23.3,-0.08874,-0.0226,-0.04232,0.33507,-0.42799,-0.07307,0.18355,0.03385,0.10157,-0.16821,0.07824,-0.0145,0.99829,0.0691,0.46361,1.82117,1.43276,-0.326,-0.06716,0.48653,-0.02813,-0.61965,2.04729,-1.39926,-0.19536,0.05635,0.8778,-0.08763,-0.06083,-0.56382,-0.12256,-0.07294,-0.04942,0.96129,0.15004,0.12003,-0.55129,-0.14054,0.06272,0.04526
23.32,-0.09245,-0.02361,-0.04291,0.33948,-0.43686,-0.07545,0.17224,0.0355,0.09967,-0.17227,0.07143,-0.0145,1.00023,0.06992,0.47419,1.84494,1.44125,-0.33,-0.06888,0.50665,-0.04537,-0.6048,2.06457,-1.41805,-0.199,0.06322,0.89148,-0.08912,-0.05868,-0.56566,-0.12349,-0.07352,-0.04985,0.97667,0.14629,0.11523,-0.55191,-0.14131,0.06249,0.04517
23.34,-0.09587,-0.02459,-0.04359,0.34397,-0.44557,-0.07809,0.16198,0.03739,0.09711,-0.17719,0.06502,-0.0145,0.99832,0.07076,0.4856,1.87304,1.45038,-0.33318,-0.0707,0.5233,-0.06428,-0.58914,2.08366,-1.43745,-0.20191,0.06982,0.90416,-0.09156,-0.0606,-0.56719,-0.12415,-0.07348,-0.04999,0.99116,0.14234,0.10937,-0.55207,-0.14205,0.06237,0.04516
23.36,-0.09939,-0.02558,-0.04424,0.34836,-0.45417,-0.0806,0.15124,0.03914,0.09484,-0.18176,0.05834,-0.0145,0.99813,0.0716,0.49643,1.89732,1.45898,-0.33675,-0.07242,0.54227,-0.08152,-0.57408,2.09988,-1.45569,-0.20554,0.07627,0.91708,-0.09359,-0.06076,-0.56887,-0.12492,-0.07373,-0.05025,1.00583,0.13858,0.10427,-0.55249,-0.14278,0.06218,0.0451
23.38,-0.10305,-0.02659,-0.04486,0.35308,-0.46356,-0.08318,0.14053,0.04101,0.09258,-0.18618,0.05196,-0.0145,0.998,0.07236,0.50818,1.92965,1.46854,-0.3402,-0.07435,0.5584,-0.10245,-0.55788,2.12476,-1.47732,-0.20761,0.08391,0.93094,-0.09555,-0.06045,-0.57054,-0.12574,-0.07398,-0.05055,1.0215,0.13437,0.09795,-0.55269,-0.14363,0.06208,0.04509
23.4,-0.10634,-0.02755,-0.04555,0.35709,-0.47127,-0.08569,0.12999,0.04271,0.09014,-0.19111,0.04509,-0.0145,0.99684,0.07336,0.51818,1.9463,1.47635,-0.34377,-0.07588,0.57938,-0.11621,-0.54391,2.13221,-1.4922,-0.21272,0.08902,0.94258,-0.09785,-0.06211,-0.57215,-0.12639,-0.07406,-0.0507,1.03486,0.13107,0.09391,-0.55325,-0.14422,0.06183,0.04499
23.42,-0.10875,-0.02835,-0.04641,0.35914,-0.47438,-0.08787,0.11967,0.0438,0.08742,-0.1973,0.03681,-0.0145,0.99404,0.07445,0.5231,1.917,1.47818,-0.34744,-0.07612,0.61618,-0.10904,-0.53636,2.08873,-1.48784,-0.22658,0.08696,0.94841,-0.101,-0.06835,-0.57373,-0.12661,-0.07381,-0.05053,1.04206,0.13031,0.09673,-0.55478,-0.14411,0.0611,0.04457
23.44,-0.1108,-0.02909,-0.04732,0.36047,-0.47581,-0.08998,0.10946,0.04473,0.08453,-0.20397,0.02804,-0.0145,0.99031,0.0759,0.52622,1.87207,1.4784,-0.35134,-0.07596,0.65766,-0.09474,-0.5311,2.02807,-1.4768,-0.24349,0.08238,0.95201,-0.10444,-0.07643,-0.57527,-0.12665,-0.07339,-0.05023,1.04698,0.13048,0.10183,-0.5567,-0.14374,0.06022,0.04406
23.46,-0.113,-0.02985,-0.04821,0.36211,-0.47797,-0.09218,0.09916,0.04579,0.08166,-0.2104,0.01948,-0.0145,0.98685,0.0776,0.53016,1.83525,1.48,-0.35542,-0.07608,0.69596,-0.08416,-0.52475,1.97674,-1.46913,-0.25888,0.07909,0.95652,-0.10764,-0.08359,-0.57678,-0.12677,-0.07306,-0.04999,1.05291,0.13025,0.1057,-0.5585,-0.14349,0.05942,0.04359
23.48,-0.11526,-0.03062,-0.04913,0.36382,-0.48023,-0.09417,0.08905,0.04663,0.07899,-0.21699,0.01095,-0.0145,0.98391,0.0776,0.53414,1.79419,1.47892,-0.35831,-0.0758,0.73861,-0.07155,-0.51852,1.91893,-1.46001,-0.27481,0.0752,0.96136,-0.11128,-0.09123,-0.57845,-0.12689,-0.07269,-0.04973,1.05887,0.12991,0.11034,-0.56,-0.14324,0.05856,0.0431
23.5,-0.11731,-0.03138,-0.04998,0.3652,-0.48192,-0.09655,0.07861,0.04786,0.0759,-0.2233,0.00228,-0.0145,0.97973,0.08116,0.53759,1.75835,1.48298,-0.36369,-0.07626,0.77335,-0.06151,-0.51265,1.87066,-1.45241,-0.29033,0.07198,0.96509,-0.1141,-0.09829,-0.57981,-0.12696,-0.07234,-0.04949,1.0643,0.13002,0.11394,-0.56226,-0.14294,0.0578,0.04265
23.52,-0.11882,-0.03207,-0.05063,0.36593,-0.48197,-0.10014,0.06675,0.0504,0.07146,-0.229,-0.00709,-0.0145,0.97213,0.09504,0.53995,1.73928,1.50193,-0.37656,-0.07889,0.78529,-0.05971,-0.50676,1.85167,-1.44967,-0.30425,0.07113,0.96552,-0.11422,-0.10305,-0.57994,-0.12696,-0.07215,-0.04941,1.06818,0.13133,0.11416,-0.56637,-0.14258,0.05734,0.04236
23.54,-0.12014,-0.03276,-0.0512,0.36633,-0.48156,-0.10408,0.05462,0.05331,0.06665,-0.23434,-0.01652,-0.0145,0.96338,0.1124,0.54186,1.7262,1.52603,-0.39186,-0.08227,0.78912,-0.06082,-0.50125,1.84305,-1.44883,-0.31762,0.07108,0.96506,-0.11354,-0.1072,-0.5798,-0.12691,-0.07197,-0.04936,1.07174,0.13303,0.11326,-0.57125,-0.14219,0.057,0.04212
23.56,-0.1216,-0.03349,-0.05182,0.36683,-0.48168,-0.10777,0.04291,0.05593,0.06217,-0.23963,-0.02564,-0.0145,0.95531,0.12781,0.54401,1.71141,1.54761,-0.40562,-0.0853,0.79653,-0.06102,-0.49585,1.8306,-1.44782,-0.33105,0.07076,0.96555,-0.11346,-0.11182,-0.58001,-0.12687,-0.07174,-0.04927,1.07589,0.1344,0.11282,-0.57587,-0.14183,0.05663,0.04187
23.58,-0.12283,-0.03408,-0.05241,0.36755,-0.48044,-0.11185,0.02997,0.05905,0.05701,-0.24585,-0.03593,-0.0145,0.9465,0.1448,0.54592,1.69206,1.56999,-0.42112,-0.08838,0.80443,-0.05932,-0.4893,1.81408,-1.44381,-0.34534,0.06997,0.96372,-0.11243,-0.11574,-0.57928,-0.12689,-0.07169,-0.04929,1.0781,0.13641,0.11262,-0.58012,-0.14138,0.05615,0.04155
23.6,-0.12449,-0.03494,-0.05303,0.36773,-0.48189,-0.1152,0.01949,0.06123,0.05316,-0.25003,-0.04384,-0.0145,0.93903,0.15929,0.54825,1.68352,1.59183,-0.43369,-0.09151,0.80946,-0.06221,-0.48525,1.80841,-1.44637,-0.35775,0.07034,0.96647,-0.11314,-0.12088,-0.58042,-0.12677,-0.07129,-0.0491,1.08425,0.1372,0.11169,-0.58532,-0.1411,0.05592,0.0414
23.62,-0.12742,-0.03653,-0.05375,0.36653,-0.4912,-0.11637,0.01609,0.06063,0.05307,-0.24863,-0.04489,-0.0145,0.93491,0.16625,0.55183,1.70594,1.61192,-0.43651,-0.09477,0.80733,-0.07848,-0.48757,1.83308,-1.46867,-0.36437,0.07408,0.98254,-0.11915,-0.12999,-0.58683,-0.12626,-0.06986,-0.0483,1.10181,0.13414,0.10833,-0.59289,-0.14137,0.05641,0.04174
23.64,-0.13078,-0.03839,-0.05449,0.3648,-0.50317,-0.11679,0.01513,0.05909,0.05428,-0.24521,-0.0436,-0.0145,0.9323,0.17052,0.55586,1.73863,1.63111,-0.43646,-0.098,0.80277,-0.09906,-0.49244,1.8679,-1.4972,-0.36923,0.07891,1.00317,-0.1269,-0.14023,-0.59509,-0.12561,-0.0681,-0.0473,1.12325,0.12988,0.10435,-0.60137,-0.1418,0.05713,0.04224
23.66,-0.13392,-0.04011,-0.05521,0.36331,-0.5137,-0.1176,0.01291,0.05805,0.05483,-0.24275,-0.04357,-0.0145,0.92945,0.17587,0.55971,1.76501,1.65007,-0.43844,-0.10113,0.80012,-0.11674,-0.49644,1.89622,-1.52156,-0.37539,0.08299,1.02143,-0.13366,-0.14962,-0.60248,-0.12505,-0.06653,-0.04641,1.14262,0.1264,0.1011,-0.60945,-0.14212,0.05769,0.04263
23.68,-0.13719,-0.04187,-0.05598,0.36181,-0.52522,-0.11823,0.01132,0.05674,0.0557,-0.24007,-0.04273,-0.0145,0.92474,0.18197,0.56346,1.7985,1.67195,-0.43754,-0.10479,0.79389,-0.13839,-0.49931,1.93273,-1.55157,-0.37949,0.08812,1.04095,-0.1412,-0.1604,-0.61002,-0.12441,-0.06477,-0.04541,1.16328,0.12195,0.09599,-0.61753,-0.14257,0.05848,0.04317
23.7,-0.14027,-0.04362,-0.05666,0.36021,-0.5353,-0.11904,0.00901,0.05574,0.0562,-0.23739,-0.04301,-0.0145,0.92421,0.18582,0.56748,1.81958,1.68741,-0.4418,-0.10732,0.79452,-0.15286,-0.50504,1.95461,-1.57135,-0.38739,0.09135,1.05891,-0.14755,-0.16858,-0.61765,-0.1239,-0.06334,-0.0446,1.18217,0.11921,0.09453,-0.62579,-0.14279,0.05885,0.04343
23.72,-0.1428,-0.04537,-0.0571,0.35847,-0.5408,-0.12055,0.00406,0.05586,0.05545,-0.23506,-0.04705,-0.0145,0.93538,0.18397,0.57254,1.80356,1.68576,-0.46188,-0.10676,0.81591,-0.14566,-0.51901,1.93241,-1.56069,-0.40706,0.08888,1.07166,-0.15021,-0.16923,-0.62528,-0.12379,-0.06291,-0.04436,1.19536,0.12174,0.10406,-0.6346,-0.14231,0.05795,0.04281
23.74,-0.14511,-0.04709,-0.05745,0.35664,-0.54476,-0.12226,-0.00167,0.05632,0.05429,-0.23282,-0.05228,-0.0145,0.95061,0.17996,0.57779,1.77479,1.67761,-0.48705,-0.10503,0.8441,-0.1312,-0.53562,1.89536,-1.53967,-0.43047,0.08448,1.08265,-0.15161,-0.16725,-0.63288,-0.12381,-0.06281,-0.0443,1.20659,0.12599,0.11713,-0.64352,-0.14159,0.05663,0.04191
23.76,-0.14749,-0.0488,-0.05784,0.35484,-0.54941,-0.12386,-0.007,0.05659,0.0533,-0.23064,-0.05694,-0.0145,0.96367,0.17706,0.58266,1.75196,1.67216,-0.5093,-0.10378,0.86843,-0.12057,-0.55037,1.86581,-1.52382,-0.45164,0.08108,1.09432,-0.15357,-0.16655,-0.64033,-0.12378,-0.06255,-0.04416,1.21861,0.12928,0.12808,-0.65222,-0.141,0.05556,0.04117
23.78,-0.15001,-0.05064,-0.05823,0.35306,-0.55419,-0.1255,-0.01246,0.05694,0.05243,-0.22797,-0.06167,-0.0145,0.97817,0.17359,0.58868,1.72865,1.66772,-0.53403,-0.10275,0.89594,-0.10788,-0.56793,1.83331,-1.50618,-0.47502,0.07722,1.10667,-0.15563,-0.16553,-0.64857,-0.12374,-0.06232,-0.04402,1.2312,0.13327,0.14116,-0.66165,-0.14031,0.05427,0.04028
23.8,-0.15219,-0.05219,-0.05862,0.35122,-0.55832,-0.12711,-0.01786,0.05723,0.05119,-0.22637,-0.06654,-0.0145,0.9906,0.17075,0.59245,1.70348,1.65969,-0.55481,-0.10101,0.91845,-0.09768,-0.58032,1.80347,-1.4898,-0.49471,0.07384,1.11712,-0.15717,-0.16453,-0.6551,-0.12374,-0.06212,-0.04392,1.24209,0.13622,0.15067,-0.66957,-0.13977,0.05332,0.03964
23.82,-0.15352,-0.053,-0.05905,0.3491,-0.56092,-0.12862,-0.023,0.05726,0.04895,-0.22773,-0.07161,-0.0145,0.99644,0.1708,0.58906,1.67364,1.64284,-0.5638,-0.09747,0.92575,-0.09626,-0.57685,1.78307,-1.47881,-0.5034,0.07216,1.12267,-0.15753,-0.16428,-0.65698,-0.12375,-0.06195,-0.04387,1.24874,0.13585,0.14914,-0.67344,-0.13965,0.05347,0.03978
23.84,-0.15452,-0.05352,-0.05949,0.34692,-0.56293,-0.1301,-0.02806,0.05722,0.04634,-0.23015,-0.07677,-0.0145,1.00001,0.17147,0.58354,1.64281,1.62274,-0.56861,-0.09329,0.92775,-0.09754,-0.56824,1.7661,-1.46953,-0.50824,0.07103,1.12636,-0.15739,-0.16411,-0.65711,-0.12379,-0.06181,-0.04386,1.25372,0.13439,0.14395,-0.67577,-0.13968,0.05398,0.04017
23.86,-0.15566,-0.05416,-0.05994,0.34484,-0.56529,-0.13157,-0.03311,0.05724,0.04391,-0.23206,-0.08182,-0.0145,1.00454,0.17143,0.5796,1.61415,1.60443,-0.57511,-0.08949,0.93202,-0.09747,-0.56258,1.74855,-1.45985,-0.51476,0.06968,1.13092,-0.15751,-0.16388,-0.658,-0.12382,-0.06166,-0.04383,1.25946,0.13345,0.14063,-0.67872,-0.13964,0.05431,0.04043
23.88,-0.15684,-0.05485,-0.06035,0.34247,-0.56728,-0.13312,-0.03838,0.05716,0.04139,-0.23411,-0.08718,-0.0145,1.00956,0.17303,0.57317,1.57784,1.58445,-0.5826,-0.08526,0.93709,-0.09766,-0.55442,1.72636,-1.44821,-0.52169,0.06812,1.13532,-0.15751,-0.16373,-0.65903,-0.12382,-0.06147,-0.0438,1.26515,0.13244,0.13655,-0.68202,-0.1396,0.05471,0.04074
23.9,-0.15786,-0.05536,-0.06083,0.34069,-0.56989,-0.1345,-0.04315,0.05727,0.039,-0.23612,-0.0919,-0.0145,1.01293,0.17151,0.57133,1.55731,1.56743,-0.58704,-0.0818,0.93916,-0.09805,-0.55018,1.71484,-1.44118,-0.52683,0.06717,1.13963,-0.15761,-0.16337,-0.65936,-0.1239,-0.06137,-0.04379,1.27056,0.1313,0.13315,-0.68422,-0.13961,0.05504,0.04101
23.92,-0.15852,-0.05541,-0.06149,0.34064,-0.5744,-0.13543,-0.04651,0.05791,0.03702,-0.2378,-0.09481,-0.0145,1.01263,0.16004,0.58328,1.58141,1.55786,-0.58331,-0.0805,0.93416,-0.09833,-0.55816,1.73197,-1.4465,-0.5278,0.06781,1.14417,-0.15842,-0.16332,-0.65813,-0.12414,-0.06138,-0.04378,1.27565,0.12998,0.13247,-0.68364,-0.13975,0.0551,0.04105
23.94,-0.15904,-0.05528,-0.06221,0.34118,-0.57953,-0.13619,-0.04936,0.05874,0.03519,-0.23941,-0.09705,-0.0145,1.0107,0.14561,0.59979,1.62132,1.55165,-0.57675,-0.08003,0.92631,-0.09875,-0.5702,1.75973,-1.45641,-0.5271,0.06907,1.14869,-0.15931,-0.16294,-0.65625,-0.12446,-0.06149,-0.0438,1.28051,0.12856,0.13261,-0.68201,-0.13994,0.05507,0.04103
23.96,-0.15961,-0.05524,-0.0629,0.34141,-0.58434,-0.13701,-0.05244,0.05947,0.0333,-0.24103,-0.09958,-0.0145,1.00928,0.13335,0.61379,1.65359,1.545,-0.57197,-0.07929,0.91978,-0.09913,-0.58028,1.78274,-1.46422,-0.52727,0.07005,1.15322,-0.15995,-0.16211,-0.65469,-0.12477,-0.06161,-0.04385,1.28546,0.12721,0.13238,-0.68091,-0.1401,0.05508,0.04103
23.98,-0.16022,-0.05516,-0.0636,0.34181,-0.58928,-0.13788,-0.0555,0.06025,0.03137,-0.24274,-0.10218,-0.0145,1.00867,0.11774,0.62955,1.68787,1.53387,-0.56503,-0.0781,0.91295,-0.09952,-0.59073,1.8057,-1.47217,-0.5269,0.07104,1.1577,-0.16142,-0.16368,-0.65296,-0.12498,-0.06148,-0.04374,1.29044,0.1257,0.13196,-0.67953,-0.14028,0.05511,0.04105
24,-0.16072,-0.05511,-0.06429,0.34199,-0.5941,-0.13863,-0.05849,0.06096,0.02957,-0.24425,-0.10447,-0.0145,1.00611,0.10824,0.64278,1.72154,1.53264,-0.56186,-0.07801,0.90615,-0.09988,-0.60136,1.83103,-1.48086,-0.52726,0.07214,1.16228,-0.16123,-0.16032,-0.65145,-0.12541,-0.06189,-0.04396,1.2953,0.12453,0.13221,-0.6785,-0.14043,0.05507,0.04103
24.02,-0.16103,-0.05515,-0.06495,0.34144,-0.59861,-0.1391,-0.06134,0.06144,0.02806,-0.24513,-0.10607,-0.0145,0.99765,0.11763,0.64764,1.75116,1.56049,-0.5709,-0.08105,0.90003,-0.10011,-0.61224,1.86203,-1.49068,-0.53046,0.07338,1.16741,-0.15607,-0.1421,-0.6507,-0.12654,-0.06394,-0.04513,1.30011,0.12418,0.13388,-0.67868,-0.14051,0.05487,0.04093
24.04,-0.16124,-0.05521,-0.0656,0.34065,-0.60295,-0.13947,-0.06413,0.06183,0.0267,-0.2458,-0.10738,-0.0145,0.98746,0.13306,0.64982,1.77929,1.59779,-0.58369,-0.08513,0.89409,-0.10029,-0.62304,1.89463,-1.50101,-0.53442,0.0747,1.17262,-0.14932,-0.11915,-0.65021,-0.12787,-0.06651,-0.04661,1.30479,0.1242,0.13624,-0.67925,-0.14055,0.05461,0.0408
24.06,-0.16147,-0.05526,-0.06624,0.33996,-0.60725,-0.13989,-0.06698,0.06228,0.0253,-0.24664,-0.10881,-0.0145,0.9787,0.14484,0.65348,1.80718,1.62908,-0.59405,-0.08855,0.88813,-0.10046,-0.63344,1.92543,-1.51094,-0.53774,0.07596,1.17763,-0.14356,-0.09926,-0.64961,-0.12905,-0.06874,-0.04789,1.30939,0.12416,0.13846,-0.67967,-0.14059,0.05436,0.04067
24.08,-0.16176,-0.05531,-0.06692,0.33932,-0.61204,-0.14028,-0.06971,0.06269,0.0238,-0.24724,-0.11029,-0.0145,0.96722,0.16018,0.65636,1.8397,1.66756,-0.60727,-0.09275,0.88173,-0.10072,-0.64589,1.96141,-1.52177,-0.54217,0.07733,1.18331,-0.13669,-0.07558,-0.64894,-0.13047,-0.0714,-0.04941,1.31455,0.12371,0.13999,-0.67996,-0.14069,0.05417,0.04059
24.1,-0.16193,-0.05536,-0.06752,0.33851,-0.61579,-0.1407,-0.07264,0.06314,0.02253,-0.24822,-0.11158,-0.0145,0.96094,0.16975,0.65996,1.86173,1.69347,-0.61557,-0.09559,0.87643,-0.10086,-0.65393,1.98649,-1.53076,-0.54459,0.07849,1.18765,-0.13173,-0.05857,-0.64852,-0.13144,-0.07331,-0.0505,1.31854,0.12415,0.14306,-0.68061,-0.14066,0.05384,0.04042
24.12,-0.16174,-0.0554,-0.06796,0.33737,-0.61643,-0.14137,-0.0766,0.06376,0.02179,-0.2508,-0.11263,-0.0145,0.96995,0.16065,0.66796,1.85749,1.68039,-0.60846,-0.0942,0.87329,-0.10004,-0.65036,1.98401,-1.5348,-0.54026,0.07914,1.18777,-0.13251,-0.06204,-0.64855,-0.13104,-0.07297,-0.05026,1.31893,0.12733,0.15077,-0.68212,-0.14025,0.05303,0.03993
24.14,-0.16145,-0.05544,-0.06833,0.33606,-0.61604,-0.14206,-0.08068,0.06441,0.02128,-0.25369,-0.11348,-0.0145,0.98416,0.14577,0.67646,1.84224,1.65465,-0.59642,-0.09144,0.8714,-0.09922,-0.64225,1.96994,-1.53689,-0.53407,0.07956,1.18662,-0.13525,-0.07223,-0.64885,-0.13019,-0.07188,-0.04958,1.3182,0.13133,0.15992,-0.68397,-0.13971,0.05209,0.03937
24.16,-0.16123,-0.05549,-0.06873,0.33479,-0.6163,-0.14264,-0.0844,0.065,0.0207,-0.25611,-0.1143,-0.0145,0.99566,0.13442,0.68351,1.83035,1.63603,-0.58725,-0.08945,0.8695,-0.09886,-0.63578,1.95915,-1.5397,-0.52944,0.08005,1.1864,-0.13702,-0.07869,-0.64914,-0.12959,-0.07119,-0.04913,1.31825,0.13471,0.16805,-0.68566,-0.13926,0.05127,0.03888
24.18,-0.16089,-0.05548,-0.06912,0.33364,-0.61586,-0.14363,-0.0894,0.0658,0.01996,-0.2599,-0.11562,-0.0145,1.00853,0.11955,0.6955,1.82523,1.61212,-0.57562,-0.08689,0.86532,-0.09664,-0.631,1.95664,-1.5433,-0.52188,0.08071,1.18473,-0.13906,-0.08773,-0.64897,-0.12881,-0.07028,-0.04855,1.31721,0.13914,0.17771,-0.6874,-0.1387,0.05019,0.03823
24.2,-0.16079,-0.0556,-0.06951,0.33222,-0.61658,-0.14378,-0.09179,0.06617,0.01961,-0.26092,-0.11586,-0.0145,1.01982,0.11046,0.69754,1.80358,1.59588,-0.56783,-0.08516,0.8661,-0.09819,-0.62173,1.93433,-1.54473,-0.51988,0.08096,1.18571,-0.14104,-0.09317,-0.64981,-0.12829,-0.06963,-0.04813,1.31812,0.1416,0.18456,-0.68911,-0.13832,0.04961,0.03788
24.22,-0.16144,-0.05608,-0.06989,0.33021,-0.62111,-0.14151,-0.08669,0.06524,0.02034,-0.25407,-0.11306,-0.0145,1.02537,0.11945,0.67047,1.73786,1.60573,-0.5722,-0.08623,0.88075,-0.11092,-0.60021,1.85829,-1.54111,-0.53438,0.08016,1.19498,-0.14228,-0.0861,-0.6536,-0.12864,-0.06994,-0.04833,1.32525,0.13812,0.18298,-0.69075,-0.1385,0.05049,0.03839
24.24,-0.16234,-0.05669,-0.07025,0.32794,-0.62678,-0.13842,-0.07901,0.06388,0.02143,-0.24446,-0.1092,-0.0145,1.02916,0.13427,0.63368,1.65623,1.62336,-0.5805,-0.08814,0.90022,-0.12732,-0.57452,1.76317,-1.53532,-0.55439,0.07895,1.20684,-0.14342,-0.07537,-0.65837,-0.12926,-0.07052,-0.0487,1.33429,0.13268,0.17857,-0.69233,-0.13886,0.05186,0.03919
24.26,-0.1631,-0.05721,-0.07061,0.32572,-0.63168,-0.13578,-0.07269,0.06277,0.0223,-0.23622,-0.10591,-0.0145,1.03385,0.14592,0.60234,1.58251,1.63614,-0.58675,-0.08952,0.91718,-0.14156,-0.55137,1.67791,-1.5302,-0.5714,0.07791,1.21709,-0.14467,-0.06696,-0.66255,-0.12972,-0.07091,-0.04896,1.34209,0.12834,0.17566,-0.69388,-0.13912,0.05296,0.03984
24.28,-0.164,-0.05783,-0.07104,0.32374,-0.63757,-0.13283,-0.06559,0.06143,0.02341,-0.2275,-0.10228,-0.0145,1.03838,0.15959,0.56662,1.50511,1.65396,-0.59397,-0.09147,0.93561,-0.15786,-0.52531,1.58684,-1.52623,-0.59047,0.07693,1.22912,-0.1457,-0.05606,-0.66736,-0.13033,-0.07154,-0.04935,1.3514,0.12318,0.17194,-0.6957,-0.13943,0.05424,0.04058
24.3,-0.16465,-0.05829,-0.0713,0.32123,-0.64172,-0.13031,-0.05949,0.06048,0.0241,-0.21913,-0.09908,-0.0145,1.04266,0.17047,0.53774,1.43229,1.6634,-0.60012,-0.09247,0.95199,-0.17074,-0.50441,1.50398,-1.51953,-0.60657,0.07575,1.23809,-0.14713,-0.04934,-0.67108,-0.13069,-0.07177,-0.04951,1.35807,0.11922,0.16916,-0.69695,-0.1397,0.05528,0.04119
24.32,-0.16449,-0.05826,-0.07107,0.31708,-0.64068,-0.12929,-0.05682,0.0607,0.02357,-0.21222,-0.09745,-0.0145,1.04751,0.17266,0.52968,1.37106,1.64692,-0.60263,-0.09049,0.96252,-0.1731,-0.49856,1.44417,-1.50448,-0.6131,0.07397,1.23781,-0.14981,-0.05556,-0.67147,-0.13029,-0.0708,-0.04897,1.35682,0.11926,0.17016,-0.69664,-0.13977,0.05553,0.0413
24.34,-0.16407,-0.05806,-0.07065,0.31243,-0.63789,-0.12872,-0.05524,0.06132,0.02261,-0.20579,-0.09628,-0.0145,1.05201,0.17181,0.52889,1.3159,1.62198,-0.60389,-0.08756,0.97065,-0.17191,-0.49813,1.39407,-1.487,-0.61647,0.07203,1.23441,-0.15287,-0.066,-0.67074,-0.12963,-0.06945,-0.04819,1.35288,0.12055,0.17212,-0.69576,-0.1398,0.05554,0.04127
24.36,-0.16378,-0.05794,-0.07031,0.30816,-0.63597,-0.12789,-0.05314,0.06174,0.02183,-0.19928,-0.09484,-0.0145,1.05612,0.17207,0.52508,1.26131,1.6015,-0.60553,-0.08513,0.9792,-0.17244,-0.49541,1.34243,-1.47153,-0.62134,0.07027,1.23254,-0.15567,-0.07418,-0.67056,-0.12911,-0.06831,-0.04754,1.35028,0.12112,0.17333,-0.69515,-0.13986,0.05568,0.04133
24.38,-0.16345,-0.0578,-0.07,0.30325,-0.63376,-0.12725,-0.05106,0.06222,0.02111,-0.19211,-0.09362,-0.0145,1.06247,0.17358,0.51983,1.19231,1.57857,-0.60804,-0.08241,0.9907,-0.17265,-0.49179,1.27818,-1.45221,-0.62614,0.06809,1.23027,-0.15882,-0.08368,-0.67024,-0.12853,-0.06703,-0.04681,1.34726,0.12222,0.17575,-0.69449,-0.13988,0.05574,0.04131
24.4,-0.16313,-0.05767,-0.06959,0.29955,-0.63172,-0.12634,-0.04923,0.06268,0.02016,-0.18644,-0.09207,-0.0145,1.06412,0.17181,0.51929,1.15472,1.55879,-0.60847,-0.08009,0.99551,-0.17263,-0.4914,1.24252,-1.4403,-0.63024,0.06673,1.22806,-0.16133,-0.09149,-0.66993,-0.128,-0.06594,-0.04619,1.34444,0.12257,0.17594,-0.69381,-0.13996,0.05591,0.0414
24.42,-0.16284,-0.05761,-0.06895,0.29932,-0.6306,-0.12458,-0.04785,0.06297,0.01867,-0.18495,-0.08954,-0.0145,1.05275,0.16051,0.53114,1.20451,1.54838,-0.60281,-0.07898,0.98152,-0.17289,-0.4986,1.28549,-1.4499,-0.63345,0.06773,1.22675,-0.16195,-0.09349,-0.66988,-0.12767,-0.06549,-0.04594,1.34281,0.12041,0.16935,-0.69321,-0.14024,0.05648,0.04189
24.44,-0.16256,-0.05757,-0.06821,0.3003,-0.62971,-0.12255,-0.04668,0.06323,0.01697,-0.18494,-0.08668,-0.0145,1.03674,0.14619,0.54731,1.28531,1.54164,-0.59519,-0.07833,0.96103,-0.17302,-0.50887,1.35656,-1.46694,-0.63597,0.06956,1.22558,-0.16191,-0.09367,-0.66988,-0.1274,-0.06523,-0.04581,1.34144,0.11751,0.16055,-0.69261,-0.14059,0.05717,0.0425
24.46,-0.16228,-0.05752,-0.06752,0.30069,-0.6287,-0.12067,-0.04541,0.06352,0.01538,-0.18417,-0.08398,-0.0145,1.02295,0.13403,0.56078,1.35064,1.53417,-0.58889,-0.07757,0.94407,-0.17317,-0.51776,1.41358,-1.48028,-0.63858,0.07098,1.22435,-0.16218,-0.09478,-0.66985,-0.1271,-0.06488,-0.04563,1.33993,0.11505,0.153,-0.692,-0.1409,0.0578,0.04303
24.48,-0.16197,-0.05747,-0.06684,0.30124,-0.6277,-0.11869,-0.04422,0.06379,0.01372,-0.18375,-0.08126,-0.0145,1.00859,0.11853,0.57759,1.42221,1.5226,-0.58079,-0.07637,0.92457,-0.17334,-0.5268,1.47654,-1.49492,-0.64202,0.07253,1.22303,-0.16242,-0.09561,-0.66979,-0.12679,-0.06455,-0.04546,1.33844,0.11215,0.14442,-0.6914,-0.14123,0.05846,0.04363
24.5,-0.16173,-0.05743,-0.0661,0.30175,-0.62674,-0.11685,-0.04288,0.06407,0.01216,-0.18297,-0.07848,-0.0145,0.9944,0.10921,0.58841,1.48778,1.52035,-0.57591,-0.0762,0.90889,-0.1735,-0.53615,1.53341,-1.50859,-0.64365,0.07401,1.22195,-0.16255,-0.09653,-0.66983,-0.12651,-0.06422,-0.04528,1.33699,0.11,0.13747,-0.69078,-0.14154,0.05909,0.04412
24.52,-0.16165,-0.05743,-0.06521,0.30196,-0.62601,-0.11541,-0.04111,0.06439,0.01096,-0.18086,-0.0757,-0.0145,0.98117,0.11846,0.58139,1.53169,1.54466,-0.58103,-0.07894,0.90505,-0.1737,-0.5461,1.56898,-1.51831,-0.64017,0.07513,1.22166,-0.16251,-0.09809,-0.67019,-0.1263,-0.06386,-0.04505,1.33575,0.11009,0.13544,-0.69011,-0.1418,0.05962,0.0443
24.54,-0.16164,-0.05745,-0.06427,0.30208,-0.62531,-0.11411,-0.03917,0.06472,0.00989,-0.17834,-0.07286,-0.0145,0.96841,0.13389,0.56822,1.56798,1.57796,-0.58935,-0.08267,0.90535,-0.17391,-0.55615,1.59695,-1.5267,-0.63496,0.07613,1.22158,-0.16237,-0.09979,-0.67066,-0.12611,-0.06349,-0.04482,1.33451,0.11097,0.13514,-0.68943,-0.14203,0.0601,0.04437
24.56,-0.16159,-0.05746,-0.06337,0.30219,-0.62452,-0.11275,-0.03726,0.06506,0.00878,-0.17599,-0.06999,-0.0145,0.95589,0.14598,0.55802,1.60609,1.60606,-0.59578,-0.08584,0.90395,-0.17412,-0.5658,1.62682,-1.53534,-0.63075,0.07714,1.22134,-0.16229,-0.10143,-0.67107,-0.12591,-0.06313,-0.04458,1.33319,0.1115,0.13412,-0.68875,-0.14226,0.0606,0.04449
24.58,-0.16156,-0.05748,-0.06242,0.30253,-0.62406,-0.11138,-0.03551,0.06535,0.00759,-0.17376,-0.06735,-0.0145,0.9413,0.16019,0.54725,1.65225,1.63895,-0.60397,-0.08951,0.90154,-0.17434,-0.57703,1.66432,-1.54575,-0.62565,0.07836,1.22145,-0.16214,-0.10299,-0.67152,-0.12572,-0.06278,-0.04435,1.33226,0.11196,0.13275,-0.68806,-0.14254,0.06115,0.04462
24.6,-0.1615,-0.05748,-0.06156,0.30237,-0.62288,-0.11006,-0.03342,0.06574,0.00658,-0.17117,-0.06421,-0.0145,0.93118,0.1715,0.53614,1.67938,1.66398,-0.6093,-0.09235,0.9023,-0.17452,-0.585,1.68368,-1.55204,-0.62196,0.07911,1.22081,-0.16211,-0.10478,-0.6719,-0.12552,-0.06239,-0.04411,1.33048,0.11277,0.13255,-0.68739,-0.14271,0.06157,0.0447
24.62,-0.16136,-0.05748,-0.06097,0.30084,-0.61989,-0.10877,-0.03031,0.0663,0.00601,-0.16757,-0.05976,-0.0145,0.93356,0.17319,0.52557,1.65627,1.66495,-0.60583,-0.09262,0.91076,-0.17458,-0.5835,1.65554,-1.54751,-0.62306,0.07862,1.21841,-0.16249,-0.10703,-0.67229,-0.12528,-0.06194,-0.04383,1.32674,0.11428,0.13517,-0.68691,-0.1426,0.06165,0.04471
24.64,-0.16117,-0.05745,-0.06048,0.29882,-0.61613,-0.10754,-0.02688,0.06696,0.0056,-0.16364,-0.05479,-0.0145,0.9404,0.17179,0.51487,1.61412,1.65771,-0.59941,-0.09201,0.92229,-0.1746,-0.57877,1.60924,-1.53883,-0.62555,0.07765,1.21517,-0.16298,-0.10953,-0.67259,-0.12503,-0.06146,-0.04354,1.32209,0.11611,0.13892,-0.68643,-0.14238,0.06159,0.04467
24.66,-0.161,-0.05742,-0.05994,0.29704,-0.61257,-0.10632,-0.02369,0.06763,0.00514,-0.15994,-0.05002,-0.0145,0.94509,0.17192,0.5042,1.58012,1.65433,-0.59447,-0.0918,0.93254,-0.17464,-0.57578,1.57054,-1.53184,-0.62714,0.07685,1.21204,-0.1634,-0.11204,-0.6728,-0.1248,-0.06098,-0.04325,1.3176,0.11785,0.14218,-0.68585,-0.1422,0.06159,0.04465
24.68,-0.16087,-0.05746,-0.05942,0.29517,-0.60963,-0.10494,-0.02011,0.06806,0.00461,-0.15593,-0.04542,-0.0145,0.95037,0.17177,0.49336,1.54764,1.65075,-0.58909,-0.09163,0.94259,-0.17467,-0.57167,1.53399,-1.52555,-0.62984,0.07622,1.21001,-0.16393,-0.1141,-0.67353,-0.12454,-0.06054,-0.04298,1.31412,0.11942,0.1454,-0.68568,-0.14203,0.06162,0.04465
24.7,-0.16062,-0.05735,-0.05889,0.2934,-0.60525,-0.1039,-0.01723,0.06902,0.00424,-0.15246,-0.04031,-0.0145,0.95538,0.17132,0.48301,1.508,1.64546,-0.58382,-0.09114,0.95356,-0.17471,-0.56909,1.48918,-1.51693,-0.63051,0.07514,1.20554,-0.16424,-0.11709,-0.67318,-0.12432,-0.06002,-0.04267,1.30837,0.12139,0.14894,-0.68467,-0.14182,0.06156,0.0446
24.72,-0.16007,-0.05678,-0.05834,0.29169,-0.59667,-0.10394,-0.01676,0.07155,0.00423,-0.15078,-0.03418,-0.0145,0.95942,0.17136,0.47327,1.44968,1.63804,-0.58024,-0.09004,0.96774,-0.17481,-0.57182,1.42216,-1.50223,-0.62597,0.07274,1.19406,-0.16394,-0.12332,-0.66965,-0.12421,-0.05918,-0.04223,1.29617,0.1246,0.15324,-0.68119,-0.1415,0.06127,0.04445
24.74,-0.15939,-0.05606,-0.05779,0.29014,-0.58673,-0.10428,-0.01694,0.07458,0.00436,-0.14963,-0.02752,-0.0145,0.96289,0.1711,0.46417,1.3855,1.62907,-0.57676,-0.08866,0.98248,-0.17492,-0.57615,1.34819,-1.48546,-0.61925,0.06993,1.18024,-0.16339,-0.13036,-0.66505,-0.12415,-0.05827,-0.04177,1.2818,0.12816,0.15778,-0.67689,-0.14113,0.06092,0.04426
24.76,-0.15876,-0.05541,-0.05725,0.28875,-0.57766,-0.10438,-0.01656,0.07731,0.00443,-0.14813,-0.02091,-0.0145,0.96606,0.17053,0.45535,1.32642,1.62033,-0.57275,-0.08737,0.996,-0.17501,-0.57954,1.28,-1.47009,-0.61301,0.06744,1.16782,-0.16293,-0.13654,-0.66106,-0.12406,-0.05745,-0.04135,1.26873,0.13141,0.16209,-0.67307,-0.14079,0.06061,0.04409
24.78,-0.15819,-0.05473,-0.05664,0.28641,-0.5675,-0.10494,-0.01726,0.08037,0.00449,-0.1471,-0.01504,-0.0145,0.9717,0.17162,0.44424,1.2565,1.61314,-0.57056,-0.08616,1.01363,-0.17516,-0.58368,1.20019,-1.45268,-0.60885,0.0644,1.15398,-0.16258,-0.14476,-0.65657,-0.12397,-0.05638,-0.04079,1.25434,0.13531,0.16697,-0.66883,-0.14042,0.06023,0.04389
24.8,-0.15745,-0.05409,-0.05619,0.28604,-0.55928,-0.10462,-0.01591,0.08287,0.0046,-0.14522,-0.00755,-0.0145,0.97205,0.16937,0.43788,1.20787,1.60268,-0.56477,-0.08476,1.0229,-0.17521,-0.58673,1.14304,-1.43904,-0.59998,0.06238,1.1425,-0.16195,-0.149,-0.65284,-0.12391,-0.0558,-0.0405,1.24214,0.13793,0.17069,-0.66524,-0.1401,0.05999,0.04376
24.82,-0.15627,-0.05361,-0.05617,0.29148,-0.55703,-0.10171,-0.00858,0.0837,0.00485,-0.14076,0.00459,-0.0145,0.95764,0.15655,0.44611,1.22086,1.58141,-0.54803,-0.08271,1.00791,-0.17496,-0.58609,1.1516,-1.43649,-0.57729,0.0634,1.13854,-0.16043,-0.14122,-0.65158,-0.12393,-0.05667,-0.041,1.23688,0.13684,0.17122,-0.66377,-0.13993,0.06013,0.04385
24.84,-0.15491,-0.05317,-0.05631,0.29883,-0.55671,-0.09793,0.00079,0.08396,0.00513,-0.13545,0.0183,-0.0145,0.93798,0.14061,0.45886,1.25534,1.55726,-0.52786,-0.08053,0.98465,-0.17463,-0.58436,1.18306,-1.43777,-0.55019,0.06543,1.13696,-0.15866,-0.12953,-0.65109,-0.12399,-0.05802,-0.04175,1.23381,0.13445,0.17057,-0.66295,-0.13982,0.06042,0.04401
24.86,-0.15362,-0.0527,-0.05638,0.30506,-0.55531,-0.0946,0.0091,0.08449,0.00534,-0.1306,0.0311,-0.0145,0.92089,0.12711,0.46844,1.27914,1.53595,-0.50994,-0.07859,0.96584,-0.17435,-0.58333,1.20314,-1.43719,-0.52601,0.06691,1.13401,-0.1571,-0.12016,-0.65016,-0.12401,-0.05908,-0.04234,1.22947,0.1327,0.17042,-0.66175,-0.13968,0.06065,0.04415
24.88,-0.15236,-0.05227,-0.05646,0.31236,-0.55472,-0.09105,0.01795,0.08499,0.00578,-0.12547,0.04474,-0.0145,0.90296,0.10946,0.48255,1.30648,1.50836,-0.48914,-0.07592,0.94416,-0.174,-0.58153,1.22696,-1.43704,-0.49792,0.06876,1.13218,-0.15511,-0.10854,-0.64954,-0.1241,-0.06042,-0.0431,1.22622,0.13074,0.17043,-0.6609,-0.13953,0.06083,0.04426
24.9,-0.15101,-0.05177,-0.05654,0.31789,-0.55294,-0.08774,0.02617,0.08541,0.00576,-0.12071,0.05701,-0.0145,0.88562,0.09951,0.48854,1.33174,1.49286,-0.47347,-0.0747,0.92648,-0.17378,-0.58104,1.24865,-1.43694,-0.4769,0.07009,1.12863,-0.15395,-0.10065,-0.64848,-0.12407,-0.0613,-0.04357,1.22126,0.12892,0.16983,-0.65948,-0.13942,0.06115,0.04444
24.92,-0.14948,-0.05105,-0.05653,0.31807,-0.54729,-0.08531,0.03205,0.08577,0.00445,-0.11739,0.06504,-0.0145,0.87034,0.11346,0.46886,1.34528,1.5144,-0.4732,-0.07787,0.922,-0.17397,-0.58452,1.25795,-1.43612,-0.47683,0.06971,1.11963,-0.15527,-0.10436,-0.64603,-0.12374,-0.06077,-0.04316,1.21098,0.12776,0.16788,-0.65632,-0.13937,0.06183,0.04477
24.94,-0.14786,-0.05025,-0.05651,0.31643,-0.5404,-0.08314,0.03726,0.08606,0.00269,-0.11444,0.07166,-0.0145,0.85598,0.13497,0.44123,1.35618,1.54771,-0.47814,-0.08243,0.92181,-0.17429,-0.58934,1.26454,-1.43525,-0.48396,0.06879,1.10884,-0.1574,-0.1119,-0.64311,-0.1233,-0.05977,-0.04246,1.19895,0.12678,0.16537,-0.65257,-0.13934,0.06264,0.04516
24.96,-0.14628,-0.04949,-0.05649,0.31564,-0.53416,-0.08086,0.04285,0.08636,0.00118,-0.11119,0.07899,-0.0145,0.84177,0.15178,0.41867,1.36877,1.57363,-0.48041,-0.08609,0.91959,-0.17454,-0.59346,1.27299,-1.43435,-0.48752,0.06815,1.09896,-0.15909,-0.11747,-0.64041,-0.12291,-0.059,-0.0419,1.1878,0.12572,0.16309,-0.6491,-0.13931,0.06337,0.04552
24.98,-0.1447,-0.04873,-0.05649,0.3148,-0.52764,-0.07854,0.04819,0.08672,-0.00053,-0.10846,0.08609,-0.0145,0.82503,0.1737,0.39023,1.37994,1.60783,-0.4838,-0.09088,0.91744,-0.17482,-0.59787,1.27952,-1.43369,-0.49212,0.0674,1.08877,-0.16111,-0.12392,-0.63771,-0.1225,-0.05816,-0.04128,1.17635,0.12462,0.16086,-0.64561,-0.13927,0.06416,0.04589
25,-0.14309,-0.04794,-0.05644,0.31361,-0.52137,-0.07637,0.05386,0.08696,-0.00192,-0.10477,0.09332,-0.0145,0.81379,0.18695,0.37197,1.39326,1.6279,-0.48618,-0.09368,0.91625,-0.17508,-0.60207,1.2892,-1.4326,-0.49641,0.06674,1.07877,-0.16262,-0.12947,-0.63488,-0.12212,-0.05735,-0.04073,1.16509,0.12367,0.15843,-0.64202,-0.13925,0.06487,0.04626
25.02,-0.1414,-0.04707,-0.05625,0.3119,-0.51605,-0.07459,0.06062,0.08691,-0.00236,-0.0981,0.10118,-0.0145,0.81814,0.17331,0.38473,1.41216,1.60378,-0.48399,-0.09031,0.91675,-0.17526,-0.60494,1.30718,-1.42923,-0.4973,0.06639,1.06974,-0.16253,-0.13172,-0.63177,-0.12185,-0.05672,-0.04042,1.15477,0.12306,0.15546,-0.63825,-0.13933,0.06537,0.04661
25.04,-0.13967,-0.04617,-0.05601,0.30988,-0.51101,-0.07296,0.0677,0.08675,-0.00245,-0.09048,0.10924,-0.0145,0.82794,0.15091,0.4078,1.43334,1.56548,-0.4807,-0.08496,0.91811,-0.17542,-0.60763,1.32844,-1.42558,-0.49779,0.06616,1.06096,-0.1619,-0.13292,-0.62855,-0.12161,-0.05614,-0.04019,1.14469,0.12261,0.15236,-0.63441,-0.13943,0.06578,0.04694
25.06,-0.13795,-0.04528,-0.0558,0.30798,-0.50584,-0.07127,0.07461,0.08664,-0.0027,-0.08343,0.11724,-0.0145,0.83485,0.13329,0.42552,1.45408,1.53522,-0.4783,-0.08072,0.91903,-0.1756,-0.61071,1.34884,-1.42278,-0.49903,0.06593,1.05206,-0.16152,-0.13458,-0.62538,-0.12136,-0.05555,-0.03993,1.13451,0.12212,0.14942,-0.63062,-0.13952,0.06622,0.04728
25.08,-0.13625,-0.04439,-0.05558,0.30613,-0.50063,-0.06957,0.08164,0.08653,-0.00298,-0.0758,0.12505,-0.0145,0.84346,0.1126,0.44581,1.47244,1.4987,-0.4745,-0.07563,0.92024,-0.17575,-0.61259,1.36673,-1.41706,-0.49817,0.06544,1.04311,-0.16118,-0.1365,-0.62217,-0.12111,-0.0549,-0.03964,1.12423,0.12152,0.14601,-0.62675,-0.13963,0.0667,0.04765
25.1,-0.13452,-0.04351,-0.05536,0.30412,-0.4956,-0.06792,0.08849,0.08639,-0.0031,-0.06916,0.13334,-0.0145,0.84989,0.09609,0.46325,1.49605,1.47162,-0.47322,-0.07182,0.92107,-0.17595,-0.61685,1.39034,-1.41722,-0.50142,0.06553,1.03436,-0.1606,-0.13751,-0.61904,-0.12087,-0.0544,-0.03943,1.11424,0.12118,0.14356,-0.62303,-0.13969,0.06708,0.04794
25.12,-0.13271,-0.0427,-0.05521,0.30168,-0.49102,-0.06639,0.09482,0.08619,-0.00288,-0.06555,0.14278,-0.0145,0.84845,0.09348,0.47072,1.53584,1.47473,-0.47956,-0.07213,0.92001,-0.17626,-0.62803,1.4317,-1.43466,-0.51658,0.06733,1.02593,-0.15971,-0.13708,-0.61602,-0.12065,-0.05417,-0.03932,1.10488,0.1215,0.14369,-0.61963,-0.13959,0.06725,0.04797
25.14,-0.13089,-0.04192,-0.05508,0.29913,-0.48662,-0.06493,0.10096,0.08596,-0.0025,-0.06298,0.15273,-0.0145,0.84473,0.09533,0.47492,1.58035,1.48766,-0.48836,-0.07378,0.91866,-0.17661,-0.64153,1.47813,-1.45783,-0.53575,0.06969,1.01772,-0.15856,-0.13565,-0.61309,-0.12046,-0.05411,-0.03928,1.09583,0.12209,0.14478,-0.61639,-0.13944,0.06732,0.04791
25.16,-0.1291,-0.04114,-0.05492,0.29669,-0.48216,-0.06345,0.10716,0.08573,-0.00217,-0.05992,0.16251,-0.0145,0.8424,0.09495,0.48041,1.62132,1.49563,-0.49576,-0.07476,0.91785,-0.17693,-0.65372,1.52051,-1.47779,-0.55273,0.07174,1.0095,-0.15735,-0.13408,-0.6102,-0.12027,-0.05404,-0.03926,1.08671,0.12257,0.14547,-0.61313,-0.1393,0.06742,0.0479
25.18,-0.12721,-0.0403,-0.0548,0.29396,-0.47763,-0.0619,0.11349,0.08554,-0.0019,-0.05687,0.17198,-0.0145,0.83876,0.09506,0.48714,1.66854,1.5052,-0.50433,-0.07594,0.91532,-0.17727,-0.66696,1.57065,-1.50043,-0.57125,0.07406,1.0009,-0.15682,-0.13482,-0.60699,-0.12001,-0.0537,-0.03906,1.07728,0.12301,0.14602,-0.60962,-0.13919,0.06755,0.04788
25.2,-0.12551,-0.03959,-0.05463,0.29181,-0.47326,-0.06051,0.1195,0.08526,-0.00147,-0.0541,0.18226,-0.0145,0.83725,0.09541,0.49029,1.70345,1.51398,-0.51106,-0.07704,0.91633,-0.17761,-0.67857,1.60543,-1.51871,-0.58751,0.07592,0.99313,-0.15489,-0.13072,-0.60447,-0.1199,-0.05394,-0.03923,1.06857,0.12359,0.14706,-0.6067,-0.13902,0.06762,0.04784
25.22,-0.12434,-0.0392,-0.05432,0.29136,-0.46939,-0.05945,0.12476,0.08475,-0.00066,-0.05156,0.19437,-0.0145,0.84207,0.09472,0.48524,1.70648,1.51794,-0.51212,-0.07753,0.92666,-0.17778,-0.6852,1.59972,-1.52467,-0.59671,0.07646,0.98774,-0.14869,-0.11187,-0.60385,-0.12026,-0.05596,-0.04052,1.06185,0.12456,0.14964,-0.60534,-0.13869,0.06747,0.04777
25.24,-0.12335,-0.03893,-0.05396,0.29148,-0.46566,-0.05855,0.1297,0.08414,0.00031,-0.04931,0.20733,-0.0145,0.8491,0.09428,0.47651,1.69637,1.52086,-0.51122,-0.07791,0.94062,-0.17797,-0.6901,1.57781,-1.52581,-0.60345,0.07649,0.98314,-0.14116,-0.08847,-0.60393,-0.12075,-0.05855,-0.04215,1.05584,0.12564,0.15262,-0.60459,-0.13831,0.06727,0.04769
25.26,-0.12229,-0.03862,-0.05362,0.29129,-0.46178,-0.05761,0.13475,0.08356,0.0012,-0.0471,0.22009,-0.0145,0.85517,0.0942,0.46882,1.69013,1.52452,-0.51121,-0.07838,0.95326,-0.17826,-0.69573,1.56116,-1.52844,-0.61128,0.07667,0.97808,-0.13454,-0.06825,-0.60367,-0.12114,-0.06076,-0.04355,1.04947,0.12663,0.15512,-0.60359,-0.13797,0.06713,0.04763
25.28,-0.12118,-0.03829,-0.0533,0.2913,-0.45826,-0.05652,0.13995,0.08303,0.00211,-0.0442,0.23208,-0.0145,0.861,0.0923,0.46361,1.69288,1.52748,-0.51137,-0.07873,0.96458,-0.1781,-0.70162,1.55337,-1.53432,-0.61953,0.07721,0.97344,-0.12665,-0.04335,-0.60349,-0.12168,-0.06345,-0.04527,1.04327,0.12782,0.15885,-0.60248,-0.13755,0.06683,0.04749
25.3,-0.12022,-0.03801,-0.05293,0.29104,-0.45404,-0.05578,0.14475,0.08237,0.00302,-0.04278,0.24589,-0.0145,0.86787,0.09414,0.4525,1.67378,1.53141,-0.51059,-0.07929,0.97938,-0.17886,-0.70657,1.52346,-1.53212,-0.62606,0.07687,0.96814,-0.12107,-0.02704,-0.60332,-0.12196,-0.06529,-0.04641,1.03687,0.12861,0.16016,-0.60174,-0.13729,0.06685,0.04752
25.32,-0.11964,-0.03786,-0.05243,0.28985,-0.44772,-0.05599,0.14847,0.08145,0.00386,-0.04551,0.26442,-0.0145,0.87704,0.1067,0.42534,1.59691,1.53917,-0.50841,-0.08038,1.0042,-0.18239,-0.70899,1.43416,-1.50949,-0.63025,0.07431,0.9607,-0.12245,-0.03645,-0.60306,-0.12148,-0.06452,-0.04585,1.02963,0.12815,0.15417,-0.60186,-0.13749,0.06781,0.04807
25.34,-0.11921,-0.03775,-0.05188,0.28836,-0.44072,-0.05652,0.15179,0.08039,0.00469,-0.04968,0.28478,-0.0145,0.88716,0.12293,0.39251,1.49867,1.54775,-0.5052,-0.08168,1.03215,-0.18682,-0.71056,1.32358,-1.47877,-0.6325,0.07088,0.95262,-0.12616,-0.0545,-0.6028,-0.12075,-0.06289,-0.04472,1.02218,0.1273,0.14583,-0.60232,-0.13784,0.06909,0.04879
25.36,-0.11871,-0.03763,-0.05136,0.28701,-0.43413,-0.05688,0.15533,0.07935,0.00554,-0.05311,0.30438,-0.0145,0.8969,0.13718,0.36271,1.41052,1.55526,-0.50195,-0.08295,1.05781,-0.19071,-0.71273,1.22412,-1.45118,-0.63439,0.06779,0.94495,-0.12866,-0.06801,-0.60253,-0.12015,-0.06171,-0.04388,1.01488,0.12669,0.13893,-0.60261,-0.13811,0.07019,0.04942
25.38,-0.11822,-0.03751,-0.05079,0.28566,-0.42714,-0.05736,0.15871,0.07846,0.00634,-0.05693,0.32373,-0.0145,0.9066,0.15275,0.33084,1.31998,1.56554,-0.50073,-0.08398,1.08727,-0.19515,-0.71396,1.1178,-1.42552,-0.64125,0.06489,0.93681,-0.13173,-0.08395,-0.60231,-0.11947,-0.0603,-0.04289,1.00734,0.12581,0.1305,-0.60301,-0.13845,0.07142,0.05013
25.4,-0.11774,-0.03739,-0.05033,0.28423,-0.42081,-0.05765,0.16232,0.07724,0.00723,-0.06027,0.344,-0.0145,0.91646,0.16641,0.30204,1.22991,1.57043,-0.49514,-0.08553,1.1095,-0.19865,-0.71692,1.02115,-1.39427,-0.63754,0.06143,0.92947,-0.13419,-0.09696,-0.60198,-0.1189,-0.05916,-0.04208,1.00027,0.1254,0.12465,-0.60325,-0.13867,0.07246,0.0507
25.42,-0.11726,-0.03724,-0.05021,0.28267,-0.41643,-0.05729,0.16686,0.0751,0.00833,-0.06195,0.3664,-0.0145,0.92743,0.17408,0.28272,1.14293,1.5587,-0.47688,-0.0887,1.11098,-0.19926,-0.72535,0.9546,-1.34713,-0.60331,0.05651,0.92445,-0.13435,-0.09969,-0.60133,-0.11871,-0.05895,-0.04195,0.99445,0.12645,0.12677,-0.60293,-0.13849,0.07285,0.05084
25.44,-0.11678,-0.03708,-0.05022,0.28103,-0.41275,-0.05671,0.17162,0.07264,0.00952,-0.06309,0.38962,-0.0145,0.93836,0.17967,0.2668,1.05783,1.54178,-0.45441,-0.09234,1.10506,-0.1989,-0.73546,0.89894,-1.29511,-0.55885,0.05109,0.92025,-0.13382,-0.09922,-0.60058,-0.11864,-0.05903,-0.04201,0.98913,0.12799,0.13153,-0.60244,-0.13818,0.07302,0.05084
25.46,-0.11631,-0.03692,-0.05017,0.27941,-0.40877,-0.05625,0.17617,0.07036,0.01066,-0.06445,0.41243,-0.0145,0.94871,0.1861,0.24961,0.97419,1.52823,-0.4344,-0.09562,1.10251,-0.199,-0.74451,0.83958,-1.24696,-0.52028,0.046,0.91569,-0.13362,-0.1003,-0.59987,-0.11851,-0.05896,-0.04198,0.98363,0.12926,0.13491,-0.60206,-0.13794,0.0733,0.05091
25.48,-0.11583,-0.03677,-0.0501,0.27785,-0.40467,-0.05574,0.18116,0.06794,0.01184,-0.06598,0.43552,-0.0145,0.96158,0.1931,0.23101,0.88009,1.51051,-0.41201,-0.09955,1.09999,-0.19902,-0.7548,0.7742,-1.19158,-0.47642,0.04046,0.91103,-0.1334,-0.10127,-0.59916,-0.1184,-0.05893,-0.04197,0.97792,0.13069,0.13896,-0.60156,-0.13767,0.07356,0.05095
25.5,-0.11536,-0.03662,-0.0501,0.27614,-0.40101,-0.05526,0.18528,0.06573,0.01294,-0.067,0.45812,-0.0145,0.96924,0.19838,0.21626,0.80843,1.50013,-0.39361,-0.10223,1.09566,-0.19898,-0.7629,0.72421,-1.15014,-0.44115,0.03574,0.90681,-0.13305,-0.10162,-0.59844,-0.11829,-0.0589,-0.04196,0.97277,0.13192,0.14229,-0.60125,-0.13742,0.07381,0.05102
25.52,-0.11489,-0.03647,-0.05023,0.27404,-0.39837,-0.05496,0.18696,0.06406,0.01387,-0.0667,0.47975,-0.0145,0.96193,0.19944,0.21128,0.79918,1.51236,-0.38716,-0.1013,1.08781,-0.19901,-0.76455,0.71437,-1.14922,-0.43221,0.03335,0.90352,-0.13236,-0.1008,-0.59769,-0.11812,-0.05881,-0.0419,0.96905,0.13246,0.14265,-0.60148,-0.13728,0.07411,0.05123
25.54,-0.11444,-0.03633,-0.05043,0.27178,-0.39616,-0.05468,0.18775,0.06261,0.0147,-0.06591,0.50075,-0.0145,0.94948,0.19883,0.21011,0.81241,1.53198,-0.38489,-0.0991,1.07844,-0.199,-0.76394,0.71971,-1.1624,-0.43225,0.03181,0.90066,-0.13156,-0.09946,-0.59696,-0.11793,-0.05871,-0.04183,0.96587,0.13281,0.14228,-0.60191,-0.13716,0.0744,0.05146
25.56,-0.11399,-0.0362,-0.05059,0.26958,-0.39375,-0.05435,0.18892,0.0611,0.01554,-0.06537,0.52163,-0.0145,0.9398,0.199,0.20727,0.81485,1.54754,-0.38077,-0.09752,1.06996,-0.199,-0.76438,0.718,-1.16861,-0.42808,0.02989,0.89766,-0.13089,-0.09847,-0.59626,-0.11776,-0.05859,-0.04176,0.96245,0.13329,0.1425,-0.60226,-0.13702,0.07467,0.05167
25.58,-0.11348,-0.03603,-0.05075,0.26742,-0.39136,-0.05415,0.1902,0.05942,0.01652,-0.06469,0.54423,-0.0145,0.92832,0.19904,0.20427,0.81973,1.56585,-0.37626,-0.0958,1.06039,-0.199,-0.76479,0.71728,-1.17699,-0.42406,0.0279,0.89448,-0.1299,-0.09695,-0.59537,-0.11758,-0.05855,-0.04173,0.95902,0.13359,0.14172,-0.60255,-0.13693,0.07502,0.05194
25.6,-0.1131,-0.03593,-0.05094,0.26515,-0.38904,-0.05371,0.19104,0.05815,0.01719,-0.06421,0.5631,-0.0145,0.91934,0.19896,0.20247,0.8249,1.58028,-0.37364,-0.09406,1.0528,-0.199,-0.7647,0.718,-1.18429,-0.42202,0.02629,0.89175,-0.12954,-0.09641,-0.59489,-0.1174,-0.05836,-0.0416,0.95575,0.1342,0.14278,-0.60302,-0.13674,0.0752,0.05208
25.62,-0.1131,-0.03604,-0.05122,0.2626,-0.38679,-0.05258,0.19091,0.058,0.01701,-0.06431,0.57181,-0.0145,0.91869,0.19901,0.20305,0.82481,1.58186,-0.37516,-0.09248,1.05122,-0.199,-0.7637,0.71844,-1.18484,-0.42317,0.0253,0.89014,-0.13104,-0.09894,-0.59556,-0.1172,-0.05771,-0.0412,0.95277,0.13581,0.14955,-0.60394,-0.13622,0.07486,0.05187
25.64,-0.11323,-0.03621,-0.05153,0.25994,-0.38461,-0.05122,0.19036,0.05826,0.01653,-0.06465,0.57679,-0.0145,0.92069,0.199,0.20469,0.82433,1.57936,-0.37847,-0.09093,1.05168,-0.199,-0.76226,0.71985,-1.18388,-0.42607,0.02469,0.88896,-0.13318,-0.10244,-0.59663,-0.11699,-0.05692,-0.04071,0.94995,0.13772,0.15809,-0.60504,-0.13559,0.07434,0.05153
25.66,-0.11329,-0.03635,-0.05182,0.25733,-0.38241,-0.04999,0.18999,0.05832,0.01619,-0.06491,0.58351,-0.0145,0.92135,0.19899,0.20582,0.82439,1.57898,-0.38102,-0.08944,1.05113,-0.199,-0.76104,0.72111,-1.18383,-0.42829,0.02403,0.88759,-0.13497,-0.10537,-0.59749,-0.11678,-0.0562,-0.04027,0.94708,0.13941,0.1655,-0.60604,-0.13504,0.07393,0.05127
25.68,-0.11337,-0.03651,-0.05213,0.25471,-0.38017,-0.04868,0.18966,0.05842,0.0158,-0.06501,0.59004,-0.0145,0.92242,0.199,0.20718,0.82369,1.57775,-0.3835,-0.08761,1.05088,-0.199,-0.75966,0.72168,-1.18334,-0.43031,0.02291,0.88622,-0.13701,-0.10887,-0.59848,-0.11656,-0.05543,-0.03979,0.94414,0.14145,0.17426,-0.60712,-0.13438,0.0734,0.05092
25.7,-0.11345,-0.03665,-0.05242,0.25209,-0.37802,-0.04747,0.18916,0.05855,0.01545,-0.06552,0.59608,-0.0145,0.92331,0.199,0.20827,0.82418,1.5772,-0.38648,-0.0865,1.05051,-0.199,-0.75855,0.72369,-1.18322,-0.43305,0.0228,0.88493,-0.13867,-0.11138,-0.5993,-0.11638,-0.05474,-0.03937,0.94138,0.14283,0.18066,-0.60806,-0.13391,0.07307,0.05072
25.72,-0.11355,-0.03673,-0.05266,0.24946,-0.37613,-0.04653,0.18826,0.05865,0.01537,-0.06713,0.60179,-0.0145,0.92321,0.199,0.20834,0.82803,1.5797,-0.39046,-0.08747,1.04932,-0.199,-0.75823,0.72956,-1.18453,-0.43747,0.02562,0.88376,-0.13919,-0.11116,-0.59964,-0.11632,-0.05427,-0.03914,0.93915,0.14226,0.1799,-0.6086,-0.13396,0.0734,0.05093
25.74,-0.11364,-0.03679,-0.0529,0.24685,-0.37432,-0.04568,0.18722,0.05879,0.01532,-0.06915,0.60712,-0.0145,0.92286,0.199,0.20809,0.83298,1.58295,-0.39483,-0.08916,1.04794,-0.199,-0.75821,0.73673,-1.1862,-0.44249,0.0294,0.88264,-0.1393,-0.10988,-0.5998,-0.11631,-0.0539,-0.03898,0.93709,0.14102,0.17675,-0.60899,-0.13419,0.07395,0.05127
25.76,-0.11372,-0.03685,-0.05315,0.24428,-0.37247,-0.04479,0.18628,0.05893,0.01521,-0.07099,0.61257,-0.0145,0.92257,0.19899,0.20797,0.83734,1.58571,-0.39894,-0.09046,1.04664,-0.199,-0.7581,0.74314,-1.18764,-0.44713,0.0326,0.88146,-0.13957,-0.10893,-0.60001,-0.11628,-0.05351,-0.03881,0.93492,0.14012,0.17486,-0.60943,-0.13432,0.07438,0.05155
25.78,-0.11385,-0.03694,-0.05336,0.2415,-0.37063,-0.04388,0.18519,0.05899,0.01527,-0.07282,0.61814,-0.0145,0.92257,0.19903,0.20793,0.84208,1.58899,-0.40347,-0.09201,1.04542,-0.199,-0.75777,0.7503,-1.18934,-0.45228,0.03641,0.88046,-0.14,-0.10864,-0.60035,-0.11624,-0.05299,-0.03856,0.93289,0.1391,0.17234,-0.60995,-0.13451,0.07487,0.05186
25.8,-0.11387,-0.03697,-0.05366,0.23915,-0.3688,-0.04306,0.18438,0.05923,0.015,-0.07475,0.6234,-0.0145,0.92188,0.19895,0.20766,0.84629,1.59141,-0.4072,-0.09322,1.04397,-0.199,-0.75797,0.7562,-1.19059,-0.45649,0.03918,0.87909,-0.13997,-0.10674,-0.60037,-0.11623,-0.05277,-0.03848,0.93062,0.13817,0.17051,-0.61026,-0.13463,0.07529,0.05212
25.82,-0.11355,-0.03683,-0.05427,0.23805,-0.36697,-0.04247,0.18436,0.06001,0.01376,-0.07693,0.62804,-0.0145,0.91926,0.19861,0.20664,0.84877,1.59142,-0.4086,-0.09331,1.04188,-0.199,-0.75969,0.75833,-1.19051,-0.45792,0.03876,0.87659,-0.13876,-0.10045,-0.5995,-0.11628,-0.05341,-0.03884,0.92762,0.13769,0.17149,-0.61003,-0.13447,0.07545,0.05219
25.84,-0.11311,-0.03664,-0.05498,0.23737,-0.36515,-0.04198,0.18463,0.06096,0.0122,-0.07917,0.63237,-0.0145,0.91596,0.19814,0.20542,0.85067,1.59056,-0.40917,-0.09303,1.03954,-0.199,-0.76191,0.75914,-1.18997,-0.45836,0.03726,0.87372,-0.13711,-0.09262,-0.59832,-0.11636,-0.05434,-0.03935,0.92438,0.13731,0.17318,-0.6096,-0.13423,0.07553,0.05221
25.86,-0.11274,-0.03647,-0.05562,0.23645,-0.36335,-0.04145,0.18478,0.06181,0.01082,-0.08133,0.63676,-0.0145,0.913,0.1977,0.20442,0.85281,1.59003,-0.41013,-0.09292,1.03732,-0.199,-0.76382,0.76054,-1.18966,-0.45926,0.03629,0.87107,-0.13568,-0.08563,-0.5973,-0.11643,-0.05512,-0.03978,0.92129,0.13683,0.17431,-0.60925,-0.13405,0.07567,0.05227
25.88,-0.11234,-0.0363,-0.05634,0.23572,-0.36146,-0.04092,0.18486,0.06276,0.00933,-0.08376,0.64148,-0.0145,0.90989,0.19738,0.20287,0.85509,1.58978,-0.41109,-0.09283,1.03509,-0.199,-0.76607,0.76202,-1.18929,-0.46016,0.03516,0.86822,-0.13412,-0.07797,-0.5962,-0.11651,-0.05601,-0.04028,0.91804,0.13653,0.17634,-0.6089,-0.13378,0.07573,0.05227
25.9,-0.11195,-0.03613,-0.05693,0.23471,-0.35975,-0.04039,0.18517,0.06355,0.00797,-0.08562,0.64545,-0.0145,0.90693,0.1968,0.20238,0.85691,1.58876,-0.4118,-0.09262,1.03283,-0.199,-0.76775,0.76301,-1.18892,-0.4608,0.03411,0.86568,-0.13274,-0.07138,-0.59519,-0.11656,-0.05672,-0.04067,0.91505,0.13591,0.17674,-0.60852,-0.13367,0.07593,0.05237
25.92,-0.11162,-0.03598,-0.05715,0.23278,-0.35859,-0.0398,0.18602,0.06383,0.00709,-0.08582,0.6474,-0.0145,0.90469,0.19542,0.20535,0.85766,1.58545,-0.41229,-0.09204,1.03063,-0.199,-0.7675,0.76297,-1.18875,-0.46096,0.03349,0.86423,-0.13186,-0.06783,-0.59456,-0.11655,-0.05687,-0.04076,0.91298,0.13429,0.17212,-0.60812,-0.13403,0.07655,0.05279
25.94,-0.1113,-0.03584,-0.05724,0.23056,-0.35761,-0.0392,0.18711,0.06394,0.00634,-0.08544,0.64861,-0.0145,0.90259,0.19381,0.20929,0.85797,1.58145,-0.41249,-0.09137,1.0284,-0.199,-0.7667,0.76248,-1.18859,-0.46086,0.03297,0.86308,-0.13117,-0.06543,-0.59402,-0.11651,-0.05682,-0.04073,0.91115,0.13236,0.16592,-0.60768,-0.13455,0.0773,0.05331
25.96,-0.11096,-0.03569,-0.0574,0.2285,-0.35652,-0.03861,0.18813,0.06414,0.00551,-0.08533,0.6502,-0.0145,0.90035,0.1924,0.21245,0.85843,1.57804,-0.41266,-0.09079,1.02614,-0.199,-0.76629,0.76219,-1.18836,-0.46086,0.03243,0.8617,-0.13046,-0.06269,-0.5934,-0.11648,-0.05684,-0.04074,0.90914,0.13063,0.16068,-0.60723,-0.13498,0.07798,0.05376
25.98,-0.11067,-0.03557,-0.05753,0.22633,-0.35555,-0.038,0.18899,0.06428,0.00478,-0.08518,0.65163,-0.0145,0.89843,0.19057,0.217,0.85903,1.57353,-0.41354,-0.08996,1.02406,-0.199,-0.7653,0.76185,-1.18835,-0.46092,0.03177,0.86069,-0.1295,-0.0592,-0.59297,-0.11646,-0.05692,-0.04079,0.90744,0.12863,0.15446,-0.60689,-0.13546,0.07872,0.05427
26,-0.11027,-0.03539,-0.05769,0.22432,-0.35437,-0.03742,0.19025,0.06451,0.00386,-0.08499,0.65318,-0.0145,0.89586,0.18956,0.2189,0.85927,1.57106,-0.41281,-0.08967,1.0216,-0.199,-0.76538,0.76153,-1.18791,-0.46078,0.03137,0.85899,-0.12907,-0.05748,-0.59216,-0.11641,-0.05685,-0.04074,0.90514,0.12711,0.14989,-0.60631,-0.13587,0.07937,0.0547
26.02,-0.10957,-0.03503,-0.05797,0.22274,-0.35259,-0.03694,0.19233,0.06494,0.00261,-0.08462,0.65555,-0.0145,0.89183,0.19101,0.21326,0.85841,1.57511,-0.40832,-0.09064,1.01828,-0.199,-0.76842,0.76147,-1.18612,-0.46061,0.03177,0.85537,-0.13024,-0.06114,-0.59038,-0.11627,-0.05633,-0.04038,0.90124,0.12699,0.15023,-0.60521,-0.13603,0.07976,0.05487
26.04,-0.10874,-0.0346,-0.0583,0.22132,-0.3506,-0.03649,0.19483,0.06548,0.00113,-0.08427,0.65799,-0.0145,0.88707,0.19324,0.20493,0.85726,1.58111,-0.40212,-0.0922,1.01456,-0.199,-0.77259,0.76146,-1.18392,-0.46018,0.0324,0.85104,-0.13189,-0.06643,-0.58822,-0.11611,-0.05568,-0.03993,0.8967,0.12734,0.15227,-0.60387,-0.1361,0.08007,0.05495
26.06,-0.10795,-0.0342,-0.05861,0.21986,-0.3487,-0.03602,0.19726,0.06601,-0.00038,-0.08404,0.66018,-0.0145,0.88243,0.19505,0.1978,0.85634,1.58574,-0.39628,-0.09368,1.01092,-0.199,-0.77632,0.76136,-1.18199,-0.45961,0.03285,0.84698,-0.13317,-0.07046,-0.58618,-0.11597,-0.05514,-0.03956,0.89239,0.12747,0.15356,-0.60257,-0.1362,0.0804,0.05507
26.08,-0.10726,-0.03384,-0.05892,0.21827,-0.34683,-0.03559,0.19917,0.06637,-0.00128,-0.0832,0.66328,-0.0145,0.87874,0.19721,0.19072,0.85486,1.59235,-0.39213,-0.09441,1.00773,-0.199,-0.77969,0.76145,-1.17968,-0.46015,0.03362,0.84315,-0.13506,-0.07664,-0.58434,-0.11579,-0.05436,-0.03903,0.88838,0.12765,0.15475,-0.60154,-0.13635,0.08078,0.0552
26.1,-0.10633,-0.03337,-0.05924,0.217,-0.34484,-0.03509,0.20229,0.06711,-0.00355,-0.08368,0.6645,-0.0145,0.87283,0.19871,0.18299,0.85462,1.59538,-0.38412,-0.09677,1.00351,-0.199,-0.78412,0.76122,-1.17813,-0.45829,0.03376,0.83865,-0.13583,-0.07883,-0.58201,-0.11569,-0.05405,-0.0388,0.88357,0.12782,0.15653,-0.59988,-0.13639,0.08104,0.05528
26.12,-0.10477,-0.03262,-0.05963,0.21657,-0.34264,-0.03437,0.20857,0.06889,-0.00933,-0.08757,0.6607,-0.0145,0.86157,0.19928,0.17309,0.85665,1.58754,-0.36532,-0.1041,0.99654,-0.199,-0.79102,0.75958,-1.17824,-0.45014,0.03229,0.83256,-0.13314,-0.06859,-0.57839,-0.11585,-0.05519,-0.03946,0.8768,0.12793,0.15984,-0.59652,-0.13614,0.08096,0.05522
26.14,-0.10297,-0.03177,-0.06003,0.21646,-0.34033,-0.03359,0.21608,0.07107,-0.01653,-0.09283,0.65498,-0.0145,0.84799,0.19895,0.16278,0.86015,1.57614,-0.34281,-0.11293,0.98856,-0.199,-0.79899,0.75771,-1.17922,-0.43955,0.03016,0.8258,-0.12934,-0.05446,-0.57429,-0.1161,-0.05679,-0.04042,0.86925,0.12801,0.16363,-0.59252,-0.13581,0.08077,0.05512
26.16,-0.10127,-0.03096,-0.06041,0.2162,-0.33804,-0.03285,0.22307,0.07308,-0.02324,-0.09761,0.65001,-0.0145,0.83509,0.19831,0.15335,0.86375,1.56674,-0.32235,-0.12065,0.98103,-0.199,-0.80664,0.75626,-1.18018,-0.4299,0.02821,0.81929,-0.1262,-0.04277,-0.57043,-0.11629,-0.0581,-0.0412,0.86202,0.12808,0.16698,-0.58881,-0.13553,0.08066,0.05505
26.18,-0.09963,-0.03016,-0.06084,0.21597,-0.33586,-0.03204,0.22989,0.07505,-0.02929,-0.1018,0.64555,-0.0145,0.82373,0.20075,0.14098,0.86409,1.55581,-0.30028,-0.13017,0.97349,-0.199,-0.81368,0.75346,-1.17958,-0.42093,0.02675,0.81298,-0.12241,-0.02831,-0.56649,-0.11657,-0.05973,-0.04216,0.85491,0.12828,0.1713,-0.58507,-0.13517,0.08044,0.05493
26.2,-0.09779,-0.02933,-0.06119,0.21575,-0.33342,-0.03136,0.23737,0.07719,-0.03706,-0.10753,0.63956,-0.0145,0.80863,0.19655,0.13455,0.87157,1.54715,-0.28071,-0.13632,0.96578,-0.199,-0.82218,0.75345,-1.18239,-0.41,0.02413,0.80611,-0.11972,-0.01867,-0.56261,-0.11669,-0.06081,-0.0428,0.84737,0.1282,0.17372,-0.58127,-0.13496,0.08041,0.05491
26.22,-0.09551,-0.02844,-0.06131,0.21556,-0.33026,-0.03109,0.24644,0.07971,-0.04908,-0.1172,0.63002,-0.0145,0.78366,0.17423,0.14576,0.89854,1.54602,-0.2691,-0.1327,0.95761,-0.199,-0.83481,0.76091,-1.19495,-0.39391,0.01816,0.79782,-0.12036,-0.02332,-0.55893,-0.11638,-0.06031,-0.04247,0.83878,0.12723,0.17044,-0.5774,-0.13525,0.08094,0.05525
26.24,-0.09304,-0.02753,-0.06136,0.21534,-0.32685,-0.03094,0.25613,0.0824,-0.0628,-0.12838,0.61898,-0.0145,0.75504,0.14524,0.16274,0.9326,1.5472,-0.26013,-0.12566,0.94936,-0.199,-0.84882,0.77125,-1.21083,-0.376,0.01109,0.789,-0.12214,-0.03293,-0.55534,-0.11591,-0.05923,-0.0418,0.82979,0.126,0.16528,-0.57353,-0.13569,0.08165,0.0557
26.26,-0.09064,-0.02664,-0.06144,0.21507,-0.32356,-0.03072,0.26553,0.08502,-0.07585,-0.13885,0.6085,-0.0145,0.72814,0.11928,0.17633,0.96338,1.54706,-0.2499,-0.12026,0.9413,-0.199,-0.86194,0.7805,-1.22484,-0.35917,0.00474,0.78046,-0.1234,-0.0403,-0.55175,-0.11551,-0.0584,-0.04128,0.82101,0.12497,0.16119,-0.56971,-0.13604,0.08227,0.05609
26.28,-0.08828,-0.02572,-0.06153,0.2151,-0.32022,-0.03058,0.27502,0.08761,-0.08854,-0.14942,0.59846,-0.0145,0.70082,0.09329,0.19317,0.99456,1.54797,-0.23982,-0.11457,0.93255,-0.199,-0.87614,0.78886,-1.24037,-0.34124,-0.00252,0.77173,-0.12465,-0.04757,-0.54796,-0.11512,-0.05766,-0.04079,0.81212,0.12362,0.15618,-0.56563,-0.13646,0.08293,0.05652
26.3,-0.08581,-0.02484,-0.06157,0.21449,-0.31693,-0.0303,0.28445,0.0903,-0.10235,-0.16015,0.58717,-0.0145,0.67362,0.06579,0.20458,1.02644,1.54722,-0.23007,-0.10865,0.92524,-0.199,-0.88849,0.79971,-1.25355,-0.32512,-0.00817,0.76328,-0.12619,-0.05618,-0.54463,-0.11468,-0.05659,-0.04015,0.80335,0.12286,0.15265,-0.56212,-0.13679,0.08354,0.05689
26.32,-0.08312,-0.0241,-0.06147,0.21219,-0.31394,-0.02963,0.2937,0.0932,-0.11889,-0.17076,0.57282,-0.0145,0.64713,0.03589,0.20009,1.05963,1.54186,-0.22094,-0.10295,0.92161,-0.199,-0.89459,0.8171,-1.25925,-0.31501,-0.00885,0.75573,-0.12847,-0.06797,-0.5425,-0.11412,-0.05463,-0.03911,0.79508,0.12375,0.15339,-0.56012,-0.13686,0.08399,0.05711
26.34,-0.08034,-0.02341,-0.0613,0.20925,-0.31101,-0.02881,0.30283,0.09618,-0.13649,-0.18152,0.55728,-0.0145,0.62102,0.00471,0.18983,1.09302,1.53469,-0.212,-0.09711,0.91945,-0.199,-0.8989,0.83684,-1.26259,-0.30663,-0.00792,0.74849,-0.13098,-0.08083,-0.54085,-0.11352,-0.05238,-0.03794,0.78694,0.12524,0.15569,-0.55872,-0.13685,0.08437,0.05726
26.36,-0.07761,-0.02269,-0.06114,0.20656,-0.308,-0.02803,0.3119,0.09913,-0.15357,-0.19236,0.54226,-0.0145,0.59507,-0.02596,0.18193,1.1257,1.52797,-0.20274,-0.09134,0.91685,-0.199,-0.90453,0.85525,-1.26704,-0.29714,-0.00792,0.74111,-0.13327,-0.09277,-0.53903,-0.11295,-0.05032,-0.03686,0.77871,0.12649,0.15746,-0.55707,-0.13686,0.08476,0.05744
26.38,-0.07482,-0.02198,-0.06104,0.20401,-0.30517,-0.02736,0.32147,0.10209,-0.17087,-0.20266,0.52722,-0.0145,0.56754,-0.05664,0.17545,1.16151,1.52276,-0.19454,-0.08547,0.91338,-0.199,-0.90811,0.87484,-1.2711,-0.28914,-0.00714,0.73368,-0.13606,-0.10674,-0.53702,-0.11233,-0.04797,-0.03563,0.77057,0.12758,0.15853,-0.55528,-0.13692,0.08524,0.05765
26.4,-0.07213,-0.02126,-0.06082,0.20106,-0.302,-0.02645,0.32997,0.10504,-0.18794,-0.21405,0.51201,-0.0145,0.5435,-0.08744,0.16445,1.19042,1.51409,-0.18416,-0.07975,0.91197,-0.199,-0.9155,0.89251,-1.2758,-0.27827,-0.00756,0.72644,-0.13786,-0.11663,-0.53552,-0.11181,-0.04618,-0.0347,0.76231,0.12913,0.16133,-0.55396,-0.13688,0.08554,0.05777
26.42,-0.06974,-0.02045,-0.06033,0.19688,-0.29784,-0.02484,0.3355,0.10792,-0.20411,-0.22877,0.49627,-0.0145,0.52837,-0.11878,0.14329,1.20311,1.49524,-0.16767,-0.07504,0.91678,-0.199,-0.93399,0.90418,-1.27904,-0.26095,-0.01176,0.71966,-0.13699,-0.11528,-0.53516,-0.11157,-0.04594,-0.03458,0.75347,0.13207,0.16963,-0.55358,-0.13653,0.08527,0.05759
26.44,-0.06745,-0.01964,-0.05973,0.19236,-0.29334,-0.02303,0.33997,0.11079,-0.22,-0.24451,0.48046,-0.0145,0.51687,-0.15005,0.11759,1.20831,1.47316,-0.14901,-0.07037,0.92343,-0.199,-0.95632,0.91382,-1.28359,-0.24039,-0.01717,0.71306,-0.1351,-0.10973,-0.53533,-0.11142,-0.04629,-0.03478,0.74454,0.13541,0.17946,-0.55368,-0.1361,0.08485,0.05733
26.46,-0.06511,-0.01886,-0.05918,0.18818,-0.28901,-0.02137,0.34496,0.11369,-0.23603,-0.25953,0.46489,-0.0145,0.50415,-0.18101,0.09332,1.21496,1.45324,-0.13136,-0.06531,0.92866,-0.199,-0.97681,0.92449,-1.29016,-0.22003,-0.02195,0.70639,-0.13357,-0.10584,-0.53536,-0.11123,-0.04643,-0.03487,0.73578,0.1384,0.18787,-0.55369,-0.13575,0.08454,0.05714
26.48,-0.06277,-0.01797,-0.05865,0.18323,-0.28462,-0.01946,0.34977,0.11652,-0.25207,-0.27564,0.44839,-0.0145,0.48967,-0.21352,0.0715,1.22972,1.43035,-0.11355,-0.06184,0.93643,-0.199,-0.99774,0.93487,-1.28607,-0.20494,-0.02707,0.69968,-0.13246,-0.10295,-0.53501,-0.11107,-0.04633,-0.03483,0.72646,0.1421,0.19933,-0.5532,-0.13522,0.08403,0.05681
26.5,-0.06045,-0.0173,-0.05803,0.17979,-0.28027,-0.01802,0.3547,0.11947,-0.26799,-0.28969,0.43383,-0.0145,0.47966,-0.24271,0.04362,1.226,1.4129,-0.09562,-0.05506,0.93929,-0.199,-1.01858,0.94526,-1.30394,-0.17828,-0.03175,0.6931,-0.13027,-0.0971,-0.53554,-0.11086,-0.04685,-0.03511,0.71829,0.14444,0.20487,-0.55383,-0.13505,0.08391,0.05675
26.52,-0.05817,-0.01725,-0.05717,0.1808,-0.27598,-0.01803,0.36021,0.12286,-0.2839,-0.29792,0.42477,-0.0145,0.48147,-0.26323,-0.00032,1.17149,1.41136,-0.07735,-0.03923,0.92853,-0.199,-1.03907,0.95681,-1.38716,-0.11892,-0.03534,0.68669,-0.12491,-0.08281,-0.53846,-0.11044,-0.04909,-0.03631,0.71337,0.14275,0.19278,-0.55766,-0.13592,0.08492,0.0575
26.54,-0.05591,-0.01742,-0.05621,0.18331,-0.27176,-0.01853,0.36586,0.12637,-0.29966,-0.30399,0.41767,-0.0145,0.48755,-0.2803,-0.05005,1.09899,1.4154,-0.05914,-0.02008,0.91271,-0.199,-1.0592,0.9683,-1.49153,-0.04836,-0.03839,0.68043,-0.11855,-0.0659,-0.54221,-0.10996,-0.05189,-0.03779,0.7096,0.13973,0.17484,-0.56257,-0.13715,0.08631,0.05851
26.56,-0.05364,-0.01748,-0.0553,0.18501,-0.26758,-0.01875,0.37145,0.12977,-0.31535,-0.31096,0.40963,-0.0145,0.49144,-0.29861,-0.09688,1.03572,1.41683,-0.04124,-0.00237,0.8989,-0.199,-1.07896,0.97937,-1.58288,0.01607,-0.04143,0.67419,-0.11291,-0.05104,-0.5455,-0.10951,-0.05431,-0.03907,0.70527,0.13745,0.16017,-0.56682,-0.13819,0.0875,0.05938
26.58,-0.05134,-0.0176,-0.05439,0.18724,-0.26307,-0.01918,0.37701,0.13339,-0.33162,-0.31832,0.4018,-0.0145,0.4966,-0.31832,-0.14519,0.96755,1.41846,-0.02181,0.01516,0.88626,-0.199,-1.10107,0.99224,-1.68853,0.08515,-0.04555,0.6676,-0.10614,-0.03246,-0.54917,-0.10906,-0.05727,-0.04066,0.7011,0.13459,0.14298,-0.57177,-0.13935,0.08881,0.06036
26.6,-0.04913,-0.01764,-0.05344,0.18874,-0.25928,-0.0193,0.38268,0.13657,-0.34661,-0.32435,0.39401,-0.0145,0.5,-0.33427,-0.19148,0.90565,1.42105,-0.00562,0.03372,0.8701,-0.199,-1.11817,1.00138,-1.76959,0.14702,-0.04735,0.66177,-0.10147,-0.021,-0.55223,-0.10859,-0.05924,-0.04167,0.69689,0.13261,0.1296,-0.57553,-0.14034,0.08996,0.06117
26.62,-0.0471,-0.01742,-0.05244,0.18795,-0.25742,-0.01847,0.38874,0.13864,-0.35832,-0.32723,0.38578,-0.0145,0.49806,-0.34082,-0.23288,0.8634,1.42506,0.00169,0.05551,0.84426,-0.199,-1.12134,1.00024,-1.77604,0.18738,-0.04224,0.65788,-0.10305,-0.03044,-0.55338,-0.10808,-0.05828,-0.04101,0.69216,0.13341,0.12854,-0.57569,-0.14076,0.09057,0.06144
26.64,-0.04517,-0.01711,-0.05141,0.18638,-0.2563,-0.01733,0.39489,0.14026,-0.36869,-0.32886,0.37754,-0.0145,0.49409,-0.34369,-0.27163,0.82848,1.42985,0.0057,0.07803,0.81526,-0.199,-1.11948,0.99534,-1.75729,0.21986,-0.03493,0.65477,-0.10676,-0.04706,-0.55389,-0.10755,-0.05631,-0.03977,0.68739,0.13513,0.13144,-0.57463,-0.141,0.091,0.06153
26.66,-0.04322,-0.01685,-0.05037,0.1851,-0.25488,-0.01633,0.40094,0.14202,-0.37953,-0.33108,0.36936,-0.0145,0.49065,-0.34816,-0.31017,0.79162,1.43422,0.01121,0.09943,0.78849,-0.199,-1.12001,0.99216,-1.7511,0.25522,-0.02903,0.6514,-0.10938,-0.06005,-0.55472,-0.10704,-0.05482,-0.03882,0.68273,0.13639,0.1323,-0.57416,-0.14134,0.09152,0.06171
26.68,-0.04117,-0.01655,-0.0494,0.1841,-0.25335,-0.01532,0.40726,0.14405,-0.39096,-0.33315,0.36106,-0.0145,0.48897,-0.35279,-0.35484,0.74833,1.43904,0.0168,0.12423,0.7582,-0.199,-1.12012,0.98892,-1.74102,0.29402,-0.02139,0.64766,-0.11248,-0.07451,-0.55545,-0.10649,-0.05324,-0.03778,0.67772,0.13777,0.13397,-0.57356,-0.14162,0.09202,0.06185
26.7,-0.03936,-0.01631,-0.0483,0.18235,-0.25219,-0.01427,0.41302,0.1454,-0.40082,-0.33525,0.35294,-0.0145,0.48312,-0.35626,-0.38608,0.72033,1.44304,0.02135,0.14212,0.73451,-0.199,-1.11989,0.98491,-1.73272,0.32354,-0.01684,0.64483,-0.11508,-0.08764,-0.55623,-0.10602,-0.05161,-0.03678,0.67341,0.13915,0.13498,-0.57293,-0.14198,0.0925,0.06202
26.72,-0.03824,-0.01624,-0.04687,0.17853,-0.25205,-0.0131,0.41722,0.14502,-0.40693,-0.33783,0.34575,-0.0145,0.46598,-0.3575,-0.38066,0.73368,1.44452,0.02462,0.1404,0.73015,-0.199,-1.12004,0.98,-1.73584,0.33022,-0.02149,0.64457,-0.11579,-0.09537,-0.55733,-0.10581,-0.05003,-0.03598,0.67122,0.14022,0.13296,-0.57244,-0.14271,0.09296,0.0623
26.74,-0.03738,-0.01622,-0.04532,0.17401,-0.25223,-0.0119,0.42084,0.14396,-0.41146,-0.34047,0.33867,-0.0145,0.44471,-0.35772,-0.3618,0.76212,1.44511,0.02682,0.13175,0.73247,-0.199,-1.11998,0.97442,-1.7414,0.3276,-0.0293,0.64515,-0.1159,-0.10154,-0.55848,-0.10568,-0.04844,-0.03524,0.66972,0.14128,0.13019,-0.57196,-0.14352,0.0934,0.06261
26.76,-0.03639,-0.01617,-0.04383,0.16993,-0.25214,-0.01077,0.4247,0.14318,-0.41657,-0.34304,0.33125,-0.0145,0.4255,-0.35837,-0.34928,0.78312,1.44614,0.02898,0.12651,0.73156,-0.199,-1.11998,0.96896,-1.74561,0.32866,-0.03559,0.64517,-0.11626,-0.10845,-0.55958,-0.10552,-0.04688,-0.03448,0.66779,0.14242,0.12793,-0.5715,-0.14426,0.09383,0.06289
26.78,-0.03544,-0.01613,-0.04232,0.16531,-0.25258,-0.0094,0.42862,0.14252,-0.42225,-0.34577,0.32504,-0.0145,0.40551,-0.35898,-0.33587,0.80669,1.4471,0.03323,0.12026,0.73145,-0.199,-1.12005,0.96409,-1.75021,0.33185,-0.04221,0.64595,-0.1168,-0.1155,-0.56079,-0.10536,-0.04518,-0.03366,0.66632,0.14326,0.12511,-0.5709,-0.14513,0.09433,0.06323
26.8,-0.03447,-0.0161,-0.04083,0.16168,-0.25199,-0.00853,0.43231,0.14145,-0.42634,-0.34818,0.31634,-0.0145,0.38611,-0.35953,-0.32094,0.82858,1.44794,0.03294,0.11438,0.73117,-0.19899,-1.11988,0.95797,-1.75462,0.3284,-0.04887,0.64534,-0.11677,-0.12173,-0.5618,-0.1052,-0.04378,-0.03299,0.66407,0.14472,0.12322,-0.57061,-0.14575,0.09468,0.06346
26.82,-0.03342,-0.0161,-0.03942,0.16083,-0.24842,-0.009,0.43528,0.13949,-0.42673,-0.34979,0.30069,-0.0145,0.3701,-0.3598,-0.30708,0.84063,1.44889,0.02018,0.11194,0.73,-0.19902,-1.12013,0.94785,-1.7604,0.30978,-0.05515,0.6407,-0.11541,-0.12654,-0.56233,-0.10505,-0.04314,-0.03268,0.65945,0.14791,0.12416,-0.57126,-0.14566,0.09459,0.06341
26.84,-0.03234,-0.01612,-0.03805,0.16104,-0.24382,-0.00998,0.43807,0.13713,-0.42551,-0.35106,0.28257,-0.0145,0.35472,-0.36012,-0.29182,0.85069,1.4497,0.00296,0.10998,0.72821,-0.19898,-1.12002,0.9367,-1.76561,0.28469,-0.06131,0.63463,-0.11345,-0.13045,-0.56266,-0.1049,-0.04282,-0.03253,0.65404,0.15171,0.12604,-0.57223,-0.14532,0.09434,0.06325
26.86,-0.03125,-0.01613,-0.03667,0.16087,-0.23973,-0.01074,0.44109,0.13491,-0.42487,-0.35243,0.26559,-0.0145,0.33852,-0.36068,-0.27592,0.86265,1.45039,-0.01207,0.10731,0.72596,-0.19897,-1.11942,0.92643,-1.76948,0.26195,-0.06734,0.6292,-0.11166,-0.1344,-0.56303,-0.10475,-0.04241,-0.03233,0.64901,0.15521,0.12745,-0.57302,-0.14509,0.09416,0.06314
26.88,-0.03025,-0.01615,-0.03523,0.16027,-0.23546,-0.01146,0.44348,0.13284,-0.42488,-0.35404,0.24844,-0.0145,0.32429,-0.36013,-0.26492,0.87107,1.4518,-0.02786,0.10646,0.72713,-0.19913,-1.12147,0.91417,-1.77995,0.24124,-0.07424,0.62381,-0.11026,-0.13982,-0.5636,-0.10462,-0.04179,-0.03202,0.64387,0.15883,0.12902,-0.57394,-0.14488,0.09399,0.06305
26.9,-0.02907,-0.01616,-0.03392,0.1608,-0.23131,-0.01237,0.44712,0.13038,-0.42309,-0.35507,0.23116,-0.0145,0.30633,-0.36187,-0.2436,0.88602,1.45172,-0.04307,0.10206,0.72087,-0.19872,-1.11803,0.90613,-1.77678,0.21507,-0.07926,0.61801,-0.10795,-0.14204,-0.56373,-0.10443,-0.04168,-0.03197,0.63879,0.16233,0.13048,-0.57469,-0.14456,0.09376,0.0629
26.92,-0.02735,-0.01615,-0.0329,0.16421,-0.22783,-0.01369,0.45455,0.12689,-0.4174,-0.35441,0.21322,-0.0145,0.27651,-0.37029,-0.19394,0.92079,1.44731,-0.05605,0.08754,0.6947,-0.19856,-1.09859,0.90734,-1.7336,0.17374,-0.07902,0.61132,-0.10298,-0.13513,-0.56253,-0.10402,-0.04293,-0.03265,0.63398,0.16546,0.13149,-0.57479,-0.14401,0.09339,0.06264
26.94,-0.02546,-0.01614,-0.03201,0.1687,-0.2245,-0.01518,0.4632,0.12303,-0.40982,-0.3532,0.19541,-0.0145,0.24323,-0.38091,-0.13408,0.96184,1.44145,-0.06822,0.06951,0.66096,-0.19749,-1.07378,0.91332,-1.67713,0.12748,-0.07688,0.60428,-0.09717,-0.12514,-0.56092,-0.10354,-0.04466,-0.03357,0.62928,0.16842,0.13235,-0.57475,-0.14335,0.09296,0.06233
26.96,-0.02368,-0.01613,-0.0311,0.17265,-0.22108,-0.01658,0.47111,0.11936,-0.40265,-0.35235,0.1781,-0.0145,0.21242,-0.3903,-0.07907,0.99914,1.4364,-0.08046,0.05332,0.63036,-0.19564,-1.05207,0.9189,-1.62836,0.08464,-0.07568,0.59744,-0.09193,-0.11692,-0.55959,-0.1031,-0.04613,-0.03435,0.62456,0.17138,0.13322,-0.57485,-0.14274,0.09256,0.06205
26.98,-0.02177,-0.0161,-0.03003,0.17684,-0.21773,-0.01806,0.4798,0.11555,-0.39734,-0.351,0.15829,-0.0145,0.17767,-0.40075,-0.02303,1.04036,1.43071,-0.09407,0.03621,0.60099,-0.19882,-1.02767,0.91706,-1.57266,0.03666,-0.07422,0.59036,-0.08589,-0.1071,-0.55786,-0.10261,-0.04781,-0.03525,0.61966,0.17467,0.13434,-0.5746,-0.14213,0.09214,0.06175
27,-0.0201,-0.01613,-0.02932,0.18077,-0.21428,-0.0194,0.48715,0.11198,-0.38773,-0.35056,0.14382,-0.0145,0.15049,-0.40941,0.03318,1.07468,1.42603,-0.10464,0.02006,0.56728,-0.19134,-1.00748,0.93172,-1.52811,-0.00179,-0.07278,0.58372,-0.08133,-0.0999,-0.55687,-0.10221,-0.04916,-0.03597,0.61518,0.17723,0.13492,-0.57507,-0.1415,0.09174,0.06147
27.02,-0.0191,-0.01629,-0.02947,0.18388,-0.21053,-0.02035,0.49067,0.10911,-0.36671,-0.35287,0.14357,-0.0145,0.14348,-0.41341,0.08811,1.09058,1.4244,-0.10629,0.00824,0.52352,-0.15442,-1.00124,0.99181,-1.51884,-0.01185,-0.07236,0.5783,-0.08086,-0.10058,-0.55793,-0.10202,-0.04953,-0.03615,0.61182,0.17785,0.13391,-0.5774,-0.14085,0.09142,0.06126
27.04,-0.01836,-0.01651,-0.02998,0.18664,-0.20668,-0.02115,0.4928,0.10653,-0.34144,-0.3561,0.14879,-0.0145,0.14446,-0.4154,0.14269,1.09894,1.42393,-0.10501,-0.00262,0.47565,-0.10686,-0.99924,1.06814,-1.52104,-0.01226,-0.07193,0.57336,-0.08193,-0.10401,-0.55975,-0.10191,-0.04955,-0.03613,0.6089,0.17771,0.13239,-0.58049,-0.14017,0.09112,0.06106
27.06,-0.01752,-0.01671,-0.03038,0.18944,-0.20289,-0.02199,0.49546,0.10387,-0.31812,-0.35883,0.15186,-0.0145,0.14287,-0.41772,0.19701,1.10926,1.42289,-0.10549,-0.01453,0.4296,-0.0643,-0.99464,1.13638,-1.51718,-0.01763,-0.07118,0.56827,-0.08241,-0.10627,-0.56127,-0.10176,-0.0497,-0.03619,0.60582,0.17788,0.13119,-0.58334,-0.1395,0.09082,0.06086
27.08,-0.01658,-0.01687,-0.03057,0.1928,-0.19906,-0.02293,0.49855,0.10094,-0.29464,-0.36182,0.15358,-0.0145,0.13687,-0.42248,0.25361,1.12582,1.42168,-0.10413,-0.02412,0.38345,-0.02095,-0.99271,1.20784,-1.51639,-0.0208,-0.07173,0.56286,-0.08242,-0.10816,-0.56259,-0.10162,-0.04999,-0.03631,0.60257,0.17821,0.12961,-0.58574,-0.13886,0.09049,0.06064
27.1,-0.01593,-0.01714,-0.03128,0.1949,-0.19529,-0.02364,0.50043,0.09867,-0.27055,-0.36456,0.15935,-0.0145,0.14176,-0.42176,0.30502,1.12775,1.42151,-0.10594,-0.03808,0.33668,0.0232,-0.98626,1.27631,-1.51217,-0.02612,-0.0696,0.55823,-0.08377,-0.11142,-0.56451,-0.10149,-0.04991,-0.03625,0.59978,0.17802,0.1287,-0.58924,-0.13814,0.09022,0.06046
27.12,-0.01601,-0.01771,-0.03322,0.19344,-0.19165,-0.02366,0.49915,0.09808,-0.24532,-0.36594,0.17538,-0.0145,0.17678,-0.40549,0.34388,1.0891,1.42051,-0.11694,-0.06594,0.28907,0.06756,-0.96662,1.33326,-1.49518,-0.04026,-0.05986,0.5556,-0.08858,-0.11862,-0.56803,-0.1014,-0.04882,-0.03567,0.59811,0.17662,0.12971,-0.59574,-0.13724,0.09016,0.06039
27.14,-0.01638,-0.01839,-0.03568,0.19073,-0.18809,-0.02345,0.49673,0.09817,-0.21974,-0.36712,0.19521,-0.0145,0.2221,-0.38393,0.37714,1.03638,1.42109,-0.13127,-0.09793,0.24107,0.11225,-0.94224,1.38649,-1.47451,-0.05677,-0.04747,0.55374,-0.09465,-0.12697,-0.57213,-0.10133,-0.0474,-0.03493,0.59688,0.1747,0.13143,-0.60331,-0.13628,0.09017,0.06037
27.16,-0.01663,-0.01901,-0.03797,0.18867,-0.18453,-0.02338,0.49493,0.09803,-0.19465,-0.36868,0.21305,-0.0145,0.26146,-0.36535,0.4118,0.99134,1.42333,-0.14427,-0.12696,0.19339,0.15642,-0.91984,1.44096,-1.45593,-0.07181,-0.03642,0.55153,-0.10003,-0.13428,-0.57587,-0.10126,-0.04619,-0.03429,0.59545,0.17298,0.13288,-0.61029,-0.13534,0.09013,0.06032
27.18,-0.01686,-0.01967,-0.04001,0.18624,-0.1808,-0.02316,0.49263,0.09755,-0.16793,-0.36905,0.23223,-0.0145,0.30664,-0.34422,0.45132,0.94041,1.41591,-0.15642,-0.16048,0.14496,0.20256,-0.89831,1.49792,-1.43596,-0.08817,-0.02478,0.54931,-0.10595,-0.1439,-0.57997,-0.10116,-0.04468,-0.03349,0.59402,0.17144,0.1341,-0.61772,-0.1344,0.09013,0.06029
27.2,-0.01718,-0.02027,-0.04268,0.18431,-0.17745,-0.02319,0.49113,0.09793,-0.14466,-0.37184,0.2494,-0.0145,0.34186,-0.32724,0.47932,0.89872,1.42857,-0.17112,-0.18568,0.09807,0.24448,-0.8738,1.5486,-1.4179,-0.10248,-0.01377,0.54733,-0.11106,-0.14891,-0.58354,-0.10112,-0.04374,-0.03301,0.59271,0.16938,0.13595,-0.62447,-0.13346,0.09008,0.06023
27.22,-0.01768,-0.02061,-0.04691,0.18398,-0.17509,-0.02407,0.49213,0.10057,-0.13046,-0.38134,0.26068,-0.0145,0.34854,-0.32238,0.47756,0.88418,1.4998,-0.19268,-0.18646,0.0553,0.275,-0.84221,1.58254,-1.40567,-0.11052,-0.00489,0.54544,-0.11346,-0.14104,-0.58485,-0.10121,-0.04449,-0.03342,0.59156,0.16632,0.1397,-0.62897,-0.13251,0.08991,0.06007
27.24,-0.01825,-0.02089,-0.05174,0.18422,-0.17309,-0.02519,0.49396,0.10404,-0.11987,-0.39328,0.26966,-0.0145,0.34451,-0.32199,0.46427,0.87978,1.59052,-0.21659,-0.1788,0.01418,0.30114,-0.80776,1.61023,-1.39547,-0.11649,0.00321,0.54382,-0.11503,-0.12845,-0.58576,-0.10135,-0.04585,-0.03415,0.59053,0.16272,0.14401,-0.6328,-0.13157,0.0897,0.05988
27.26,-0.01879,-0.02123,-0.05632,0.18424,-0.17094,-0.02613,0.49542,0.1071,-0.10801,-0.40412,0.27929,-0.0145,0.34437,-0.31997,0.45583,0.87194,1.67006,-0.23904,-0.17531,-0.02754,0.329,-0.77459,1.64091,-1.38452,-0.12348,0.01149,0.54231,-0.11707,-0.11787,-0.5873,-0.10147,-0.04693,-0.03474,0.58949,0.15919,0.14785,-0.637,-0.13065,0.08952,0.05972
27.28,-0.01935,-0.02144,-0.06083,0.18401,-0.16878,-0.02736,0.49684,0.11034,-0.09456,-0.41491,0.29076,-0.0145,0.34877,-0.31609,0.44886,0.85871,1.75955,-0.26331,-0.1706,-0.06999,0.35803,-0.74133,1.67091,-1.37281,-0.13019,0.02061,0.53986,-0.11875,-0.10785,-0.58692,-0.10157,-0.04797,-0.03531,0.58827,0.15637,0.15258,-0.64084,-0.12966,0.0893,0.05951
27.3,-0.01987,-0.02191,-0.06562,0.18448,-0.16668,-0.02805,0.49852,0.11337,-0.08532,-0.42637,0.29777,-0.0145,0.34096,-0.31719,0.4361,0.85925,1.83281,-0.28426,-0.16632,-0.11042,0.38354,-0.70767,1.70082,-1.3631,-0.13699,0.02774,0.53941,-0.12099,-0.09561,-0.5905,-0.10173,-0.04925,-0.036,0.58747,0.15198,0.15564,-0.64541,-0.12879,0.08916,0.05938
27.32,-0.02032,-0.02299,-0.07112,0.18663,-0.16493,-0.02713,0.50099,0.11564,-0.08662,-0.43914,0.29317,-0.0145,0.30265,-0.33125,0.4107,0.89569,1.85751,-0.29593,-0.16555,-0.14668,0.4006,-0.6734,1.7325,-1.35927,-0.14429,0.02974,0.54456,-0.12484,-0.07763,-0.60452,-0.10212,-0.0511,-0.03699,0.58756,0.14293,0.15356,-0.651,-0.12833,0.08932,0.0595
27.34,-0.02072,-0.02438,-0.07687,0.1895,-0.16315,-0.02569,0.50364,0.11766,-0.09207,-0.45246,0.28411,-0.0145,0.25226,-0.35012,0.3798,0.9456,1.86504,-0.30409,-0.16543,-0.18075,0.4142,-0.63891,1.76422,-1.35727,-0.15177,0.02974,0.55166,-0.12929,-0.05772,-0.62262,-0.10258,-0.05316,-0.03808,0.58809,0.1324,0.14986,-0.65756,-0.12799,0.08956,0.05969
27.36,-0.02111,-0.02572,-0.08246,0.19211,-0.16119,-0.02452,0.50603,0.11975,-0.09577,-0.46549,0.27696,-0.0145,0.20691,-0.36664,0.35107,0.98922,1.87973,-0.31354,-0.16481,-0.21519,0.42928,-0.60466,1.79563,-1.35386,-0.15935,0.03053,0.55778,-0.13354,-0.03919,-0.63926,-0.10297,-0.05507,-0.03909,0.58856,0.12282,0.14717,-0.66443,-0.12754,0.08974,0.05982
27.38,-0.02164,-0.02665,-0.08829,0.19442,-0.16009,-0.02319,0.5092,0.12204,-0.09906,-0.47881,0.27019,-0.0145,0.16302,-0.38407,0.3233,1.03402,1.89773,-0.32434,-0.16473,-0.2523,0.44467,-0.56964,1.82811,-1.35286,-0.16614,0.03175,0.56438,-0.13744,-0.01835,-0.65429,-0.10351,-0.05721,-0.04023,0.58848,0.11203,0.14334,-0.66812,-0.12731,0.09003,0.06005
27.4,-0.02187,-0.0285,-0.09366,0.19756,-0.15718,-0.02209,0.51079,0.12385,-0.10411,-0.49159,0.26166,-0.0145,0.11347,-0.40062,0.2924,1.07925,1.90462,-0.33149,-0.16381,-0.28323,0.45857,-0.5363,1.85837,-1.34739,-0.17458,0.03164,0.57037,-0.14222,-0.00195,-0.67355,-0.10375,-0.05892,-0.04114,0.58963,0.10344,0.14148,-0.67864,-0.12664,0.09012,0.0601
27.42,-0.02132,-0.03286,-0.09775,0.20259,-0.14929,-0.0216,0.50791,0.12435,-0.11324,-0.50282,0.24894,-0.0145,0.05026,-0.41394,0.25402,1.12388,1.88371,-0.32918,-0.16025,-0.2987,0.46983,-0.50702,1.88339,-1.32777,-0.18824,0.02813,0.57487,-0.14951,0.00179,-0.7044,-0.10313,-0.05931,-0.04133,0.59422,0.10102,0.14544,-0.70815,-0.12471,0.08963,0.05964
27.44,-0.02048,-0.03813,-0.10134,0.20847,-0.13958,-0.02137,0.50344,0.12439,-0.12393,-0.51344,0.23472,-0.0145,-0.01794,-0.4261,0.21281,1.16811,1.85234,-0.32333,-0.15589,-0.30784,0.47959,-0.47961,1.90603,-1.30381,-0.20344,0.02338,0.57858,-0.15762,0.00096,-0.73918,-0.1022,-0.05926,-0.04129,0.59999,0.10089,0.15141,-0.74442,-0.12234,0.08893,0.059
27.46,-0.01976,-0.04298,-0.10512,0.21414,-0.1307,-0.02112,0.4997,0.12465,-0.13377,-0.52427,0.2215,-0.0145,-0.08324,-0.43851,0.173,1.21151,1.82652,-0.31923,-0.15203,-0.31917,0.48964,-0.45178,1.92919,-1.28272,-0.21748,0.01934,0.58224,-0.1652,0.00214,-0.77157,-0.10142,-0.05946,-0.04138,0.60512,0.09987,0.15643,-0.77743,-0.12016,0.08831,0.05844
27.48,-0.01907,-0.04787,-0.10909,0.21912,-0.12177,-0.02046,0.4959,0.12483,-0.14442,-0.5354,0.20678,-0.0145,-0.1519,-0.45228,0.13229,1.25976,1.79675,-0.31443,-0.1476,-0.33329,0.50126,-0.42206,1.95473,-1.25796,-0.23346,0.01461,0.58769,-0.17347,0.00366,-0.80668,-0.10061,-0.05948,-0.04138,0.61072,0.0982,0.16154,-0.81142,-0.11798,0.08777,0.05791
27.5,-0.01825,-0.05286,-0.11254,0.22569,-0.11255,-0.02071,0.49188,0.12507,-0.15363,-0.54573,0.1949,-0.0145,-0.21427,-0.46287,0.0931,1.29752,1.77293,-0.3103,-0.14415,-0.34017,0.50927,-0.3968,1.97474,-1.23972,-0.24579,0.01103,0.58921,-0.18048,0.00337,-0.83694,-0.09979,-0.05975,-0.04151,0.61558,0.09841,0.16698,-0.84477,-0.11572,0.087,0.05726
27.52,-0.01706,-0.05818,-0.11477,0.23689,-0.10265,-0.02366,0.48734,0.12554,-0.1591,-0.55411,0.19093,-0.0145,-0.26067,-0.46479,0.0568,1.3072,1.7683,-0.3088,-0.14362,-0.3283,0.50809,-0.38266,1.98023,-1.24112,-0.24739,0.01126,0.57977,-0.18376,-0.00091,-0.85346,-0.09898,-0.06088,-0.04208,0.61855,0.10353,0.17276,-0.87627,-0.11332,0.0856,0.05627
27.54,-0.01576,-0.06351,-0.11648,0.24958,-0.09257,-0.02749,0.48268,0.1261,-0.16294,-0.56167,0.18995,-0.0145,-0.30001,-0.46353,0.02251,1.30611,1.77008,-0.30813,-0.14408,-0.30943,0.50329,-0.37308,1.98023,-1.24909,-0.24532,0.01265,0.56644,-0.18574,-0.00685,-0.86482,-0.09818,-0.06227,-0.04279,0.62067,0.11041,0.17881,-0.9066,-0.11088,0.08396,0.05516
27.56,-0.01454,-0.06865,-0.11839,0.2613,-0.08275,-0.03077,0.47824,0.12665,-0.16714,-0.56954,0.18781,-0.0145,-0.34086,-0.46378,-0.01139,1.30938,1.76886,-0.30713,-0.14407,-0.294,0.49987,-0.36186,1.98263,-1.25371,-0.24514,0.0133,0.55507,-0.18834,-0.01196,-0.87812,-0.09739,-0.0635,-0.04341,0.62289,0.11633,0.18482,-0.93644,-0.1085,0.08245,0.05412
27.58,-0.01317,-0.0746,-0.12044,0.27426,-0.0721,-0.03469,0.47304,0.12702,-0.17302,-0.57767,0.18477,-0.0145,-0.38916,-0.46372,-0.05089,1.31497,1.76758,-0.30577,-0.14411,-0.27732,0.49745,-0.34883,1.98527,-1.25982,-0.24409,0.01478,0.54283,-0.19085,-0.01755,-0.89329,-0.0965,-0.06488,-0.04412,0.62633,0.12304,0.19059,-0.9708,-0.1059,0.08087,0.05302
27.6,-0.01211,-0.07887,-0.12207,0.285,-0.06318,-0.03749,0.46942,0.1278,-0.17498,-0.58503,0.18435,-0.0145,-0.42006,-0.46356,-0.07819,1.31308,1.76815,-0.30542,-0.1443,-0.26158,0.49221,-0.34072,1.98621,-1.26432,-0.24392,0.01485,0.5315,-0.19323,-0.02248,-0.90327,-0.09584,-0.066,-0.04469,0.62705,0.12847,0.19685,-0.99541,-0.10376,0.07937,0.05202
27.62,-0.01196,-0.07848,-0.12271,0.28926,-0.05901,-0.03694,0.47018,0.12957,-0.16659,-0.59087,0.19017,-0.0145,-0.40594,-0.46413,-0.07256,1.29398,1.77157,-0.3076,-0.14448,-0.25088,0.47916,-0.34429,1.98331,-1.26398,-0.24734,0.01062,0.52365,-0.19564,-0.02506,-0.90034,-0.09584,-0.06636,-0.04487,0.62019,0.13013,0.20498,-0.99318,-0.10286,0.07809,0.05134
27.64,-0.01214,-0.0764,-0.12292,0.29123,-0.05661,-0.03522,0.47254,0.13175,-0.15427,-0.5959,0.19857,-0.0145,-0.37433,-0.46468,-0.05467,1.26757,1.77678,-0.31079,-0.14479,-0.24128,0.46356,-0.35278,1.97897,-1.26166,-0.2517,0.00497,0.51685,-0.19795,-0.02693,-0.89235,-0.09607,-0.06646,-0.04491,0.61067,0.13041,0.21349,-0.98121,-0.10242,0.0769,0.05077
27.66,-0.01218,-0.0751,-0.12329,0.29424,-0.05348,-0.03405,0.47422,0.1338,-0.14366,-0.60104,0.20598,-0.0145,-0.34984,-0.46511,-0.0422,1.24397,1.78169,-0.31355,-0.14514,-0.23072,0.44974,-0.35956,1.97562,-1.25937,-0.25543,3e-05,0.50959,-0.20027,-0.02917,-0.88654,-0.09619,-0.06667,-0.04501,0.60255,0.1312,0.22147,-0.97375,-0.10181,0.07571,0.05018
27.68,-0.01221,-0.07374,-0.12381,0.29733,-0.05006,-0.03287,0.47573,0.13566,-0.1333,-0.6072,0.21275,-0.0145,-0.32849,-0.46599,-0.03026,1.22216,1.78471,-0.31618,-0.14512,-0.22177,0.43321,-0.36436,1.97071,-1.26066,-0.25993,-0.00522,0.50214,-0.20271,-0.03125,-0.88093,-0.09634,-0.06689,-0.04511,0.5936,0.13252,0.23101,-0.9658,-0.10107,0.07433,0.04948
27.7,-0.01232,-0.07212,-0.12392,0.2997,-0.04761,-0.03141,0.47792,0.13797,-0.12154,-0.61109,0.2214,-0.0145,-0.29665,-0.46594,-0.01437,1.19504,1.79195,-0.31935,-0.14588,-0.20989,0.42173,-0.37429,1.96872,-1.25434,-0.26305,-0.01009,0.49538,-0.20489,-0.0335,-0.87391,-0.09648,-0.06702,-0.04517,0.58575,0.13241,0.23734,-0.9567,-0.10069,0.07338,0.04903
27.72,-0.01262,-0.06996,-0.12306,0.30055,-0.04797,-0.02946,0.48219,0.14163,-0.10646,-0.60878,0.23467,-0.0145,-0.23943,-0.46361,0.00968,1.15481,1.81075,-0.32366,-0.14885,-0.18922,0.42509,-0.39803,1.97572,-1.22386,-0.26245,-0.01411,0.49037,-0.20629,-0.03615,-0.86301,-0.09656,-0.06699,-0.04516,0.5818,0.1286,0.23493,-0.94581,-0.10122,0.07362,0.04923
27.74,-0.01297,-0.06763,-0.12179,0.30078,-0.04914,-0.02727,0.48699,0.14567,-0.09019,-0.60426,0.24969,-0.0145,-0.17248,-0.46031,0.03719,1.10962,1.83362,-0.32851,-0.15258,-0.16572,0.43356,-0.42657,1.98562,-1.18635,-0.26041,-0.01759,0.48602,-0.20745,-0.039,-0.85109,-0.09661,-0.06686,-0.04511,0.57903,0.12343,0.22921,-0.93429,-0.10209,0.0743,0.04969
27.76,-0.01327,-0.06552,-0.12066,0.30136,-0.04955,-0.02519,0.49113,0.1494,-0.0747,-0.60084,0.26387,-0.0145,-0.11043,-0.45726,0.06295,1.06681,1.85436,-0.33318,-0.15588,-0.14379,0.43956,-0.45236,1.99384,-1.15446,-0.25884,-0.02093,0.48131,-0.20881,-0.04192,-0.84046,-0.09665,-0.06676,-0.04507,0.57562,0.11894,0.22483,-0.92374,-0.10279,0.07479,0.05003
27.78,-0.01373,-0.06274,-0.1197,0.3016,-0.05165,-0.02308,0.49704,0.15375,-0.05798,-0.59699,0.2784,-0.0145,-0.04557,-0.45498,0.08997,1.02299,1.87637,-0.3376,-0.15954,-0.12053,0.44619,-0.48082,2.00356,-1.11255,-0.25802,-0.02591,0.47689,-0.20983,-0.04423,-0.8262,-0.09677,-0.06671,-0.04507,0.57256,0.11412,0.22117,-0.90996,-0.10356,0.07525,0.05037
27.8,-0.01385,-0.06135,-0.11829,0.30241,-0.05043,-0.021,0.49941,0.15688,-0.04367,-0.59353,0.2925,-0.0145,0.01527,-0.4509,0.11493,0.98046,1.89667,-0.34266,-0.16263,-0.09955,0.45263,-0.50468,2.01085,-1.08951,-0.25537,-0.02739,0.47203,-0.21143,-0.04778,-0.81928,-0.09673,-0.06653,-0.04498,0.56909,0.1097,0.21522,-0.90287,-0.10427,0.07588,0.05077
27.82,-0.01307,-0.06388,-0.11574,0.30503,-0.03952,-0.01903,0.49143,0.15656,-0.03583,-0.59154,0.30566,-0.0145,0.06457,-0.44195,0.13403,0.94044,1.91113,-0.3494,-0.16395,-0.08397,0.45837,-0.5156,2.01089,-1.12344,-0.24732,-0.01865,0.46562,-0.21526,-0.05555,-0.8332,-0.09625,-0.06591,-0.04459,0.56404,0.10655,0.20357,-0.91471,-0.10473,0.07691,0.05132
27.84,-0.01194,-0.06782,-0.11274,0.30824,-0.0253,-0.01713,0.47994,0.155,-0.03058,-0.59005,0.31817,-0.0145,0.10897,-0.43126,0.15072,0.90237,1.92368,-0.35675,-0.16468,-0.07106,0.46357,-0.52156,2.00837,-1.17607,-0.23757,-0.0065,0.45877,-0.21957,-0.06444,-0.85448,-0.09563,-0.06516,-0.04413,0.55856,0.10388,0.18976,-0.93326,-0.10512,0.07811,0.05192
27.86,-0.01094,-0.07109,-0.10994,0.31112,-0.01278,-0.01524,0.47031,0.15401,-0.02448,-0.58843,0.33055,-0.0145,0.15428,-0.42148,0.16804,0.86487,1.93726,-0.36384,-0.16571,-0.058,0.46832,-0.52913,2.00692,-1.21804,-0.22905,0.00364,0.45224,-0.22329,-0.07225,-0.87223,-0.0951,-0.06453,-0.04374,0.55338,0.1011,0.17705,-0.94859,-0.10553,0.07921,0.05248
27.88,-0.01004,-0.07449,-0.10714,0.31423,0.00059,-0.01316,0.45953,0.15299,-0.01691,-0.58632,0.34487,-0.0145,0.2057,-0.41115,0.18754,0.82091,1.95055,-0.37096,-0.16666,-0.04043,0.47612,-0.53948,2.00593,-1.26868,-0.21862,0.01568,0.44525,-0.22858,-0.08239,-0.89084,-0.09446,-0.06364,-0.04319,0.54783,0.09782,0.16369,-0.9647,-0.10599,0.08041,0.05309
27.9,-0.00886,-0.07793,-0.10425,0.31703,0.01293,-0.0115,0.45035,0.15174,-0.01307,-0.58538,0.35489,-0.0145,0.24283,-0.40159,0.20178,0.7911,1.96363,-0.37804,-0.16759,-0.03285,0.47746,-0.54291,2.0034,-1.30604,-0.21172,0.02461,0.43911,-0.23073,-0.08803,-0.90928,-0.09401,-0.06325,-0.04294,0.54293,0.09573,0.15127,-0.98067,-0.10634,0.08144,0.05362
27.92,-0.00694,-0.08137,-0.10126,0.31881,0.02226,-0.01097,0.44601,0.15025,-0.01868,-0.58775,0.35369,-0.0145,0.24382,-0.39428,0.20274,0.79854,1.97903,-0.38589,-0.16882,-0.05276,0.46045,-0.52751,1.99657,-1.30011,-0.21573,0.02365,0.43524,-0.22385,-0.08019,-0.92662,-0.09412,-0.06429,-0.04355,0.53976,0.0966,0.14146,-0.99579,-0.10642,0.08201,0.05391
27.94,-0.00475,-0.08474,-0.0982,0.3203,0.03034,-0.01087,0.44347,0.14857,-0.02799,-0.59126,0.3481,-0.0145,0.23015,-0.38786,0.19832,0.82038,1.99379,-0.39346,-0.16999,-0.08252,0.43708,-0.50546,1.98838,-1.28054,-0.22325,0.0195,0.43227,-0.21383,-0.06793,-0.94332,-0.09442,-0.06582,-0.04445,0.53728,0.09869,0.13279,-1.01033,-0.1064,0.0824,0.05411
27.96,-0.00271,-0.08798,-0.09515,0.32194,0.03861,-0.0106,0.44038,0.14695,-0.03574,-0.59418,0.34418,-0.0145,0.22172,-0.38126,0.19591,0.83655,2.00723,-0.40047,-0.17104,-0.10746,0.41702,-0.48703,1.98123,-1.26864,-0.22868,0.01712,0.42899,-0.20539,-0.05821,-0.95956,-0.09463,-0.06708,-0.04518,0.53457,0.10038,0.12397,-1.02437,-0.10642,0.08284,0.05433
27.98,-0.00052,-0.09198,-0.09217,0.32348,0.04861,-0.01024,0.43603,0.14538,-0.04305,-0.59748,0.34157,-0.0145,0.21908,-0.37369,0.1953,0.84923,2.02745,-0.41044,-0.17272,-0.13405,0.39512,-0.46592,1.97221,-1.25138,-0.23607,0.01354,0.42528,-0.1963,-0.04629,-0.97927,-0.09487,-0.06854,-0.04604,0.53149,0.10142,0.11355,-1.04189,-0.10644,0.08341,0.05463
28,0.00141,-0.09435,-0.08903,0.32519,0.05464,-0.01017,0.43478,0.14367,-0.05212,-0.6002,0.33521,-0.0145,0.20102,-0.36835,0.18965,0.87244,2.03338,-0.41415,-0.17305,-0.15936,0.37562,-0.44888,1.96677,-1.24157,-0.24032,0.0116,0.4227,-0.18783,-0.0379,-0.99146,-0.09508,-0.06969,-0.04672,0.52937,0.10408,0.10669,-1.05191,-0.10644,0.08366,0.05475
28.02,0.00261,-0.09223,-0.08548,0.32723,0.05019,-0.0107,0.44168,0.14161,-0.06525,-0.60137,0.31946,-0.0145,0.14359,-0.36912,0.17169,0.92225,2.0005,-0.40094,-0.16991,-0.18004,0.36371,-0.44473,1.97186,-1.25767,-0.23442,0.01544,0.42296,-0.18185,-0.04008,-0.98331,-0.09516,-0.0699,-0.04681,0.52948,0.1112,0.10991,-1.04158,-0.10631,0.08299,0.05436
28.04,0.00352,-0.08845,-0.08176,0.32949,0.04174,-0.01151,0.45163,0.1394,-0.07999,-0.60184,0.30011,-0.0145,0.0713,-0.37209,0.14881,0.98194,1.95329,-0.38143,-0.16539,-0.19885,0.35454,-0.44492,1.98055,-1.28129,-0.22536,0.02093,0.42435,-0.17661,-0.04599,-0.96755,-0.09521,-0.06978,-0.04671,0.53058,0.11984,0.11658,-1.02366,-0.10616,0.08199,0.05378
28.06,0.00453,-0.08541,-0.07811,0.33181,0.03498,-0.01224,0.46019,0.13724,-0.09392,-0.60238,0.28247,-0.0145,0.00602,-0.37394,0.12796,1.03645,1.91222,-0.3646,-0.16133,-0.21765,0.34455,-0.44314,1.9874,-1.30003,-0.21819,0.0253,0.42528,-0.17103,-0.05034,-0.95503,-0.09528,-0.06981,-0.0467,0.53139,0.12758,0.12131,-1.00903,-0.10606,0.08116,0.0533
28.08,0.00569,-0.08244,-0.07448,0.33347,0.02871,-0.0128,0.46888,0.13515,-0.10833,-0.604,0.26432,-0.0145,-0.06105,-0.37629,0.10769,1.09448,1.87231,-0.34839,-0.15788,-0.24038,0.3326,-0.44113,1.99507,-1.32437,-0.20926,0.03109,0.42602,-0.16535,-0.054,-0.94333,-0.09532,-0.06986,-0.04669,0.53152,0.13621,0.12764,-0.99499,-0.10579,0.08025,0.05277
28.1,0.00647,-0.07893,-0.07079,0.33654,0.02051,-0.01377,0.47794,0.13288,-0.12203,-0.60321,0.24649,-0.0145,-0.12749,-0.37815,0.08523,1.14719,1.82707,-0.32958,-0.15293,-0.2544,0.32542,-0.4407,2.00188,-1.33917,-0.20316,0.03439,0.42742,-0.1601,-0.06001,-0.9282,-0.09541,-0.06978,-0.04662,0.53331,0.14335,0.13145,-0.97799,-0.10587,0.07943,0.05231
28.12,0.00629,-0.07418,-0.06697,0.34346,0.00775,-0.01578,0.4877,0.13012,-0.13384,-0.59598,0.22988,-0.0145,-0.19053,-0.37782,0.05719,1.18402,1.76649,-0.30347,-0.14339,-0.24452,0.33126,-0.44365,2.00572,-1.32438,-0.20588,0.02996,0.43028,-0.1559,-0.07175,-0.90486,-0.0956,-0.06944,-0.04645,0.53939,0.14595,0.1275,-0.95416,-0.10692,0.0789,0.0521
28.14,0.00573,-0.06896,-0.06312,0.35178,-0.00675,-0.01819,0.49763,0.1272,-0.14479,-0.58635,0.21383,-0.0145,-0.25194,-0.37696,0.02733,1.21482,1.70179,-0.27526,-0.13253,-0.22598,0.34177,-0.44806,2.00852,-1.30004,-0.2115,0.02304,0.43376,-0.15214,-0.0857,-0.87846,-0.09583,-0.06898,-0.04622,0.5471,0.14701,0.12091,-0.92773,-0.10832,0.07845,0.05197
28.16,0.00533,-0.06404,-0.05929,0.35944,-0.0203,-0.02042,0.50721,0.12439,-0.15582,-0.57781,0.19785,-0.0145,-0.3128,-0.37653,-0.00119,1.24755,1.6417,-0.24909,-0.12279,-0.21152,0.34987,-0.45179,2.0116,-1.28106,-0.21561,0.01755,0.43699,-0.14819,-0.09855,-0.85382,-0.09604,-0.06858,-0.04602,0.55408,0.14879,0.11551,-0.90282,-0.10955,0.07797,0.0518
28.18,0.00499,-0.05871,-0.05542,0.3672,-0.03471,-0.02266,0.51809,0.12142,-0.16823,-0.56927,0.18031,-0.0145,-0.37984,-0.3754,-0.03215,1.28416,1.56965,-0.21811,-0.11082,-0.19627,0.35928,-0.45575,2.0156,-1.25806,-0.22042,0.01087,0.44014,-0.14422,-0.11194,-0.82729,-0.09625,-0.06814,-0.04579,0.56106,0.15051,0.1102,-0.87614,-0.11083,0.07747,0.05163
28.2,0.00443,-0.05415,-0.05164,0.3751,-0.04764,-0.02497,0.52623,0.11875,-0.17751,-0.56017,0.16628,-0.0145,-0.43316,-0.37557,-0.05828,1.31097,1.52161,-0.19672,-0.10317,-0.18077,0.367,-0.45951,2.01741,-1.24106,-0.2245,0.00605,0.44359,-0.14038,-0.12467,-0.80416,-0.09648,-0.06777,-0.04561,0.56841,0.15199,0.1041,-0.85272,-0.11209,0.07702,0.05148
28.22,0.0033,-0.05171,-0.04811,0.38301,-0.05637,-0.0273,0.52707,0.11687,-0.17866,-0.54994,0.16134,-0.0145,-0.45111,-0.37949,-0.0716,1.31348,1.54206,-0.20268,-0.10808,-0.1657,0.36921,-0.46235,2.01327,-1.24305,-0.22584,0.00701,0.44777,-0.13677,-0.13519,-0.79049,-0.09673,-0.06762,-0.04557,0.57632,0.15289,0.09599,-0.83818,-0.1133,0.07676,0.05138
28.24,0.00195,-0.05009,-0.04469,0.39103,-0.06346,-0.02969,0.52508,0.11531,-0.17661,-0.53928,0.16005,-0.0145,-0.45482,-0.38472,-0.0798,1.30602,1.5867,-0.21835,-0.11733,-0.15088,0.3695,-0.46492,2.00697,-1.25133,-0.22635,0.0099,0.45222,-0.13328,-0.14491,-0.78052,-0.09698,-0.06756,-0.04557,0.58454,0.15363,0.08722,-0.82718,-0.11448,0.07653,0.05128
28.26,0.00071,-0.04818,-0.04123,0.39904,-0.07108,-0.0321,0.52419,0.11365,-0.17582,-0.52895,0.15741,-0.0145,-0.46363,-0.38931,-0.0897,1.30226,1.61954,-0.22938,-0.12438,-0.13661,0.37045,-0.46758,2.00175,-1.25663,-0.22726,0.01186,0.45652,-0.12972,-0.15487,-0.76935,-0.09723,-0.06748,-0.04556,0.59264,0.15466,0.0791,-0.81511,-0.11562,0.07622,0.05115
28.28,-0.00058,-0.04589,-0.03773,0.40694,-0.07971,-0.03435,0.52412,0.11181,-0.17584,-0.51796,0.15344,-0.0145,-0.47827,-0.39408,-0.1023,1.30191,1.65551,-0.24126,-0.13236,-0.11921,0.3724,-0.4704,1.9961,-1.26217,-0.22819,0.01396,0.46099,-0.12622,-0.16541,-0.75606,-0.09751,-0.06732,-0.04551,0.60071,0.1548,0.06952,-0.80069,-0.11699,0.07614,0.05115
28.3,-0.00182,-0.04459,-0.03434,0.41506,-0.0858,-0.03693,0.52165,0.1104,-0.1734,-0.50828,0.15316,-0.0145,-0.47731,-0.39876,-0.10807,1.29203,1.6909,-0.25373,-0.13946,-0.10853,0.37182,-0.47284,1.99084,-1.26878,-0.22883,0.01625,0.46514,-0.12262,-0.17454,-0.74809,-0.09773,-0.06735,-0.04556,0.60888,0.1567,0.06273,-0.79204,-0.11788,0.07563,0.05089
28.32,-0.00285,-0.04579,-0.03125,0.42388,-0.08535,-0.04042,0.5133,0.11013,-0.16527,-0.50226,0.16167,-0.0145,-0.43759,-0.40325,-0.09578,1.25949,1.71757,-0.26517,-0.14289,-0.11626,0.36422,-0.47401,1.98727,-1.27716,-0.22908,0.01869,0.46844,-0.11869,-0.17998,-0.75392,-0.09783,-0.0679,-0.04586,0.61746,0.1641,0.06495,-0.79857,-0.11735,0.07373,0.04983
28.34,-0.00383,-0.04795,-0.02828,0.43289,-0.08238,-0.04424,0.50263,0.11029,-0.15471,-0.4976,0.17385,-0.0145,-0.38256,-0.40755,-0.07687,1.21754,1.74299,-0.27692,-0.14534,-0.13078,0.35423,-0.47485,1.98417,-1.28638,-0.22903,0.02124,0.4714,-0.11465,-0.18401,-0.76495,-0.09788,-0.06864,-0.04626,0.62609,0.17319,0.06984,-0.81075,-0.11635,0.07142,0.04852
28.36,-0.00483,-0.04969,-0.02527,0.44173,-0.08049,-0.0479,0.49297,0.11023,-0.14504,-0.49238,0.1847,-0.0145,-0.33398,-0.41171,-0.06125,1.17906,1.76989,-0.28876,-0.14838,-0.1423,0.34565,-0.47605,1.98077,-1.29501,-0.229,0.02367,0.47446,-0.11068,-0.18867,-0.77364,-0.09796,-0.06928,-0.04662,0.63457,0.18112,0.07272,-0.82032,-0.11561,0.06941,0.04738
28.38,-0.00583,-0.05142,-0.02221,0.45094,-0.07881,-0.05163,0.48334,0.11025,-0.13615,-0.4869,0.19432,-0.0145,-0.28689,-0.41686,-0.04421,1.14346,1.79407,-0.30006,-0.15097,-0.15352,0.3356,-0.47638,1.9776,-1.30469,-0.22946,0.02646,0.47778,-0.10663,-0.19339,-0.78248,-0.09803,-0.06996,-0.04698,0.64358,0.19067,0.0788,-0.83031,-0.11468,0.06695,0.04599
28.4,-0.00682,-0.05336,-0.01929,0.45941,-0.07615,-0.05526,0.47321,0.11022,-0.12513,-0.48229,0.20726,-0.0145,-0.23343,-0.41989,-0.02871,1.09998,1.82292,-0.3123,-0.15417,-0.16691,0.3281,-0.47844,1.97415,-1.31235,-0.22881,0.02852,0.48046,-0.10273,-0.19763,-0.79206,-0.09809,-0.07062,-0.04734,0.65149,0.19729,0.07902,-0.84058,-0.11402,0.06531,0.04506
28.42,-0.00775,-0.05584,-0.01669,0.46595,-0.07092,-0.05866,0.46173,0.1099,-0.10868,-0.47986,0.22897,-0.0145,-0.16462,-0.41704,-0.01838,1.03536,1.86824,-0.3283,-0.15965,-0.18525,0.32793,-0.4854,1.96938,-1.31383,-0.2253,0.02844,0.48143,-0.09919,-0.20094,-0.80339,-0.09813,-0.07122,-0.04766,0.6565,0.19504,0.06088,-0.85129,-0.11416,0.06617,0.04557
28.44,-0.00867,-0.05845,-0.01423,0.47172,-0.06488,-0.0619,0.44995,0.10952,-0.09024,-0.47824,0.25377,-0.0145,-0.09031,-0.41207,-0.00997,0.96354,1.9176,-0.34497,-0.16569,-0.20542,0.33046,-0.49408,1.9644,-1.31327,-0.22067,0.02763,0.48177,-0.09583,-0.20379,-0.81507,-0.09816,-0.07181,-0.04796,0.66038,0.18985,0.03703,-0.86186,-0.11458,0.06784,0.04654
28.46,-0.00962,-0.06086,-0.01172,0.47776,-0.0595,-0.06511,0.43867,0.10918,-0.0728,-0.47621,0.27682,-0.0145,-0.01954,-0.4081,-0.00121,0.8961,1.96279,-0.36046,-0.17121,-0.22435,0.33193,-0.50195,1.95978,-1.31388,-0.21646,0.0272,0.48242,-0.09245,-0.20681,-0.8259,-0.0982,-0.07239,-0.04827,0.66468,0.18627,0.01679,-0.87178,-0.11487,0.06905,0.04724
28.48,-0.01049,-0.06389,-0.00914,0.48413,-0.05279,-0.06876,0.42576,0.10878,-0.05481,-0.47442,0.30152,-0.0145,0.0563,-0.40397,0.00991,0.82345,2.01768,-0.3796,-0.17779,-0.24526,0.33261,-0.51001,1.95403,-1.31357,-0.2126,0.02658,0.48296,-0.08882,-0.20993,-0.83986,-0.09821,-0.07302,-0.0486,0.66936,0.1816,-0.00763,-0.88493,-0.11514,0.07066,0.04817
28.5,-0.01151,-0.06565,-0.00676,0.48964,-0.04872,-0.07145,0.41622,0.10852,-0.03761,-0.47231,0.32339,-0.0145,0.1225,-0.39969,0.01565,0.76033,2.05349,-0.39137,-0.18236,-0.26235,0.33559,-0.51801,1.95061,-1.31462,-0.20778,0.02617,0.48359,-0.08575,-0.21276,-0.84729,-0.09829,-0.07353,-0.04887,0.673,0.17847,-0.02474,-0.89121,-0.11555,0.07163,0.04875
28.52,-0.01292,-0.06389,-0.00488,0.49294,-0.05197,-0.07153,0.41586,0.10859,-0.02236,-0.46919,0.33748,-0.0145,0.16217,-0.39541,0.00621,0.72315,2.03437,-0.38192,-0.18081,-0.26871,0.34455,-0.5259,1.9534,-1.32042,-0.20022,0.02662,0.48447,-0.0841,-0.21493,-0.83677,-0.09853,-0.07368,-0.04898,0.67398,0.18045,-0.02035,-0.87871,-0.11624,0.07068,0.04822
28.54,-0.01447,-0.06085,-0.00321,0.4954,-0.05795,-0.07062,0.41894,0.10882,-0.00812,-0.46574,0.34847,-0.0145,0.19159,-0.39109,-0.00847,0.69627,1.9962,-0.36518,-0.1773,-0.27106,0.35569,-0.53355,1.95857,-1.32756,-0.19181,0.02728,0.48549,-0.08302,-0.21681,-0.81963,-0.09884,-0.0737,-0.04902,0.67398,0.18402,-0.00843,-0.85927,-0.11709,0.06907,0.04732
28.56,-0.01596,-0.05839,-0.00147,0.49829,-0.06284,-0.07014,0.42058,0.10905,0.00608,-0.46239,0.36034,-0.0145,0.22469,-0.3869,-0.02026,0.66614,1.96755,-0.35221,-0.175,-0.27502,0.36568,-0.54099,1.96281,-1.3338,-0.18402,0.0278,0.48653,-0.08174,-0.21883,-0.80539,-0.09914,-0.07377,-0.04909,0.67451,0.18675,0.00011,-0.84287,-0.1179,0.06774,0.04658
28.58,-0.01743,-0.05595,0.00036,0.50097,-0.06712,-0.06976,0.42172,0.10899,0.02245,-0.45921,0.37454,-0.0145,0.26217,-0.38216,-0.03425,0.62968,1.93523,-0.33725,-0.1714,-0.27995,0.37645,-0.54993,1.96643,-1.34127,-0.17517,0.02852,0.48718,-0.08023,-0.22085,-0.79156,-0.09937,-0.07384,-0.04917,0.67467,0.1899,0.00835,-0.82687,-0.11859,0.06651,0.04587
28.6,-0.01898,-0.05317,0.00195,0.50386,-0.07326,-0.06894,0.42468,0.10957,0.03402,-0.45565,0.38312,-0.0145,0.28795,-0.37857,-0.04488,0.60899,1.9062,-0.32478,-0.16998,-0.2819,0.38609,-0.55557,1.9719,-1.34645,-0.16838,0.02885,0.48869,-0.07933,-0.22274,-0.7754,-0.09974,-0.0739,-0.04923,0.67534,0.19258,0.01899,-0.80849,-0.11954,0.06493,0.04502
28.62,-0.02078,-0.04958,0.00297,0.50796,-0.08441,-0.06723,0.43232,0.11188,0.03279,-0.45057,0.37676,-0.0145,0.28453,-0.37838,-0.04486,0.62893,1.88885,-0.32024,-0.17569,-0.27632,0.39207,-0.55272,1.98214,-1.34563,-0.16715,0.0282,0.49258,-0.08006,-0.22486,-0.75339,-0.10047,-0.07399,-0.04926,0.67788,0.19377,0.0353,-0.7843,-0.12124,0.06233,0.04376
28.64,-0.02265,-0.04573,0.00374,0.51223,-0.09724,-0.0651,0.44157,0.11483,0.02672,-0.44522,0.36487,-0.0145,0.26955,-0.37932,-0.04129,0.66448,1.87572,-0.31854,-0.18355,-0.26793,0.39683,-0.54643,1.99414,-1.34238,-0.1681,0.02714,0.49733,-0.08138,-0.22676,-0.72947,-0.10133,-0.07409,-0.04929,0.68094,0.19442,0.05365,-0.75816,-0.12317,0.05942,0.04237
28.66,-0.02447,-0.0421,0.00462,0.51615,-0.10895,-0.06313,0.44974,0.11747,0.02275,-0.44033,0.35562,-0.0145,0.25951,-0.37958,-0.03939,0.69317,1.86215,-0.31606,-0.19003,-0.26099,0.40214,-0.54136,2.00518,-1.33977,-0.16831,0.02618,0.50166,-0.08238,-0.22839,-0.70705,-0.10211,-0.07419,-0.04933,0.68363,0.1952,0.0705,-0.73352,-0.12495,0.05677,0.0411
28.68,-0.02636,-0.03798,0.00553,0.5212,-0.12227,-0.06127,0.45948,0.12018,0.01921,-0.43398,0.34571,-0.0145,0.25054,-0.38051,-0.03741,0.72122,1.84218,-0.31133,-0.19815,-0.25315,0.40757,-0.5378,2.01695,-1.33904,-0.16745,0.02555,0.50614,-0.08359,-0.23155,-0.68165,-0.10297,-0.07427,-0.04934,0.68682,0.1965,0.08998,-0.70595,-0.12692,0.05362,0.03957
28.7,-0.02811,-0.03485,0.0063,0.52395,-0.13259,-0.05909,0.4663,0.12289,0.01361,-0.43066,0.33591,-0.0145,0.2366,-0.38033,-0.03472,0.75421,1.83618,-0.31187,-0.20337,-0.24662,0.41244,-0.5302,2.02761,-1.33395,-0.16932,0.02418,0.5105,-0.08453,-0.23153,-0.66218,-0.1037,-0.07438,-0.0494,0.68912,0.1966,0.10442,-0.68421,-0.12854,0.05143,0.03854
28.72,-0.02952,-0.03445,0.00675,0.52043,-0.13451,-0.05617,0.46468,0.12545,0.00357,-0.43545,0.32779,-0.0145,0.2128,-0.37679,-0.03073,0.79671,1.8731,-0.32805,-0.20016,-0.24394,0.41598,-0.5129,2.03461,-1.31619,-0.17836,0.02054,0.51436,-0.08435,-0.22245,-0.65886,-0.10411,-0.07464,-0.04964,0.68888,0.19333,0.10412,-0.67823,-0.12915,0.05195,0.03893
28.74,-0.03077,-0.03509,0.00705,0.51459,-0.1333,-0.05294,0.46004,0.12798,-0.00839,-0.44337,0.31997,-0.0145,0.18425,-0.37211,-0.02619,0.84363,1.92314,-0.34917,-0.19394,-0.24279,0.41902,-0.49155,2.04046,-1.29434,-0.19005,0.01623,0.51805,-0.08392,-0.21027,-0.66174,-0.10439,-0.07492,-0.04992,0.68775,0.18891,0.09872,-0.67838,-0.12937,0.05344,0.03983
28.76,-0.03206,-0.03532,0.00738,0.50975,-0.13333,-0.04984,0.45673,0.13053,-0.01952,-0.45009,0.31201,-0.0145,0.1572,-0.368,-0.02201,0.88874,1.96363,-0.36687,-0.18901,-0.24125,0.42236,-0.47168,2.04696,-1.27516,-0.20044,0.01246,0.52179,-0.08375,-0.19974,-0.66231,-0.1047,-0.07516,-0.05016,0.68704,0.18515,0.09585,-0.67632,-0.12974,0.05448,0.04048
28.78,-0.03349,-0.03527,0.00784,0.50512,-0.13421,-0.04677,0.45364,0.13309,-0.03065,-0.45589,0.30389,-0.0145,0.13247,-0.36373,-0.01721,0.93371,2.01899,-0.38952,-0.18443,-0.23832,0.42532,-0.45321,2.05299,-1.25247,-0.21131,0.00772,0.52571,-0.08298,-0.18818,-0.66072,-0.10514,-0.07551,-0.05049,0.68627,0.18084,0.09216,-0.6718,-0.13026,0.05557,0.04118
28.8,-0.03458,-0.03605,0.00801,0.49952,-0.13254,-0.04358,0.44938,0.13561,-0.04215,-0.46433,0.29622,-0.0145,0.10199,-0.35949,-0.01368,0.97966,2.04692,-0.40316,-0.17843,-0.2387,0.42898,-0.4309,2.0597,-1.23612,-0.22179,0.00483,0.52916,-0.08341,-0.17804,-0.66507,-0.10527,-0.07565,-0.05065,0.68539,0.17738,0.08895,-0.67382,-0.13037,0.05677,0.04189
28.82,-0.03482,-0.03897,0.00745,0.4916,-0.12456,-0.04014,0.44242,0.13796,-0.05429,-0.47934,0.28997,-0.0145,0.05636,-0.35572,-0.0131,1.02851,1.99163,-0.38936,-0.16881,-0.24757,0.43464,-0.3992,2.06846,-1.23869,-0.23057,0.00738,0.53165,-0.08717,-0.17243,-0.68472,-0.10459,-0.07521,-0.05034,0.68471,0.17661,0.08806,-0.69292,-0.1294,0.0581,0.04251
28.84,-0.03471,-0.04269,0.00659,0.48282,-0.11413,-0.03661,0.43443,0.14027,-0.06667,-0.49688,0.28417,-0.0145,0.00527,-0.352,-0.01396,1.07787,1.90902,-0.36657,-0.15793,-0.25976,0.44105,-0.36377,2.07796,-1.24769,-0.23886,0.01179,0.53361,-0.09217,-0.16841,-0.71004,-0.1036,-0.07457,-0.04986,0.6839,0.17672,0.08784,-0.7183,-0.12803,0.0595,0.04311
28.86,-0.03474,-0.04601,0.00584,0.47456,-0.10483,-0.03311,0.42702,0.14264,-0.07884,-0.51323,0.27803,-0.0145,-0.04303,-0.34817,-0.01462,1.12611,1.84172,-0.3488,-0.14792,-0.27063,0.44715,-0.32989,2.0872,-1.25349,-0.24738,0.01526,0.53563,-0.09666,-0.16377,-0.73251,-0.10276,-0.07402,-0.04945,0.68298,0.17642,0.08748,-0.74052,-0.12684,0.06084,0.0437
28.88,-0.03484,-0.04953,0.00518,0.46566,-0.09531,-0.02962,0.41896,0.14488,-0.09153,-0.52992,0.27244,-0.0145,-0.09292,-0.34466,-0.01334,1.17834,1.76276,-0.32731,-0.13656,-0.28082,0.45306,-0.29639,2.09608,-1.26037,-0.25598,0.01914,0.53842,-0.10091,-0.15856,-0.75645,-0.10187,-0.07347,-0.04904,0.68273,0.17617,0.08632,-0.76431,-0.12563,0.06234,0.04438
28.9,-0.0347,-0.0528,0.00429,0.45795,-0.08575,-0.02612,0.41212,0.14734,-0.10313,-0.54639,0.26585,-0.0145,-0.14059,-0.34055,-0.01642,1.22224,1.70129,-0.31129,-0.12774,-0.29311,0.45958,-0.26139,2.10589,-1.2665,-0.26422,0.02259,0.53948,-0.10594,-0.15497,-0.77848,-0.10102,-0.07288,-0.04861,0.68107,0.176,0.08696,-0.78615,-0.12438,0.06351,0.04487
28.92,-0.03397,-0.05531,0.00279,0.45344,-0.07628,-0.02248,0.40843,0.15065,-0.11195,-0.56221,0.25595,-0.0145,-0.18209,-0.3345,-0.0315,1.24362,1.69618,-0.31336,-0.12639,-0.31117,0.46734,-0.22218,2.11819,-1.2698,-0.27185,0.02463,0.53599,-0.11314,-0.15552,-0.79474,-0.10034,-0.07219,-0.04816,0.6755,0.17612,0.09327,-0.80196,-0.12306,0.06366,0.04485
28.94,-0.033,-0.0575,0.00108,0.45022,-0.06694,-0.01887,0.4061,0.15414,-0.11958,-0.57761,0.2451,-0.0145,-0.22088,-0.32791,-0.05085,1.25645,1.70936,-0.32112,-0.12764,-0.33108,0.47573,-0.18184,2.13139,-1.27203,-0.27906,0.02613,0.53078,-0.12102,-0.15768,-0.80866,-0.09971,-0.07147,-0.04771,0.66854,0.17624,0.10125,-0.81541,-0.12173,0.06347,0.04466
28.96,-0.03213,-0.05973,-0.0005,0.4466,-0.0578,-0.01532,0.40346,0.15741,-0.12757,-0.59285,0.23497,-0.0145,-0.26009,-0.32172,-0.06804,1.27279,1.71312,-0.32574,-0.1276,-0.34965,0.48404,-0.14269,2.14412,-1.27423,-0.28627,0.02774,0.52632,-0.12841,-0.15912,-0.82305,-0.09908,-0.07078,-0.04727,0.66226,0.17614,0.10792,-0.82935,-0.12047,0.06348,0.04457
28.98,-0.03128,-0.06244,-0.00221,0.44217,-0.04746,-0.01142,0.39947,0.16128,-0.13639,-0.6097,0.22365,-0.0145,-0.30306,-0.31484,-0.08621,1.29076,1.72036,-0.3323,-0.1279,-0.3705,0.49154,-0.10048,2.15717,-1.27872,-0.29429,0.03,0.52197,-0.13663,-0.16056,-0.8402,-0.09836,-0.07001,-0.04677,0.65573,0.17695,0.1169,-0.84599,-0.11894,0.06334,0.04438
29,-0.03033,-0.06406,-0.00369,0.43974,-0.03972,-0.00828,0.39864,0.16393,-0.14314,-0.62298,0.21457,-0.0145,-0.33733,-0.3093,-0.10331,1.30327,1.7254,-0.33639,-0.1282,-0.38694,0.50082,-0.06452,2.1697,-1.27821,-0.3005,0.03075,0.51702,-0.14325,-0.16238,-0.85093,-0.09784,-0.06942,-0.04639,0.64944,0.17591,0.1215,-0.85634,-0.11796,0.06342,0.04436
29.02,-0.02912,-0.06278,-0.00457,0.44241,-0.03878,-0.00706,0.40617,0.16312,-0.14488,-0.62732,0.21208,-0.0145,-0.34959,-0.30739,-0.1166,1.30305,1.71674,-0.33134,-0.12735,-0.39107,0.51537,-0.04524,2.1811,-1.26331,-0.30197,0.02754,0.51046,-0.1455,-0.16461,-0.84463,-0.09785,-0.06933,-0.04639,0.64369,0.16941,0.11336,-0.85011,-0.1185,0.06428,0.04486
29.04,-0.02782,-0.06041,-0.00518,0.44706,-0.04052,-0.00663,0.41684,0.16106,-0.1445,-0.62793,0.21186,-0.0145,-0.35291,-0.30689,-0.12861,1.29753,1.70585,-0.32379,-0.1265,-0.39063,0.53158,-0.03249,2.19185,-1.24357,-0.30159,0.02281,0.50343,-0.14606,-0.16719,-0.83188,-0.09806,-0.06942,-0.04652,0.6383,0.16111,0.10079,-0.83758,-0.11961,0.06538,0.04553
29.06,-0.0266,-0.05852,-0.00586,0.45086,-0.04129,-0.00595,0.42609,0.15959,-0.14482,-0.62972,0.21049,-0.0145,-0.35947,-0.30587,-0.14106,1.29432,1.69828,-0.31807,-0.12601,-0.39204,0.5467,-0.01734,2.20259,-1.22653,-0.30195,0.01868,0.49687,-0.14725,-0.16977,-0.82193,-0.09818,-0.06945,-0.04658,0.63304,0.15386,0.09037,-0.82778,-0.12047,0.06633,0.04611
29.08,-0.02523,-0.05667,-0.00678,0.4545,-0.04105,-0.00482,0.43538,0.15805,-0.14622,-0.63367,0.20955,-0.0145,-0.36946,-0.30429,-0.15428,1.2914,1.68197,-0.30977,-0.12418,-0.39445,0.5633,0.00027,2.21471,-1.20722,-0.30278,0.01485,0.48919,-0.14905,-0.17177,-0.81246,-0.09828,-0.06942,-0.04665,0.62648,0.14561,0.07942,-0.81843,-0.12127,0.06742,0.04676
29.1,-0.02414,-0.05448,-0.00711,0.45894,-0.04352,-0.00481,0.44528,0.15633,-0.14488,-0.63226,0.20828,-0.0145,-0.37013,-0.30425,-0.1655,1.28649,1.68261,-0.30599,-0.12502,-0.39372,0.57713,0.01117,2.2237,-1.19163,-0.30213,0.01013,0.48373,-0.14915,-0.17502,-0.8005,-0.09849,-0.06954,-0.04674,0.62272,0.13905,0.06852,-0.80671,-0.12233,0.06829,0.04729
29.12,-0.02382,-0.05157,-0.00592,0.46502,-0.05307,-0.00764,0.45646,0.15458,-0.13659,-0.61685,0.2053,-0.0145,-0.34822,-0.3078,-0.17187,1.27944,1.73491,-0.31675,-0.13384,-0.38488,0.58355,0.00539,2.22508,-1.1864,-0.29846,0.00261,0.48467,-0.14513,-0.18178,-0.78297,-0.09897,-0.07005,-0.04683,0.62667,0.13741,0.05874,-0.78969,-0.12401,0.0685,0.04747
29.14,-0.02377,-0.04838,-0.00413,0.47186,-0.06522,-0.01158,0.46807,0.15264,-0.12562,-0.59621,0.20192,-0.0145,-0.3171,-0.3129,-0.17618,1.27025,1.80348,-0.33185,-0.14522,-0.37315,0.58701,-0.00696,2.22316,-1.18525,-0.29327,-0.00562,0.48786,-0.13942,-0.18975,-0.76322,-0.09955,-0.07071,-0.04693,0.63341,0.13757,0.04917,-0.77058,-0.12592,0.06848,0.04752
29.16,-0.02358,-0.04536,-0.00257,0.47841,-0.07602,-0.01507,0.47924,0.15067,-0.11583,-0.57801,0.19888,-0.0145,-0.28952,-0.31753,-0.18115,1.26068,1.86165,-0.34396,-0.15504,-0.36308,0.59143,-0.01649,2.22217,-1.18297,-0.28836,-0.01302,0.48994,-0.13437,-0.19709,-0.74467,-0.10009,-0.07129,-0.04704,0.63884,0.13702,0.03955,-0.75264,-0.1277,0.06854,0.04762
29.18,-0.02347,-0.04211,-0.00115,0.48479,-0.08761,-0.0184,0.49158,0.14919,-0.10612,-0.55935,0.19531,-0.0145,-0.26422,-0.32129,-0.18721,1.25648,1.93229,-0.36022,-0.16657,-0.35132,0.59754,-0.0256,2.22359,-1.17758,-0.28506,-0.02255,0.49235,-0.12972,-0.20484,-0.72508,-0.10064,-0.0719,-0.0471,0.64447,0.13594,0.02958,-0.73354,-0.12961,0.0687,0.04778
29.2,-0.02326,-0.03928,0.00068,0.49168,-0.09814,-0.02229,0.50153,0.14665,-0.09563,-0.54053,0.19267,-0.0145,-0.23227,-0.32713,-0.19058,1.24085,1.98103,-0.36896,-0.17508,-0.34252,0.59937,-0.03701,2.21921,-1.17956,-0.27815,-0.02787,0.49461,-0.12385,-0.21192,-0.70723,-0.10119,-0.07249,-0.04727,0.65032,0.13641,0.02045,-0.71647,-0.1313,0.06861,0.04779
29.22,-0.02277,-0.03768,0.0035,0.4999,-0.10523,-0.02752,0.50487,0.14126,-0.08365,-0.52205,0.19296,-0.0145,-0.18289,-0.33881,-0.18658,1.19247,1.9639,-0.35537,-0.17525,-0.34219,0.5905,-0.05344,2.19976,-1.20217,-0.26099,-0.02076,0.49588,-0.11524,-0.21764,-0.69453,-0.10166,-0.0729,-0.0477,0.65622,0.14075,0.01362,-0.70536,-0.13236,0.06786,0.04744
29.24,-0.02217,-0.03654,0.00671,0.50857,-0.11114,-0.03326,0.50576,0.13482,-0.07101,-0.50371,0.19413,-0.0145,-0.12746,-0.35242,-0.18004,1.13303,1.9244,-0.33418,-0.1722,-0.34506,0.57736,-0.07186,2.17461,-1.23184,-0.24037,-0.00949,0.49693,-0.10546,-0.22251,-0.68372,-0.10213,-0.0733,-0.04825,0.66222,0.14657,0.00766,-0.69642,-0.1332,0.06687,0.04696
29.26,-0.0216,-0.0352,0.00974,0.51695,-0.11748,-0.03872,0.50769,0.12884,-0.05868,-0.48566,0.19472,-0.0145,-0.07568,-0.36482,-0.17497,1.07972,1.89617,-0.31682,-0.17016,-0.34678,0.56589,-0.08913,2.15195,-1.25746,-0.22176,-0.00054,0.49808,-0.09607,-0.22719,-0.67221,-0.10264,-0.07377,-0.04877,0.66811,0.15172,0.00133,-0.68663,-0.13413,0.066,0.04654
29.28,-0.0211,-0.03377,0.0128,0.52572,-0.12434,-0.04443,0.50993,0.12291,-0.04616,-0.46592,0.19608,-0.0145,-0.01965,-0.3787,-0.16851,1.02148,1.86408,-0.29799,-0.17001,-0.34711,0.5554,-0.10768,2.12948,-1.28675,-0.20128,0.01016,0.49929,-0.08713,-0.23419,-0.66,-0.103,-0.074,-0.04919,0.67436,0.15696,-0.00511,-0.67623,-0.1351,0.0651,0.04611
29.3,-0.02045,-0.03266,0.01588,0.53378,-0.12982,-0.04971,0.51096,0.11665,-0.03395,-0.44981,0.196,-0.0145,0.0287,-0.3899,-0.16433,0.97116,1.83424,-0.28038,-0.16526,-0.35112,0.54195,-0.12393,2.10545,-1.31006,-0.18388,0.01825,0.5003,-0.07707,-0.23634,-0.64969,-0.10365,-0.07471,-0.04984,0.67985,0.16232,-0.01113,-0.66762,-0.13594,0.0642,0.04568
29.32,-0.01941,-0.03234,0.01895,0.53968,-0.13163,-0.05375,0.50903,0.10972,-0.02249,-0.44358,0.19225,-0.0145,0.05567,-0.39339,-0.16728,0.94338,1.81834,-0.26794,-0.14753,-0.36474,0.52088,-0.1334,2.07722,-1.31468,-0.17597,0.01795,0.50079,-0.06366,-0.22366,-0.64434,-0.10526,-0.07688,-0.05115,0.6831,0.1678,-0.01606,-0.66373,-0.13647,0.06339,0.04524
29.34,-0.01823,-0.03232,0.02203,0.54487,-0.13211,-0.05734,0.50598,0.10253,-0.01143,-0.44104,0.18694,-0.0145,0.07442,-0.39407,-0.17256,0.92433,1.80504,-0.25699,-0.12545,-0.3819,0.49708,-0.14045,2.04787,-1.31308,-0.17128,0.01491,0.50108,-0.04928,-0.20642,-0.64081,-0.10715,-0.07951,-0.05267,0.68556,0.17333,-0.02062,-0.66153,-0.13689,0.0626,0.0448
29.36,-0.01712,-0.03214,0.0251,0.55045,-0.13331,-0.0611,0.50357,0.09549,-0.00036,-0.43692,0.18201,-0.0145,0.09606,-0.39593,-0.17661,0.90262,1.78893,-0.24536,-0.10607,-0.3973,0.47486,-0.14854,2.01991,-1.3146,-0.16503,0.01329,0.50144,-0.03574,-0.1924,-0.63634,-0.10883,-0.08182,-0.05404,0.68841,0.17872,-0.02545,-0.65838,-0.13737,0.06181,0.04437
29.38,-0.01601,-0.03206,0.02823,0.55573,-0.134,-0.06502,0.50053,0.08824,0.01148,-0.4324,0.1785,-0.0145,0.12153,-0.39829,-0.1813,0.87503,1.77869,-0.23344,-0.0836,-0.41352,0.45104,-0.15693,1.98809,-1.31518,-0.15902,0.01117,0.50186,-0.02046,-0.17362,-0.63243,-0.11085,-0.08459,-0.05567,0.69116,0.18464,-0.02987,-0.65607,-0.13777,0.06098,0.0439
29.4,-0.01485,-0.03185,0.03122,0.56148,-0.13544,-0.06849,0.49856,0.08141,0.02159,-0.42957,0.17164,-0.0145,0.13695,-0.39891,-0.18524,0.86191,1.75744,-0.22261,-0.06649,-0.42875,0.42998,-0.1641,1.96405,-1.31608,-0.15336,0.00929,0.50214,-0.00857,-0.16353,-0.62777,-0.11223,-0.08652,-0.0568,0.69393,0.18947,-0.035,-0.65241,-0.13833,0.06024,0.0435
29.42,-0.01357,-0.03118,0.03385,0.56869,-0.13931,-0.0709,0.49994,0.07573,0.0271,-0.43069,0.15588,-0.0145,0.12695,-0.39546,-0.18669,0.88667,1.70255,-0.21441,-0.06588,-0.44105,0.41714,-0.1686,1.96227,-1.31985,-0.14773,0.00965,0.50192,-0.00657,-0.17985,-0.62046,-0.11165,-0.08589,-0.05643,0.69686,0.19117,-0.04281,-0.64443,-0.13939,0.05983,0.04334
29.44,-0.01224,-0.03037,0.03633,0.5764,-0.14399,-0.07287,0.50242,0.07053,0.03085,-0.43335,0.1368,-0.0145,0.10706,-0.39035,-0.1873,0.92572,1.63709,-0.20731,-0.07073,-0.45208,0.40722,-0.17192,1.96829,-1.32403,-0.1424,0.0102,0.5016,-0.00796,-0.20487,-0.61236,-0.11043,-0.08442,-0.05556,0.69987,0.19179,-0.05125,-0.63506,-0.14061,0.0595,0.04324
29.46,-0.01096,-0.02964,0.03886,0.5839,-0.1483,-0.07503,0.50432,0.06519,0.03533,-0.43519,0.11925,-0.0145,0.09144,-0.38598,-0.18824,0.95827,1.57833,-0.19977,-0.07268,-0.46322,0.39606,-0.17571,1.97043,-1.3277,-0.13707,0.01001,0.50145,-0.0076,-0.22503,-0.60472,-0.10957,-0.08341,-0.05497,0.70291,0.19298,-0.05899,-0.62642,-0.14174,0.05909,0.04309
29.48,-0.00958,-0.02885,0.04146,0.59133,-0.15257,-0.07724,0.50652,0.05948,0.04008,-0.43766,0.10154,-0.0145,0.07641,-0.3816,-0.1895,0.99126,1.5117,-0.19202,-0.07617,-0.47647,0.38442,-0.17969,1.97391,-1.33253,-0.13128,0.01237,0.50079,-0.00806,-0.24873,-0.5967,-0.10843,-0.08208,-0.05419,0.70562,0.19383,-0.06843,-0.61741,-0.14291,0.05888,0.04306
29.5,-0.00839,-0.02815,0.04389,0.59903,-0.15713,-0.07923,0.50836,0.05467,0.04386,-0.43915,0.08344,-0.0145,0.05799,-0.37686,-0.18984,1.02649,1.45886,-0.18498,-0.07786,-0.48499,0.37453,-0.18302,1.97649,-1.33513,-0.12649,0.00963,0.50115,-0.00767,-0.26731,-0.58926,-0.10772,-0.08122,-0.05368,0.70905,0.19511,-0.07449,-0.60882,-0.14406,0.05826,0.04277
29.52,-0.00771,-0.02771,0.04586,0.60741,-0.16237,-0.08079,0.50916,0.05221,0.04539,-0.43754,0.06479,-0.0145,0.03204,-0.37157,-0.18813,1.06524,1.44706,-0.17938,-0.07277,-0.48063,0.3686,-0.18504,1.97471,-1.33132,-0.1242,-0.00843,0.50441,-0.00369,-0.26865,-0.58357,-0.10845,-0.08195,-0.05412,0.71449,0.19796,-0.07088,-0.60166,-0.14508,0.05651,0.04176
29.54,-0.00723,-0.02736,0.04766,0.61604,-0.16788,-0.08213,0.50953,0.05064,0.046,-0.43488,0.04596,-0.0145,0.00318,-0.36597,-0.18549,1.10554,1.44941,-0.17451,-0.06578,-0.47157,0.36437,-0.18643,1.97178,-1.32529,-0.12294,-0.03141,0.50868,0.00119,-0.26471,-0.57849,-0.10963,-0.08317,-0.05485,0.72066,0.20125,-0.06388,-0.59498,-0.1461,0.05436,0.04049
29.56,-0.00668,-0.02697,0.04954,0.62453,-0.17324,-0.08354,0.50996,0.04868,0.04704,-0.43271,0.02742,-0.0145,-0.02392,-0.36048,-0.18311,1.14453,1.44498,-0.16949,-0.05998,-0.46473,0.35945,-0.188,1.96938,-1.32043,-0.12132,-0.05133,0.51244,0.0054,-0.26389,-0.57313,-0.11055,-0.0841,-0.05541,0.72649,0.20424,-0.05854,-0.58811,-0.14715,0.05239,0.03935
29.58,-0.00602,-0.02659,0.05141,0.63318,-0.17875,-0.08508,0.51096,0.04667,0.04797,-0.43055,0.00784,-0.0145,-0.05324,-0.35507,-0.18137,1.18661,1.44162,-0.16372,-0.053,-0.45749,0.35426,-0.18997,1.96722,-1.31495,-0.11924,-0.0747,0.5164,0.01058,-0.26046,-0.56773,-0.11169,-0.08528,-0.05611,0.73232,0.2076,-0.0527,-0.58105,-0.14806,0.05041,0.03817
29.6,-0.00564,-0.0262,0.05325,0.64152,-0.184,-0.08629,0.51068,0.04497,0.04893,-0.4281,-0.00954,-0.0145,-0.07844,-0.34943,-0.17809,1.22239,1.43957,-0.15967,-0.04794,-0.45001,0.35001,-0.19098,1.96419,-1.31019,-0.11836,-0.09208,0.52019,0.01403,-0.26095,-0.56258,-0.1125,-0.08608,-0.05659,0.73835,0.2103,-0.0471,-0.57454,-0.14925,0.04837,0.03701
29.62,-0.00598,-0.02575,0.05504,0.64901,-0.18838,-0.08666,0.50679,0.04385,0.05015,-0.42511,-0.02112,-0.0145,-0.09214,-0.34336,-0.17083,1.24074,1.43754,-0.16017,-0.04855,-0.44286,0.34788,-0.18949,1.95879,-1.30838,-0.12052,-0.0917,0.52307,0.01226,-0.27469,-0.55799,-0.11221,-0.08563,-0.05632,0.7447,0.21116,-0.04289,-0.56935,-0.15126,0.0462,0.03593
29.64,-0.0066,-0.02529,0.0568,0.65614,-0.19249,-0.0867,0.50164,0.04301,0.05144,-0.42188,-0.03042,-0.0145,-0.10145,-0.33708,-0.16204,1.25258,1.43644,-0.16236,-0.05111,-0.43568,0.34663,-0.18709,1.95256,-1.3073,-0.12385,-0.08515,0.52576,0.00878,-0.2923,-0.55363,-0.1116,-0.08481,-0.05582,0.75124,0.21133,-0.03907,-0.56473,-0.15352,0.04402,0.0349
29.66,-0.00711,-0.02482,0.05855,0.66336,-0.19679,-0.08687,0.49716,0.04207,0.05272,-0.41876,-0.04054,-0.0145,-0.11237,-0.33084,-0.15392,1.2671,1.43505,-0.16377,-0.05279,-0.42863,0.345,-0.18514,1.94682,-1.30556,-0.12665,-0.08142,0.52864,0.00625,-0.30731,-0.54914,-0.11121,-0.08422,-0.05546,0.75775,0.21176,-0.03514,-0.55994,-0.15562,0.0419,0.03387
29.68,-0.00759,-0.02438,0.06039,0.6709,-0.20086,-0.08711,0.49223,0.04103,0.05388,-0.41557,-0.05157,-0.0145,-0.12501,-0.32479,-0.14591,1.28284,1.43353,-0.16526,-0.05442,-0.42094,0.34332,-0.183,1.94054,-1.30506,-0.12948,-0.07772,0.53112,0.00301,-0.32564,-0.54477,-0.11056,-0.0834,-0.05495,0.7641,0.21244,-0.03079,-0.55478,-0.15793,0.03951,0.0327
29.7,-0.00818,-0.0239,0.06203,0.67768,-0.20531,-0.08714,0.48796,0.04025,0.05532,-0.4125,-0.06015,-0.0145,-0.13298,-0.31831,-0.13729,1.29449,1.43237,-0.167,-0.05663,-0.41463,0.34195,-0.18104,1.9352,-1.30225,-0.13252,-0.07252,0.53437,0.00082,-0.33811,-0.54021,-0.11034,-0.08297,-0.0547,0.77079,0.21242,-0.02745,-0.55054,-0.15986,0.03769,0.03184
29.72,-0.00901,-0.02334,0.06316,0.68263,-0.21096,-0.0867,0.48583,0.04008,0.0575,-0.40988,-0.06262,-0.0145,-0.12918,-0.31073,-0.12749,1.29627,1.43141,-0.1689,-0.0601,-0.41215,0.34113,-0.17977,1.93266,-1.29243,-0.13577,-0.06399,0.53993,0.00206,-0.33299,-0.53493,-0.1114,-0.08372,-0.05525,0.77856,0.21062,-0.02679,-0.54858,-0.16068,0.03737,0.03178
29.74,-0.00994,-0.02276,0.06408,0.68682,-0.21699,-0.08607,0.48441,0.04016,0.05995,-0.40739,-0.0627,-0.0145,-0.12079,-0.30272,-0.11712,1.29419,1.43079,-0.17103,-0.06409,-0.41109,0.34059,-0.17871,1.93108,-1.28036,-0.1392,-0.05427,0.54625,0.00438,-0.32193,-0.52945,-0.11287,-0.08486,-0.05606,0.78662,0.20815,-0.02713,-0.54754,-0.1611,0.03764,0.03202
29.76,-0.01083,-0.02219,0.06507,0.69126,-0.2228,-0.08552,0.48266,0.04012,0.06229,-0.40481,-0.06382,-0.0145,-0.11443,-0.29488,-0.10693,1.29397,1.4303,-0.17314,-0.06779,-0.4094,0.33996,-0.17756,1.92907,-1.26965,-0.14259,-0.04554,0.55216,0.00609,-0.31393,-0.52412,-0.11412,-0.08578,-0.05672,0.79442,0.20601,-0.02702,-0.54615,-0.16168,0.0377,0.03214
29.78,-0.01173,-0.0216,0.06616,0.69606,-0.22879,-0.08498,0.48091,0.04009,0.06462,-0.40236,-0.06504,-0.0145,-0.10813,-0.2871,-0.09699,1.29305,1.42866,-0.17495,-0.07179,-0.40766,0.33917,-0.17632,1.92703,-1.25757,-0.14586,-0.03474,0.55836,0.00824,-0.30461,-0.51856,-0.11551,-0.08684,-0.05748,0.80281,0.20374,-0.02693,-0.54451,-0.16238,0.03754,0.03216
29.8,-0.01261,-0.02105,0.067,0.69994,-0.23449,-0.08439,0.47935,0.04011,0.067,-0.39967,-0.06552,-0.0145,-0.10071,-0.27914,-0.08642,1.29278,1.42945,-0.17742,-0.07526,-0.40634,0.33879,-0.17535,1.92528,-1.24779,-0.14939,-0.02799,0.56413,0.00976,-0.29651,-0.51345,-0.11672,-0.08773,-0.05811,0.81001,0.2016,-0.02702,-0.54358,-0.16273,0.03796,0.03248
29.82,-0.01341,-0.0206,0.06722,0.70136,-0.23935,-0.08362,0.47809,0.04019,0.06961,-0.39625,-0.06463,-0.0145,-0.09111,-0.27049,-0.07433,1.29508,1.43728,-0.1818,-0.0771,-0.40604,0.33932,-0.17502,1.92408,-1.24497,-0.15365,-0.03319,0.56862,0.0092,-0.29377,-0.50958,-0.11725,-0.088,-0.0583,0.81391,0.19995,-0.02752,-0.54441,-0.16222,0.03993,0.03358
29.84,-0.01417,-0.02018,0.06718,0.70188,-0.24389,-0.08282,0.47701,0.04032,0.07223,-0.39258,-0.0631,-0.0145,-0.08061,-0.26174,-0.06162,1.29824,1.44748,-0.18681,-0.07837,-0.40608,0.34026,-0.17496,1.92314,-1.24455,-0.15813,-0.04242,0.57263,0.008,-0.29237,-0.50619,-0.1176,-0.08809,-0.05835,0.81658,0.19846,-0.02813,-0.54591,-0.16137,0.04244,0.03496
29.86,-0.01494,-0.01974,0.06721,0.70289,-0.24855,-0.08208,0.47588,0.04045,0.07473,-0.38904,-0.06185,-0.0145,-0.07069,-0.25324,-0.04914,1.30116,1.45634,-0.19143,-0.0799,-0.40584,0.34111,-0.17483,1.92208,-1.24299,-0.16247,-0.04951,0.57681,0.00719,-0.28998,-0.50262,-0.11808,-0.08831,-0.05849,0.81977,0.19693,-0.02859,-0.54708,-0.1607,0.04464,0.03617
29.88,-0.01576,-0.0193,0.06741,0.70355,-0.25335,-0.08116,0.47463,0.04051,0.07772,-0.38544,-0.06057,-0.0145,-0.05992,-0.24387,-0.03683,1.30329,1.46631,-0.19649,-0.08145,-0.4062,0.34157,-0.17451,1.92102,-1.24148,-0.16702,-0.05789,0.58123,0.00602,-0.28892,-0.49891,-0.11837,-0.08837,-0.05855,0.82312,0.19527,-0.02952,-0.54839,-0.15993,0.04716,0.03756
29.9,-0.01646,-0.01888,0.06721,0.7047,-0.25778,-0.08059,0.47368,0.04071,0.07969,-0.3819,-0.05923,-0.0145,-0.05074,-0.2363,-0.02404,1.30734,1.47452,-0.20079,-0.08281,-0.40537,0.34294,-0.17463,1.92005,-1.24054,-0.17116,-0.06449,0.58503,0.0054,-0.28556,-0.49561,-0.11899,-0.08869,-0.05874,0.82587,0.19392,-0.02946,-0.54955,-0.15928,0.04912,0.03863
29.92,-0.01681,-0.01849,0.06603,0.7076,-0.2611,-0.08097,0.4734,0.04126,0.07869,-0.3787,-0.05782,-0.0145,-0.04633,-0.2336,-0.00992,1.31648,1.47746,-0.20282,-0.0839,-0.40127,0.34663,-0.17599,1.9191,-1.23995,-0.17427,-0.06576,0.58711,0.00663,-0.27481,-0.49325,-0.12066,-0.0898,-0.05942,0.82709,0.19332,-0.027,-0.55017,-0.15903,0.04941,0.03875
29.94,-0.01703,-0.01812,0.06445,0.71099,-0.26406,-0.08169,0.47342,0.04195,0.07668,-0.37556,-0.05639,-0.0145,-0.04355,-0.23274,0.00463,1.32756,1.47851,-0.20407,-0.0848,-0.39595,0.35123,-0.17776,1.91826,-1.23991,-0.17694,-0.065,0.58861,0.00839,-0.26183,-0.49131,-0.12265,-0.09115,-0.06024,0.82779,0.19304,-0.02349,-0.55061,-0.15891,0.04911,0.03853
29.96,-0.01733,-0.01775,0.06304,0.71402,-0.26726,-0.08225,0.47337,0.04258,0.0752,-0.37233,-0.05502,-0.0145,-0.03993,-0.23112,0.0189,1.33778,1.4803,-0.20568,-0.08572,-0.39113,0.35546,-0.17927,1.91745,-1.24009,-0.1797,-0.06475,0.59046,0.00976,-0.25037,-0.48923,-0.12442,-0.09234,-0.06096,0.82884,0.19269,-0.02019,-0.55112,-0.15873,0.04906,0.03845
29.98,-0.01757,-0.01733,0.06168,0.71757,-0.27014,-0.08282,0.47305,0.04321,0.07342,-0.36934,-0.05342,-0.0145,-0.03667,-0.2292,0.03356,1.34791,1.48268,-0.20727,-0.0869,-0.38654,0.35954,-0.18112,1.91629,-1.23858,-0.18291,-0.06627,0.59192,0.01173,-0.23685,-0.48692,-0.1265,-0.09375,-0.06181,0.82936,0.19205,-0.01794,-0.5517,-0.15855,0.04912,0.03842
30,-0.0179,-0.01701,0.06012,0.72018,-0.27359,-0.08346,0.47337,0.04386,0.07202,-0.36589,-0.05231,-0.0145,-0.03309,-0.22832,0.04747,1.3587,1.48333,-0.20872,-0.08751,-0.38121,0.36411,-0.18232,1.91589,-1.24045,-0.18513,-0.06371,0.59404,0.01259,-0.22704,-0.4852,-0.12801,-0.09477,-0.06242,0.83088,0.19207,-0.01334,-0.55209,-0.15841,0.0488,0.03821
30.02,-0.0185,-0.01696,0.05815,0.72011,-0.27875,-0.08415,0.47536,0.04455,0.07194,-0.36109,-0.05262,-0.0145,-0.02801,-0.22984,0.05953,1.37054,1.47971,-0.20998,-0.08665,-0.37391,0.36999,-0.18192,1.91751,-1.25373,-0.18414,-0.04923,0.59832,0.01023,-0.2284,-0.48502,-0.12783,-0.09461,-0.06231,0.8354,0.19405,-0.00183,-0.55203,-0.15834,0.0475,0.0375
30.04,-0.01919,-0.017,0.05597,0.71906,-0.28447,-0.08491,0.47799,0.04525,0.07228,-0.35584,-0.05343,-0.0145,-0.02259,-0.23235,0.07076,1.38301,1.47438,-0.21112,-0.08522,-0.36595,0.37629,-0.1808,1.9199,-1.27003,-0.18225,-0.03089,0.60326,0.00676,-0.23351,-0.4854,-0.12708,-0.09405,-0.06195,0.84094,0.19666,0.01188,-0.55178,-0.15831,0.04586,0.03662
30.06,-0.01982,-0.01699,0.05384,0.71844,-0.28989,-0.08564,0.48033,0.04593,0.07241,-0.35085,-0.05399,-0.0145,-0.01746,-0.23441,0.08216,1.39537,1.46979,-0.21231,-0.08402,-0.35845,0.38226,-0.17983,1.92196,-1.28345,-0.18118,-0.01508,0.6078,0.00384,-0.23668,-0.48552,-0.12662,-0.09369,-0.06172,0.84597,0.19885,0.02413,-0.55157,-0.15826,0.04443,0.03585
30.08,-0.02051,-0.017,0.0519,0.71794,-0.29549,-0.08635,0.48265,0.04669,0.07259,-0.34564,-0.05466,-0.0145,-0.01178,-0.23652,0.09444,1.4071,1.46529,-0.2135,-0.08291,-0.35024,0.38886,-0.1796,1.92395,-1.30309,-0.17844,0.004,0.61273,0.00075,-0.24078,-0.4857,-0.12605,-0.09326,-0.06143,0.85119,0.20161,0.03837,-0.55153,-0.15824,0.04272,0.03492
30.1,-0.02111,-0.01699,0.04952,0.71693,-0.30085,-0.08713,0.48517,0.04728,0.07278,-0.34079,-0.05521,-0.0145,-0.00716,-0.23876,0.10469,1.42021,1.46021,-0.21466,-0.08151,-0.34338,0.39424,-0.17768,1.92624,-1.31069,-0.17889,0.01722,0.61701,-0.00227,-0.24386,-0.48587,-0.12557,-0.09288,-0.06119,0.85623,0.20333,0.04898,-0.55112,-0.15816,0.04154,0.0343
30.12,-0.02143,-0.01683,0.04606,0.71487,-0.30549,-0.08805,0.4881,0.0474,0.07293,-0.33698,-0.0554,-0.0145,-0.0056,-0.24093,0.10955,1.43744,1.45398,-0.21576,-0.07936,-0.3404,0.39599,-0.17103,1.92933,-1.28259,-0.18885,0.0127,0.61953,-0.00487,-0.24322,-0.4858,-0.12552,-0.0928,-0.06113,0.8607,0.20201,0.04908,-0.54955,-0.15794,0.04191,0.03454
30.14,-0.02164,-0.01663,0.04215,0.7123,-0.30985,-0.08906,0.4912,0.04736,0.07308,-0.33356,-0.05544,-0.0145,-0.00511,-0.24324,0.11239,1.45595,1.44722,-0.21684,-0.07695,-0.33881,0.39653,-0.16275,1.93266,-1.24261,-0.20195,0.00224,0.62135,-0.00737,-0.24145,-0.48569,-0.12559,-0.09278,-0.06113,0.8649,0.1996,0.04547,-0.54763,-0.15766,0.04283,0.03509
30.16,-0.02191,-0.01646,0.03841,0.70989,-0.31427,-0.09007,0.4942,0.0474,0.07325,-0.32999,-0.05551,-0.0145,-0.00406,-0.2456,0.11611,1.4736,1.44068,-0.21796,-0.07471,-0.33659,0.39773,-0.15535,1.93578,-1.20917,-0.21332,-0.00513,0.6234,-0.00991,-0.24023,-0.48564,-0.12559,-0.09272,-0.06109,0.86909,0.19767,0.04353,-0.54597,-0.1574,0.0435,0.0355
30.18,-0.02218,-0.01626,0.03484,0.70778,-0.31901,-0.09091,0.49731,0.04739,0.07338,-0.3263,-0.05577,-0.0145,-0.00327,-0.2475,0.11993,1.49246,1.43413,-0.21896,-0.07225,-0.33433,0.39843,-0.14732,1.93937,-1.17093,-0.22599,-0.014,0.62585,-0.01248,-0.239,-0.48546,-0.12564,-0.0927,-0.06107,0.87389,0.19582,0.04169,-0.54388,-0.15719,0.04418,0.03591
30.2,-0.02241,-0.01611,0.03079,0.70491,-0.323,-0.09211,0.50025,0.04746,0.07357,-0.32296,-0.05558,-0.0145,-0.00225,-0.25042,0.12309,1.50905,1.42754,-0.22017,-0.07018,-0.33251,0.39992,-0.14025,1.94202,-1.13996,-0.23665,-0.02121,0.62729,-0.01498,-0.23746,-0.48552,-0.12563,-0.09263,-0.06103,0.87734,0.19355,0.03878,-0.54262,-0.15685,0.04498,0.0364
30.22,-0.02257,-0.01617,0.02558,0.70006,-0.32496,-0.09438,0.50256,0.04788,0.074,-0.32051,-0.05413,-0.0145,8e-05,-0.25571,0.1247,1.51944,1.42074,-0.22241,-0.06946,-0.33141,0.40365,-0.13592,1.94224,-1.13077,-0.24144,-0.02258,0.62614,-0.01719,-0.2355,-0.48625,-0.12546,-0.09243,-0.06092,0.87719,0.19038,0.0333,-0.54364,-0.15622,0.04599,0.03703
30.24,-0.02269,-0.01629,0.01989,0.69445,-0.32617,-0.09699,0.50473,0.04838,0.07449,-0.3184,-0.05223,-0.0145,0.0026,-0.26208,0.12575,1.52741,1.41398,-0.22479,-0.06913,-0.33075,0.40824,-0.13269,1.94148,-1.12949,-0.24402,-0.02207,0.62399,-0.01936,-0.23321,-0.48721,-0.12525,-0.0922,-0.06078,0.87566,0.18681,0.02696,-0.54553,-0.15545,0.04712,0.03773
30.26,-0.02283,-0.01637,0.01437,0.68918,-0.32771,-0.09939,0.50703,0.04878,0.07493,-0.31614,-0.05057,-0.0145,0.00481,-0.2682,0.12721,1.53622,1.40737,-0.22683,-0.06851,-0.33,0.41257,-0.12915,1.94104,-1.1254,-0.24732,-0.02229,0.62226,-0.02163,-0.23095,-0.48807,-0.12507,-0.09199,-0.06066,0.87472,0.1834,0.02131,-0.54712,-0.15471,0.04821,0.03839
30.28,-0.02298,-0.0165,0.00904,0.68389,-0.32927,-0.10204,0.50904,0.04944,0.07546,-0.31388,-0.04874,-0.0145,0.00798,-0.27329,0.12796,1.54617,1.40005,-0.23004,-0.06833,-0.32884,0.41632,-0.12472,1.94114,-1.1177,-0.25192,-0.0232,0.62065,-0.02355,-0.22916,-0.48894,-0.12481,-0.09175,-0.06052,0.87398,0.18003,0.01422,-0.54832,-0.15413,0.0493,0.0391
30.3,-0.02309,-0.01654,0.00321,0.67848,-0.33062,-0.10423,0.51164,0.04958,0.07581,-0.31169,-0.04716,-0.0145,0.00914,-0.28081,0.13005,1.55318,1.39419,-0.23084,-0.06735,-0.32862,0.42149,-0.12244,1.9399,-1.1194,-0.25326,-0.0222,0.61858,-0.02621,-0.22633,-0.48983,-0.12472,-0.09157,-0.06042,0.87246,0.17651,0.01002,-0.5505,-0.15317,0.05038,0.03972
30.32,-0.02311,-0.01633,-0.00385,0.67291,-0.33158,-0.10511,0.51584,0.04827,0.07563,-0.30957,-0.04633,-0.0145,0.00519,-0.29464,0.1361,1.55245,1.39259,-0.22486,-0.06398,-0.33072,0.4304,-0.12565,1.93489,-1.14652,-0.24605,-0.01595,0.61545,-0.03086,-0.2207,-0.4907,-0.12506,-0.09158,-0.06045,0.86934,0.17264,0.01363,-0.55551,-0.15119,0.05149,0.04013
30.34,-0.0231,-0.01603,-0.01141,0.66724,-0.33237,-0.10552,0.52067,0.04643,0.07526,-0.30751,-0.04578,-0.0145,-0.00088,-0.3109,0.1435,1.54888,1.39244,-0.21645,-0.05982,-0.33376,0.4407,-0.13102,1.92861,-1.18262,-0.23565,-0.0079,0.61192,-0.03627,-0.21404,-0.49159,-0.12556,-0.09166,-0.06054,0.86545,0.16865,0.02027,-0.56143,-0.14882,0.05257,0.04044
30.36,-0.02311,-0.01576,-0.01876,0.66164,-0.33326,-0.10613,0.52528,0.04485,0.07496,-0.30544,-0.04513,-0.0145,-0.00631,-0.32612,0.1502,1.54674,1.39148,-0.2092,-0.05608,-0.33644,0.45033,-0.13548,1.92309,-1.21373,-0.22677,-0.00093,0.6086,-0.04137,-0.20788,-0.49248,-0.126,-0.09171,-0.0606,0.8618,0.16475,0.02581,-0.56673,-0.14663,0.0536,0.04077
30.38,-0.02309,-0.01553,-0.02604,0.65593,-0.33404,-0.10677,0.52962,0.04322,0.07473,-0.30329,-0.04435,-0.0145,-0.01035,-0.34107,0.15719,1.54392,1.39114,-0.20173,-0.05211,-0.33884,0.46011,-0.13965,1.91676,-1.24889,-0.21754,0.00721,0.60509,-0.04631,-0.20159,-0.4933,-0.12639,-0.09176,-0.06066,0.85855,0.16071,0.03019,-0.57294,-0.14443,0.05488,0.04121
30.4,-0.02312,-0.0152,-0.03357,0.65043,-0.33502,-0.10726,0.53466,0.04156,0.07429,-0.30134,-0.0439,-0.0145,-0.01781,-0.35718,0.16396,1.54187,1.38988,-0.19413,-0.04841,-0.34209,0.46993,-0.14497,1.91182,-1.27771,-0.2083,0.01333,0.60193,-0.05177,-0.19534,-0.49431,-0.12693,-0.09183,-0.06074,0.8543,0.15692,0.03766,-0.57745,-0.14217,0.05566,0.0414
30.42,-0.02324,-0.01467,-0.04174,0.6456,-0.33664,-0.10734,0.54158,0.03986,0.07338,-0.29982,-0.04426,-0.0145,-0.03397,-0.37561,0.16935,1.54263,1.38534,-0.18689,-0.04567,-0.34708,0.47922,-0.15259,1.91129,-1.28632,-0.19989,0.01328,0.5996,-0.05844,-0.1893,-0.49541,-0.12785,-0.09197,-0.06085,0.84756,0.15394,0.0535,-0.57723,-0.1398,0.055,0.04089
30.44,-0.02341,-0.01404,-0.05013,0.641,-0.33846,-0.1073,0.54917,0.03817,0.07224,-0.29851,-0.04494,-0.0145,-0.05355,-0.39517,0.17455,1.54428,1.37988,-0.17958,-0.04322,-0.35298,0.48853,-0.16136,1.91217,-1.28829,-0.19159,0.01116,0.59768,-0.06561,-0.18337,-0.49678,-0.12892,-0.09212,-0.06097,0.83983,0.1512,0.07224,-0.57524,-0.1374,0.05386,0.04014
30.46,-0.02357,-0.01345,-0.0584,0.63628,-0.34015,-0.10737,0.5564,0.03653,0.07113,-0.29716,-0.0455,-0.0145,-0.0717,-0.41436,0.18012,1.54553,1.37509,-0.17221,-0.04063,-0.35867,0.49801,-0.16986,1.91227,-1.29359,-0.18319,0.01007,0.59572,-0.07256,-0.1775,-0.49828,-0.12993,-0.09225,-0.06108,0.83251,0.14829,0.0893,-0.57395,-0.13506,0.05299,0.03952
30.48,-0.02367,-0.0129,-0.06678,0.63161,-0.34199,-0.1072,0.5639,0.03465,0.0703,-0.29562,-0.04597,-0.0145,-0.08939,-0.43301,0.18451,1.54661,1.36931,-0.16513,-0.03806,-0.36345,0.50681,-0.17741,1.91293,-1.29791,-0.17485,0.00866,0.59311,-0.07951,-0.17117,-0.49864,-0.1309,-0.09246,-0.06123,0.82532,0.14562,0.10804,-0.57311,-0.13253,0.05192,0.03878
30.5,-0.02391,-0.01224,-0.07496,0.62688,-0.34357,-0.1075,0.57098,0.03327,0.06884,-0.2945,-0.0467,-0.0145,-0.10884,-0.45304,0.19131,1.54834,1.36535,-0.15749,-0.03553,-0.37043,0.517,-0.18712,1.91277,-1.30255,-0.1665,0.00741,0.592,-0.08655,-0.1658,-0.5015,-0.13199,-0.09251,-0.06129,0.81764,0.14252,0.12386,-0.57092,-0.13038,0.05114,0.03824
30.52,-0.02453,-0.01128,-0.08258,0.62194,-0.34438,-0.10914,0.5768,0.03322,0.06573,-0.29445,-0.04803,-0.0145,-0.13215,-0.47637,0.2046,1.55127,1.36663,-0.14816,-0.03293,-0.38251,0.53101,-0.20294,1.91006,-1.30981,-0.15782,0.00707,0.5946,-0.09376,-0.16321,-0.51069,-0.13329,-0.09213,-0.06113,0.80877,0.13818,0.13147,-0.56532,-0.12927,0.05124,0.03827
30.54,-0.02528,-0.01021,-0.08996,0.61691,-0.34493,-0.11126,0.58216,0.03367,0.06199,-0.29481,-0.04964,-0.0145,-0.15715,-0.50107,0.22032,1.55492,1.36978,-0.13831,-0.03038,-0.39691,0.54641,-0.22079,1.90647,-1.31754,-0.1492,0.00698,0.59876,-0.10101,-0.16157,-0.52244,-0.13471,-0.09158,-0.06087,0.79945,0.1334,0.13593,-0.55844,-0.12854,0.05166,0.03852
30.56,-0.02596,-0.00921,-0.09742,0.61189,-0.34558,-0.11317,0.58771,0.03388,0.05849,-0.29499,-0.05117,-0.0145,-0.18143,-0.52528,0.23507,1.55852,1.3721,-0.12882,-0.02786,-0.41073,0.56118,-0.23741,1.90322,-1.32493,-0.14077,0.00681,0.60244,-0.1082,-0.1594,-0.53338,-0.1361,-0.0911,-0.06065,0.79038,0.12878,0.14144,-0.55218,-0.12766,0.05197,0.0387
30.58,-0.0267,-0.00815,-0.10502,0.60701,-0.3463,-0.11506,0.59338,0.03413,0.05516,-0.29514,-0.0525,-0.0145,-0.20556,-0.54901,0.24934,1.56098,1.3743,-0.11881,-0.02511,-0.42255,0.57596,-0.25538,1.90024,-1.33267,-0.13143,0.00641,0.60521,-0.11559,-0.15765,-0.54298,-0.1374,-0.09065,-0.06044,0.78108,0.12431,0.14863,-0.54566,-0.12671,0.05211,0.03876
30.6,-0.02733,-0.00718,-0.11225,0.60183,-0.34681,-0.1171,0.59869,0.03443,0.05135,-0.29547,-0.05432,-0.0145,-0.23045,-0.57401,0.26509,1.56599,1.37718,-0.10976,-0.02286,-0.43912,0.59104,-0.27097,1.89651,-1.33984,-0.12398,0.00658,0.61018,-0.12255,-0.15524,-0.55581,-0.13889,-0.09011,-0.0602,0.77218,0.11944,0.1516,-0.53943,-0.12598,0.05267,0.0391
30.62,-0.02772,-0.00653,-0.11852,0.59582,-0.34682,-0.11949,0.60311,0.03473,0.04627,-0.29609,-0.0573,-0.0145,-0.25628,-0.60231,0.28501,1.57764,1.3816,-0.10341,-0.02187,-0.46803,0.60664,-0.27976,1.89069,-1.34549,-0.12179,0.00823,0.62128,-0.12847,-0.15065,-0.57836,-0.14097,-0.08938,-0.05991,0.76449,0.1133,0.14291,-0.53428,-0.12575,0.05441,0.0402
30.64,-0.02799,-0.00598,-0.1244,0.58954,-0.34663,-0.12201,0.60718,0.03508,0.04077,-0.29691,-0.06078,-0.0145,-0.28294,-0.63179,0.30621,1.59187,1.38661,-0.09807,-0.02139,-0.50168,0.62249,-0.28602,1.88419,-1.35057,-0.12148,0.01047,0.63443,-0.13391,-0.14536,-0.60378,-0.14321,-0.08858,-0.05961,0.75725,0.10682,0.13022,-0.5295,-0.12572,0.05655,0.04155
30.66,-0.02828,-0.00537,-0.13043,0.58341,-0.34654,-0.12445,0.61143,0.03543,0.03556,-0.29772,-0.06411,-0.0145,-0.30965,-0.66062,0.32641,1.60507,1.39124,-0.09231,-0.02073,-0.53328,0.63821,-0.29323,1.87814,-1.35583,-0.12025,0.01249,0.64634,-0.13946,-0.14046,-0.62695,-0.1453,-0.08783,-0.05932,0.74982,0.10066,0.11986,-0.52461,-0.12559,0.05846,0.04275
30.68,-0.02873,-0.00479,-0.1366,0.57712,-0.3464,-0.127,0.61558,0.03569,0.02989,-0.29817,-0.06713,-0.0145,-0.33456,-0.68998,0.34851,1.61766,1.39638,-0.08634,-0.01984,-0.56451,0.65407,-0.30136,1.87143,-1.3614,-0.11927,0.01431,0.65965,-0.14548,-0.13529,-0.65426,-0.14769,-0.08698,-0.059,0.74231,0.09376,0.10725,-0.51944,-0.12552,0.06059,0.04411
30.7,-0.0288,-0.0042,-0.14238,0.57112,-0.34632,-0.12934,0.61986,0.03614,0.0251,-0.29944,-0.07091,-0.0145,-0.36347,-0.71849,0.36685,1.63217,1.40059,-0.0811,-0.01957,-0.59765,0.66967,-0.30692,1.86599,-1.3662,-0.11825,0.0167,0.67047,-0.1504,-0.13048,-0.67354,-0.14951,-0.08634,-0.05875,0.73508,0.08832,0.09838,-0.51495,-0.12536,0.06236,0.04519
30.72,-0.02786,-0.00357,-0.14729,0.56584,-0.34649,-0.13115,0.62467,0.0371,0.02276,-0.30284,-0.07665,-0.0145,-0.40253,-0.74448,0.37503,1.65103,1.40208,-0.07727,-0.02074,-0.6346,0.68465,-0.30625,1.86395,-1.36891,-0.11653,0.02034,0.67412,-0.15246,-0.12718,-0.6705,-0.14957,-0.08622,-0.05867,0.72852,0.08717,0.10131,-0.51223,-0.12489,0.06303,0.04542
30.74,-0.02653,-0.00294,-0.15182,0.5609,-0.34671,-0.13271,0.6296,0.03824,0.02133,-0.30707,-0.08314,-0.0145,-0.44567,-0.76955,0.3793,1.67177,1.40265,-0.07425,-0.02254,-0.67335,0.69938,-0.30307,1.86328,-1.37093,-0.1148,0.02455,0.67513,-0.15342,-0.12421,-0.65921,-0.14907,-0.08632,-0.05867,0.72222,0.08747,0.10808,-0.51021,-0.12432,0.06333,0.04536
30.76,-0.02535,-0.00232,-0.15648,0.55592,-0.34688,-0.13432,0.63442,0.03928,0.01954,-0.31096,-0.0893,-0.0145,-0.4874,-0.79498,0.38498,1.69185,1.40362,-0.07107,-0.02412,-0.71149,0.71406,-0.30078,1.86216,-1.37322,-0.11306,0.02863,0.6772,-0.15486,-0.12085,-0.65131,-0.14895,-0.08636,-0.05867,0.7158,0.087,0.1128,-0.5079,-0.12381,0.06381,0.04545
30.78,-0.0243,-0.00168,-0.16131,0.55045,-0.34717,-0.13624,0.63943,0.04043,0.01752,-0.31468,-0.09543,-0.0145,-0.52736,-0.82068,0.39215,1.71125,1.40454,-0.06694,-0.02543,-0.74899,0.72925,-0.29923,1.86026,-1.37543,-0.11113,0.0322,0.67997,-0.1564,-0.11843,-0.6449,-0.14833,-0.08623,-0.05853,0.70945,0.08697,0.11869,-0.50547,-0.12325,0.06424,0.04549
30.8,-0.02287,-0.00107,-0.16569,0.54608,-0.3472,-0.13744,0.64409,0.04137,0.01618,-0.31897,-0.10179,-0.0145,-0.57188,-0.8456,0.39538,1.73246,1.40551,-0.06511,-0.02748,-0.78808,0.74352,-0.29588,1.86034,-1.37797,-0.10994,0.03695,0.68058,-0.15746,-0.11422,-0.63352,-0.14859,-0.0865,-0.05869,0.70297,0.08639,0.12311,-0.50344,-0.12276,0.06468,0.04557
30.82,-0.02058,-0.00055,-0.16897,0.54456,-0.34672,-0.1367,0.64783,0.04164,0.01652,-0.32443,-0.10865,-0.0145,-0.62847,-0.86853,0.38783,1.75832,1.40535,-0.06807,-0.03112,-0.83211,0.7535,-0.28551,1.86546,-1.37873,-0.10773,0.04488,0.67623,-0.15742,-0.10416,-0.60941,-0.15159,-0.08792,-0.0597,0.69634,0.08386,0.1226,-0.50236,-0.12249,0.06523,0.04584
30.84,-0.01792,-6e-05,-0.17181,0.54416,-0.34592,-0.13525,0.65119,0.04169,0.0175,-0.33047,-0.11571,-0.0145,-0.68932,-0.8907,0.37667,1.7859,1.40551,-0.07358,-0.03554,-0.87744,0.76283,-0.2739,1.87255,-1.38034,-0.10679,0.05394,0.66972,-0.15695,-0.09244,-0.58077,-0.15545,-0.08972,-0.06099,0.68951,0.08074,0.1205,-0.50164,-0.12228,0.06581,0.04618
30.86,-0.01538,0.00045,-0.17483,0.54331,-0.34513,-0.13413,0.65467,0.04185,0.01815,-0.33637,-0.12266,-0.0145,-0.74796,-0.91324,0.36764,1.81264,1.40654,-0.07881,-0.03983,-0.92151,0.7737,-0.2646,1.87882,-1.38352,-0.10731,0.06242,0.66395,-0.15674,-0.08204,-0.55488,-0.15878,-0.09129,-0.06212,0.68259,0.07794,0.1191,-0.50075,-0.12204,0.06638,0.04648
30.88,-0.013,0.00094,-0.17794,0.54223,-0.34494,-0.13297,0.65839,0.04195,0.01897,-0.34178,-0.12972,-0.0145,-0.80818,-0.93569,0.35617,1.83979,1.40339,-0.08032,-0.04327,-0.96855,0.77955,-0.24786,1.88484,-1.37861,-0.09939,0.07124,0.65911,-0.15622,-0.06929,-0.52577,-0.16268,-0.0931,-0.06342,0.67648,0.07495,0.11789,-0.49993,-0.1218,0.06693,0.04679
30.9,-0.01021,0.00146,-0.18076,0.54189,-0.3434,-0.13174,0.66152,0.04211,0.01959,-0.34834,-0.13656,-0.0145,-0.86572,-0.95812,0.34927,1.86636,1.40886,-0.09019,-0.04857,-1.00959,0.79541,-0.24632,1.89179,-1.3905,-0.10917,0.07958,0.65186,-0.15624,-0.06099,-0.50238,-0.16562,-0.0945,-0.06442,0.66861,0.07223,0.11592,-0.49904,-0.12158,0.06751,0.04711
30.92,-0.00643,0.00202,-0.18299,0.54329,-0.3383,-0.13047,0.66308,0.04251,0.0195,-0.35798,-0.14287,-0.0145,-0.91791,-0.98093,0.35324,1.89158,1.4397,-0.12247,-0.05948,-1.03469,0.84161,-0.2875,1.90103,-1.4508,-0.16903,0.08656,0.63853,-0.15804,-0.06594,-0.49604,-0.16567,-0.09462,-0.06448,0.65597,0.07016,0.11169,-0.49778,-0.12144,0.06825,0.04748
30.94,-0.00225,0.00261,-0.18494,0.5454,-0.33184,-0.12916,0.66407,0.04295,0.01917,-0.36876,-0.14891,-0.0145,-0.96672,-1.00364,0.36234,1.91598,1.47894,-0.16304,-0.07212,-1.05351,0.89741,-0.3439,1.91103,-1.52754,-0.24634,0.09296,0.62285,-0.16035,-0.07533,-0.49562,-0.16475,-0.09431,-0.06423,0.64155,0.06841,0.10681,-0.49646,-0.12132,0.069,0.04786
30.96,0.00177,0.00318,-0.187,0.54722,-0.32595,-0.12789,0.66535,0.04335,0.01892,-0.37899,-0.15498,-0.0145,-1.015,-1.02633,0.37099,1.94035,1.51323,-0.19987,-0.08349,-1.07458,0.94721,-0.39316,1.92058,-1.59529,-0.31474,0.09947,0.60822,-0.16228,-0.08232,-0.49242,-0.1643,-0.09422,-0.06415,0.62791,0.06666,0.10257,-0.49522,-0.12117,0.0697,0.04821
30.98,0.00573,0.00377,-0.18913,0.54895,-0.32025,-0.12653,0.66649,0.04384,0.01879,-0.3894,-0.16146,-0.0145,-1.07198,-1.04954,0.37201,1.96662,1.55219,-0.23683,-0.09686,-1.09829,1.00401,-0.44358,1.93079,-1.66955,-0.38751,0.10668,0.59359,-0.16482,-0.09082,-0.48943,-0.16374,-0.09402,-0.06398,0.61438,0.0643,0.09688,-0.49376,-0.12111,0.0706,0.04867
31,0.00989,0.00432,-0.19103,0.55099,-0.31382,-0.12534,0.66777,0.04415,0.01838,-0.39967,-0.16701,-0.0145,-1.11018,-1.07132,0.38966,1.98856,1.58357,-0.27524,-0.10654,-1.11495,1.04835,-0.4949,1.93957,-1.73408,-0.45504,0.11228,0.57844,-0.16623,-0.09732,-0.48749,-0.16316,-0.09395,-0.0639,0.60021,0.06328,0.09402,-0.49276,-0.12087,0.0711,0.04891
31.02,0.01455,0.00484,-0.19239,0.55381,-0.30584,-0.12473,0.66983,0.04397,0.01713,-0.40948,-0.17004,-0.0145,-1.09557,-1.09204,0.45657,2.00014,1.59067,-0.3174,-0.10516,-1.11389,1.05753,-0.54775,1.94614,-1.76819,-0.50631,0.11343,0.5624,-0.16418,-0.09663,-0.48683,-0.1629,-0.09437,-0.06415,0.58465,0.06605,0.09974,-0.49289,-0.1201,0.07043,0.04849
31.04,0.01938,0.00532,-0.19351,0.55688,-0.29715,-0.12427,0.67201,0.0436,0.01565,-0.41908,-0.17214,-0.0145,-1.06248,-1.11082,0.53924,2.00714,1.59008,-0.36037,-0.10009,-1.10589,1.05355,-0.6005,1.95087,-1.79186,-0.55127,0.11299,0.54594,-0.16102,-0.09391,-0.48708,-0.16262,-0.09492,-0.06449,0.56852,0.07013,0.10822,-0.49351,-0.11915,0.06939,0.04787
31.06,0.0241,0.00578,-0.1947,0.55974,-0.28872,-0.1237,0.67398,0.04329,0.01437,-0.42865,-0.17467,-0.0145,-1.03902,-1.12856,0.61166,2.01531,1.59388,-0.40176,-0.09701,-1.10093,1.0545,-0.65148,1.95515,-1.81996,-0.59748,0.11335,0.5297,-0.1585,-0.0925,-0.48705,-0.16227,-0.09538,-0.06476,0.55269,0.07349,0.11507,-0.494,-0.11829,0.06857,0.04737
31.08,0.02898,0.00638,-0.19605,0.56301,-0.2805,-0.12333,0.67658,0.04311,0.01265,-0.4388,-0.17716,-0.0145,-1.01032,-1.15428,0.69715,2.02727,1.59427,-0.44855,-0.09271,-1.09625,1.06014,-0.71057,1.96486,-1.84986,-0.65105,0.11336,0.51323,-0.15543,-0.08958,-0.48668,-0.16223,-0.09596,-0.06512,0.5366,0.07737,0.1235,-0.49409,-0.11739,0.06752,0.04675
31.1,0.03356,0.00668,-0.19701,0.56548,-0.27171,-0.12256,0.67791,0.0426,0.01181,-0.44767,-0.17952,-0.0145,-0.98808,-1.16311,0.75926,2.0303,1.59974,-0.48421,-0.09002,-1.0894,1.05288,-0.75265,1.96287,-1.87342,-0.68768,0.11372,0.49719,-0.15324,-0.08929,-0.48713,-0.16154,-0.09632,-0.06531,0.52097,0.08048,0.12928,-0.49515,-0.11653,0.06687,0.04634
31.12,0.0373,0.00613,-0.19695,0.56567,-0.26145,-0.12072,0.67576,0.04126,0.01352,-0.45312,-0.18163,-0.0145,-0.98902,-1.1241,0.75152,2.00943,1.62174,-0.48864,-0.09287,-1.07846,1.01219,-0.74696,1.92862,-1.8811,-0.6779,0.11543,0.48239,-0.15372,-0.09664,-0.48973,-0.15902,-0.09605,-0.06499,0.5066,0.08136,0.12737,-0.49867,-0.11583,0.06738,0.0466
31.14,0.04073,0.00527,-0.1965,0.56504,-0.25067,-0.11845,0.67234,0.03959,0.01614,-0.45728,-0.18366,-0.0145,-0.99697,-1.06847,0.71994,1.9798,1.64898,-0.48187,-0.09744,-1.0656,0.95916,-0.72423,1.88276,-1.88282,-0.65142,0.11755,0.46806,-0.15514,-0.1067,-0.49307,-0.15585,-0.09556,-0.06449,0.49277,0.0814,0.12264,-0.50317,-0.11518,0.06831,0.04709
31.16,0.04431,0.00454,-0.19621,0.56481,-0.2402,-0.11631,0.66948,0.03802,0.01834,-0.462,-0.18584,-0.0145,-1.00115,-1.02153,0.7002,1.95439,1.67326,-0.48037,-0.10111,-1.05351,0.91238,-0.70977,1.84242,-1.88782,-0.6333,0.11951,0.45352,-0.15618,-0.1156,-0.49595,-0.15297,-0.09516,-0.06407,0.47882,0.0817,0.11896,-0.50729,-0.11454,0.06907,0.04749
31.18,0.04788,0.00384,-0.19598,0.56449,-0.22937,-0.11443,0.66665,0.03661,0.02057,-0.46685,-0.18754,-0.0145,-1.00707,-0.96972,0.6768,1.92777,1.69949,-0.47809,-0.10512,-1.04153,0.8623,-0.69312,1.80083,-1.89015,-0.61177,0.1213,0.43889,-0.15698,-0.12421,-0.49938,-0.15008,-0.09478,-0.06365,0.4643,0.08255,0.1163,-0.51119,-0.11378,0.06972,0.04783
31.2,0.05138,0.00301,-0.19554,0.56414,-0.21922,-0.11194,0.66349,0.03483,0.02295,-0.47111,-0.19021,-0.0145,-1.01134,-0.92414,0.65509,1.90174,1.72329,-0.47483,-0.10891,-1.02905,0.81647,-0.67696,1.75933,-1.89663,-0.5934,0.12356,0.42463,-0.15849,-0.13401,-0.50184,-0.14708,-0.09432,-0.06319,0.45114,0.08207,0.11091,-0.51574,-0.11326,0.07069,0.04834
31.22,0.05481,0.0018,-0.19465,0.56392,-0.21078,-0.10765,0.65956,0.03196,0.02554,-0.47405,-0.19583,-0.0145,-1.0087,-0.89974,0.64449,1.87867,1.73666,-0.47081,-0.11138,-1.01486,0.78435,-0.66633,1.71901,-1.91738,-0.5882,0.12721,0.41074,-0.16201,-0.14705,-0.50136,-0.14385,-0.09369,-0.06264,0.44136,0.07766,0.09771,-0.52222,-0.1134,0.07257,0.04935
31.24,0.05816,0.00048,-0.19356,0.56368,-0.20311,-0.1028,0.65538,0.02876,0.02823,-0.47643,-0.20239,-0.0145,-1.00433,-0.88221,0.63625,1.85667,1.74776,-0.46628,-0.11363,-1.00041,0.75719,-0.65675,1.67954,-1.94239,-0.58675,0.13131,0.39731,-0.16615,-0.16107,-0.49989,-0.14057,-0.09301,-0.06205,0.43298,0.07201,0.08202,-0.52926,-0.11377,0.07473,0.05051
31.26,0.06151,-0.00075,-0.19254,0.56343,-0.19527,-0.09833,0.65143,0.02581,0.03084,-0.47906,-0.20837,-0.0145,-1.00127,-0.86156,0.62641,1.83474,1.76172,-0.46253,-0.11622,-0.98661,0.72855,-0.6467,1.64098,-1.96451,-0.58332,0.13507,0.384,-0.16981,-0.17424,-0.49893,-0.13739,-0.09236,-0.06149,0.42411,0.06723,0.06813,-0.53581,-0.11401,0.07668,0.05155
31.28,0.06504,-0.00218,-0.19157,0.56323,-0.18664,-0.0933,0.64692,0.02244,0.03366,-0.48168,-0.21498,-0.0145,-0.9963,-0.84028,0.61786,1.8102,1.76874,-0.45623,-0.11793,-0.9705,0.69628,-0.6361,1.59664,-1.99012,-0.58031,0.13935,0.3693,-0.17433,-0.18922,-0.49775,-0.13384,-0.09164,-0.06086,0.4146,0.06116,0.05139,-0.54339,-0.11434,0.07898,0.05279
31.3,0.06816,-0.0032,-0.19045,0.56294,-0.17987,-0.08932,0.64355,0.01985,0.03603,-0.48418,-0.22052,-0.0145,-0.9947,-0.82223,0.60764,1.79144,1.78886,-0.45506,-0.1213,-0.95917,0.67281,-0.62704,1.5646,-2.00995,-0.57771,0.14272,0.35762,-0.1772,-0.20062,-0.49676,-0.13105,-0.09107,-0.06037,0.4068,0.05746,0.03995,-0.54895,-0.11454,0.08063,0.05366
31.32,0.07024,-0.00304,-0.189,0.56236,-0.17784,-0.08839,0.64343,0.01958,0.03716,-0.48681,-0.22287,-0.0145,-1.00375,-0.81076,0.59096,1.78869,1.85224,-0.47016,-0.13018,-0.96109,0.6733,-0.62268,1.56705,-2.00938,-0.57386,0.14302,0.35398,-0.1754,-0.20193,-0.49667,-0.13033,-0.09097,-0.0603,0.40309,0.06079,0.04448,-0.54884,-0.11429,0.08035,0.05344
31.34,0.0719,-0.00247,-0.1874,0.5617,-0.17771,-0.08853,0.64447,0.02008,0.03783,-0.48929,-0.22413,-0.0145,-1.01606,-0.80252,0.57285,1.79173,1.92772,-0.49016,-0.14056,-0.96785,0.68238,-0.61981,1.58178,-2.00341,-0.57061,0.14247,0.35341,-0.17191,-0.19958,-0.49677,-0.13036,-0.09104,-0.06039,0.40112,0.06652,0.05431,-0.54668,-0.1139,0.07941,0.05286
31.36,0.07373,-0.00209,-0.18585,0.56112,-0.17685,-0.08817,0.64499,0.02016,0.03869,-0.49165,-0.2259,-0.0145,-1.02622,-0.79335,0.55636,1.79199,1.9932,-0.50665,-0.14966,-0.97246,0.68698,-0.61589,1.59047,-2.00227,-0.56816,0.14265,0.35156,-0.16916,-0.19884,-0.49668,-0.13006,-0.09103,-0.06041,0.39855,0.07102,0.06127,-0.54543,-0.1136,0.07881,0.05247
31.38,0.07565,-0.00169,-0.18435,0.56037,-0.17545,-0.08782,0.64548,0.02053,0.03963,-0.49479,-0.22765,-0.0145,-1.03909,-0.78216,0.53591,1.79292,2.0772,-0.52841,-0.16125,-0.97691,0.69411,-0.61351,1.60109,-1.99161,-0.56144,0.14146,0.34922,-0.16653,-0.19837,-0.49696,-0.12973,-0.09099,-0.06041,0.39523,0.07604,0.07009,-0.54426,-0.1132,0.07805,0.05198
31.4,0.07727,-0.00124,-0.18271,0.55996,-0.17561,-0.08773,0.64629,0.02049,0.04029,-0.49628,-0.22917,-0.0145,-1.04718,-0.7758,0.52325,1.79382,2.12606,-0.54053,-0.16807,-0.98278,0.69802,-0.60835,1.61062,-1.999,-0.56353,0.14286,0.34864,-0.16327,-0.19647,-0.49655,-0.12965,-0.09107,-0.06049,0.39386,0.08057,0.07634,-0.54244,-0.11298,0.07746,0.0516
31.42,0.07821,-0.00075,-0.18072,0.56056,-0.1796,-0.08808,0.64783,0.01907,0.0402,-0.49305,-0.23027,-0.0145,-1.04072,-0.78244,0.53329,1.79316,2.07048,-0.52341,-0.16075,-0.99182,0.69031,-0.59435,1.61407,-2.06125,-0.59144,0.15217,0.35209,-0.15855,-0.19134,-0.49405,-0.13009,-0.09147,-0.06076,0.39738,0.08317,0.074,-0.53916,-0.11329,0.07752,0.05168
31.44,0.07885,-0.00022,-0.1786,0.56152,-0.18508,-0.08865,0.64962,0.01723,0.03986,-0.48819,-0.23118,-0.0145,-1.02946,-0.79369,0.55104,1.79229,1.98001,-0.49668,-0.14869,-1.00205,0.67916,-0.57765,1.61601,-2.14109,-0.62786,0.16402,0.35721,-0.15328,-0.18493,-0.49088,-0.13077,-0.09199,-0.06112,0.40281,0.0852,0.06893,-0.53531,-0.11378,0.07777,0.05188
31.46,0.07959,0.00028,-0.17654,0.56231,-0.18986,-0.08912,0.65117,0.01562,0.03968,-0.4842,-0.2322,-0.0145,-1.02078,-0.80251,0.56471,1.79155,1.90839,-0.47525,-0.13919,-1.01147,0.66997,-0.56268,1.61868,-2.21052,-0.65936,0.17439,0.36161,-0.14834,-0.17921,-0.48809,-0.13133,-0.09244,-0.06143,0.40742,0.08748,0.06525,-0.53181,-0.11418,0.07792,0.05202
31.48,0.08047,0.00083,-0.17447,0.56309,-0.19483,-0.08966,0.65328,0.01385,0.03929,-0.47966,-0.2331,-0.0145,-1.0105,-0.8129,0.58082,1.79084,1.82436,-0.45001,-0.12802,-1.02222,0.65938,-0.54561,1.62159,-2.29019,-0.69542,0.18616,0.36594,-0.14299,-0.17289,-0.48497,-0.13195,-0.09295,-0.06178,0.41188,0.08985,0.06114,-0.52786,-0.11461,0.07811,0.05218
31.5,0.08098,0.00129,-0.17239,0.56399,-0.19972,-0.09008,0.65428,0.01231,0.03928,-0.47588,-0.23422,-0.0145,-1.00242,-0.82102,0.59363,1.78996,1.75796,-0.43039,-0.1192,-1.03039,0.65082,-0.5323,1.62349,-2.3525,-0.72388,0.19557,0.37079,-0.1384,-0.1676,-0.48238,-0.1325,-0.09337,-0.06207,0.41709,0.09188,0.05721,-0.52473,-0.11504,0.07828,0.05233
31.52,0.08053,0.00149,-0.17034,0.56512,-0.20405,-0.09009,0.65221,0.01146,0.04041,-0.47454,-0.23601,-0.0145,-1.00113,-0.82222,0.59619,1.78858,1.7466,-0.4282,-0.11769,-1.03124,0.64838,-0.5297,1.62273,-2.36498,-0.73049,0.19827,0.37662,-0.13598,-0.16527,-0.48138,-0.13277,-0.09358,-0.06221,0.42397,0.09309,0.05428,-0.5241,-0.11548,0.07837,0.05241
31.54,0.07971,0.00159,-0.16829,0.56638,-0.20825,-0.08998,0.64902,0.01085,0.04192,-0.47403,-0.23802,-0.0145,-1.00226,-0.82091,0.59508,1.78703,1.75439,-0.43201,-0.11873,-1.02942,0.64812,-0.53102,1.62096,-2.35907,-0.72899,0.19845,0.38291,-0.13436,-0.16406,-0.48095,-0.13295,-0.0937,-0.06229,0.43154,0.09397,0.05164,-0.52432,-0.11592,0.07843,0.05246
31.56,0.07905,0.00174,-0.16625,0.5676,-0.2125,-0.08994,0.64633,0.01013,0.04322,-0.4732,-0.23991,-0.0145,-1.0026,-0.8204,0.59513,1.78559,1.75495,-0.43336,-0.11882,-1.02874,0.64709,-0.53082,1.61973,-2.35985,-0.7303,0.19947,0.38899,-0.13241,-0.16248,-0.48028,-0.13316,-0.09384,-0.06239,0.43877,0.09503,0.04896,-0.52411,-0.11635,0.0785,0.05251
31.58,0.07841,0.00189,-0.16416,0.56871,-0.21685,-0.08985,0.64366,0.00941,0.04464,-0.47209,-0.24189,-0.0145,-1.00159,-0.82136,0.59742,1.78401,1.74867,-0.43337,-0.11795,-1.0284,0.64509,-0.52952,1.61815,-2.36774,-0.73531,0.20178,0.39515,-0.1303,-0.16029,-0.47948,-0.13342,-0.09408,-0.06251,0.4462,0.09597,0.04579,-0.52405,-0.11683,0.07862,0.05261
31.6,0.07765,0.00202,-0.16218,0.5701,-0.22093,-0.08982,0.6407,0.00875,0.04592,-0.47178,-0.24373,-0.0145,-1.00389,-0.81875,0.5943,1.78269,1.76091,-0.43756,-0.11964,-1.02673,0.64559,-0.53138,1.61707,-2.35691,-0.73092,0.20088,0.40121,-0.12872,-0.15964,-0.47911,-0.13357,-0.0941,-0.06257,0.45333,0.09706,0.04375,-0.52388,-0.1172,0.07861,0.05261
31.62,0.07669,0.00215,-0.16045,0.57219,-0.22429,-0.08998,0.63723,0.0082,0.04676,-0.47353,-0.24514,-0.0145,-1.01597,-0.8055,0.5751,1.78215,1.82626,-0.45331,-0.12874,-1.02162,0.65312,-0.54195,1.61771,-2.29287,-0.69946,0.19082,0.4069,-0.1284,-0.16313,-0.4798,-0.13344,-0.09352,-0.06247,0.45942,0.09866,0.04475,-0.52317,-0.11728,0.07827,0.05236
31.64,0.07563,0.00228,-0.15882,0.57456,-0.22738,-0.0902,0.63352,0.00771,0.04747,-0.47604,-0.24639,-0.0145,-1.03113,-0.78894,0.55087,1.78188,1.9087,-0.47286,-0.14021,-1.01533,0.66299,-0.55542,1.61887,-2.21154,-0.65926,0.17776,0.41245,-0.12858,-0.16811,-0.4809,-0.13321,-0.09274,-0.06232,0.46516,0.1004,0.0469,-0.52233,-0.11724,0.0778,0.05202
31.66,0.07461,0.0024,-0.15716,0.57682,-0.23059,-0.09039,0.62992,0.0072,0.04822,-0.47816,-0.2477,-0.0145,-1.04406,-0.77481,0.53031,1.78147,1.97894,-0.48969,-0.14998,-1.00989,0.67133,-0.56695,1.61972,-2.14216,-0.62513,0.16667,0.41805,-0.12852,-0.17232,-0.48179,-0.13304,-0.09209,-0.06219,0.47109,0.10205,0.04851,-0.52158,-0.11726,0.07739,0.05172
31.68,0.07361,0.00254,-0.15545,0.579,-0.2338,-0.09058,0.62629,0.00666,0.04903,-0.48051,-0.24908,-0.0145,-1.06046,-0.75683,0.50401,1.78114,2.06788,-0.51074,-0.16239,-1.0031,0.68166,-0.5812,1.62084,-2.05543,-0.58216,0.15302,0.42372,-0.12852,-0.17696,-0.48277,-0.1328,-0.09127,-0.06203,0.47695,0.10377,0.05016,-0.52071,-0.11728,0.07701,0.05142
31.7,0.07255,0.00265,-0.15386,0.5814,-0.23695,-0.0908,0.62268,0.00619,0.0497,-0.48254,-0.25027,-0.0145,-1.07049,-0.74593,0.48823,1.7807,2.12253,-0.52403,-0.16994,-0.99881,0.68845,-0.59051,1.62155,-2.00027,-0.55527,0.14392,0.42921,-0.12852,-0.18104,-0.48366,-0.1327,-0.09076,-0.06194,0.48284,0.1054,0.05204,-0.52006,-0.11726,0.07651,0.05109
31.72,0.07135,0.00266,-0.15256,0.58433,-0.24005,-0.09114,0.61911,0.00584,0.05005,-0.48348,-0.25101,-0.0145,-1.06077,-0.75702,0.50507,1.77988,2.07072,-0.51324,-0.16235,-1.00221,0.68417,-0.58448,1.6209,-2.04289,-0.57823,0.14896,0.43428,-0.12839,-0.18342,-0.48421,-0.13296,-0.09121,-0.06201,0.48903,0.10668,0.05401,-0.52008,-0.11715,0.07571,0.0507
31.74,0.0701,0.00264,-0.15139,0.58746,-0.24311,-0.09151,0.61559,0.00555,0.05028,-0.48407,-0.25156,-0.0145,-1.04477,-0.77509,0.53227,1.77894,1.98502,-0.49476,-0.14996,-1.00809,0.67635,-0.57353,1.61985,-2.11695,-0.61718,0.15855,0.43914,-0.12824,-0.18515,-0.48464,-0.13336,-0.09197,-0.06214,0.49524,0.10788,0.05622,-0.52031,-0.11701,0.07478,0.05027
31.76,0.06888,0.00263,-0.15018,0.59049,-0.24617,-0.09186,0.6121,0.00525,0.05057,-0.48484,-0.25218,-0.0145,-1.03257,-0.7889,0.55315,1.77808,1.91982,-0.48092,-0.14049,-1.0125,0.67064,-0.56549,1.61905,-2.17237,-0.64659,0.1655,0.44407,-0.12809,-0.18706,-0.48511,-0.13371,-0.09258,-0.06225,0.50138,0.10914,0.05852,-0.52041,-0.11688,0.07389,0.04985
31.78,0.06763,0.00262,-0.14891,0.59357,-0.24931,-0.09224,0.6084,0.0049,0.05083,-0.48556,-0.25285,-0.0145,-1.01655,-0.80708,0.58049,1.77712,1.83414,-0.46247,-0.12806,-1.01827,0.66297,-0.55479,1.61799,-2.24492,-0.68497,0.17468,0.44915,-0.128,-0.18953,-0.48565,-0.13401,-0.09324,-0.06234,0.5078,0.1103,0.06008,-0.52064,-0.11677,0.07308,0.04947
31.8,0.06644,0.00261,-0.1478,0.59657,-0.25226,-0.09256,0.60515,0.00466,0.05112,-0.48628,-0.25337,-0.0145,-1.00686,-0.81797,0.59708,1.77635,1.78232,-0.45162,-0.12054,-1.02188,0.65841,-0.5483,1.61737,-2.29025,-0.70898,0.18044,0.45384,-0.12778,-0.19066,-0.48602,-0.13444,-0.09386,-0.06248,0.51362,0.11163,0.06318,-0.52065,-0.1166,0.07209,0.049
31.82,0.06541,0.00264,-0.14709,0.59928,-0.25475,-0.09266,0.60312,0.00472,0.05155,-0.48705,-0.25354,-0.0145,-1.01706,-0.80606,0.58001,1.77616,1.83675,-0.46463,-0.12836,-1.01834,0.66409,-0.55573,1.61816,-2.2459,-0.68595,0.17472,0.45764,-0.12718,-0.18822,-0.48597,-0.13517,-0.0943,-0.06273,0.5179,0.11355,0.07081,-0.51996,-0.1162,0.07061,0.04827
31.84,0.06445,0.00268,-0.14656,0.60189,-0.25703,-0.09269,0.60154,0.0049,0.052,-0.48783,-0.25357,-0.0145,-1.03368,-0.78675,0.55203,1.77616,1.92554,-0.48533,-0.14115,-1.01262,0.67289,-0.56738,1.61941,-2.17424,-0.64853,0.16557,0.46104,-0.12645,-0.18446,-0.48577,-0.13601,-0.09468,-0.06303,0.52156,0.11563,0.07992,-0.51904,-0.11574,0.06898,0.04745
31.86,0.06347,0.00271,-0.14595,0.60455,-0.25935,-0.09275,0.59974,0.00503,0.05241,-0.48862,-0.25368,-0.0145,-1.04678,-0.77145,0.53,1.77605,1.99556,-0.50182,-0.15125,-1.0083,0.67972,-0.57634,1.6204,-2.11984,-0.62011,0.15864,0.46455,-0.12577,-0.18132,-0.48564,-0.1368,-0.09509,-0.06331,0.52544,0.11758,0.08815,-0.51824,-0.11532,0.06745,0.04668
31.88,0.06245,0.00275,-0.14532,0.60721,-0.26189,-0.09281,0.598,0.00517,0.05295,-0.48936,-0.25375,-0.0145,-1.06217,-0.75365,0.50418,1.77603,2.07765,-0.52104,-0.16302,-1.00241,0.68866,-0.58826,1.62159,-2.04677,-0.58216,0.1492,0.46835,-0.12509,-0.17806,-0.48548,-0.13761,-0.09549,-0.0636,0.52956,0.11975,0.09728,-0.51735,-0.11484,0.06578,0.04585
31.9,0.06152,0.00278,-0.14478,0.60982,-0.26394,-0.09287,0.59626,0.0053,0.05323,-0.49019,-0.25385,-0.0145,-1.07443,-0.73921,0.48349,1.77587,2.14329,-0.53653,-0.17256,-0.99917,0.69409,-0.59521,1.62248,-2.00482,-0.56003,0.14399,0.47145,-0.1244,-0.17475,-0.48535,-0.13841,-0.09589,-0.06388,0.53303,0.1215,0.10486,-0.51661,-0.11446,0.06437,0.04513
31.92,0.06084,0.00274,-0.14447,0.61236,-0.26467,-0.093,0.59437,0.00533,0.05274,-0.49122,-0.25407,-0.0145,-1.07628,-0.73596,0.47986,1.77524,2.15438,-0.53967,-0.17466,-1.00446,0.68828,-0.58623,1.62239,-2.06291,-0.5888,0.15239,0.47275,-0.12372,-0.17157,-0.48538,-0.1392,-0.09628,-0.06414,0.53491,0.1221,0.10793,-0.51632,-0.11435,0.06373,0.04475
31.94,0.06025,0.00269,-0.14425,0.61483,-0.26491,-0.09314,0.59249,0.00534,0.052,-0.49233,-0.25432,-0.0145,-1.07482,-0.7363,0.48168,1.77447,2.14801,-0.53885,-0.1744,-1.01237,0.67898,-0.57232,1.622,-2.15181,-0.63327,0.16497,0.47336,-0.12305,-0.16841,-0.48544,-0.13998,-0.09667,-0.06438,0.53614,0.12225,0.10935,-0.51617,-0.11433,0.06336,0.04449
31.96,0.05962,0.00264,-0.14399,0.61729,-0.26538,-0.09327,0.59066,0.00536,0.0514,-0.4934,-0.25454,-0.0145,-1.07501,-0.73488,0.4808,1.77379,2.15025,-0.53997,-0.1753,-1.01863,0.67183,-0.56149,1.62177,-2.22143,-0.66796,0.17491,0.47427,-0.12239,-0.16529,-0.48548,-0.14075,-0.09704,-0.06463,0.53764,0.12258,0.11141,-0.51596,-0.11428,0.06288,0.04418
31.98,0.05896,0.00259,-0.14371,0.61994,-0.26585,-0.09343,0.58862,0.00537,0.05067,-0.49448,-0.2548,-0.0145,-1.07479,-0.73375,0.48047,1.773,2.15082,-0.54078,-0.17601,-1.02673,0.66244,-0.54733,1.62144,-2.31198,-0.7131,0.18782,0.47523,-0.12165,-0.16191,-0.48554,-0.14158,-0.09745,-0.0649,0.53924,0.12304,0.11396,-0.51576,-0.11421,0.06234,0.04383
32,0.05839,0.00255,-0.1435,0.62217,-0.26618,-0.09354,0.587,0.00541,0.05015,-0.49556,-0.255,-0.0145,-1.07456,-0.73297,0.48043,1.77241,2.15028,-0.54119,-0.17647,-1.03168,0.65679,-0.5388,1.62124,-2.36713,-0.74066,0.19564,0.47593,-0.12108,-0.15909,-0.48557,-0.14228,-0.0978,-0.06513,0.54048,0.12311,0.11508,-0.51556,-0.11419,0.062,0.04361
32.02,0.05805,0.00253,-0.14345,0.62331,-0.26627,-0.09352,0.58649,0.00552,0.05026,-0.49669,-0.25504,-0.0145,-1.07512,-0.73234,0.47982,1.77247,2.15095,-0.54143,-0.17677,-1.02692,0.66279,-0.54777,1.6215,-2.31251,-0.71365,0.18777,0.47617,-0.12101,-0.1579,-0.48555,-0.14262,-0.09795,-0.06524,0.54094,0.12221,0.11275,-0.51527,-0.11426,0.06213,0.04368
32.04,0.05779,0.00252,-0.14348,0.62403,-0.26623,-0.09346,0.58639,0.00567,0.05057,-0.49782,-0.25501,-0.0145,-1.07573,-0.73197,0.47936,1.77275,2.15095,-0.54138,-0.17687,-1.01897,0.67257,-0.56243,1.62189,-2.22214,-0.66887,0.17478,0.47618,-0.12111,-0.15727,-0.4855,-0.14284,-0.09804,-0.06531,0.54106,0.12092,0.10901,-0.51496,-0.11438,0.06246,0.04388
32.06,0.0575,0.0025,-0.14348,0.62492,-0.26623,-0.09341,0.5861,0.0058,0.05079,-0.49893,-0.255,-0.0145,-1.07627,-0.73151,0.47889,1.7729,2.15111,-0.54144,-0.17705,-1.01275,0.68027,-0.57396,1.62219,-2.15124,-0.63376,0.16457,0.47628,-0.12111,-0.15633,-0.48547,-0.14312,-0.09816,-0.0654,0.54132,0.11978,0.10584,-0.51466,-0.11448,0.06272,0.04402
32.08,0.05718,0.00249,-0.14347,0.62589,-0.26627,-0.09337,0.58582,0.00594,0.05103,-0.50015,-0.25501,-0.0145,-1.07692,-0.73106,0.47837,1.77313,2.15132,-0.54143,-0.1772,-1.00546,0.68935,-0.58757,1.6226,-2.06791,-0.5925,0.15257,0.47641,-0.12118,-0.1556,-0.48543,-0.14338,-0.09828,-0.06548,0.54164,0.1187,0.10289,-0.51436,-0.11457,0.06294,0.04415
32.1,0.05694,0.00247,-0.14349,0.62658,-0.2662,-0.09331,0.58563,0.00607,0.05127,-0.50112,-0.25497,-0.0145,-1.07739,-0.73061,0.47794,1.77327,2.15145,-0.54155,-0.1774,-0.99959,0.69651,-0.5983,1.62282,-2.00146,-0.55957,0.14302,0.47643,-0.12117,-0.15459,-0.48539,-0.14364,-0.09839,-0.06556,0.54176,0.11744,0.09919,-0.51407,-0.11469,0.06326,0.04435
32.12,0.05685,0.00245,-0.14357,0.62663,-0.26584,-0.09323,0.58558,0.00614,0.05144,-0.50139,-0.2548,-0.0145,-1.07738,-0.73003,0.47769,1.77307,2.15179,-0.54222,-0.17789,-0.99847,0.69735,-0.5996,1.6224,-1.99126,-0.5544,0.14163,0.47618,-0.1209,-0.15253,-0.48538,-0.14396,-0.09855,-0.06565,0.54143,0.1157,0.09357,-0.51384,-0.1149,0.06385,0.04474
32.14,0.05682,0.00243,-0.14368,0.6264,-0.26538,-0.09314,0.58562,0.0062,0.0516,-0.50141,-0.25457,-0.0145,-1.07719,-0.72945,0.47754,1.77277,2.15205,-0.54301,-0.17845,-0.99886,0.69615,-0.59786,1.62178,-1.99897,-0.55808,0.14284,0.47582,-0.12057,-0.1502,-0.48537,-0.14428,-0.09871,-0.06574,0.54092,0.11382,0.0873,-0.51364,-0.11515,0.06452,0.0452
32.16,0.05677,0.00241,-0.14378,0.62626,-0.26495,-0.09306,0.58564,0.00627,0.05176,-0.50154,-0.25437,-0.0145,-1.07711,-0.72887,0.47732,1.77254,2.15236,-0.5437,-0.17894,-0.99852,0.69596,-0.59762,1.6213,-1.99774,-0.55735,0.14275,0.47549,-0.12028,-0.1481,-0.48535,-0.14458,-0.09886,-0.06582,0.54047,0.11205,0.08149,-0.51342,-0.11537,0.06514,0.04562
32.18,0.05671,0.00238,-0.14389,0.62623,-0.26454,-0.09297,0.58562,0.00633,0.05193,-0.50168,-0.25415,-0.0145,-1.07697,-0.72824,0.47713,1.77221,2.15286,-0.54462,-0.17961,-0.99827,0.69556,-0.59707,1.62065,-1.99861,-0.55762,0.14296,0.47522,-0.11992,-0.14557,-0.48535,-0.14494,-0.09904,-0.06593,0.5401,0.11006,0.07492,-0.51321,-0.11561,0.06582,0.04609
32.2,0.05668,0.00237,-0.14399,0.62593,-0.26408,-0.09289,0.58568,0.0064,0.05208,-0.50174,-0.25397,-0.0145,-1.07685,-0.7278,0.47702,1.77206,2.15262,-0.54501,-0.17989,-0.99824,0.69507,-0.59637,1.6203,-1.99989,-0.55817,0.14323,0.47482,-0.1197,-0.14385,-0.48531,-0.14519,-0.09916,-0.06599,0.53953,0.10851,0.06981,-0.51299,-0.11582,0.0664,0.04647
32.22,0.05676,0.00237,-0.14407,0.62501,-0.26351,-0.09283,0.58591,0.00652,0.0522,-0.5016,-0.25393,-0.0145,-1.0774,-0.72718,0.47611,1.77252,2.1534,-0.54457,-0.17952,-0.99849,0.69488,-0.59599,1.62092,-1.99775,-0.55723,0.14302,0.47412,-0.11991,-0.14445,-0.4851,-0.14513,-0.09915,-0.06596,0.53845,0.10823,0.06889,-0.51269,-0.11588,0.06665,0.04659
32.24,0.05687,0.00238,-0.14415,0.62386,-0.26289,-0.09277,0.58621,0.00665,0.0523,-0.50139,-0.25393,-0.0145,-1.07788,-0.72685,0.47543,1.77316,2.15303,-0.54351,-0.17871,-0.99895,0.69465,-0.59552,1.62185,-1.99569,-0.55642,0.14281,0.47331,-0.12027,-0.14587,-0.48485,-0.14497,-0.09908,-0.06589,0.53719,0.1084,0.06945,-0.51238,-0.1159,0.06678,0.04662
32.26,0.05696,0.00239,-0.14423,0.62281,-0.26229,-0.09271,0.58646,0.00677,0.0524,-0.50122,-0.25392,-0.0145,-1.07796,-0.7269,0.47538,1.77369,2.15102,-0.54227,-0.1778,-0.99932,0.69442,-0.59507,1.62259,-1.99382,-0.55565,0.14263,0.47255,-0.12056,-0.14691,-0.48464,-0.14485,-0.09903,-0.06584,0.53602,0.10836,0.06935,-0.51209,-0.11594,0.06697,0.0467
32.28,0.05706,0.0024,-0.14431,0.62173,-0.26168,-0.09267,0.58677,0.0069,0.05254,-0.50099,-0.25388,-0.0145,-1.07975,-0.72494,0.47241,1.77433,2.15755,-0.54286,-0.1781,-0.99968,0.69423,-0.59465,1.6235,-1.99134,-0.55462,0.14237,0.47175,-0.12084,-0.14799,-0.48435,-0.14475,-0.09899,-0.06579,0.53479,0.10833,0.06921,-0.51173,-0.11598,0.06715,0.04677
32.3,0.05715,0.0024,-0.14438,0.62068,-0.26107,-0.09259,0.58698,0.00701,0.05259,-0.50089,-0.25391,-0.0145,-1.07811,-0.72706,0.47533,1.77478,2.14677,-0.53964,-0.17589,-1.00012,0.69394,-0.59413,1.62415,-1.99027,-0.55421,0.14229,0.47103,-0.12118,-0.14918,-0.48422,-0.14459,-0.09892,-0.06572,0.53365,0.10839,0.06948,-0.5115,-0.11601,0.06732,0.04683
32.32,0.0572,0.00237,-0.14442,0.61977,-0.26045,-0.09244,0.58686,0.00701,0.05238,-0.50119,-0.2541,-0.0145,-1.06575,-0.74192,0.49671,1.77466,2.08177,-0.5245,-0.16588,-1.00042,0.69376,-0.59394,1.62398,-1.98991,-0.55394,0.14225,0.47061,-0.12167,-0.15052,-0.48457,-0.14424,-0.09877,-0.0656,0.53278,0.10861,0.07065,-0.5116,-0.11602,0.06751,0.04687
32.34,0.05724,0.00232,-0.14443,0.6189,-0.25982,-0.09225,0.58664,0.00699,0.05208,-0.50164,-0.25435,-0.0145,-1.05016,-0.76062,0.52365,1.77434,2.00048,-0.5058,-0.15354,-1.00083,0.69345,-0.5936,1.62356,-1.99133,-0.55446,0.14244,0.4703,-0.12223,-0.15194,-0.48508,-0.14383,-0.0986,-0.06546,0.53201,0.10889,0.07215,-0.51182,-0.11603,0.0677,0.04691
32.36,0.05729,0.00228,-0.14446,0.61802,-0.25919,-0.09208,0.58646,0.00698,0.05182,-0.50202,-0.25457,-0.0145,-1.03693,-0.77649,0.54651,1.77412,1.93129,-0.48979,-0.14295,-1.0014,0.69292,-0.59293,1.62326,-1.99413,-0.5557,0.14285,0.46993,-0.12275,-0.15333,-0.4855,-0.14345,-0.09843,-0.06533,0.5312,0.10912,0.0734,-0.51198,-0.11604,0.06788,0.04696
32.38,0.05734,0.00224,-0.14448,0.61712,-0.25854,-0.09191,0.58628,0.00695,0.05155,-0.50239,-0.25483,-0.0145,-1.02006,-0.79677,0.57567,1.77385,1.84296,-0.46939,-0.12952,-1.00117,0.69341,-0.5938,1.62289,-1.98831,-0.55273,0.14197,0.46955,-0.12329,-0.15475,-0.48597,-0.14306,-0.09826,-0.0652,0.53036,0.10947,0.0751,-0.51217,-0.11605,0.06806,0.04699
32.4,0.05738,0.0022,-0.14451,0.61626,-0.25796,-0.09174,0.5861,0.00696,0.05128,-0.50281,-0.25501,-0.0145,-1.00985,-0.80902,0.59334,1.77365,1.78974,-0.45709,-0.12133,-1.00255,0.69193,-0.59159,1.62266,-2.00008,-0.55831,0.14373,0.46924,-0.12381,-0.15608,-0.48639,-0.14269,-0.0981,-0.06507,0.52962,0.10958,0.07595,-0.51232,-0.11607,0.06826,0.04705
32.42,0.05739,0.00217,-0.14453,0.61546,-0.25754,-0.09153,0.58589,0.00708,0.05105,-0.50342,-0.255,-0.0145,-1.02029,-0.79597,0.57533,1.77348,1.84531,-0.46996,-0.12927,-1.00885,0.68363,-0.57938,1.62241,-2.06698,-0.59087,0.15374,0.46902,-0.12436,-0.15732,-0.48659,-0.14236,-0.09794,-0.06497,0.52908,0.10893,0.07424,-0.51234,-0.11614,0.06851,0.04718
32.44,0.05739,0.00215,-0.14455,0.6147,-0.2572,-0.09133,0.5857,0.00723,0.05081,-0.50403,-0.25488,-0.0145,-1.0373,-0.7751,0.546,1.77342,1.93542,-0.49078,-0.14236,-1.01668,0.67364,-0.56432,1.62239,-2.15033,-0.63141,0.16624,0.46887,-0.12489,-0.15842,-0.48673,-0.14207,-0.09779,-0.06487,0.52866,0.10804,0.07169,-0.51232,-0.11624,0.06878,0.04734
32.46,0.05739,0.00213,-0.14457,0.61393,-0.25686,-0.09115,0.58552,0.00737,0.05054,-0.50458,-0.25476,-0.0145,-1.05032,-0.75921,0.52361,1.77346,2.00446,-0.50672,-0.15233,-1.02342,0.66534,-0.55163,1.62255,-2.22136,-0.66589,0.17689,0.46873,-0.12538,-0.15945,-0.4869,-0.14177,-0.09764,-0.06478,0.52822,0.1073,0.06959,-0.51232,-0.11632,0.06904,0.04749
32.48,0.0574,0.0021,-0.1446,0.61314,-0.25638,-0.09088,0.58524,0.00748,0.05042,-0.50543,-0.25489,-0.0145,-1.06739,-0.73742,0.49403,1.77288,2.09519,-0.52785,-0.16543,-1.03176,0.65309,-0.53457,1.62146,-2.31234,-0.71043,0.19048,0.46843,-0.12608,-0.16105,-0.48708,-0.14141,-0.09747,-0.06467,0.52761,0.10639,0.06719,-0.5123,-0.1164,0.06932,0.04765
32.5,0.0574,0.00208,-0.14461,0.61239,-0.25621,-0.09079,0.58518,0.00766,0.04997,-0.50563,-0.25444,-0.0145,-1.07772,-0.72601,0.47642,1.77361,2.14967,-0.54016,-0.17335,-1.03723,0.64874,-0.5257,1.62311,-2.36638,-0.73622,0.19865,0.46848,-0.12633,-0.16145,-0.48721,-0.1412,-0.09735,-0.0646,0.5274,0.10578,0.06522,-0.51231,-0.11649,0.06955,0.04779
32.52,0.05738,0.00211,-0.14458,0.6117,-0.25683,-0.09115,0.58559,0.00799,0.0487,-0.50407,-0.25271,-0.0145,-1.06709,-0.74528,0.4967,1.77784,2.09139,-0.52561,-0.16503,-1.0334,0.66607,-0.5422,1.63166,-2.30788,-0.70537,0.19027,0.46946,-0.12526,-0.15819,-0.48725,-0.14143,-0.09742,-0.06468,0.52823,0.10601,0.06466,-0.51245,-0.11659,0.06967,0.04786
32.54,0.05735,0.00215,-0.14453,0.61105,-0.25776,-0.09169,0.58624,0.0084,0.04707,-0.50183,-0.25034,-0.0145,-1.04958,-0.77521,0.52897,1.78336,1.99627,-0.502,-0.15145,-1.02679,0.6915,-0.56662,1.64304,-2.21271,-0.65584,0.17651,0.4708,-0.12374,-0.15379,-0.48723,-0.14182,-0.09754,-0.06481,0.52947,0.10656,0.06456,-0.51262,-0.11669,0.06973,0.04792
32.56,0.05733,0.00219,-0.14449,0.6104,-0.25858,-0.09217,0.58686,0.0088,0.04553,-0.49987,-0.24809,-0.0145,-1.03574,-0.80021,0.55438,1.78836,1.92092,-0.48294,-0.14073,-1.02217,0.71363,-0.5861,1.65357,-2.13875,-0.61688,0.16585,0.47198,-0.12247,-0.15018,-0.48721,-0.14212,-0.09762,-0.06491,0.53054,0.10698,0.06423,-0.51277,-0.11679,0.06982,0.04798
32.58,0.05729,0.00221,-0.14444,0.6097,-0.25928,-0.09254,0.58712,0.00912,0.04427,-0.49806,-0.24657,-0.0145,-1.01994,-0.8254,0.58544,1.7932,1.83416,-0.46244,-0.12823,-1.01464,0.73418,-0.61126,1.66242,-2.0467,-0.56974,0.15256,0.47315,-0.12105,-0.14546,-0.48729,-0.1425,-0.09776,-0.06504,0.53151,0.10731,0.06395,-0.51295,-0.11689,0.06991,0.04805
32.6,0.05729,0.00229,-0.14441,0.60909,-0.2603,-0.09318,0.5882,0.0096,0.04236,-0.49577,-0.24335,-0.0145,-1.00635,-0.8527,0.60761,1.79851,1.76173,-0.44257,-0.11808,-1.01236,0.75986,-0.62638,1.67526,-1.98273,-0.5347,0.14337,0.47443,-0.11981,-0.14272,-0.48717,-0.14274,-0.0978,-0.06511,0.5328,0.10791,0.06368,-0.51307,-0.11699,0.06998,0.0481
32.62,0.05746,0.00257,-0.14445,0.60883,-0.26214,-0.09457,0.59143,0.01059,0.03859,-0.49229,-0.23603,-0.0145,-1.00175,-0.88433,0.60328,1.80624,1.73971,-0.42747,-0.11595,-1.02634,0.79867,-0.61301,1.69984,-2.01084,-0.54093,0.14736,0.47579,-0.11921,-0.14624,-0.48648,-0.14249,-0.09756,-0.06496,0.53484,0.10923,0.06334,-0.513,-0.11713,0.07,0.04811
32.64,0.05767,0.00291,-0.14452,0.60863,-0.26429,-0.0962,0.59549,0.01173,0.03419,-0.48834,-0.22696,-0.0145,-0.99928,-0.91752,0.5895,1.81409,1.73289,-0.41314,-0.11628,-1.04538,0.84217,-0.58914,1.72805,-2.06731,-0.55933,0.15551,0.47726,-0.1188,-0.1517,-0.4856,-0.1421,-0.09723,-0.06473,0.53718,0.1108,0.06301,-0.51287,-0.11726,0.06999,0.0481
32.66,0.05784,0.00322,-0.14458,0.60832,-0.26629,-0.09767,0.5992,0.01274,0.03018,-0.48459,-0.21843,-0.0145,-0.99509,-0.94932,0.5794,1.82099,1.71771,-0.39786,-0.1153,-1.06149,0.88296,-0.5692,1.75373,-2.10706,-0.56992,0.16141,0.47874,-0.11826,-0.15591,-0.48484,-0.14181,-0.09696,-0.06456,0.5394,0.11221,0.0627,-0.51279,-0.1174,0.07,0.0481
32.68,0.05807,0.00357,-0.14465,0.60833,-0.26832,-0.09936,0.6028,0.01398,0.02577,-0.48088,-0.21096,-0.0145,-0.9941,-0.98444,0.57215,1.83187,1.70731,-0.38476,-0.11497,-1.08056,0.92663,-0.55276,1.78337,-2.16181,-0.58942,0.16874,0.47996,-0.11786,-0.16162,-0.48392,-0.14138,-0.09661,-0.06432,0.54156,0.11382,0.0623,-0.51261,-0.11754,0.06998,0.04808
32.7,0.05821,0.00385,-0.14469,0.60771,-0.27036,-0.10066,0.60681,0.01479,0.02201,-0.47697,-0.20087,-0.0145,-0.98674,-1.01275,0.55677,1.83428,1.69114,-0.3675,-0.11391,-1.09419,0.9651,-0.52686,1.80538,-2.1924,-0.59359,0.17405,0.48175,-0.11725,-0.16473,-0.48329,-0.1412,-0.0964,-0.06419,0.54391,0.11508,0.06208,-0.51262,-0.11767,0.07002,0.04809
32.72,0.05811,0.00399,-0.14461,0.6053,-0.27242,-0.10077,0.61184,0.01434,0.02038,-0.47278,-0.18388,-0.0145,-0.96385,-1.02306,0.5194,1.81476,1.65462,-0.33772,-0.11063,-1.09618,0.98975,-0.47373,1.80736,-2.15058,-0.5518,0.17375,0.48522,-0.1159,-0.15955,-0.48348,-0.14178,-0.09667,-0.06438,0.54675,0.11524,0.06223,-0.51309,-0.11776,0.07027,0.04824
32.74,0.05791,0.00406,-0.1445,0.60227,-0.27446,-0.10049,0.61723,0.01346,0.0194,-0.46837,-0.16432,-0.0145,-0.93404,-1.02617,0.47444,1.78639,1.61209,-0.30393,-0.1065,-1.0917,1.00861,-0.41207,1.80114,-2.08348,-0.49442,0.17114,0.48925,-0.11437,-0.15181,-0.48395,-0.1426,-0.09707,-0.06468,0.54975,0.11504,0.06257,-0.51374,-0.11784,0.07058,0.04841
32.76,0.05775,0.00416,-0.1444,0.59957,-0.27646,-0.10041,0.62238,0.01279,0.018,-0.46395,-0.14597,-0.0145,-0.90574,-1.03178,0.43413,1.76109,1.57295,-0.27254,-0.10252,-1.08715,1.02906,-0.35674,1.79746,-2.02722,-0.44465,0.16892,0.49295,-0.11301,-0.14569,-0.4843,-0.14325,-0.09739,-0.06492,0.55266,0.11504,0.06289,-0.51434,-0.11792,0.07085,0.04857
32.78,0.05762,0.00427,-0.1443,0.59668,-0.27869,-0.10025,0.62788,0.01204,0.01711,-0.45999,-0.1274,-0.0145,-0.88441,-1.04081,0.38853,1.7399,1.53149,-0.23868,-0.09959,-1.09537,1.05427,-0.29082,1.79905,-1.97435,-0.39288,0.16954,0.49696,-0.11129,-0.13774,-0.48464,-0.14412,-0.09781,-0.06523,0.55571,0.11491,0.06295,-0.51483,-0.11803,0.07117,0.04875
32.8,0.05741,0.00434,-0.14421,0.59403,-0.28043,-0.10015,0.63271,0.01135,0.01533,-0.455,-0.1087,-0.0145,-0.84691,-1.04086,0.35216,1.70794,1.49329,-0.20909,-0.09427,-1.07553,1.06786,-0.2449,1.78751,-1.90846,-0.34168,0.16376,0.50045,-0.11027,-0.13291,-0.48506,-0.14462,-0.09805,-0.06541,0.55847,0.11494,0.06358,-0.51558,-0.11806,0.0714,0.04888
32.82,0.05696,0.00431,-0.14419,0.59237,-0.28092,-0.10034,0.63571,0.01095,0.0109,-0.44745,-0.09027,-0.0145,-0.7663,-1.019,0.34392,1.64938,1.46507,-0.19159,-0.08215,-0.97866,1.05302,-0.25771,1.74299,-1.80906,-0.29354,0.13982,0.50246,-0.11134,-0.13773,-0.48567,-0.144,-0.09777,-0.0652,0.5606,0.11553,0.06585,-0.51703,-0.11785,0.07135,0.04883
32.84,0.05642,0.00423,-0.14419,0.59096,-0.28089,-0.10061,0.638,0.01063,0.00555,-0.43885,-0.07182,-0.0145,-0.6697,-0.98814,0.34507,1.58014,1.44035,-0.17865,-0.06773,-0.85397,1.02624,-0.29077,1.6853,-1.698,-0.24688,0.10968,0.50389,-0.11312,-0.1457,-0.48636,-0.14302,-0.09731,-0.06485,0.5624,0.11627,0.06866,-0.51871,-0.11756,0.07122,0.04872
32.86,0.05593,0.00417,-0.14418,0.58933,-0.28103,-0.10084,0.64055,0.01028,0.00063,-0.4306,-0.0534,-0.0145,-0.58047,-0.96068,0.34155,1.51511,1.41427,-0.16407,-0.05463,-0.74271,1.00338,-0.31365,1.63272,-1.59459,-0.20107,0.08305,0.50553,-0.11452,-0.15195,-0.48699,-0.14223,-0.09695,-0.06458,0.56423,0.11691,0.07116,-0.52025,-0.11732,0.07115,0.04866
32.88,0.05543,0.00412,-0.14416,0.58811,-0.28147,-0.10106,0.64337,0.00988,-0.0043,-0.42285,-0.0348,-0.0145,-0.49044,-0.93591,0.33977,1.45237,1.38702,-0.14751,-0.04032,-0.62786,0.98663,-0.34022,1.58344,-1.48038,-0.14841,0.05343,0.50743,-0.11615,-0.15933,-0.48769,-0.14134,-0.09654,-0.06427,0.56656,0.11766,0.07397,-0.52195,-0.11704,0.07099,0.04853
32.9,0.05492,0.00405,-0.14417,0.58611,-0.28116,-0.10133,0.64545,0.00961,-0.00947,-0.41383,-0.0166,-0.0145,-0.39849,-0.90347,0.33632,1.38256,1.36311,-0.13623,-0.02801,-0.51405,0.95449,-0.36416,1.52443,-1.38625,-0.11042,0.02857,0.50864,-0.11747,-0.16514,-0.48828,-0.14056,-0.09619,-0.064,0.56778,0.11824,0.07624,-0.52338,-0.11681,0.071,0.04851
32.92,0.05439,0.00394,-0.14427,0.58187,-0.27888,-0.10169,0.64569,0.00969,-0.0148,-0.40149,0.00045,-0.0145,-0.30434,-0.8522,0.32934,1.29488,1.34751,-0.13837,-0.02171,-0.40916,0.88206,-0.37481,1.44045,-1.35027,-0.11381,0.01847,0.50804,-0.11781,-0.16581,-0.48853,-0.14022,-0.09606,-0.06387,0.56597,0.11833,0.07706,-0.524,-0.11671,0.07147,0.0488
32.94,0.05385,0.00381,-0.1444,0.57684,-0.27587,-0.1021,0.6452,0.00988,-0.02039,-0.38794,0.01709,-0.0145,-0.20903,-0.79354,0.31984,1.20071,1.33519,-0.14569,-0.01752,-0.30648,0.79474,-0.38241,1.34746,-1.33519,-0.13173,0.01334,0.50677,-0.11781,-0.16483,-0.48866,-0.14001,-0.09599,-0.06379,0.56307,0.11825,0.07729,-0.52434,-0.11667,0.07212,0.04921
32.96,0.05332,0.00369,-0.14451,0.57218,-0.27323,-0.10251,0.64503,0.00999,-0.02603,-0.37501,0.03396,-0.0145,-0.11475,-0.73817,0.30927,1.11009,1.32138,-0.15069,-0.0124,-0.20333,0.71473,-0.39211,1.25951,-1.31059,-0.14232,0.0059,0.50583,-0.11794,-0.16464,-0.48884,-0.13972,-0.09588,-0.06368,0.56069,0.11824,0.07768,-0.52481,-0.11661,0.0727,0.04956
32.98,0.05279,0.00356,-0.14464,0.56748,-0.27043,-0.10285,0.64487,0.01024,-0.03097,-0.36175,0.05069,-0.0145,-0.01764,-0.68267,0.30814,1.01632,1.30764,-0.15575,-0.00705,-0.09688,0.63198,-0.39931,1.167,-1.2851,-0.15617,-0.00148,0.50476,-0.11816,-0.16437,-0.48903,-0.13948,-0.09581,-0.06358,0.55815,0.11827,0.07855,-0.5253,-0.1165,0.07324,0.0499
33,0.05225,0.00346,-0.14474,0.56266,-0.2678,-0.10335,0.64454,0.01022,-0.03745,-0.34891,0.06756,-0.0145,0.07346,-0.62594,0.28693,0.928,1.29457,-0.1618,-0.00273,0.00173,0.55161,-0.41096,1.08213,-1.26727,-0.16645,-0.00778,0.50382,-0.11813,-0.16386,-0.48918,-0.13917,-0.09569,-0.06347,0.55571,0.11818,0.07829,-0.52565,-0.1165,0.07391,0.0503
33.02,0.05167,0.00344,-0.14473,0.55767,-0.26574,-0.10428,0.64383,0.00944,-0.04781,-0.3374,0.08521,-0.0145,0.14912,-0.56641,0.20829,0.85414,1.28191,-0.16972,-0.0007,0.07972,0.48103,-0.43361,1.01976,-1.25952,-0.16523,-0.01194,0.50339,-0.11744,-0.16293,-0.48932,-0.13863,-0.09542,-0.06331,0.55377,0.11775,0.07477,-0.52573,-0.1168,0.07494,0.05085
33.04,0.05108,0.00346,-0.14468,0.55258,-0.26391,-0.10536,0.64297,0.00838,-0.05975,-0.32639,0.10296,-0.0145,0.21829,-0.50619,0.11002,0.78651,1.26995,-0.17835,0.00034,0.14963,0.41352,-0.46107,0.96564,-1.2598,-0.1596,-0.01523,0.50314,-0.11653,-0.16181,-0.48941,-0.13801,-0.09509,-0.06314,0.55198,0.11722,0.07018,-0.52565,-0.11721,0.07609,0.05146
33.06,0.0505,0.00347,-0.14466,0.54755,-0.26204,-0.10636,0.64223,0.00743,-0.07115,-0.31523,0.1205,-0.0145,0.28945,-0.44708,0.02234,0.71747,1.25807,-0.18641,0.0018,0.22283,0.34492,-0.48759,0.90827,-1.26054,-0.15466,-0.01918,0.50284,-0.11574,-0.16087,-0.48948,-0.13743,-0.09478,-0.06297,0.55014,0.11678,0.06626,-0.52558,-0.11756,0.07717,0.05204
33.08,0.04988,0.00345,-0.14461,0.54246,-0.25985,-0.10741,0.64127,0.00656,-0.08184,-0.30369,0.13874,-0.0145,0.36489,-0.38422,-0.07269,0.64198,1.24456,-0.19575,0.00333,0.29771,0.27443,-0.50891,0.84833,-1.24521,-0.15557,-0.0219,0.50236,-0.11483,-0.15954,-0.48973,-0.13685,-0.09449,-0.06282,0.54818,0.11617,0.06153,-0.52575,-0.11794,0.07835,0.05266
33.1,0.04935,0.0035,-0.14461,0.53746,-0.25839,-0.1084,0.64074,0.00546,-0.09435,-0.2931,0.15549,-0.0145,0.42962,-0.32924,-0.15676,0.58173,1.23466,-0.20245,0.00451,0.36702,0.20889,-0.54205,0.79602,-1.26427,-0.14332,-0.02694,0.50234,-0.11413,-0.15895,-0.48961,-0.13625,-0.09415,-0.06263,0.54653,0.11587,0.05824,-0.5254,-0.11829,0.07934,0.05319
33.12,0.04905,0.00376,-0.14477,0.53298,-0.25883,-0.10924,0.64153,0.00365,-0.11158,-0.28488,0.1687,-0.0145,0.46835,-0.29511,-0.20828,0.55999,1.23364,-0.20249,0.00483,0.4244,0.15562,-0.60819,0.76095,-1.38232,-0.09339,-0.03939,0.50341,-0.11406,-0.16069,-0.48841,-0.13565,-0.09367,-0.06232,0.54567,0.11655,0.0594,-0.52362,-0.11852,0.07973,0.05344
33.14,0.04884,0.00409,-0.14497,0.52857,-0.26,-0.10999,0.64275,0.00164,-0.13055,-0.27764,0.18029,-0.0145,0.49615,-0.26917,-0.24769,0.55375,1.23636,-0.1997,0.00485,0.47615,0.10744,-0.68575,0.73366,-1.53348,-0.03071,-0.05406,0.50498,-0.1142,-0.16314,-0.48686,-0.13504,-0.09314,-0.06198,0.54514,0.11752,0.06201,-0.52135,-0.11872,0.07993,0.05359
33.16,0.04858,0.00438,-0.14515,0.52399,-0.26087,-0.11075,0.64371,-0.00018,-0.14865,-0.27001,0.19222,-0.0145,0.5276,-0.24021,-0.2909,0.54186,1.23802,-0.19762,0.00509,0.52954,0.05739,-0.7571,0.704,-1.66542,0.02456,-0.06723,0.50643,-0.11425,-0.16511,-0.48552,-0.13443,-0.09263,-0.06165,0.54451,0.1183,0.06383,-0.51933,-0.11896,0.08024,0.0538
33.18,0.04834,0.0047,-0.14534,0.51997,-0.26162,-0.11168,0.64492,-0.00242,-0.16716,-0.26208,0.20583,-0.0145,0.56432,-0.20824,-0.34173,0.52446,1.23713,-0.1979,0.00494,0.58662,0.00544,-0.83305,0.66963,-1.8152,0.08664,-0.08247,0.50747,-0.11428,-0.16774,-0.48396,-0.13381,-0.09213,-0.06132,0.54366,0.11933,0.06616,-0.51715,-0.11911,0.08045,0.05394
33.2,0.0481,0.00498,-0.14553,0.51481,-0.26278,-0.11222,0.64572,-0.00382,-0.1852,-0.25509,0.21553,-0.0145,0.58765,-0.18455,-0.3739,0.52191,1.24227,-0.19273,0.00552,0.63467,-0.04122,-0.90191,0.64692,-1.93565,0.13769,-0.09392,0.50946,-0.11439,-0.16918,-0.48279,-0.13323,-0.09161,-0.06098,0.54334,0.11991,0.06782,-0.5152,-0.11944,0.08083,0.05419
33.22,0.04786,0.00514,-0.1457,0.50645,-0.265,-0.1117,0.64536,-0.00289,-0.20161,-0.24987,0.21491,-0.0145,0.5758,-0.1814,-0.35425,0.55867,1.26436,-0.17207,0.00834,0.66028,-0.07582,-0.94988,0.65337,-1.96643,0.15353,-0.09467,0.5141,-0.11464,-0.16704,-0.48274,-0.13276,-0.09107,-0.06064,0.54449,0.11902,0.06683,-0.51397,-0.1203,0.08176,0.05476
33.24,0.04763,0.00526,-0.14587,0.49694,-0.2676,-0.1108,0.64456,-0.00111,-0.21747,-0.24565,0.21039,-0.0145,0.55106,-0.18638,-0.31674,0.60941,1.29211,-0.14629,0.01189,0.67685,-0.10504,-0.99004,0.67143,-1.96663,0.15807,-0.0915,0.51967,-0.11495,-0.16371,-0.4831,-0.13233,-0.09051,-0.0603,0.54614,0.11767,0.0652,-0.51299,-0.12133,0.08285,0.05543
33.26,0.04739,0.0054,-0.14603,0.48799,-0.26994,-0.11008,0.64393,0.00029,-0.23353,-0.24134,0.2076,-0.0145,0.53282,-0.18787,-0.28944,0.65234,1.31647,-0.12357,0.01502,0.69689,-0.13589,-1.03279,0.68489,-1.98118,0.16889,-0.08993,0.52473,-0.11524,-0.16102,-0.48329,-0.13188,-0.08996,-0.05995,0.54747,0.11663,0.06417,-0.51192,-0.12225,0.08385,0.05603
33.28,0.04717,0.00556,-0.14622,0.4789,-0.27264,-0.10931,0.64343,0.00168,-0.24987,-0.23556,0.20492,-0.0145,0.51141,-0.18879,-0.25288,0.70199,1.34454,-0.09746,0.01851,0.71941,-0.17003,-1.07995,0.69587,-1.99494,0.17548,-0.08919,0.53015,-0.11551,-0.15793,-0.48341,-0.13147,-0.08943,-0.05962,0.54916,0.11521,0.06192,-0.51076,-0.12328,0.08494,0.0567
33.3,0.04692,0.00566,-0.14635,0.4698,-0.27472,-0.10855,0.64257,0.00329,-0.26544,-0.23306,0.20113,-0.0145,0.49378,-0.19273,-0.23153,0.74072,1.36603,-0.07745,0.02139,0.73471,-0.19609,-1.11596,0.71452,-2.0027,0.18784,-0.08581,0.53509,-0.11583,-0.15537,-0.48378,-0.13096,-0.08884,-0.05925,0.55026,0.11444,0.06202,-0.50985,-0.12414,0.08587,0.05727
33.32,0.04664,0.00559,-0.14634,0.4611,-0.27474,-0.10807,0.64065,0.00544,-0.27934,-0.23945,0.19488,-0.0145,0.4889,-0.20304,-0.2564,0.74644,1.36934,-0.07365,0.02271,0.7321,-0.20111,-1.12291,0.75271,-2.00072,0.22041,-0.07554,0.53808,-0.11616,-0.15477,-0.48469,-0.13019,-0.08809,-0.05877,0.54934,0.11573,0.06896,-0.50959,-0.12443,0.0863,0.0575
33.34,0.04633,0.00547,-0.14626,0.45239,-0.27417,-0.10759,0.63842,0.00778,-0.29242,-0.2491,0.18772,-0.0145,0.48844,-0.21608,-0.2972,0.74058,1.36561,-0.07648,0.02333,0.72262,-0.19821,-1.11889,0.79795,-1.99365,0.25881,-0.06285,0.54063,-0.11656,-0.1547,-0.48585,-0.12931,-0.08726,-0.05824,0.54786,0.11766,0.07825,-0.50957,-0.12455,0.08657,0.05763
33.36,0.04602,0.00538,-0.1462,0.44359,-0.27406,-0.10702,0.63646,0.00996,-0.30567,-0.25723,0.18124,-0.0145,0.48657,-0.22786,-0.331,0.73951,1.36415,-0.0776,0.02406,0.71641,-0.19901,-1.12001,0.83914,-1.98927,0.29349,-0.05165,0.54365,-0.11699,-0.15424,-0.48695,-0.12846,-0.08645,-0.05773,0.54685,0.11919,0.08633,-0.50944,-0.12478,0.08692,0.05782
33.38,0.04577,0.00529,-0.14618,0.4352,-0.27322,-0.10682,0.63398,0.01244,-0.31974,-0.2656,0.17354,-0.0145,0.48182,-0.24006,-0.36356,0.74067,1.36667,-0.07327,0.02567,0.70919,-0.19922,-1.12032,0.88434,-1.98256,0.33237,-0.03869,0.54558,-0.11715,-0.15435,-0.48786,-0.12767,-0.08574,-0.05726,0.54498,0.12117,0.095,-0.50935,-0.12486,0.08722,0.05796
33.4,0.0454,0.00517,-0.14607,0.42593,-0.27371,-0.10586,0.63247,0.01436,-0.33193,-0.2742,0.16818,-0.0145,0.48419,-0.25187,-0.4022,0.73458,1.35934,-0.08162,0.02531,0.70262,-0.19881,-1.11967,0.92268,-1.97953,0.36395,-0.02881,0.54963,-0.11789,-0.15344,-0.48921,-0.12675,-0.0848,-0.05668,0.54472,0.12236,0.103,-0.50923,-0.12522,0.08758,0.05817
33.42,0.04472,0.00498,-0.14574,0.41444,-0.27829,-0.10283,0.63397,0.01457,-0.33904,-0.28272,0.16986,-0.0145,0.50602,-0.26226,-0.4584,0.70842,1.32491,-0.12603,0.01926,0.6992,-0.1991,-1.12021,0.94066,-1.9911,0.37449,-0.02854,0.55984,-0.12032,-0.14941,-0.49183,-0.12547,-0.08328,-0.05576,0.54938,0.12115,0.10864,-0.50907,-0.12637,0.08812,0.05856
33.44,0.04393,0.00478,-0.14532,0.40203,-0.28419,-0.09905,0.63642,0.01423,-0.34429,-0.29132,0.1739,-0.0145,0.53476,-0.27207,-0.5194,0.67588,1.28111,-0.18249,0.01134,0.69682,-0.19901,-1.12003,0.95139,-2.00616,0.37736,-0.0314,0.57213,-0.12331,-0.14436,-0.49485,-0.12408,-0.08154,-0.05471,0.55563,0.11912,0.11351,-0.50886,-0.12781,0.08872,0.05901
33.46,0.04319,0.00459,-0.14494,0.38991,-0.28932,-0.09563,0.63826,0.01422,-0.35046,-0.29979,0.17666,-0.0145,0.55984,-0.28185,-0.57522,0.64801,1.24263,-0.23171,0.00457,0.69415,-0.19879,-1.11941,0.96519,-2.01762,0.38352,-0.03245,0.58331,-0.12597,-0.13987,-0.4976,-0.12277,-0.07989,-0.05372,0.56094,0.1175,0.11868,-0.50862,-0.12913,0.0893,0.05944
33.48,0.04244,0.00436,-0.14459,0.37833,-0.29512,-0.09214,0.64081,0.01389,-0.35631,-0.30876,0.18025,-0.0145,0.58731,-0.29289,-0.6442,0.61206,1.19938,-0.28862,-0.00347,0.69027,-0.1995,-1.12144,0.9802,-2.03718,0.39099,-0.03487,0.59518,-0.12893,-0.135,-0.50075,-0.12135,-0.07826,-0.05274,0.56713,0.11576,0.12411,-0.50864,-0.13041,0.08984,0.05984
33.5,0.04169,0.0042,-0.14414,0.36542,-0.29987,-0.08861,0.64213,0.01408,-0.36236,-0.31669,0.18269,-0.0145,0.61134,-0.30121,-0.68677,0.59184,1.16399,-0.33228,-0.00932,0.68948,-0.19837,-1.11815,0.9909,-2.04102,0.39348,-0.03542,0.60612,-0.13141,-0.13069,-0.50315,-0.12013,-0.07655,-0.05172,0.57189,0.11406,0.1288,-0.5081,-0.13184,0.09048,0.06031
33.52,0.04093,0.00424,-0.14348,0.34896,-0.30137,-0.08517,0.63975,0.0159,-0.36974,-0.3215,0.18123,-0.0145,0.62454,-0.30162,-0.65464,0.61446,1.15195,-0.33635,-0.00842,0.69516,-0.19164,-1.09845,0.99127,-1.99849,0.38698,-0.02815,0.61394,-0.13238,-0.12789,-0.50334,-0.11951,-0.0747,-0.05065,0.57219,0.11258,0.13162,-0.5059,-0.1336,0.09138,0.06096
33.54,0.04018,0.00434,-0.14273,0.33122,-0.30179,-0.08172,0.63611,0.01824,-0.37732,-0.32529,0.17855,-0.0145,0.63398,-0.29939,-0.59582,0.65358,1.1483,-0.32664,-0.00527,0.70426,-0.18323,-1.07373,0.98759,-1.94035,0.37521,-0.01917,0.62075,-0.13286,-0.12573,-0.50279,-0.1191,-0.07277,-0.04956,0.57103,0.11116,0.1337,-0.50317,-0.1355,0.09237,0.06167
33.56,0.03943,0.0044,-0.14201,0.31412,-0.30275,-0.07827,0.63312,0.02033,-0.38459,-0.32969,0.17652,-0.0145,0.64489,-0.29872,-0.5495,0.68667,1.14126,-0.32324,-0.00327,0.71308,-0.17606,-1.05272,0.98581,-1.8909,0.36383,-0.01229,0.62804,-0.13361,-0.12348,-0.50262,-0.11858,-0.07085,-0.04846,0.57061,0.10974,0.13615,-0.50077,-0.13733,0.09332,0.06235
33.58,0.03865,0.00451,-0.1413,0.2967,-0.30356,-0.07479,0.62985,0.02249,-0.39273,-0.3335,0.17415,-0.0145,0.65699,-0.29655,-0.50173,0.71342,1.13209,-0.32005,-0.00079,0.71672,-0.16692,-1.02604,0.98338,-1.83524,0.3604,-0.00022,0.63533,-0.1342,-0.1204,-0.50226,-0.11809,-0.06904,-0.04742,0.56989,0.10819,0.13847,-0.49796,-0.13921,0.09428,0.06305
33.6,0.03794,0.00453,-0.14056,0.27969,-0.30439,-0.07139,0.62685,0.02462,-0.39914,-0.33826,0.17218,-0.0145,0.66572,-0.29686,-0.45066,0.75726,1.12947,-0.313,0.00123,0.73173,-0.16143,-1.00951,0.9816,-1.78826,0.33958,0.00183,0.64235,-0.13497,-0.11916,-0.50211,-0.11759,-0.06698,-0.04626,0.56945,0.10693,0.14085,-0.4959,-0.14102,0.09524,0.06372
33.62,0.03739,0.00429,-0.13973,0.26387,-0.30558,-0.06814,0.62483,0.02663,-0.40043,-0.34608,0.17169,-0.0145,0.66514,-0.30483,-0.39613,0.84551,1.14305,-0.29846,0.00147,0.77933,-0.16692,-1.02631,0.98119,-1.77365,0.26939,-0.02713,0.64891,-0.13654,-0.12341,-0.50268,-0.11695,-0.06415,-0.0447,0.57018,0.10654,0.14396,-0.49606,-0.14259,0.09613,0.0643
33.64,0.0369,0.00396,-0.13887,0.24856,-0.30683,-0.06498,0.62312,0.02858,-0.40001,-0.35484,0.17162,-0.0145,0.66144,-0.31538,-0.33933,0.95019,1.16294,-0.28048,0.00116,0.83787,-0.17606,-1.05278,0.98186,-1.76757,0.18243,-0.0657,0.65522,-0.13827,-0.1294,-0.50349,-0.11629,-0.06108,-0.04303,0.57125,0.10643,0.14708,-0.49698,-0.14409,0.09701,0.06486
33.66,0.03639,0.00368,-0.13801,0.23317,-0.30803,-0.06181,0.62131,0.03051,-0.40057,-0.36304,0.1713,-0.0145,0.65976,-0.32463,-0.28411,1.04661,1.17988,-0.26413,0.00109,0.89007,-0.18323,-1.07213,0.98298,-1.75436,0.10488,-0.09788,0.66161,-0.13981,-0.13424,-0.50421,-0.11565,-0.05818,-0.04146,0.57216,0.10614,0.14994,-0.49754,-0.14563,0.0979,0.06542
33.68,0.03585,0.00337,-0.13718,0.21709,-0.30926,-0.05851,0.61931,0.03265,-0.40031,-0.37176,0.17118,-0.0145,0.65542,-0.33423,-0.22563,1.14701,1.19746,-0.24703,0.00114,0.94814,-0.19164,-1.10266,0.97993,-1.75378,0.01952,-0.1384,0.66811,-0.14182,-0.14059,-0.50484,-0.11495,-0.05499,-0.03972,0.57305,0.10604,0.15383,-0.49816,-0.14713,0.09881,0.06599
33.7,0.03538,0.00309,-0.1363,0.2026,-0.31046,-0.05552,0.61778,0.03435,-0.40131,-0.37962,0.17079,-0.0145,0.6559,-0.34384,-0.17378,1.24273,1.2151,-0.23082,0.0008,0.99657,-0.19837,-1.11247,0.98592,-1.72986,-0.05339,-0.16403,0.67432,-0.1429,-0.14425,-0.50571,-0.11438,-0.05237,-0.03828,0.57408,0.10564,0.15559,-0.49883,-0.1487,0.09966,0.06655
33.72,0.0351,0.00286,-0.13533,0.1922,-0.31149,-0.05327,0.61738,0.03489,-0.40648,-0.38489,0.16931,-0.0145,0.6706,-0.35221,-0.14078,1.32203,1.23129,-0.21818,-0.00059,1.0154,-0.19949,-1.06096,1.01637,-1.6331,-0.08858,-0.14469,0.6798,-0.14141,-0.13965,-0.50735,-0.11419,-0.0514,-0.03773,0.57544,0.1042,0.1514,-0.49949,-0.15047,0.10037,0.06707
33.74,0.0349,0.00266,-0.13431,0.18341,-0.31249,-0.05134,0.61746,0.035,-0.41292,-0.38925,0.16759,-0.0145,0.69024,-0.36062,-0.11468,1.39585,1.2473,-0.20656,-0.00233,1.02417,-0.1988,-0.98864,1.05591,-1.51378,-0.11047,-0.11032,0.68497,-0.13899,-0.13235,-0.50921,-0.11415,-0.05101,-0.0375,0.57695,0.10247,0.14509,-0.50016,-0.15229,0.10102,0.06757
33.76,0.03466,0.00245,-0.13331,0.174,-0.31356,-0.04933,0.61736,0.03531,-0.41857,-0.39401,0.16614,-0.0145,0.7075,-0.36946,-0.08559,1.47181,1.26335,-0.19436,-0.00387,1.03772,-0.19901,-0.92698,1.0915,-1.40903,-0.13791,-0.08385,0.69026,-0.137,-0.12653,-0.51089,-0.11404,-0.05035,-0.03711,0.57842,0.10095,0.1398,-0.50078,-0.15408,0.10169,0.06808
33.78,0.03441,0.00221,-0.13232,0.16415,-0.31442,-0.04708,0.61707,0.03563,-0.42502,-0.39885,0.16405,-0.0145,0.72518,-0.37655,-0.0558,1.54998,1.27973,-0.18256,-0.00563,1.05079,-0.19906,-0.8605,1.12648,-1.28646,-0.16807,-0.0532,0.69568,-0.13498,-0.11972,-0.5129,-0.11391,-0.04974,-0.03675,0.57978,0.09912,0.13422,-0.50159,-0.15593,0.10239,0.06861
33.8,0.03421,0.00205,-0.13131,0.1556,-0.3157,-0.04539,0.6173,0.0358,-0.43015,-0.40329,0.1632,-0.0145,0.74324,-0.38721,-0.02913,1.62183,1.2954,-0.17018,-0.00697,1.06229,-0.19893,-0.79909,1.16475,-1.19538,-0.18913,-0.02754,0.70072,-0.1328,-0.11427,-0.51428,-0.11386,-0.04915,-0.0364,0.58138,0.09787,0.12877,-0.50202,-0.15766,0.10301,0.06909
33.82,0.03415,0.00214,-0.13023,0.15023,-0.31826,-0.0452,0.61888,0.03571,-0.43134,-0.40693,0.16602,-0.0145,0.76083,-0.40805,-0.00944,1.67918,1.3083,-0.15626,-0.00744,1.07234,-0.19906,-0.75598,1.21079,-1.19823,-0.18866,-0.01972,0.70495,-0.1304,-0.11341,-0.51377,-0.114,-0.0484,-0.03602,0.58372,0.09831,0.124,-0.50131,-0.15907,0.10343,0.06941
33.84,0.03415,0.00231,-0.12912,0.14614,-0.32122,-0.04556,0.62095,0.03546,-0.43118,-0.41019,0.17007,-0.0145,0.77871,-0.43241,0.00738,1.72992,1.32061,-0.14168,-0.00742,1.08106,-0.19901,-0.71884,1.25956,-1.23323,-0.17933,-0.01733,0.70878,-0.12787,-0.11396,-0.51264,-0.11422,-0.04765,-0.03565,0.58626,0.09935,0.11947,-0.50023,-0.16034,0.10376,0.06968
33.86,0.03413,0.00244,-0.12802,0.14149,-0.32392,-0.04563,0.62276,0.03525,-0.43165,-0.41356,0.17343,-0.0145,0.79664,-0.45493,0.02549,1.78262,1.33373,-0.12722,-0.00736,1.09002,-0.1988,-0.6794,1.3066,-1.25251,-0.17376,-0.01217,0.71272,-0.12541,-0.11374,-0.51185,-0.11439,-0.04692,-0.03529,0.58862,0.10011,0.11495,-0.49935,-0.16166,0.10412,0.06996
33.88,0.03408,0.00259,-0.12692,0.1368,-0.32699,-0.04586,0.62474,0.03519,-0.43209,-0.41713,0.17732,-0.0145,0.81388,-0.47847,0.04327,1.8398,1.34463,-0.11356,-0.00837,1.10001,-0.1995,-0.63732,1.35641,-1.2757,-0.1689,-0.00777,0.71697,-0.12289,-0.11395,-0.51083,-0.11459,-0.04613,-0.03489,0.59137,0.10089,0.10986,-0.49832,-0.16306,0.10451,0.07027
33.9,0.0341,0.00271,-0.12583,0.13247,-0.32936,-0.04589,0.62648,0.03477,-0.43225,-0.42024,0.18041,-0.0145,0.83268,-0.50073,0.06131,1.88582,1.35993,-0.09806,-0.00711,1.10785,-0.19834,-0.60262,1.40049,-1.29867,-0.16057,-0.0033,0.72047,-0.12047,-0.11365,-0.51014,-0.11474,-0.04547,-0.03456,0.59334,0.10178,0.10605,-0.49753,-0.16426,0.10483,0.07052
33.92,0.03425,0.0027,-0.1248,0.12877,-0.32978,-0.04511,0.62739,0.03345,-0.43198,-0.42202,0.18103,-0.0145,0.85472,-0.51835,0.07947,1.90558,1.3883,-0.0778,0.00114,1.1085,-0.19167,-0.5853,1.43233,-1.31312,-0.14555,0.00292,0.72213,-0.1184,-0.11166,-0.51058,-0.11471,-0.04511,-0.03437,0.59321,0.10272,0.10542,-0.49748,-0.16501,0.10501,0.07065
33.94,0.03447,0.00264,-0.12379,0.12541,-0.32947,-0.04412,0.62806,0.03177,-0.43146,-0.42338,0.18079,-0.0145,0.8785,-0.53458,0.09827,1.91383,1.42093,-0.05573,0.01152,1.10738,-0.18322,-0.57556,1.4575,-1.32631,-0.12734,0.00927,0.72303,-0.11643,-0.10912,-0.51138,-0.11462,-0.04488,-0.03424,0.59228,0.10376,0.10611,-0.49768,-0.16556,0.10512,0.07073
33.96,0.03466,0.00261,-0.12278,0.12192,-0.32946,-0.04328,0.62888,0.03024,-0.43103,-0.42504,0.18091,-0.0145,0.90205,-0.55164,0.11763,1.92543,1.45121,-0.03428,0.02036,1.10814,-0.17585,-0.56346,1.48291,-1.34027,-0.11011,0.01533,0.72421,-0.11438,-0.10677,-0.51197,-0.11456,-0.04463,-0.0341,0.59167,0.10482,0.10639,-0.49776,-0.16617,0.10525,0.07083
33.98,0.03485,0.00257,-0.12173,0.11833,-0.32961,-0.04223,0.62954,0.02877,-0.43067,-0.42624,0.1812,-0.0145,0.92314,-0.56812,0.13327,1.94471,1.48349,-0.01338,0.03159,1.1043,-0.16731,-0.54704,1.52016,-1.35468,-0.09431,0.02218,0.72569,-0.11248,-0.10468,-0.51272,-0.11448,-0.04425,-0.0339,0.59123,0.10561,0.10594,-0.49788,-0.16692,0.10543,0.07095
34,0.03505,0.00254,-0.12077,0.11504,-0.32924,-0.04155,0.63046,0.0271,-0.43013,-0.4283,0.18092,-0.0145,0.94991,-0.58528,0.1569,1.94538,1.51228,0.0087,0.03842,1.10966,-0.1608,-0.54126,1.53117,-1.36719,-0.07519,0.02751,0.72635,-0.1103,-0.10195,-0.51324,-0.11442,-0.04416,-0.03385,0.59025,0.10697,0.10727,-0.49797,-0.16732,0.10551,0.071
34.02,0.03528,0.0026,-0.12,0.11246,-0.32764,-0.04193,0.6322,0.02485,-0.42911,-0.43282,0.17935,-0.0145,0.9905,-0.60591,0.20168,1.89746,1.53335,0.03696,0.03181,1.14055,-0.16015,-0.56367,1.47096,-1.37716,-0.0452,0.02845,0.72497,-0.1072,-0.09728,-0.51309,-0.11441,-0.04492,-0.03424,0.58798,0.10998,0.11351,-0.49792,-0.16672,0.10533,0.07087
34.04,0.03551,0.00267,-0.11933,0.1102,-0.32554,-0.04267,0.63419,0.02244,-0.42795,-0.43819,0.17724,-0.0145,1.03694,-0.62703,0.25452,1.83134,1.5503,0.06576,0.02083,1.18081,-0.16163,-0.59631,1.38472,-1.38482,-0.01251,0.02793,0.72279,-0.10383,-0.09203,-0.51271,-0.11442,-0.04596,-0.03478,0.58519,0.11354,0.12144,-0.49784,-0.16578,0.10506,0.07068
34.06,0.03575,0.00274,-0.11863,0.10784,-0.32364,-0.04324,0.63605,0.02016,-0.42691,-0.44318,0.17533,-0.0145,1.08173,-0.64711,0.30432,1.77352,1.56709,0.09205,0.0124,1.21703,-0.16227,-0.6239,1.3105,-1.3916,0.01727,0.02819,0.72094,-0.10067,-0.08725,-0.51244,-0.11442,-0.04685,-0.03524,0.58262,0.11677,0.12841,-0.49778,-0.16503,0.10485,0.07052
34.08,0.03598,0.00281,-0.11786,0.10527,-0.32181,-0.04384,0.63799,0.0176,-0.42562,-0.4482,0.17357,-0.0145,1.12259,-0.67061,0.35194,1.71487,1.59226,0.12775,0.00177,1.25237,-0.16235,-0.65374,1.23485,-1.40585,0.05432,0.02789,0.7192,-0.09714,-0.08162,-0.51218,-0.1144,-0.04786,-0.03577,0.58006,0.12035,0.13624,-0.4977,-0.16413,0.10459,0.07033
34.1,0.03621,0.00288,-0.11725,0.10322,-0.31974,-0.04445,0.63982,0.0156,-0.42482,-0.4533,0.17142,-0.0145,1.17268,-0.68709,0.40544,1.65415,1.59936,0.1442,-0.00548,1.29163,-0.16405,-0.68084,1.15658,-1.40483,0.07678,0.02848,0.71708,-0.09431,-0.0776,-0.51182,-0.11444,-0.04868,-0.03619,0.57738,0.12334,0.14265,-0.49765,-0.16345,0.1044,0.07018
34.12,0.03646,0.00292,-0.11703,0.10255,-0.31694,-0.04505,0.6413,0.01518,-0.4254,-0.45892,0.16802,-0.0145,1.24948,-0.68447,0.47833,1.58898,1.55388,0.10522,-0.0011,1.34069,-0.17024,-0.70131,1.07312,-1.35478,0.05875,0.03149,0.7139,-0.0935,-0.07837,-0.51126,-0.11464,-0.04887,-0.0363,0.5743,0.12464,0.14475,-0.49772,-0.16351,0.10438,0.07017
34.14,0.03672,0.00295,-0.11697,0.10241,-0.31396,-0.04563,0.64265,0.01532,-0.42647,-0.46451,0.16433,-0.0145,1.33485,-0.67473,0.55595,1.52302,1.491,0.04723,0.00663,1.39309,-0.17786,-0.71806,0.98878,-1.29069,0.02589,0.03551,0.71041,-0.09341,-0.08077,-0.51059,-0.11489,-0.04886,-0.03631,0.57116,0.12534,0.14533,-0.49782,-0.1638,0.10443,0.07021
34.16,0.03696,0.00299,-0.11683,0.10202,-0.31121,-0.04618,0.64406,0.0152,-0.42733,-0.46977,0.16101,-0.0145,1.41459,-0.66796,0.62801,1.45958,1.43854,-0.00065,0.01199,1.44317,-0.18448,-0.73412,0.90766,-1.23813,-0.00058,0.03938,0.7072,-0.09298,-0.08231,-0.50995,-0.11511,-0.04895,-0.03637,0.56818,0.12628,0.14655,-0.49789,-0.16398,0.10444,0.07022
34.18,0.03724,0.00302,-0.1167,0.10165,-0.30784,-0.04692,0.6455,0.01512,-0.42817,-0.47647,0.15667,-0.0145,1.50195,-0.66223,0.71459,1.38636,1.37548,-0.0547,0.02065,1.49712,-0.19271,-0.76029,0.8136,-1.16436,-0.02569,0.04199,0.70337,-0.09257,-0.08429,-0.50936,-0.11538,-0.04902,-0.03643,0.56463,0.12739,0.14803,-0.49804,-0.16418,0.10446,0.07024
34.2,0.03745,0.00307,-0.11659,0.10137,-0.3057,-0.04725,0.64683,0.01508,-0.42914,-0.48021,0.15438,-0.0145,1.57531,-0.65274,0.77215,1.33357,1.33023,-0.10042,0.02343,1.54349,-0.19785,-0.76476,0.74678,-1.13067,-0.05693,0.04738,0.70076,-0.09231,-0.08576,-0.50867,-0.11557,-0.04906,-0.03646,0.56226,0.128,0.14859,-0.49804,-0.1644,0.10449,0.07026
34.22,0.03747,0.00317,-0.11652,0.10127,-0.30713,-0.04632,0.64792,0.01503,-0.43048,-0.4754,0.15796,-0.0145,1.60866,-0.63356,0.74646,1.3374,1.34006,-0.11839,0.00819,1.56952,-0.19432,-0.70708,0.75428,-1.21796,-0.10358,0.06112,0.70171,-0.09234,-0.08525,-0.50772,-0.11551,-0.04908,-0.03646,0.56328,0.12729,0.1469,-0.49762,-0.16462,0.10452,0.0703
34.24,0.03744,0.00329,-0.11646,0.10125,-0.30978,-0.04499,0.6489,0.01501,-0.4319,-0.46768,0.16358,-0.0145,1.62745,-0.61103,0.69172,1.36191,1.36813,-0.12734,-0.01289,1.58747,-0.18757,-0.62824,0.78952,-1.34481,-0.1555,0.07746,0.7039,-0.09249,-0.0842,-0.50668,-0.11538,-0.04906,-0.03645,0.56549,0.12613,0.14433,-0.49706,-0.16486,0.10455,0.07035
34.26,0.03743,0.0034,-0.11638,0.10117,-0.31181,-0.0439,0.64991,0.01498,-0.43318,-0.46156,0.16818,-0.0145,1.6524,-0.59069,0.65152,1.37705,1.38678,-0.14049,-0.03064,1.60813,-0.18212,-0.56107,0.81294,-1.44898,-0.20364,0.09201,0.70547,-0.09257,-0.08351,-0.50572,-0.11528,-0.04903,-0.03643,0.56711,0.12524,0.14221,-0.49659,-0.16508,0.10459,0.0704
34.28,0.03742,0.00353,-0.11636,0.10122,-0.31412,-0.04257,0.65103,0.01493,-0.43492,-0.45431,0.17316,-0.0145,1.67964,-0.56723,0.60583,1.39209,1.40959,-0.15389,-0.05112,1.63302,-0.17743,-0.48504,0.83311,-1.57239,-0.25819,0.10916,0.70726,-0.09276,-0.08239,-0.50463,-0.11517,-0.04907,-0.03645,0.56895,0.12405,0.13984,-0.49601,-0.16532,0.10462,0.07045
34.3,0.03741,0.00363,-0.11623,0.101,-0.31613,-0.04164,0.65189,0.01494,-0.43571,-0.4487,0.17782,-0.0145,1.69845,-0.54961,0.56463,1.41221,1.42829,-0.16435,-0.06734,1.64712,-0.17037,-0.42256,0.8665,-1.66544,-0.30039,0.1215,0.70888,-0.09273,-0.082,-0.50377,-0.11507,-0.04898,-0.03639,0.57061,0.12338,0.1378,-0.49563,-0.16554,0.10465,0.07049
34.32,0.03746,0.00365,-0.1158,0.09997,-0.31704,-0.04196,0.65207,0.01509,-0.43379,-0.44844,0.18118,-0.0145,1.69836,-0.5487,0.54257,1.44161,1.43125,-0.16924,-0.07035,1.63341,-0.15749,-0.40209,0.9311,-1.66388,-0.30759,0.11977,0.70974,-0.09206,-0.08412,-0.50355,-0.11502,-0.04854,-0.03614,0.57151,0.12433,0.13697,-0.49582,-0.16571,0.10468,0.07051
34.34,0.03752,0.00365,-0.11528,0.09867,-0.3176,-0.04269,0.65199,0.01529,-0.43091,-0.44992,0.18411,-0.0145,1.69006,-0.55386,0.52606,1.47534,1.42955,-0.17133,-0.06888,1.60909,-0.14236,-0.39608,1.00775,-1.63068,-0.30206,0.11312,0.71038,-0.09115,-0.08695,-0.50356,-0.11498,-0.048,-0.03582,0.57218,0.12581,0.1365,-0.4962,-0.16586,0.10471,0.07053
34.36,0.03757,0.00366,-0.11481,0.09753,-0.3183,-0.04322,0.65202,0.01546,-0.42852,-0.45052,0.18714,-0.0145,1.68497,-0.55644,0.5072,1.50689,1.43003,-0.17442,-0.0695,1.58963,-0.12825,-0.38384,1.07799,-1.61272,-0.30204,0.10881,0.71111,-0.09032,-0.08922,-0.50348,-0.11494,-0.04753,-0.03555,0.57293,0.12701,0.13583,-0.49648,-0.16602,0.10475,0.07055
34.38,0.03762,0.00367,-0.11431,0.0962,-0.31909,-0.04381,0.65209,0.0157,-0.42591,-0.45139,0.19063,-0.0145,1.68168,-0.55814,0.48661,1.54008,1.43081,-0.17839,-0.07015,1.56978,-0.11394,-0.36948,1.15331,-1.59247,-0.30334,0.10417,0.71193,-0.08959,-0.09246,-0.50336,-0.11489,-0.04692,-0.0352,0.5738,0.12837,0.13526,-0.49681,-0.16618,0.10478,0.07058
34.4,0.03769,0.00367,-0.11384,0.09521,-0.3196,-0.04436,0.65201,0.0158,-0.42354,-0.45215,0.19304,-0.0145,1.67276,-0.56317,0.47133,1.57059,1.42967,-0.17995,-0.06954,1.54825,-0.09966,-0.3632,1.22036,-1.569,-0.29883,0.099,0.71248,-0.08861,-0.09388,-0.50337,-0.11485,-0.04658,-0.035,0.57436,0.12953,0.13458,-0.49709,-0.16632,0.10481,0.07059
34.42,0.03781,0.00365,-0.11348,0.0952,-0.31943,-0.04472,0.65156,0.01549,-0.42206,-0.45216,0.19271,-0.0145,1.6514,-0.57595,0.46947,1.59282,1.42391,-0.17566,-0.06709,1.5255,-0.08505,-0.37619,1.26297,-1.54375,-0.28101,0.09361,0.71237,-0.08692,-0.08984,-0.50368,-0.11481,-0.04704,-0.03529,0.57417,0.13002,0.13346,-0.49713,-0.16641,0.10481,0.0706
34.44,0.03794,0.00361,-0.11315,0.09554,-0.31897,-0.04504,0.65097,0.01505,-0.42087,-0.45201,0.19129,-0.0145,1.62453,-0.59189,0.47292,1.61202,1.41641,-0.16901,-0.06341,1.50134,-0.07074,-0.39687,1.29639,-1.51628,-0.25779,0.08783,0.71197,-0.08498,-0.084,-0.50412,-0.11478,-0.04777,-0.03573,0.57366,0.13029,0.13222,-0.4971,-0.16648,0.1048,0.07059
34.46,0.03808,0.00357,-0.11281,0.09573,-0.31863,-0.04539,0.65046,0.01468,-0.41955,-0.45195,0.19028,-0.0145,1.5995,-0.60638,0.47399,1.63246,1.40986,-0.16344,-0.05989,1.4773,-0.05694,-0.41376,1.33309,-1.49002,-0.2373,0.0822,0.71168,-0.0832,-0.07915,-0.50451,-0.11475,-0.04835,-0.03609,0.57329,0.13068,0.13105,-0.49711,-0.16655,0.10479,0.07059
34.48,0.03819,0.00354,-0.11246,0.09587,-0.31835,-0.0457,0.64987,0.01426,-0.41816,-0.45188,0.18958,-0.0145,1.57691,-0.62117,0.47497,1.65383,1.4023,-0.15789,-0.05783,1.45495,-0.04035,-0.43224,1.37428,-1.46178,-0.21535,0.07653,0.7115,-0.08124,-0.07359,-0.50488,-0.11472,-0.04902,-0.03651,0.57296,0.13103,0.12983,-0.49709,-0.16663,0.10478,0.07059
34.5,0.03835,0.0035,-0.11213,0.09619,-0.31786,-0.04607,0.64941,0.01391,-0.41701,-0.45177,0.188,-0.0145,1.5481,-0.636,0.47748,1.67226,1.3967,-0.15156,-0.05259,1.42906,-0.02965,-0.44924,1.40341,-1.43761,-0.19515,0.0709,0.71102,-0.07959,-0.06908,-0.50531,-0.11468,-0.04958,-0.03685,0.57246,0.13138,0.12867,-0.49712,-0.1667,0.10478,0.07059
34.52,0.03863,0.00346,-0.11185,0.09693,-0.31689,-0.04658,0.64934,0.01382,-0.41641,-0.45153,0.18421,-0.0145,1.50302,-0.65023,0.48171,1.68534,1.39517,-0.14561,-0.03785,1.39236,-0.03539,-0.45854,1.40464,-1.42469,-0.18252,0.06583,0.70986,-0.07882,-0.06779,-0.50583,-0.11461,-0.04982,-0.03695,0.57162,0.13183,0.12769,-0.49734,-0.1668,0.1048,0.07059
34.54,0.03895,0.00341,-0.11158,0.09785,-0.3157,-0.04714,0.6494,0.0138,-0.41607,-0.45125,0.17956,-0.0145,1.45201,-0.66434,0.4875,1.69516,1.39598,-0.13864,-0.02014,1.35249,-0.04703,-0.46637,1.39341,-1.41624,-0.17164,0.0608,0.70841,-0.07838,-0.06765,-0.50639,-0.11453,-0.04996,-0.03697,0.57062,0.13228,0.12677,-0.49762,-0.16691,0.10482,0.0706
34.56,0.03926,0.00336,-0.11131,0.09869,-0.31458,-0.04768,0.6494,0.01371,-0.41566,-0.45104,0.17533,-0.0145,1.40401,-0.67846,0.49336,1.70516,1.39691,-0.13084,-0.00446,1.31503,-0.05585,-0.47591,1.38575,-1.4062,-0.15906,0.05552,0.70706,-0.07782,-0.06706,-0.50693,-0.11445,-0.05013,-0.03703,0.56965,0.13271,0.12582,-0.49787,-0.167,0.10484,0.07061
34.58,0.03957,0.00331,-0.11104,0.09952,-0.31358,-0.04822,0.64939,0.01378,-0.41506,-0.45063,0.17097,-0.0145,1.35439,-0.69292,0.4961,1.72061,1.3929,-0.12828,0.01412,1.27334,-0.06526,-0.48123,1.38657,-1.39402,-0.15001,0.05112,0.70583,-0.07713,-0.06606,-0.50747,-0.11438,-0.05035,-0.0371,0.56882,0.1332,0.1249,-0.49812,-0.16712,0.10486,0.07062
34.6,0.03987,0.00327,-0.11078,0.10041,-0.31229,-0.04876,0.64944,0.01353,-0.4149,-0.45062,0.16666,-0.0145,1.30694,-0.70654,0.50564,1.72391,1.39961,-0.11477,0.0274,1.2398,-0.07484,-0.49501,1.36691,-1.38759,-0.13418,0.045,0.7043,-0.07679,-0.06622,-0.50802,-0.1143,-0.05046,-0.03712,0.56769,0.13356,0.1239,-0.49838,-0.1672,0.10488,0.07063
34.62,0.04015,0.00325,-0.11058,0.10147,-0.31025,-0.04929,0.64963,0.01231,-0.41591,-0.45178,0.16294,-0.0145,1.2658,-0.7184,0.53372,1.69518,1.43674,-0.06987,0.02497,1.22881,-0.08327,-0.53143,1.29377,-1.39413,-0.09871,0.03342,0.70197,-0.07738,-0.06934,-0.50862,-0.11421,-0.0503,-0.037,0.56574,0.13359,0.12287,-0.49863,-0.16714,0.10486,0.07062
34.64,0.04041,0.00323,-0.1104,0.10256,-0.30794,-0.04982,0.64987,0.01079,-0.41735,-0.45334,0.15925,-0.0145,1.22732,-0.72932,0.56854,1.65427,1.48436,-0.0143,0.0172,1.22626,-0.09167,-0.5765,1.20058,-1.40658,-0.05652,0.02023,0.69936,-0.07832,-0.07359,-0.50922,-0.11411,-0.05004,-0.03684,0.5635,0.13348,0.12172,-0.49889,-0.16705,0.10485,0.07061
34.66,0.04068,0.00321,-0.11022,0.10358,-0.30578,-0.05037,0.65008,0.00945,-0.41857,-0.45469,0.15538,-0.0145,1.18833,-0.7403,0.60018,1.61845,1.52628,0.03551,0.0121,1.22034,-0.10021,-0.61841,1.11654,-1.41757,-0.0177,0.00826,0.69691,-0.07908,-0.07731,-0.50979,-0.11403,-0.04983,-0.0367,0.56142,0.1334,0.12046,-0.49914,-0.16702,0.10484,0.07061
34.68,0.04096,0.00319,-0.11002,0.10482,-0.30351,-0.05085,0.65035,0.0079,-0.4199,-0.45619,0.15219,-0.0145,1.14604,-0.75278,0.63242,1.58426,1.57216,0.08936,0.00602,1.21236,-0.10851,-0.65739,1.03158,-1.42378,0.02259,-0.0057,0.69434,-0.07995,-0.08114,-0.51049,-0.11391,-0.04959,-0.03653,0.55922,0.13344,0.11983,-0.49941,-0.16683,0.10479,0.07058
34.7,0.0412,0.00318,-0.10986,0.10563,-0.3014,-0.05146,0.65049,0.00672,-0.42109,-0.45746,0.14762,-0.0145,1.11152,-0.76195,0.66492,1.54402,1.61231,0.13712,0.00073,1.21067,-0.11713,-0.70407,0.94435,-1.44097,0.06119,-0.01596,0.69194,-0.08066,-0.08497,-0.51091,-0.11385,-0.0494,-0.0364,0.55721,0.13322,0.11794,-0.49965,-0.16694,0.10483,0.07061
34.72,0.04133,0.0032,-0.10982,0.10524,-0.29977,-0.05247,0.65019,0.00665,-0.4218,-0.45796,0.13891,-0.0145,1.09633,-0.76199,0.69704,1.48834,1.63356,0.16727,-0.00157,1.22463,-0.1273,-0.77411,0.85216,-1.48969,0.0955,-0.01504,0.69004,-0.08083,-0.08858,-0.51054,-0.11394,-0.04939,-0.03641,0.55583,0.1322,0.11206,-0.49983,-0.16794,0.10513,0.07085
34.74,0.04141,0.00325,-0.10983,0.10443,-0.29833,-0.0536,0.64976,0.00695,-0.42235,-0.45822,0.12888,-0.0145,1.08917,-0.75877,0.72905,1.42734,1.64877,0.19063,-0.00283,1.24457,-0.13763,-0.85081,0.75911,-1.54873,0.12751,-0.01043,0.68832,-0.08084,-0.09212,-0.50989,-0.11407,-0.04943,-0.03646,0.55466,0.13095,0.105,-0.49997,-0.16921,0.10551,0.07115
34.76,0.04152,0.00328,-0.10981,0.10381,-0.29682,-0.05464,0.64944,0.00707,-0.42297,-0.45861,0.11966,-0.0145,1.07934,-0.75721,0.76079,1.36986,1.66709,0.2159,-0.00423,1.26153,-0.14741,-0.92172,0.66881,-1.60129,0.15924,-0.0079,0.68654,-0.08093,-0.09564,-0.50937,-0.11418,-0.04943,-0.03649,0.55338,0.12988,0.09884,-0.50012,-0.1703,0.10583,0.07141
34.78,0.04162,0.00332,-0.10979,0.10319,-0.2952,-0.05583,0.64891,0.00726,-0.42359,-0.45892,0.10952,-0.0145,1.06548,-0.75489,0.79426,1.30719,1.68429,0.2464,-0.00718,1.27986,-0.15923,-1.00466,0.56775,-1.66163,0.19673,-0.00381,0.68466,-0.08099,-0.09942,-0.50882,-0.11431,-0.04947,-0.03653,0.55212,0.1285,0.09116,-0.50033,-0.17163,0.10623,0.07173
34.8,0.04173,0.00336,-0.10979,0.10249,-0.29387,-0.05673,0.64878,0.00739,-0.42418,-0.45936,0.10101,-0.0145,1.06187,-0.75337,0.82383,1.25437,1.70218,0.26438,-0.00664,1.29669,-0.16683,-1.06392,0.48929,-1.70812,0.22165,-0.00199,0.68305,-0.08108,-0.10263,-0.50827,-0.11441,-0.04945,-0.03654,0.5509,0.1277,0.08636,-0.5004,-0.17252,0.1065,0.07194
34.82,0.04185,0.00341,-0.10982,0.10159,-0.29321,-0.05676,0.64968,0.00724,-0.4248,-0.46002,0.0972,-0.0145,1.08468,-0.75485,0.84429,1.22884,1.7241,0.24842,0.00366,1.30747,-0.16284,-1.05704,0.4724,-1.71375,0.21208,-0.00786,0.68211,-0.08134,-0.1043,-0.50777,-0.11445,-0.04924,-0.03644,0.54964,0.12861,0.08995,-0.50003,-0.17205,0.10639,0.07186
34.84,0.04198,0.00346,-0.10987,0.10065,-0.29284,-0.0565,0.651,0.007,-0.42539,-0.46087,0.0951,-0.0145,1.11749,-0.75723,0.86052,1.21371,1.74674,0.22023,0.01736,1.31657,-0.15459,-1.02594,0.4786,-1.70503,0.18998,-0.01605,0.68144,-0.08164,-0.1054,-0.50729,-0.11446,-0.04896,-0.0363,0.54845,0.13011,0.09644,-0.49952,-0.17112,0.10616,0.07167
34.86,0.04211,0.00352,-0.10992,0.09979,-0.29238,-0.05639,0.6522,0.00679,-0.42597,-0.46178,0.09231,-0.0145,1.14563,-0.75921,0.87755,1.19464,1.76862,0.19827,0.02927,1.32667,-0.14825,-1.00527,0.47499,-1.70295,0.17383,-0.02284,0.68068,-0.08191,-0.10677,-0.50681,-0.11448,-0.04871,-0.03618,0.54729,0.13133,0.10148,-0.49909,-0.17042,0.10598,0.07152
34.88,0.04222,0.00357,-0.10996,0.09866,-0.29175,-0.0562,0.65311,0.00665,-0.42668,-0.46205,0.08909,-0.0145,1.17454,-0.76106,0.89924,1.172,1.79222,0.17328,0.04229,1.33597,-0.14204,-0.98713,0.46837,-1.70085,0.15654,-0.03096,0.6798,-0.08222,-0.1081,-0.50629,-0.1145,-0.04845,-0.03606,0.54587,0.13259,0.10706,-0.49859,-0.16965,0.1058,0.07137
34.9,0.04237,0.00362,-0.11001,0.09808,-0.29154,-0.0561,0.65471,0.00635,-0.42709,-0.46369,0.08718,-0.0145,1.20417,-0.76343,0.91031,1.15942,1.81235,0.15172,0.05376,1.34648,-0.13454,-0.95805,0.47359,-1.69511,0.13866,-0.03688,0.67923,-0.08247,-0.10938,-0.50587,-0.11451,-0.0482,-0.03593,0.54501,0.1339,0.11221,-0.49821,-0.16892,0.10561,0.07122
34.92,0.04266,0.00368,-0.11005,0.09903,-0.29242,-0.05633,0.65824,0.00561,-0.42672,-0.46918,0.08848,-0.0145,1.23291,-0.76703,0.89228,1.1715,1.82389,0.14322,0.06041,1.36046,-0.12463,-0.90317,0.50525,-1.68389,0.12232,-0.03655,0.67947,-0.08256,-0.11072,-0.50573,-0.1145,-0.048,-0.03581,0.54572,0.13524,0.11562,-0.49822,-0.16839,0.10542,0.07107
34.94,0.04299,0.00375,-0.1101,0.10053,-0.29369,-0.05666,0.66243,0.00474,-0.42604,-0.47601,0.09102,-0.0145,1.26206,-0.77115,0.86384,1.1935,1.8317,0.13852,0.06532,1.37569,-0.11356,-0.83837,0.54817,-1.66927,0.10581,-0.03388,0.68,-0.08258,-0.112,-0.50571,-0.11448,-0.04782,-0.03568,0.547,0.13661,0.11848,-0.49837,-0.16792,0.10524,0.07091
34.96,0.04329,0.00381,-0.11015,0.10177,-0.29477,-0.05692,0.66622,0.00395,-0.42546,-0.48214,0.09295,-0.0145,1.2913,-0.77504,0.84071,1.21137,1.84055,0.13173,0.07085,1.39052,-0.10296,-0.77905,0.58627,-1.65539,0.0893,-0.03206,0.68038,-0.08264,-0.11326,-0.50564,-0.11446,-0.04764,-0.03557,0.54798,0.13793,0.12152,-0.49845,-0.16742,0.10505,0.07076
34.98,0.04362,0.00388,-0.11019,0.10305,-0.29595,-0.05725,0.67046,0.00306,-0.42503,-0.48868,0.09512,-0.0145,1.31981,-0.77892,0.81502,1.22798,1.85237,0.12605,0.07727,1.40471,-0.09248,-0.71476,0.62374,-1.6443,0.07265,-0.03121,0.68084,-0.08269,-0.11474,-0.50555,-0.11444,-0.04743,-0.03543,0.5491,0.13942,0.12496,-0.49854,-0.1669,0.10485,0.0706
35,0.04391,0.00394,-0.11025,0.10438,-0.297,-0.05747,0.67392,0.00234,-0.42423,-0.49469,0.09708,-0.0145,1.34971,-0.78294,0.79221,1.24946,1.85687,0.11909,0.08132,1.42042,-0.08148,-0.6588,0.6651,-1.62694,0.05643,-0.02778,0.68121,-0.08273,-0.11574,-0.50552,-0.11443,-0.04728,-0.03533,0.55009,0.14054,0.1274,-0.49865,-0.16645,0.10469,0.07046
35.02,0.04407,0.00396,-0.11036,0.10571,-0.29755,-0.05733,0.6751,0.00211,-0.42253,-0.49892,0.09799,-0.0145,1.38395,-0.78726,0.78018,1.28148,1.8441,0.10796,0.07963,1.44127,-0.06969,-0.62835,0.71271,-1.59159,0.04149,-0.01749,0.68123,-0.08279,-0.11542,-0.50561,-0.11441,-0.04727,-0.03535,0.55052,0.14058,0.12717,-0.49877,-0.16622,0.10459,0.07039
35.04,0.04419,0.00396,-0.11049,0.10709,-0.29797,-0.05708,0.67547,0.00204,-0.42048,-0.50258,0.09865,-0.0145,1.41939,-0.7917,0.77137,1.31807,1.82377,0.09545,0.07553,1.4634,-0.05738,-0.60674,0.76401,-1.55039,0.02704,-0.00473,0.68115,-0.08284,-0.11462,-0.50573,-0.11439,-0.04732,-0.03541,0.55081,0.14023,0.12595,-0.4989,-0.16606,0.10453,0.07035
35.06,0.04432,0.00398,-0.11062,0.10845,-0.29847,-0.05689,0.67621,0.00187,-0.41857,-0.5065,0.09951,-0.0145,1.45385,-0.79606,0.7609,1.35284,1.80549,0.08342,0.07224,1.48416,-0.04508,-0.58116,0.81468,-1.51295,0.01238,0.00669,0.68114,-0.08289,-0.11405,-0.50583,-0.11437,-0.04734,-0.03545,0.5512,0.14008,0.1252,-0.49902,-0.16586,0.10445,0.07029
35.08,0.04447,0.00399,-0.11074,0.10981,-0.29888,-0.05666,0.67698,0.0018,-0.41669,-0.51046,0.10006,-0.0145,1.49022,-0.80057,0.75087,1.38696,1.79265,0.07204,0.07005,1.50831,-0.03362,-0.55499,0.86149,-1.47075,-0.00238,0.01908,0.68105,-0.08297,-0.11345,-0.50599,-0.11435,-0.04735,-0.03549,0.55146,0.13986,0.12432,-0.49916,-0.16568,0.10438,0.07024
35.1,0.04458,0.004,-0.11086,0.11117,-0.29945,-0.05648,0.67747,0.00158,-0.41468,-0.51417,0.10117,-0.0145,1.52281,-0.80475,0.74085,1.42328,1.7671,0.05907,0.06507,1.52566,-0.02037,-0.5323,0.91686,-1.43711,-0.01674,0.03001,0.6811,-0.08298,-0.11279,-0.50602,-0.11433,-0.0474,-0.03555,0.55194,0.13968,0.1235,-0.49927,-0.16549,0.1043,0.07018
35.12,0.04461,0.00402,-0.11097,0.11252,-0.30053,-0.05649,0.67739,0.00087,-0.41237,-0.51743,0.10417,-0.0145,1.54535,-0.80821,0.73008,1.46535,1.70516,0.04093,0.05248,1.524,-0.00172,-0.5171,0.99648,-1.42872,-0.03071,0.03635,0.68162,-0.0828,-0.11209,-0.50561,-0.11434,-0.04752,-0.03564,0.55309,0.13968,0.12302,-0.49929,-0.16527,0.10422,0.07012
35.14,0.0446,0.00405,-0.11107,0.11386,-0.30177,-0.05655,0.67706,2e-05,-0.40995,-0.52041,0.10771,-0.0145,1.56391,-0.8113,0.71927,1.50923,1.63129,0.02144,0.03724,1.51544,0.0186,-0.50516,1.08415,-1.42912,-0.04415,0.0411,0.68228,-0.08257,-0.11136,-0.50507,-0.11436,-0.04768,-0.03575,0.55444,0.13972,0.12264,-0.49927,-0.16504,0.10413,0.07006
35.16,0.04461,0.00408,-0.11117,0.1152,-0.3029,-0.05659,0.67683,-0.00071,-0.40759,-0.52342,0.11082,-0.0145,1.58387,-0.81443,0.70853,1.55177,1.56498,0.00323,0.02353,1.50996,0.03778,-0.49172,1.16717,-1.42538,-0.05747,0.04653,0.68285,-0.08236,-0.11066,-0.50461,-0.11437,-0.04782,-0.03585,0.55566,0.13976,0.12224,-0.49928,-0.16482,0.10405,0.07
35.18,0.04462,0.00411,-0.11127,0.11659,-0.30419,-0.05663,0.67659,-0.00164,-0.40514,-0.52682,0.11468,-0.0145,1.60564,-0.81811,0.69767,1.59687,1.48941,-0.01795,0.00841,1.50473,0.05861,-0.47859,1.25484,-1.42205,-0.07238,0.05225,0.68355,-0.08215,-0.10988,-0.50406,-0.11439,-0.04796,-0.03596,0.55706,0.13974,0.12172,-0.49926,-0.1646,0.10396,0.06993
35.2,0.04461,0.00413,-0.11137,0.11786,-0.30517,-0.05669,0.67634,-0.00221,-0.40287,-0.52935,0.11712,-0.0145,1.62263,-0.82054,0.68704,1.63675,1.43034,-0.03311,-0.00441,1.49737,0.07637,-0.46554,1.33429,-1.42004,-0.08374,0.05693,0.68401,-0.08194,-0.10926,-0.50367,-0.11439,-0.0481,-0.03606,0.55814,0.13985,0.12144,-0.4993,-0.16437,0.10387,0.06987
35.22,0.04454,0.00413,-0.11141,0.11885,-0.30528,-0.05681,0.67613,-0.00168,-0.40114,-0.52957,0.11555,-0.0145,1.62783,-0.81964,0.67669,1.6639,1.42037,-0.03249,-0.01001,1.48539,0.08556,-0.45127,1.3922,-1.41941,-0.08652,0.05918,0.68379,-0.08175,-0.10896,-0.50375,-0.11433,-0.04821,-0.03611,0.55829,0.14042,0.12223,-0.4995,-0.16404,0.10377,0.06979
35.24,0.04445,0.00412,-0.11144,0.1197,-0.30507,-0.05696,0.67592,-0.00078,-0.39959,-0.5289,0.11253,-0.0145,1.6283,-0.8175,0.66665,1.68529,1.42735,-0.02554,-0.01323,1.4716,0.09155,-0.43705,1.44087,-1.41985,-0.08555,0.06042,0.68333,-0.08158,-0.10882,-0.50399,-0.11424,-0.0483,-0.03615,0.55812,0.14109,0.12321,-0.49977,-0.1637,0.10366,0.06971
35.26,0.04437,0.00411,-0.11148,0.12058,-0.305,-0.05708,0.67574,-0.0001,-0.39793,-0.52862,0.11019,-0.0145,1.63062,-0.81593,0.65666,1.70795,1.42622,-0.02072,-0.01765,1.4589,0.09883,-0.42317,1.49177,-1.4199,-0.08558,0.06207,0.68299,-0.08142,-0.10869,-0.50416,-0.11416,-0.0484,-0.03618,0.55811,0.14163,0.12384,-0.50002,-0.1634,0.10356,0.06964
35.28,0.04428,0.00411,-0.11151,0.12158,-0.30495,-0.05724,0.67544,0.00078,-0.39638,-0.52841,0.10782,-0.0145,1.63398,-0.81433,0.64579,1.73649,1.42642,-0.01912,-0.02165,1.44474,0.10692,-0.40785,1.55156,-1.41985,-0.08856,0.06385,0.68262,-0.08115,-0.10824,-0.50432,-0.11407,-0.04853,-0.03624,0.55805,0.14253,0.12555,-0.50023,-0.16295,0.10342,0.06952
35.3,0.04421,0.00409,-0.11156,0.12232,-0.30479,-0.05735,0.67539,0.00135,-0.39464,-0.52783,0.10512,-0.0145,1.63419,-0.81249,0.63693,1.75125,1.42801,-0.00929,-0.02593,1.4334,0.11249,-0.39556,1.59018,-1.42017,-0.08448,0.06514,0.68225,-0.08113,-0.10847,-0.50454,-0.11399,-0.04858,-0.03626,0.558,0.14272,0.1251,-0.50053,-0.1628,0.10337,0.0695
35.32,0.04418,0.00405,-0.11168,0.12232,-0.30443,-0.05727,0.67604,0.00097,-0.39233,-0.52649,0.10206,-0.0145,1.62617,-0.81024,0.63255,1.73046,1.42944,0.0216,-0.03149,1.4294,0.11234,-0.39098,1.57553,-1.42102,-0.0623,0.06528,0.68197,-0.08188,-0.11086,-0.50494,-0.1139,-0.04836,-0.03611,0.55806,0.14075,0.118,-0.50103,-0.16353,0.10359,0.06974
35.34,0.04416,0.00401,-0.11182,0.12208,-0.30396,-0.05715,0.67693,0.00029,-0.38982,-0.5248,0.09866,-0.0145,1.61529,-0.80779,0.63038,1.69584,1.43167,0.06045,-0.03738,1.42847,0.1097,-0.38955,1.53935,-1.4222,-0.03317,0.06495,0.68169,-0.08289,-0.11389,-0.50539,-0.11381,-0.04807,-0.03591,0.55813,0.13809,0.10883,-0.50161,-0.16456,0.1039,0.07008
35.36,0.04413,0.00397,-0.11195,0.12196,-0.30352,-0.05707,0.67768,-0.00022,-0.38736,-0.52324,0.09529,-0.0145,1.60618,-0.80548,0.62786,1.66677,1.43354,0.09595,-0.04321,1.42677,0.1079,-0.38709,1.51097,-1.42333,-0.00676,0.06488,0.68139,-0.08373,-0.11642,-0.5058,-0.11373,-0.04784,-0.03575,0.55816,0.13585,0.10102,-0.50216,-0.16542,0.10415,0.07036
35.38,0.04414,0.00392,-0.11208,0.12176,-0.30318,-0.05692,0.67856,-0.00088,-0.38505,-0.52177,0.09241,-0.0145,1.59487,-0.80297,0.62254,1.64042,1.43615,0.13116,-0.04873,1.42246,0.10713,-0.38295,1.49037,-1.42408,0.0184,0.06463,0.68118,-0.08477,-0.1198,-0.50629,-0.11362,-0.0475,-0.03553,0.55831,0.13317,0.09147,-0.50273,-0.16644,0.10445,0.07071
35.4,0.04407,0.00388,-0.11223,0.12169,-0.30259,-0.05689,0.67923,-0.0013,-0.38241,-0.52004,0.08842,-0.0145,1.58756,-0.80078,0.62361,1.60542,1.43697,0.16802,-0.0548,1.42424,0.10376,-0.38306,1.4489,-1.42569,0.04717,0.06461,0.68079,-0.08547,-0.12161,-0.50661,-0.11357,-0.04737,-0.03543,0.55823,0.13124,0.085,-0.50325,-0.16718,0.10468,0.07094
35.42,0.04379,0.00382,-0.11246,0.12204,-0.30127,-0.05719,0.67924,-0.00105,-0.37863,-0.51762,0.08185,-0.0145,1.5919,-0.79989,0.64155,1.54795,1.43466,0.21409,-0.0641,1.4429,0.0932,-0.39393,1.3523,-1.42962,0.08927,0.0659,0.67991,-0.08512,-0.11868,-0.50651,-0.11369,-0.04786,-0.03571,0.55745,0.13158,0.0879,-0.5037,-0.16708,0.1047,0.07086
35.44,0.04343,0.00376,-0.11271,0.12255,-0.29969,-0.0576,0.67903,-0.00055,-0.37457,-0.51494,0.07413,-0.0145,1.60041,-0.79927,0.66581,1.48269,1.43015,0.26039,-0.07366,1.46743,0.08025,-0.40896,1.23607,-1.43442,0.13384,0.06738,0.67885,-0.08444,-0.11423,-0.50622,-0.11388,-0.04856,-0.03612,0.55646,0.13269,0.09391,-0.5041,-0.16669,0.10465,0.07068
35.46,0.0431,0.0037,-0.11295,0.123,-0.29825,-0.05797,0.67895,-0.00012,-0.37084,-0.5124,0.06668,-0.0145,1.60715,-0.79826,0.68741,1.42225,1.42512,0.30209,-0.08187,1.48874,0.06884,-0.4223,1.13058,-1.43879,0.17385,0.06837,0.67785,-0.08395,-0.11067,-0.50594,-0.11405,-0.04914,-0.03646,0.55559,0.1334,0.09828,-0.50448,-0.16644,0.10464,0.07054
35.48,0.04279,0.00362,-0.11319,0.12335,-0.2967,-0.05831,0.67877,0.00011,-0.36628,-0.50976,0.06023,-0.0145,1.61332,-0.79831,0.70849,1.35573,1.42616,0.36259,-0.09508,1.51251,0.05542,-0.43516,1.01634,-1.44325,0.22837,0.07093,0.67691,-0.08328,-0.10627,-0.50595,-0.11419,-0.04981,-0.03685,0.5546,0.13428,0.10351,-0.50503,-0.16614,0.10462,0.07039
35.5,0.04244,0.00359,-0.11345,0.12397,-0.29535,-0.05874,0.67873,0.00082,-0.36336,-0.50725,0.05147,-0.0145,1.62161,-0.79628,0.73179,1.30046,1.41451,0.38447,-0.09822,1.53251,0.04565,-0.44965,0.91632,-1.44782,0.25347,0.07042,0.67583,-0.08292,-0.10328,-0.50534,-0.11439,-0.05035,-0.03717,0.55383,0.135,0.10776,-0.50523,-0.16587,0.10458,0.07025
35.52,0.04203,0.00373,-0.11377,0.12536,-0.29449,-0.05946,0.67918,0.00278,-0.36516,-0.50529,0.0364,-0.0145,1.63556,-0.78808,0.76252,1.27593,1.36416,0.29456,-0.07101,1.54074,0.04674,-0.47028,0.85752,-1.45165,0.19392,0.06001,0.67421,-0.0834,-0.10444,-0.50301,-0.11477,-0.05052,-0.03729,0.55364,0.13502,0.10812,-0.50448,-0.16579,0.10456,0.07023
35.54,0.0416,0.00392,-0.11412,0.12701,-0.29387,-0.06027,0.67977,0.00521,-0.36859,-0.50344,0.0191,-0.0145,1.65134,-0.77787,0.79475,1.26346,1.30186,0.16666,-0.03412,1.54493,0.05158,-0.49194,0.81438,-1.45567,0.10515,0.04673,0.67247,-0.0842,-0.1071,-0.50009,-0.11521,-0.05056,-0.03732,0.55369,0.13486,0.10745,-0.50341,-0.16573,0.10452,0.07023
35.56,0.04117,0.00408,-0.11446,0.12851,-0.29324,-0.061,0.68026,0.00741,-0.37121,-0.50143,0.003,-0.0145,1.66574,-0.76884,0.82439,1.24699,1.24785,0.05949,-0.00332,1.55095,0.0546,-0.51131,0.76601,-1.46022,0.03152,0.03569,0.6709,-0.08491,-0.10918,-0.4975,-0.11561,-0.05063,-0.03738,0.55371,0.13482,0.10752,-0.5025,-0.16562,0.10448,0.07022
35.58,0.04074,0.00426,-0.11479,0.13015,-0.29222,-0.0619,0.68089,0.00969,-0.37416,-0.49986,-0.01392,-0.0145,1.68262,-0.75869,0.86223,1.22401,1.18185,-0.06216,0.03453,1.55732,0.05798,-0.53836,0.70885,-1.46242,-0.04993,0.02079,0.66885,-0.08541,-0.11084,-0.49465,-0.11606,-0.05081,-0.0375,0.55342,0.13464,0.10658,-0.5015,-0.16566,0.10449,0.07024
35.6,0.04032,0.00441,-0.11515,0.13157,-0.29204,-0.06247,0.68127,0.01191,-0.37677,-0.49742,-0.02965,-0.0145,1.69469,-0.75041,0.8834,1.21754,1.13781,-0.16283,0.0601,1.56179,0.06159,-0.54982,0.67415,-1.46929,-0.12197,0.01312,0.66777,-0.0864,-0.11369,-0.4922,-0.11643,-0.05073,-0.03747,0.55381,0.1347,0.10741,-0.50062,-0.1654,0.10439,0.07018
35.62,0.03991,0.00446,-0.1156,0.13228,-0.29424,-0.06206,0.68092,0.01383,-0.37818,-0.49245,-0.04149,-0.0145,1.6931,-0.74759,0.85687,1.25393,1.15901,-0.19498,0.04857,1.56307,0.06454,-0.51604,0.69626,-1.49108,-0.16161,0.02737,0.6695,-0.0889,-0.1201,-0.49096,-0.11659,-0.04991,-0.03704,0.55611,0.13554,0.11385,-0.50011,-0.16427,0.10401,0.06992
35.64,0.03951,0.00447,-0.11608,0.13276,-0.29726,-0.06132,0.68031,0.01569,-0.37916,-0.48662,-0.05205,-0.0145,1.68655,-0.74675,0.81374,1.30651,1.2024,-0.20489,0.02452,1.56235,0.06766,-0.46686,0.74075,-1.5172,-0.19064,0.04877,0.67219,-0.09186,-0.12755,-0.49015,-0.11668,-0.04885,-0.03647,0.55906,0.13662,0.12202,-0.49973,-0.16284,0.10353,0.06958
35.66,0.03912,0.0045,-0.11654,0.13336,-0.29983,-0.06077,0.67981,0.01761,-0.38022,-0.48127,-0.06325,-0.0145,1.68221,-0.7451,0.77905,1.35158,1.23452,-0.22587,0.00671,1.56184,0.07099,-0.42599,0.77604,-1.53996,-0.2241,0.06608,0.67437,-0.09448,-0.1341,-0.48916,-0.11681,-0.04795,-0.036,0.56165,0.13753,0.12908,-0.49931,-0.1616,0.10311,0.06929
35.68,0.03869,0.00453,-0.11701,0.13392,-0.30272,-0.06008,0.67936,0.01942,-0.38181,-0.47557,-0.07431,-0.0145,1.67817,-0.74296,0.74062,1.39775,1.27125,-0.24429,-0.01314,1.56415,0.0733,-0.37968,0.80791,-1.56854,-0.26031,0.08682,0.67684,-0.09765,-0.1425,-0.48809,-0.11692,-0.04683,-0.0354,0.56453,0.13867,0.13745,-0.49879,-0.16017,0.10262,0.06895
35.7,0.03833,0.00454,-0.11749,0.13449,-0.30513,-0.0596,0.67875,0.02143,-0.38218,-0.47038,-0.08531,-0.0145,1.67223,-0.74237,0.70605,1.44526,1.30376,-0.26202,-0.03175,1.56012,0.07764,-0.34098,0.85182,-1.5861,-0.28779,0.10218,0.67894,-0.0998,-0.14731,-0.48729,-0.11704,-0.04612,-0.03503,0.56696,0.13941,0.14355,-0.49851,-0.15904,0.10224,0.06868
35.72,0.03811,0.00449,-0.118,0.1351,-0.30598,-0.0598,0.67773,0.02412,-0.37923,-0.46684,-0.09656,-0.0145,1.66303,-0.74553,0.68581,1.49287,1.31974,-0.28519,-0.04478,1.5394,0.08821,-0.32733,0.92511,-1.57138,-0.29428,0.10061,0.67981,-0.09889,-0.1415,-0.48712,-0.1172,-0.04664,-0.03535,0.568,0.13891,0.14251,-0.49886,-0.15888,0.10221,0.06866
35.74,0.03796,0.00442,-0.11853,0.13574,-0.30632,-0.06024,0.67656,0.027,-0.37508,-0.46384,-0.10776,-0.0145,1.65194,-0.75022,0.6701,1.54111,1.33068,-0.30787,-0.05602,1.5123,0.10065,-0.32184,1.00932,-1.54556,-0.29208,0.09343,0.68027,-0.09697,-0.13211,-0.48721,-0.11736,-0.04758,-0.03591,0.56856,0.13801,0.13918,-0.49943,-0.15902,0.10227,0.06871
35.76,0.03778,0.00436,-0.11906,0.13639,-0.30689,-0.06056,0.6755,0.02974,-0.37153,-0.46057,-0.11888,-0.0145,1.64123,-0.75425,0.65256,1.58876,1.34361,-0.32937,-0.06755,1.48794,0.11176,-0.31243,1.08744,-1.52532,-0.29335,0.08906,0.68091,-0.0956,-0.12465,-0.48719,-0.11752,-0.0483,-0.03635,0.56932,0.13734,0.1372,-0.49989,-0.15897,0.10227,0.06872
35.78,0.03758,0.0043,-0.11956,0.13691,-0.30747,-0.06091,0.67426,0.0327,-0.36775,-0.45735,-0.13039,-0.0145,1.63241,-0.75818,0.63343,1.63834,1.35852,-0.35611,-0.08171,1.46423,0.12495,-0.30332,1.17128,-1.50296,-0.29632,0.08391,0.68163,-0.09385,-0.11597,-0.48716,-0.11768,-0.04911,-0.03684,0.57015,0.13647,0.13404,-0.50041,-0.15911,0.10235,0.06878
35.8,0.03744,0.00424,-0.12012,0.1377,-0.3079,-0.06125,0.67336,0.03526,-0.36417,-0.45417,-0.14109,-0.0145,1.61922,-0.76267,0.61898,1.68374,1.36787,-0.37202,-0.08982,1.43762,0.13419,-0.2958,1.24531,-1.48235,-0.29379,0.07888,0.68207,-0.09266,-0.10894,-0.48719,-0.11783,-0.04985,-0.03728,0.57073,0.13591,0.13272,-0.50085,-0.15895,0.1023,0.06875
35.82,0.03746,0.00421,-0.1208,0.13918,-0.30807,-0.06152,0.67346,0.03667,-0.36146,-0.45105,-0.14948,-0.0145,1.59494,-0.76821,0.61567,1.71837,1.36264,-0.35878,-0.08155,1.40506,0.13247,-0.29008,1.29092,-1.46893,-0.2785,0.07607,0.68188,-0.09332,-0.1076,-0.48729,-0.11793,-0.0503,-0.03751,0.57074,0.13642,0.13756,-0.501,-0.1578,0.10187,0.06847
35.84,0.03754,0.0042,-0.12154,0.14094,-0.30809,-0.06177,0.6739,0.03768,-0.35901,-0.44795,-0.15706,-0.0145,1.56626,-0.77428,0.6171,1.7485,1.35201,-0.33459,-0.06724,1.36975,0.12663,-0.2859,1.32584,-1.45775,-0.25791,0.07344,0.68142,-0.09457,-0.10801,-0.48743,-0.11801,-0.05066,-0.03768,0.57052,0.13723,0.14425,-0.50107,-0.15635,0.10133,0.06811
35.86,0.03759,0.00418,-0.12225,0.14259,-0.30817,-0.06204,0.67415,0.03887,-0.35641,-0.4448,-0.16506,-0.0145,1.53928,-0.78022,0.61686,1.78006,1.34395,-0.31521,-0.05566,1.33536,0.12236,-0.28147,1.36471,-1.44565,-0.23968,0.07033,0.68107,-0.09552,-0.10745,-0.48755,-0.1181,-0.05106,-0.03788,0.57041,0.13781,0.14977,-0.50119,-0.15508,0.10085,0.06779
35.88,0.03765,0.00417,-0.12296,0.14414,-0.30829,-0.0623,0.67451,0.04006,-0.35387,-0.44182,-0.17285,-0.0145,1.51348,-0.78578,0.61474,1.8144,1.33502,-0.29678,-0.04393,1.30201,0.11936,-0.27531,1.40804,-1.43248,-0.22161,0.06867,0.68078,-0.09658,-0.10747,-0.4877,-0.11819,-0.05146,-0.03808,0.57026,0.13875,0.15658,-0.50127,-0.15362,0.1003,0.06743
35.9,0.03771,0.00415,-0.1237,0.14597,-0.30829,-0.06256,0.67475,0.04116,-0.35131,-0.4385,-0.18089,-0.0145,1.4842,-0.7922,0.6176,1.84167,1.32698,-0.27345,-0.03127,1.26606,0.11283,-0.27314,1.4391,-1.42258,-0.20177,0.06417,0.68029,-0.09758,-0.10677,-0.4878,-0.11827,-0.05184,-0.03827,0.57015,0.13903,0.16119,-0.5014,-0.1525,0.09989,0.06715
35.92,0.03779,0.00412,-0.12453,0.14846,-0.308,-0.0628,0.67456,0.04216,-0.34851,-0.43426,-0.18975,-0.0145,1.44641,-0.80102,0.63323,1.85217,1.3201,-0.24207,-0.01623,1.2227,0.0965,-0.28044,1.44136,-1.41803,-0.18095,0.05105,0.67935,-0.09823,-0.10355,-0.48774,-0.11836,-0.05217,-0.03843,0.57022,0.13738,0.15913,-0.50164,-0.15246,0.09988,0.06713
35.94,0.03788,0.0041,-0.1254,0.15123,-0.3076,-0.06303,0.67426,0.04307,-0.34571,-0.42967,-0.1989,-0.0145,1.40531,-0.81063,0.65366,1.85537,1.31477,-0.20566,-0.00069,1.17707,0.07695,-0.29187,1.4311,-1.41731,-0.15816,0.03522,0.67822,-0.09882,-0.09961,-0.48765,-0.11845,-0.05249,-0.03858,0.57034,0.13505,0.15484,-0.50192,-0.15278,0.10002,0.0672
35.96,0.03796,0.00407,-0.12626,0.15391,-0.30724,-0.06327,0.67405,0.04398,-0.34302,-0.42523,-0.20794,-0.0145,1.3657,-0.81973,0.67177,1.86084,1.31054,-0.16961,0.01375,1.1331,0.05957,-0.30212,1.42489,-1.41699,-0.13457,0.02114,0.67718,-0.09947,-0.09609,-0.4876,-0.11854,-0.05282,-0.03874,0.57043,0.13305,0.15167,-0.50219,-0.15292,0.10008,0.06722
35.98,0.03806,0.00405,-0.12711,0.15646,-0.30691,-0.06351,0.67366,0.04505,-0.33988,-0.42082,-0.21685,-0.0145,1.3259,-0.82946,0.69066,1.87066,1.29871,-0.14107,0.03198,1.08625,0.03905,-0.30946,1.42526,-1.40786,-0.11772,0.0049,0.6761,-0.09998,-0.09216,-0.48744,-0.11862,-0.05313,-0.03887,0.57052,0.131,0.1481,-0.50243,-0.15314,0.10018,0.06727
36,0.03811,0.00402,-0.12798,0.15933,-0.30649,-0.06373,0.67361,0.04578,-0.33767,-0.41628,-0.22613,-0.0145,1.28588,-0.83809,0.70897,1.86965,1.30292,-0.09616,0.04247,1.04503,0.02438,-0.32384,1.40905,-1.41775,-0.08669,-0.00753,0.67506,-0.10078,-0.08898,-0.4875,-0.11872,-0.05348,-0.03905,0.57064,0.12889,0.14481,-0.50273,-0.15327,0.10025,0.06729
36.02,0.03804,0.00399,-0.12891,0.16313,-0.30586,-0.0639,0.67458,0.04554,-0.33805,-0.41141,-0.23632,-0.0145,1.24519,-0.84329,0.7247,1.84133,1.35311,-0.00474,0.03047,1.01866,0.02659,-0.35637,1.35064,-1.48094,-0.01517,-0.00852,0.67431,-0.10224,-0.08734,-0.48827,-0.11884,-0.05406,-0.03936,0.57085,0.12678,0.14287,-0.50319,-0.15308,0.10022,0.06724
36.04,0.03791,0.00395,-0.12987,0.16724,-0.30514,-0.06405,0.67587,0.04498,-0.33936,-0.40643,-0.24689,-0.0145,1.2046,-0.8474,0.73959,1.80228,1.41902,0.10234,0.01081,0.99825,0.03484,-0.39582,1.276,-1.56277,0.07009,-0.00566,0.67359,-0.10401,-0.08655,-0.48925,-0.11898,-0.05468,-0.03969,0.57108,0.12464,0.14126,-0.5037,-0.1528,0.10018,0.06716
36.06,0.0378,0.00392,-0.13082,0.17117,-0.30445,-0.06421,0.67696,0.04461,-0.34025,-0.40152,-0.25735,-0.0145,1.16458,-0.85211,0.75476,1.7676,1.47638,0.20068,-0.00473,0.97597,0.04034,-0.43235,1.20838,-1.63496,0.14797,-0.00472,0.67281,-0.10575,-0.08587,-0.49008,-0.1191,-0.05521,-0.03998,0.57128,0.12252,0.13952,-0.50418,-0.15255,0.10014,0.0671
36.08,0.03771,0.00388,-0.13177,0.17528,-0.30383,-0.06436,0.67826,0.04405,-0.34114,-0.39649,-0.26757,-0.0145,1.12185,-0.85634,0.77066,1.73463,1.53971,0.30649,-0.02297,0.95016,0.04569,-0.46832,1.1415,-1.71231,0.23113,-0.00308,0.67224,-0.10706,-0.08323,-0.49111,-0.11925,-0.056,-0.04041,0.57158,0.12035,0.13769,-0.50468,-0.15232,0.10011,0.06704
36.1,0.03757,0.00385,-0.13272,0.17908,-0.30301,-0.06454,0.6792,0.04382,-0.34223,-0.39173,-0.27834,-0.0145,1.08483,-0.86138,0.7846,1.69585,1.59435,0.39983,-0.0374,0.93304,0.05291,-0.50674,1.06977,-1.78316,0.306,-0.00202,0.67122,-0.10931,-0.0847,-0.49179,-0.11936,-0.05629,-0.04057,0.57167,0.11828,0.13607,-0.50514,-0.15206,0.10006,0.06697
36.12,0.0373,0.00382,-0.13368,0.18191,-0.30179,-0.06484,0.67927,0.04458,-0.34399,-0.38744,-0.29082,-0.0145,1.06364,-0.86818,0.79469,1.64196,1.62086,0.45983,-0.03957,0.93926,0.06322,-0.55274,0.98534,-1.83243,0.35918,-0.00288,0.66905,-0.11446,-0.09884,-0.49148,-0.11935,-0.05498,-0.03986,0.57136,0.11675,0.1358,-0.50554,-0.15164,0.0999,0.06685
36.14,0.03698,0.0038,-0.13464,0.18441,-0.30035,-0.06518,0.67893,0.04569,-0.34587,-0.38348,-0.30376,-0.0145,1.04818,-0.87596,0.8025,1.58297,1.63799,0.50577,-0.03763,0.95388,0.07536,-0.60045,0.89729,-1.87414,0.40267,-0.00452,0.6664,-0.1205,-0.11683,-0.49079,-0.11933,-0.05318,-0.0389,0.57083,0.1153,0.13561,-0.50589,-0.15121,0.09973,0.06672
36.16,0.03667,0.00378,-0.1356,0.18707,-0.29892,-0.06549,0.67862,0.04665,-0.34747,-0.37955,-0.31629,-0.0145,1.03009,-0.88377,0.81047,1.52742,1.65975,0.55491,-0.03745,0.96412,0.08707,-0.64575,0.81305,-1.9189,0.44762,-0.00626,0.6639,-0.12587,-0.13202,-0.49025,-0.11934,-0.05174,-0.03813,0.57029,0.11366,0.1348,-0.50622,-0.15088,0.0996,0.06662
36.18,0.03639,0.00375,-0.13656,0.18971,-0.29784,-0.06584,0.67893,0.04757,-0.35007,-0.37482,-0.32972,-0.0145,1.01219,-0.88957,0.82227,1.46662,1.68105,0.61815,-0.03794,0.97692,0.09722,-0.69829,0.71894,-1.96667,0.50557,-0.00612,0.66167,-0.13233,-0.15159,-0.48983,-0.11923,-0.04975,-0.03705,0.57018,0.11263,0.13635,-0.50671,-0.15018,0.09932,0.06643
36.2,0.03604,0.00374,-0.13751,0.1923,-0.29602,-0.06614,0.67791,0.04866,-0.3506,-0.37187,-0.34133,-0.0145,0.99517,-0.89978,0.82536,1.41585,1.70023,0.64837,-0.03603,0.98631,0.11104,-0.73594,0.64495,-2.00523,0.53385,-0.00991,0.65879,-0.13676,-0.16306,-0.48907,-0.11937,-0.04877,-0.03655,0.56915,0.11039,0.13316,-0.50687,-0.15023,0.09934,0.06643
36.22,0.03546,0.0038,-0.13843,0.19475,-0.29192,-0.06628,0.67292,0.05026,-0.34528,-0.3737,-0.34828,-0.0145,0.97975,-0.92228,0.80674,1.39253,1.72148,0.59197,-0.02774,0.98415,0.13406,-0.7331,0.62582,-2.02828,0.48356,-0.02621,0.65397,-0.13513,-0.1502,-0.48738,-0.12025,-0.05084,-0.03781,0.5653,0.10439,0.11548,-0.50611,-0.15256,0.10026,0.06706
36.24,0.03481,0.00387,-0.13933,0.19717,-0.28714,-0.06638,0.66669,0.05202,-0.3379,-0.37735,-0.35329,-0.0145,0.9649,-0.94913,0.77913,1.37981,1.73995,0.50264,-0.01726,0.97824,0.16076,-0.71499,0.62748,-2.04099,0.40355,-0.04611,0.64855,-0.13146,-0.12926,-0.48536,-0.12138,-0.0539,-0.03966,0.56057,0.09724,0.09327,-0.50504,-0.15562,0.10147,0.06788
36.26,0.0342,0.00393,-0.14024,0.19964,-0.28288,-0.06652,0.66129,0.05365,-0.33153,-0.38023,-0.35889,-0.0145,0.94937,-0.97379,0.75442,1.36327,1.75569,0.42751,-0.00823,0.97406,0.18605,-0.70314,0.62074,-2.05272,0.33634,-0.06313,0.64358,-0.12888,-0.11272,-0.48353,-0.12235,-0.05642,-0.04119,0.55645,0.09087,0.07403,-0.50413,-0.1582,0.1025,0.06857
36.28,0.03355,0.00401,-0.14115,0.20193,-0.27777,-0.0666,0.65476,0.05554,-0.32484,-0.38284,-0.36575,-0.0145,0.93576,-0.99942,0.73451,1.34233,1.78728,0.35483,0.00284,0.97008,0.21031,-0.6942,0.60936,-2.0871,0.27151,-0.08538,0.63788,-0.12565,-0.09327,-0.48153,-0.12347,-0.05931,-0.04295,0.55146,0.08343,0.05099,-0.50312,-0.16138,0.10374,0.06942
36.3,0.03297,0.00406,-0.14205,0.20458,-0.27423,-0.06677,0.65027,0.05692,-0.31832,-0.38646,-0.36951,-0.0145,0.91828,-1.02402,0.70265,1.33311,1.7862,0.2698,0.01013,0.96466,0.23758,-0.67557,0.61272,-2.07331,0.19514,-0.09766,0.63353,-0.12327,-0.07786,-0.47981,-0.12436,-0.06168,-0.04436,0.54805,0.07794,0.03475,-0.50225,-0.1635,0.1046,0.07
36.32,0.0326,0.00399,-0.1429,0.20828,-0.27531,-0.06717,0.65188,0.05679,-0.313,-0.39241,-0.36516,-0.0145,0.88926,-1.04487,0.63882,1.35404,1.68788,0.1552,0.00643,0.95642,0.27224,-0.63366,0.65095,-1.91705,0.09126,-0.08082,0.63317,-0.12386,-0.07596,-0.47897,-0.12452,-0.06228,-0.04461,0.54936,0.07822,0.03857,-0.5018,-0.16252,0.10432,0.0698
36.34,0.0323,0.0039,-0.14373,0.21233,-0.27797,-0.06766,0.65556,0.05615,-0.30788,-0.39931,-0.35774,-0.0145,0.8564,-1.06449,0.56353,1.38635,1.55821,0.03002,-0.00117,0.94677,0.3098,-0.58257,0.70343,-1.71483,-0.0226,-0.05397,0.63415,-0.12536,-0.07833,-0.47841,-0.12443,-0.06233,-0.04448,0.55224,0.0805,0.04933,-0.5015,-0.16047,0.10365,0.06933
36.36,0.03196,0.00382,-0.14458,0.21619,-0.27982,-0.06811,0.65818,0.05578,-0.30251,-0.40579,-0.35172,-0.0145,0.82572,-1.08456,0.49427,1.41324,1.44806,-0.08797,-0.007,0.93757,0.34607,-0.53581,0.74991,-1.54164,-0.12995,-0.03218,0.63444,-0.12638,-0.07847,-0.47769,-0.12449,-0.06267,-0.04454,0.5543,0.08183,0.05678,-0.50112,-0.15893,0.10317,0.06899
36.38,0.03164,0.00373,-0.14541,0.2202,-0.28203,-0.06853,0.66125,0.05526,-0.29772,-0.41228,-0.34563,-0.0145,0.79326,-1.10529,0.42116,1.44155,1.31575,-0.2172,-0.01275,0.92906,0.38242,-0.4878,0.79518,-1.33412,-0.24674,-0.00831,0.63506,-0.12763,-0.07955,-0.47709,-0.12444,-0.0629,-0.04453,0.55679,0.08331,0.06475,-0.50075,-0.15731,0.10267,0.06864
36.4,0.0313,0.00365,-0.14628,0.22397,-0.28387,-0.06903,0.66391,0.05492,-0.29182,-0.41893,-0.33898,-0.0145,0.76356,-1.12423,0.35353,1.46945,1.22193,-0.32507,-0.01959,0.91882,0.41917,-0.44045,0.84598,-1.18683,-0.34576,0.01362,0.63531,-0.12863,-0.0798,-0.47633,-0.12454,-0.0632,-0.04459,0.55877,0.08496,0.07332,-0.50042,-0.15561,0.1021,0.06823
36.42,0.0309,0.00365,-0.14725,0.2269,-0.28428,-0.06971,0.66492,0.05519,-0.28282,-0.42595,-0.33147,-0.0145,0.74271,-1.13906,0.30353,1.49358,1.24439,-0.37137,-0.0287,0.90431,0.4568,-0.39688,0.9095,-1.22151,-0.39388,0.028,0.6342,-0.12869,-0.07651,-0.47509,-0.1251,-0.06384,-0.04496,0.55888,0.08669,0.0822,-0.50015,-0.15393,0.10143,0.06773
36.44,0.03049,0.00366,-0.14828,0.22957,-0.28427,-0.07046,0.66547,0.05566,-0.27272,-0.43308,-0.32351,-0.0145,0.7247,-1.152,0.25956,1.5168,1.30625,-0.39563,-0.03873,0.8881,0.49462,-0.35443,0.97779,-1.31765,-0.42352,0.04006,0.63266,-0.12849,-0.07232,-0.47369,-0.12581,-0.06456,-0.04543,0.55843,0.08853,0.09142,-0.49992,-0.15222,0.10069,0.06718
36.46,0.03007,0.00366,-0.14929,0.23241,-0.28446,-0.07118,0.66626,0.05603,-0.26314,-0.44006,-0.3158,-0.0145,0.70522,-1.1655,0.21309,1.54029,1.34859,-0.42983,-0.04819,0.87257,0.53202,-0.31169,1.0432,-1.38281,-0.46109,0.05304,0.63132,-0.12846,-0.06871,-0.47237,-0.12644,-0.06523,-0.04584,0.55826,0.09026,0.1003,-0.49968,-0.15054,0.09999,0.06666
36.48,0.02968,0.00367,-0.15026,0.23507,-0.28465,-0.07187,0.66699,0.05642,-0.25348,-0.44747,-0.30779,-0.0145,0.68643,-1.18031,0.16517,1.56485,1.39666,-0.46479,-0.05844,0.85738,0.57096,-0.26762,1.11222,-1.45918,-0.50101,0.06695,0.63002,-0.12824,-0.06449,-0.47103,-0.1271,-0.06595,-0.04629,0.55801,0.09229,0.11017,-0.49941,-0.14877,0.09925,0.0661
36.5,0.02924,0.00366,-0.15132,0.23804,-0.28473,-0.07266,0.66772,0.05682,-0.24373,-0.454,-0.30034,-0.0145,0.66686,-1.19186,0.12187,1.58675,1.44254,-0.49271,-0.06721,0.84107,0.60664,-0.22683,1.17455,-1.52747,-0.5315,0.07825,0.6285,-0.12835,-0.06133,-0.46969,-0.12774,-0.06659,-0.04669,0.55778,0.09371,0.118,-0.49921,-0.14719,0.09858,0.0656
36.52,0.02873,0.00364,-0.15261,0.24177,-0.28461,-0.07372,0.66856,0.05724,-0.23404,-0.45818,-0.29449,-0.0145,0.64495,-1.19568,0.08986,1.60213,1.473,-0.50699,-0.07167,0.82231,0.6338,-0.19374,1.21821,-1.55792,-0.5405,0.08284,0.62656,-0.12929,-0.06077,-0.46834,-0.12828,-0.06701,-0.04695,0.55776,0.09339,0.11991,-0.49919,-0.14621,0.09816,0.06531
36.54,0.02818,0.0036,-0.15399,0.24585,-0.28437,-0.07489,0.66942,0.05765,-0.2243,-0.46146,-0.28924,-0.0145,0.62207,-1.19611,0.06238,1.6147,1.49996,-0.51478,-0.07459,0.80243,0.65755,-0.16416,1.25471,-1.57842,-0.54058,0.08484,0.6244,-0.1306,-0.06139,-0.467,-0.12878,-0.06734,-0.04715,0.55776,0.09245,0.11975,-0.49924,-0.14542,0.09782,0.06509
36.56,0.02764,0.00357,-0.15533,0.24988,-0.28415,-0.07603,0.67027,0.05805,-0.21457,-0.46507,-0.28374,-0.0145,0.59926,-1.19757,0.03286,1.62814,1.52854,-0.52524,-0.0782,0.78294,0.68252,-0.1337,1.29381,-1.60408,-0.5447,0.08803,0.62227,-0.13184,-0.06184,-0.46567,-0.12928,-0.06769,-0.04736,0.55772,0.0918,0.12062,-0.49927,-0.14453,0.09743,0.06482
36.58,0.02714,0.00355,-0.15664,0.25347,-0.28407,-0.07711,0.6711,0.05853,-0.20485,-0.46901,-0.27813,-0.0145,0.57804,-1.20119,0.00337,1.64332,1.55849,-0.53619,-0.08192,0.76391,0.70895,-0.10024,1.33589,-1.62926,-0.54832,0.09112,0.62039,-0.13269,-0.06079,-0.46429,-0.12986,-0.06816,-0.04765,0.55777,0.0911,0.12113,-0.49926,-0.1437,0.09708,0.0646
36.6,0.02655,0.0035,-0.15805,0.25805,-0.28368,-0.07833,0.67197,0.05884,-0.19513,-0.47204,-0.27292,-0.0145,0.55333,-1.19942,-0.02505,1.65418,1.58408,-0.54476,-0.085,0.74365,0.73144,-0.07389,1.36992,-1.65215,-0.55101,0.09381,0.61797,-0.13443,-0.06307,-0.46301,-0.13028,-0.06835,-0.04778,0.55766,0.09035,0.12189,-0.49935,-0.14278,0.09667,0.06431
36.62,0.02578,0.00338,-0.15971,0.26527,-0.28251,-0.0799,0.67302,0.05864,-0.18533,-0.47297,-0.26843,-0.0145,0.51855,-1.18451,-0.05267,1.65401,1.59983,-0.54919,-0.08692,0.72056,0.74462,-0.06599,1.3841,-1.67203,-0.55422,0.09622,0.61405,-0.13867,-0.07491,-0.46194,-0.13022,-0.06771,-0.04743,0.55709,0.08968,0.12398,-0.49968,-0.14156,0.09606,0.06385
36.64,0.02492,0.00323,-0.16147,0.27348,-0.28104,-0.08161,0.67409,0.05827,-0.17557,-0.47299,-0.26439,-0.0145,0.48041,-1.16413,-0.07915,1.64958,1.61085,-0.55134,-0.08818,0.69622,0.7538,-0.0652,1.39029,-1.68941,-0.55668,0.09828,0.6096,-0.14379,-0.08995,-0.46097,-0.13001,-0.0668,-0.04694,0.55638,0.08897,0.12638,-0.50011,-0.14024,0.09537,0.06333
36.66,0.02409,0.0031,-0.16319,0.28127,-0.2797,-0.08325,0.67507,0.05799,-0.16588,-0.47333,-0.26032,-0.0145,0.44424,-1.14564,-0.10552,1.64692,1.62302,-0.55414,-0.08962,0.67226,0.76434,-0.0614,1.39963,-1.70713,-0.55902,0.10041,0.60543,-0.14843,-0.10309,-0.45998,-0.1299,-0.06607,-0.04655,0.55574,0.08824,0.12858,-0.5005,-0.13896,0.09472,0.06284
36.68,0.02332,0.00298,-0.16488,0.28894,-0.27836,-0.0849,0.67636,0.05763,-0.1558,-0.47404,-0.25553,-0.0145,0.40613,-1.12948,-0.1345,1.64472,1.63945,-0.55851,-0.09158,0.64901,0.77674,-0.05679,1.41061,-1.72817,-0.56315,0.10289,0.60111,-0.1534,-0.11811,-0.45888,-0.12965,-0.06511,-0.04602,0.55504,0.08766,0.13096,-0.5009,-0.13769,0.09409,0.06235
36.7,0.02239,0.00282,-0.16666,0.29709,-0.27697,-0.08658,0.67704,0.05742,-0.14655,-0.47378,-0.25233,-0.0145,0.3713,-1.10732,-0.15768,1.64076,1.64575,-0.55893,-0.09226,0.62405,0.78428,-0.05552,1.41654,-1.74149,-0.56327,0.10451,0.59698,-0.15789,-0.12998,-0.45804,-0.12965,-0.06456,-0.04574,0.55445,0.08676,0.13306,-0.50129,-0.13637,0.09339,0.06183
36.72,0.02103,0.00253,-0.16866,0.30623,-0.2754,-0.08829,0.67593,0.05771,-0.13952,-0.47103,-0.25359,-0.0145,0.3463,-1.06908,-0.16647,1.63172,1.62685,-0.55076,-0.09021,0.59449,0.77999,-0.06147,1.4092,-1.73728,-0.55452,0.10464,0.59335,-0.16083,-0.13235,-0.45786,-0.13038,-0.06523,-0.04615,0.554,0.085,0.13437,-0.50159,-0.13491,0.09249,0.06125
36.74,0.01951,0.0022,-0.17077,0.31583,-0.27382,-0.09004,0.67422,0.05816,-0.13333,-0.46734,-0.25642,-0.0145,0.32475,-1.02516,-0.16923,1.62132,1.59781,-0.53834,-0.08681,0.56333,0.77085,-0.07057,1.39736,-1.72504,-0.54139,0.10381,0.58997,-0.16325,-0.13142,-0.45794,-0.13137,-0.06634,-0.04681,0.55369,0.08291,0.1354,-0.50188,-0.13339,0.09152,0.06065
36.76,0.01806,0.00189,-0.17283,0.32527,-0.27234,-0.09178,0.67287,0.05852,-0.12678,-0.46409,-0.25843,-0.0145,0.30161,-0.98439,-0.17389,1.61241,1.57212,-0.52679,-0.08361,0.53301,0.76353,-0.07834,1.38847,-1.71423,-0.52902,0.10289,0.58658,-0.16592,-0.13201,-0.45792,-0.13225,-0.06726,-0.04737,0.55345,0.08095,0.1365,-0.50219,-0.1319,0.09059,0.06006
36.78,0.01665,0.00158,-0.17486,0.33453,-0.27046,-0.0935,0.67117,0.05895,-0.12009,-0.46073,-0.26089,-0.0145,0.27837,-0.94102,-0.18205,1.59966,1.55082,-0.51983,-0.08205,0.5021,0.75764,-0.08589,1.37543,-1.71197,-0.52196,0.10412,0.58271,-0.16857,-0.13265,-0.45781,-0.13306,-0.06811,-0.0479,0.55265,0.07908,0.1378,-0.50245,-0.13037,0.08965,0.05946
36.8,0.0151,0.00126,-0.17699,0.34427,-0.26941,-0.09527,0.67005,0.05927,-0.11393,-0.4574,-0.26278,-0.0145,0.25633,-0.90182,-0.18151,1.59467,1.51899,-0.50211,-0.07686,0.47214,0.74773,-0.09459,1.37012,-1.69096,-0.50266,0.10074,0.57992,-0.17112,-0.13235,-0.45795,-0.13409,-0.06922,-0.04853,0.55303,0.07695,0.13867,-0.50279,-0.12892,0.08869,0.05887
36.82,0.01322,0.00091,-0.17935,0.35519,-0.27059,-0.09718,0.67073,0.05923,-0.10887,-0.45437,-0.26273,-0.0145,0.23558,-0.87523,-0.15832,1.61128,1.45198,-0.45759,-0.0612,0.44451,0.72755,-0.10535,1.38694,-1.61175,-0.45201,0.08405,0.58,-0.1735,-0.13032,-0.45869,-0.1356,-0.07099,-0.04936,0.55671,0.07407,0.13799,-0.50342,-0.12774,0.08775,0.05831
36.84,0.01119,0.00055,-0.1818,0.36659,-0.27261,-0.09915,0.67199,0.05908,-0.10436,-0.4514,-0.26205,-0.0145,0.21615,-0.85314,-0.12664,1.6358,1.37616,-0.40212,-0.0421,0.41806,0.70358,-0.11717,1.41177,-1.51538,-0.38903,0.06293,0.58116,-0.17578,-0.12742,-0.45969,-0.13731,-0.073,-0.05028,0.56156,0.07096,0.13695,-0.50411,-0.12665,0.08679,0.05774
36.86,0.00923,0.00019,-0.18421,0.37781,-0.27426,-0.10111,0.67294,0.05899,-0.0997,-0.4484,-0.26163,-0.0145,0.19689,-0.8292,-0.0989,1.65682,1.31023,-0.35036,-0.02507,0.39151,0.68158,-0.12873,1.4332,-1.4326,-0.3307,0.04439,0.58184,-0.1781,-0.12484,-0.4606,-0.13895,-0.07488,-0.05116,0.56584,0.06802,0.13637,-0.50474,-0.1255,0.0858,0.05716
36.88,0.00729,-0.00017,-0.18661,0.3889,-0.27584,-0.10301,0.67406,0.05885,-0.09462,-0.44537,-0.26136,-0.0145,0.17448,-0.80417,-0.07051,1.67739,1.21978,-0.30351,-0.0058,0.36298,0.65837,-0.13954,1.45356,-1.32572,-0.27593,0.02338,0.5825,-0.18044,-0.12246,-0.46139,-0.14053,-0.07689,-0.05204,0.57029,0.0648,0.1346,-0.50552,-0.12441,0.08497,0.05667
36.9,0.00526,-0.00053,-0.18906,0.40036,-0.27777,-0.10503,0.67498,0.05878,-0.09054,-0.44245,-0.26063,-0.0145,0.15894,-0.78264,-0.04167,1.70077,1.17755,-0.24426,0.00956,0.33898,0.63686,-0.15203,1.47799,-1.26426,-0.21128,0.00651,0.58345,-0.18272,-0.11953,-0.4625,-0.14227,-0.07869,-0.05294,0.57465,0.0621,0.13514,-0.50601,-0.12322,0.08382,0.05598
36.92,0.00299,-0.00091,-0.19162,0.41275,-0.28044,-0.10741,0.67518,0.05889,-0.08895,-0.43983,-0.25869,-0.0145,0.16162,-0.76907,-0.0126,1.7303,1.27841,-0.15011,0.01348,0.32626,0.62078,-0.16962,1.51254,-1.33944,-0.11902,0.00197,0.58479,-0.18479,-0.11504,-0.46429,-0.14441,-0.07984,-0.05393,0.57841,0.0611,0.14285,-0.50571,-0.12164,0.08173,0.05469
36.94,0.00063,-0.0013,-0.19422,0.42549,-0.28343,-0.10991,0.67516,0.05907,-0.08837,-0.43735,-0.25633,-0.0145,0.1712,-0.75903,0.01638,1.76229,1.42672,-0.0445,0.0133,0.31824,0.60662,-0.1887,1.55074,-1.45969,-0.0179,0.0018,0.5864,-0.18682,-0.11008,-0.46642,-0.1467,-0.08077,-0.05494,0.58203,0.06059,0.15278,-0.50512,-0.11996,0.07934,0.05321
36.96,-0.00171,-0.00168,-0.1968,0.43804,-0.2863,-0.11234,0.67525,0.05922,-0.08742,-0.43483,-0.25425,-0.0145,0.17791,-0.74781,0.0447,1.79299,1.54825,0.05367,0.01484,0.30871,0.59172,-0.20663,1.58679,-1.55469,0.07693,-0.00022,0.58797,-0.18893,-0.10551,-0.46848,-0.14892,-0.0818,-0.05592,0.58576,0.05973,0.16123,-0.50465,-0.11836,0.07714,0.05185
36.98,-0.00399,-0.00206,-0.19941,0.45073,-0.28911,-0.11481,0.67534,0.05936,-0.08612,-0.4322,-0.25178,-0.0145,0.18366,-0.73493,0.07637,1.82485,1.69141,0.16167,0.01707,0.29663,0.57603,-0.22664,1.62533,-1.66904,0.18175,-0.00295,0.58924,-0.19081,-0.10018,-0.47018,-0.15117,-0.08286,-0.05697,0.58937,0.05941,0.17162,-0.50424,-0.1166,0.07474,0.05035
37,-0.0064,-0.00245,-0.20195,0.4632,-0.2921,-0.11724,0.67535,0.05954,-0.08579,-0.42984,-0.25003,-0.0145,0.19289,-0.72634,0.10083,1.8546,1.80098,0.25174,0.01687,0.29091,0.56258,-0.2426,1.65927,-1.75421,0.26769,-0.00312,0.59117,-0.19313,-0.09632,-0.47272,-0.15338,-0.0838,-0.05789,0.59315,0.0581,0.17854,-0.50364,-0.11516,0.07267,0.04908
37.02,-0.00915,-0.00289,-0.20436,0.47508,-0.2956,-0.11954,0.67526,0.05981,-0.08786,-0.42815,-0.25036,-0.0145,0.2112,-0.72826,0.10623,1.87924,1.80564,0.28956,0.01084,0.30187,0.55419,-0.24733,1.68121,-1.74633,0.29937,0.00289,0.59487,-0.19677,-0.09664,-0.47752,-0.15544,-0.08448,-0.05844,0.59757,0.0538,0.17511,-0.50265,-0.11467,0.07157,0.04852
37.04,-0.01203,-0.00333,-0.2067,0.48669,-0.29926,-0.12179,0.67509,0.06011,-0.09087,-0.42675,-0.25142,-0.0145,0.23252,-0.73444,0.10416,1.90136,1.77506,0.30886,0.00251,0.31898,0.54816,-0.24784,1.69805,-1.70795,0.31165,0.01129,0.5992,-0.20084,-0.09847,-0.48315,-0.15746,-0.08505,-0.05885,0.60212,0.04853,0.16817,-0.50147,-0.11451,0.07081,0.04819
37.06,-0.01485,-0.00377,-0.20905,0.49836,-0.30279,-0.12407,0.67493,0.06038,-0.09347,-0.42526,-0.25215,-0.0145,0.25173,-0.73899,0.10497,1.92375,1.76095,0.33656,-0.00474,0.33311,0.54151,-0.25006,1.71619,-1.68447,0.33272,0.01851,0.60321,-0.20466,-0.0996,-0.48841,-0.15951,-0.08566,-0.05932,0.60653,0.04378,0.16303,-0.50034,-0.1142,0.06988,0.04774
37.08,-0.0177,-0.00423,-0.21148,0.51032,-0.30659,-0.12632,0.67489,0.06073,-0.09605,-0.42357,-0.2529,-0.0145,0.27443,-0.74244,0.10807,1.95001,1.74636,0.36477,-0.01232,0.34825,0.53295,-0.25323,1.73883,-1.65787,0.35429,0.02636,0.60738,-0.2087,-0.10075,-0.49367,-0.16152,-0.08628,-0.05979,0.61132,0.03869,0.15711,-0.49936,-0.11391,0.06899,0.04733
37.1,-0.0205,-0.00464,-0.21374,0.52159,-0.30985,-0.12863,0.67456,0.06092,-0.09887,-0.42238,-0.25375,-0.0145,0.29037,-0.74908,0.10451,1.96745,1.72406,0.3873,-0.01966,0.36263,0.52895,-0.25339,1.75074,-1.63032,0.37001,0.03332,0.61135,-0.21239,-0.10222,-0.49912,-0.16361,-0.08687,-0.06024,0.61531,0.03409,0.15194,-0.49801,-0.11366,0.06812,0.04691
37.12,-0.02314,-0.00492,-0.21557,0.53124,-0.31179,-0.1311,0.67356,0.06066,-0.10223,-0.42231,-0.25483,-0.0145,0.28793,-0.76387,0.08523,1.96225,1.68615,0.39897,-0.02616,0.37391,0.53662,-0.24634,1.7351,-1.60374,0.3749,0.0378,0.61479,-0.21512,-0.10415,-0.505,-0.16593,-0.08744,-0.06069,0.61722,0.03099,0.14967,-0.49565,-0.11343,0.06718,0.04639
37.14,-0.02572,-0.00515,-0.21722,0.54018,-0.31314,-0.13363,0.67224,0.06023,-0.10578,-0.42274,-0.25596,-0.0145,0.27839,-0.78161,0.05935,1.94807,1.64186,0.4053,-0.03226,0.38408,0.54883,-0.23638,1.70869,-1.57758,0.37428,0.0412,0.61796,-0.21746,-0.10636,-0.51102,-0.16834,-0.08798,-0.06112,0.61828,0.02844,0.14826,-0.49292,-0.11324,0.06625,0.04586
37.16,-0.0283,-0.00539,-0.21894,0.54931,-0.31463,-0.13614,0.671,0.05988,-0.10918,-0.42303,-0.25698,-0.0145,0.2714,-0.79775,0.03594,1.93726,1.60234,0.41405,-0.03829,0.39444,0.55919,-0.22777,1.68662,-1.55376,0.37591,0.04467,0.62113,-0.21991,-0.10847,-0.51691,-0.1707,-0.08854,-0.06156,0.61961,0.02571,0.14649,-0.49036,-0.11304,0.06532,0.04534
37.18,-0.03098,-0.00565,-0.22073,0.55898,-0.31667,-0.13864,0.67007,0.05952,-0.11289,-0.42297,-0.2584,-0.0145,0.26733,-0.81522,0.0145,1.92926,1.55429,0.42287,-0.04543,0.40647,0.56879,-0.21903,1.6666,-1.51893,0.37847,0.0499,0.62483,-0.22267,-0.11053,-0.52313,-0.17307,-0.08909,-0.062,0.62145,0.02268,0.14453,-0.48775,-0.11282,0.06437,0.04481
37.2,-0.03345,-0.00587,-0.22233,0.56735,-0.31744,-0.14118,0.6684,0.05914,-0.11597,-0.42377,-0.25899,-0.0145,0.2555,-0.83049,-0.0125,1.91343,1.52226,0.42968,-0.05015,0.41456,0.58096,-0.20973,1.63994,-1.5066,0.37741,0.0513,0.62736,-0.22469,-0.11274,-0.52867,-0.17546,-0.08964,-0.06243,0.622,0.0204,0.14315,-0.48518,-0.11265,0.06348,0.0443
37.22,-0.03541,-0.00599,-0.22347,0.57253,-0.31482,-0.14388,0.66484,0.0587,-0.11736,-0.42669,-0.25714,-0.0145,0.22354,-0.8396,-0.05344,1.87719,1.54207,0.43963,-0.04816,0.41307,0.59969,-0.20123,1.5966,-1.56454,0.37338,0.04127,0.62685,-0.22473,-0.11526,-0.53242,-0.17792,-0.09017,-0.06287,0.61927,0.02017,0.14364,-0.48283,-0.11256,0.06265,0.0438
37.24,-0.03715,-0.00606,-0.22443,0.57639,-0.31094,-0.14663,0.66053,0.05825,-0.1181,-0.43047,-0.25446,-0.0145,0.18408,-0.84626,-0.09966,1.83361,1.57743,0.44662,-0.04374,0.40746,0.62072,-0.192,1.54718,-1.64388,0.36506,0.0276,0.62517,-0.22403,-0.11792,-0.53544,-0.18038,-0.09069,-0.06331,0.61527,0.02068,0.14461,-0.48055,-0.11253,0.0619,0.04334
37.26,-0.03898,-0.00616,-0.22547,0.58073,-0.30764,-0.14936,0.65648,0.05784,-0.11908,-0.43394,-0.25224,-0.0145,0.1483,-0.85365,-0.14331,1.79404,1.60168,0.45003,-0.04047,0.40302,0.6403,-0.182,1.50119,-1.70795,0.3549,0.0163,0.62395,-0.22367,-0.12055,-0.53869,-0.18281,-0.09119,-0.06374,0.61181,0.02077,0.14502,-0.47824,-0.11249,0.06118,0.04289
37.28,-0.04088,-0.00625,-0.22652,0.58554,-0.30432,-0.15211,0.65271,0.05729,-0.12027,-0.43712,-0.24971,-0.0145,0.11106,-0.86279,-0.18796,1.75125,1.64211,0.47339,-0.03698,0.40145,0.66176,-0.17647,1.45193,-1.79476,0.36001,0.00198,0.623,-0.22326,-0.12307,-0.54241,-0.18538,-0.09177,-0.06422,0.60845,0.02119,0.14684,-0.47591,-0.11238,0.0602,0.0423
37.3,-0.04257,-0.00633,-0.2275,0.58906,-0.30074,-0.1548,0.64823,0.05701,-0.12087,-0.44107,-0.24759,-0.0145,0.07524,-0.86761,-0.23164,1.71362,1.65345,0.45539,-0.03342,0.393,0.67981,-0.16161,1.4083,-1.84011,0.33306,-0.00695,0.62124,-0.22279,-0.12581,-0.54496,-0.18766,-0.09219,-0.06459,0.60461,0.02113,0.14592,-0.47366,-0.11241,0.05976,0.04202
37.32,-0.04381,-0.00638,-0.22835,0.58951,-0.29659,-0.1574,0.64172,0.05757,-0.12009,-0.44698,-0.24718,-0.0145,0.04485,-0.8614,-0.27159,1.69148,1.5734,0.31686,-0.02966,0.36625,0.6877,-0.12018,1.38066,-1.75881,0.21266,0.00032,0.61727,-0.22238,-0.12932,-0.54454,-0.1892,-0.09217,-0.06467,0.59955,0.01937,0.13653,-0.47156,-0.11286,0.06086,0.04266
37.34,-0.04485,-0.00641,-0.22914,0.58867,-0.29225,-0.15993,0.63456,0.05839,-0.11872,-0.4536,-0.24715,-0.0145,0.01627,-0.85084,-0.31023,1.67495,1.46484,0.13815,-0.026,0.33281,0.69207,-0.06963,1.35917,-1.6363,0.06129,0.01306,0.61255,-0.22192,-0.133,-0.54297,-0.19045,-0.09199,-0.06465,0.5941,0.01714,0.12449,-0.46955,-0.11343,0.06249,0.0436
37.36,-0.04597,-0.00644,-0.22994,0.58832,-0.28811,-0.16245,0.62787,0.05904,-0.11753,-0.45985,-0.2467,-0.0145,-0.01291,-0.84204,-0.34936,1.65628,1.37425,-0.01752,-0.02267,0.30263,0.69816,-0.02386,1.33561,-1.53731,-0.07194,0.023,0.60832,-0.22144,-0.13643,-0.54191,-0.19182,-0.09189,-0.06467,0.58896,0.01526,0.11419,-0.46755,-0.11393,0.06383,0.04438
37.38,-0.04715,-0.00648,-0.23078,0.58835,-0.28346,-0.16515,0.62044,0.05989,-0.11666,-0.46634,-0.24725,-0.0145,-0.04336,-0.83406,-0.38938,1.63563,1.26342,-0.19348,-0.01771,0.27131,0.70389,0.02481,1.30873,-1.4191,-0.22246,0.03414,0.60344,-0.22113,-0.14056,-0.5409,-0.19325,-0.09176,-0.06469,0.5832,0.01285,0.1017,-0.46537,-0.11452,0.0654,0.04528
37.4,-0.04814,-0.00651,-0.23154,0.58728,-0.27982,-0.16747,0.61439,0.06038,-0.11502,-0.47247,-0.24583,-0.0145,-0.07055,-0.82337,-0.42685,1.62054,1.18727,-0.33668,-0.01613,0.24093,0.70942,0.06936,1.29033,-1.3305,-0.34431,0.04411,0.59975,-0.22046,-0.14329,-0.5395,-0.19447,-0.09165,-0.0647,0.57865,0.01141,0.09308,-0.46357,-0.11495,0.06661,0.04598
37.42,-0.04863,-0.0065,-0.23212,0.58356,-0.27907,-0.16876,0.61236,0.05985,-0.11117,-0.47764,-0.23883,-0.0145,-0.08991,-0.80634,-0.46031,1.61927,1.21832,-0.37943,-0.02456,0.21383,0.7161,0.10237,1.29384,-1.33667,-0.37911,0.04974,0.59962,-0.21876,-0.14202,-0.53728,-0.19522,-0.09163,-0.06473,0.57757,0.01284,0.09616,-0.46277,-0.11489,0.06664,0.046
37.44,-0.04893,-0.00649,-0.23262,0.57877,-0.27932,-0.16968,0.61173,0.05894,-0.10661,-0.48237,-0.22983,-0.0145,-0.10588,-0.78673,-0.49068,1.62348,1.28441,-0.38778,-0.03624,0.18813,0.72251,0.13054,1.30572,-1.37341,-0.38399,0.05396,0.60071,-0.21672,-0.13937,-0.53469,-0.19575,-0.09164,-0.06476,0.57771,0.01525,0.10316,-0.46236,-0.11467,0.06629,0.04579
37.46,-0.04931,-0.00648,-0.23316,0.57446,-0.27906,-0.17078,0.61039,0.0582,-0.10252,-0.48717,-0.22176,-0.0145,-0.12292,-0.76825,-0.5207,1.62531,1.33141,-0.41202,-0.04598,0.16243,0.72848,0.15962,1.31378,-1.39411,-0.40283,0.0587,0.60116,-0.21486,-0.13742,-0.53224,-0.19635,-0.09162,-0.06477,0.57726,0.01716,0.10809,-0.46179,-0.11454,0.06615,0.04571
37.48,-0.04971,-0.00647,-0.23371,0.57016,-0.27903,-0.17184,0.60931,0.05748,-0.09781,-0.49257,-0.21363,-0.0145,-0.14194,-0.74978,-0.55821,1.62679,1.39058,-0.43681,-0.05773,0.13374,0.73677,0.19452,1.32205,-1.42242,-0.42146,0.06417,0.60192,-0.21289,-0.13513,-0.52985,-0.19706,-0.09165,-0.06483,0.57694,0.01927,0.11407,-0.46114,-0.11436,0.06588,0.04555
37.5,-0.05003,-0.00645,-0.2342,0.56557,-0.27878,-0.17289,0.60805,0.05662,-0.09423,-0.49659,-0.20512,-0.0145,-0.15597,-0.73078,-0.57924,1.63031,1.43334,-0.45148,-0.06602,0.11174,0.74015,0.21594,1.3319,-1.4427,-0.43275,0.06766,0.60237,-0.21106,-0.13323,-0.5273,-0.19748,-0.09159,-0.06481,0.57665,0.02122,0.11889,-0.46076,-0.11424,0.06577,0.04548
37.52,-0.05023,-0.00641,-0.23455,0.56066,-0.27759,-0.17407,0.60581,0.05553,-0.09399,-0.497,-0.1963,-0.0145,-0.15781,-0.71033,-0.55686,1.63756,1.42031,-0.44892,-0.0643,0.10756,0.73045,0.20204,1.34315,-1.43341,-0.43313,0.06657,0.60141,-0.20961,-0.13273,-0.52422,-0.19723,-0.09129,-0.06457,0.57607,0.02244,0.11889,-0.46098,-0.11436,0.06625,0.04577
37.54,-0.05035,-0.00637,-0.23484,0.55547,-0.27617,-0.17523,0.60337,0.05429,-0.09491,-0.49602,-0.18712,-0.0145,-0.15459,-0.68954,-0.51777,1.64675,1.3901,-0.43676,-0.05892,0.11016,0.71576,0.17456,1.35586,-1.41528,-0.4266,0.06343,0.60015,-0.20832,-0.13266,-0.52104,-0.19669,-0.0909,-0.06426,0.57549,0.0235,0.11769,-0.46146,-0.11454,0.06689,0.04616
37.56,-0.0505,-0.00633,-0.23516,0.55027,-0.27491,-0.17634,0.60112,0.05307,-0.09528,-0.49561,-0.17794,-0.0145,-0.15322,-0.66933,-0.4854,1.65538,1.36907,-0.42727,-0.05495,0.10987,0.70309,0.15275,1.36849,-1.40121,-0.42175,0.06084,0.59921,-0.20701,-0.13239,-0.51804,-0.19626,-0.09055,-0.06397,0.57497,0.02469,0.1175,-0.46184,-0.11468,0.06741,0.04647
37.58,-0.05069,-0.00628,-0.23547,0.54558,-0.27344,-0.1777,0.59851,0.05201,-0.09573,-0.49545,-0.1694,-0.0145,-0.1537,-0.64727,-0.45649,1.66287,1.34326,-0.42368,-0.05208,0.10875,0.69143,0.13284,1.37895,-1.38756,-0.42211,0.05973,0.59752,-0.20549,-0.13207,-0.51448,-0.19592,-0.09023,-0.06372,0.57426,0.02565,0.11556,-0.46218,-0.11488,0.06807,0.04687
37.6,-0.05077,-0.00625,-0.23579,0.53979,-0.27233,-0.17854,0.59657,0.0506,-0.09631,-0.49445,-0.15945,-0.0145,-0.14909,-0.62899,-0.41661,1.6731,1.32312,-0.40606,-0.04612,0.11102,0.67653,0.10586,1.39416,-1.37109,-0.41029,0.05517,0.5973,-0.20443,-0.132,-0.51204,-0.19532,-0.08981,-0.06338,0.57391,0.02703,0.11683,-0.46265,-0.11498,0.06851,0.04714
37.62,-0.05058,-0.00629,-0.23616,0.53111,-0.27226,-0.17792,0.59657,0.0483,-0.0968,-0.49142,-0.14597,-0.0145,-0.13237,-0.62148,-0.34925,1.69047,1.32047,-0.35124,-0.03162,0.1205,0.65369,0.06232,1.42228,-1.34409,-0.36724,0.04059,0.60131,-0.20469,-0.13244,-0.51283,-0.194,-0.08908,-0.06282,0.57454,0.02973,0.12803,-0.4634,-0.11475,0.06824,0.04695
37.64,-0.05028,-0.00636,-0.23655,0.52135,-0.27255,-0.17678,0.59725,0.04565,-0.09741,-0.48761,-0.13105,-0.0145,-0.11062,-0.61778,-0.27172,1.71048,1.32432,-0.28297,-0.01428,0.13323,0.62783,0.01226,1.45505,-1.31521,-0.31222,0.02278,0.60678,-0.2054,-0.13312,-0.51473,-0.19241,-0.08824,-0.06218,0.5755,0.03281,0.14234,-0.46427,-0.11443,0.06776,0.04663
37.66,-0.05002,-0.00641,-0.23692,0.51207,-0.27266,-0.1759,0.59761,0.04313,-0.0981,-0.48416,-0.11661,-0.0145,-0.09068,-0.61218,-0.19965,1.72924,1.32663,-0.22155,0.00116,0.14476,0.60349,-0.03459,1.48559,-1.29043,-0.26229,0.00709,0.6115,-0.20585,-0.13373,-0.51603,-0.19097,-0.08747,-0.06159,0.57629,0.03562,0.1547,-0.46509,-0.11417,0.06744,0.0464
37.68,-0.04982,-0.00648,-0.23732,0.5028,-0.27281,-0.17494,0.59801,0.0407,-0.09828,-0.4806,-0.10287,-0.0145,-0.07244,-0.60723,-0.12332,1.74836,1.32266,-0.15661,0.01926,0.15537,0.57829,-0.0831,1.51678,-1.25216,-0.21339,-0.01141,0.61658,-0.20656,-0.13423,-0.51771,-0.18943,-0.08663,-0.06093,0.57718,0.03885,0.16928,-0.46592,-0.11382,0.06687,0.04603
37.7,-0.04946,-0.00651,-0.23768,0.49326,-0.27297,-0.174,0.5985,0.03802,-0.09953,-0.47712,-0.08736,-0.0145,-0.04966,-0.60191,-0.05382,1.76724,1.33322,-0.09598,0.03248,0.16856,0.55432,-0.12938,1.54756,-1.24104,-0.15983,-0.0248,0.62126,-0.20682,-0.13499,-0.51887,-0.18803,-0.08591,-0.0604,0.57794,0.0413,0.18001,-0.46675,-0.11363,0.06676,0.04594
37.72,-0.0487,-0.0064,-0.23795,0.48338,-0.2731,-0.17326,0.59901,0.03472,-0.1038,-0.47393,-0.06712,-0.0145,-0.01438,-0.59389,-0.00441,1.78553,1.38508,-0.05023,0.03143,0.18835,0.53372,-0.16903,1.57736,-1.31061,-0.09442,-0.02325,0.62445,-0.20574,-0.13655,-0.5183,-0.18714,-0.08558,-0.06025,0.57831,0.04146,0.17918,-0.46762,-0.11392,0.06799,0.04671
37.74,-0.04778,-0.00624,-0.23818,0.47326,-0.27322,-0.17254,0.5996,0.03119,-0.10914,-0.47087,-0.04521,-0.0145,0.02505,-0.5855,0.03743,1.80329,1.45094,-0.0094,0.0254,0.21052,0.51465,-0.20591,1.60631,-1.40666,-0.02512,-0.01646,0.62718,-0.20418,-0.13834,-0.51717,-0.18639,-0.08538,-0.06023,0.57852,0.04081,0.17443,-0.46849,-0.11437,0.06969,0.04777
37.76,-0.04692,-0.0061,-0.23843,0.46319,-0.27335,-0.17178,0.60019,0.0278,-0.11394,-0.46782,-0.0242,-0.0145,0.06182,-0.57776,0.08187,1.82088,1.50867,0.03347,0.02172,0.23143,0.49537,-0.2433,1.63484,-1.48708,0.04112,-0.01208,0.63013,-0.20284,-0.13993,-0.51631,-0.18557,-0.08512,-0.06015,0.57876,0.04056,0.17162,-0.46933,-0.11475,0.07117,0.0487
37.78,-0.04611,-0.00598,-0.23869,0.45335,-0.2735,-0.17114,0.60067,0.02424,-0.11896,-0.46442,-0.00248,-0.0145,0.10214,-0.56812,0.13038,1.8405,1.57404,0.07771,0.01776,0.25333,0.47384,-0.28421,1.66707,-1.58239,0.11327,-0.00762,0.63309,-0.20154,-0.1419,-0.5154,-0.18479,-0.08488,-0.06009,0.57919,0.04022,0.16824,-0.47031,-0.1151,0.07269,0.04965
37.8,-0.04515,-0.00581,-0.23892,0.44297,-0.27358,-0.17027,0.60137,0.02099,-0.12377,-0.46183,0.01809,-0.0145,0.13585,-0.56232,0.1683,1.8555,1.62678,0.11766,0.01319,0.27355,0.45752,-0.31687,1.69114,-1.65329,0.17383,-0.00211,0.6359,-0.20002,-0.14318,-0.51445,-0.18394,-0.08462,-0.06,0.57917,0.03985,0.16507,-0.471,-0.11557,0.07423,0.05061
37.82,-0.04383,-0.00554,-0.23906,0.4312,-0.27363,-0.16874,0.60265,0.01859,-0.1277,-0.46128,0.03532,-0.0145,0.15124,-0.56708,0.18011,1.85979,1.64057,0.14759,0.00795,0.28964,0.45424,-0.32872,1.69448,-1.64754,0.20143,0.00539,0.63857,-0.19794,-0.14208,-0.51357,-0.18288,-0.08432,-0.05979,0.57809,0.03959,0.16349,-0.47084,-0.11634,0.07573,0.05149
37.84,-0.04236,-0.00524,-0.23917,0.41891,-0.27359,-0.16699,0.60413,0.01651,-0.13138,-0.4616,0.05127,-0.0145,0.15961,-0.57572,0.18121,1.85911,1.64115,0.17308,0.00228,0.30372,0.45633,-0.33205,1.68936,-1.6167,0.21702,0.01369,0.64107,-0.19566,-0.14035,-0.51266,-0.18173,-0.08399,-0.05954,0.57653,0.03933,0.16223,-0.47038,-0.11723,0.07725,0.05237
37.86,-0.04094,-0.00495,-0.23928,0.40684,-0.2735,-0.16535,0.60552,0.01431,-0.13519,-0.46163,0.06763,-0.0145,0.17055,-0.58263,0.18634,1.85938,1.64827,0.20029,-0.00308,0.31801,0.45664,-0.33841,1.68702,-1.59933,0.23822,0.02136,0.64353,-0.1935,-0.13922,-0.51174,-0.18061,-0.08366,-0.0593,0.5751,0.03908,0.16078,-0.47008,-0.11808,0.07876,0.05326
37.88,-0.03958,-0.00466,-0.23942,0.39479,-0.27381,-0.16366,0.60692,0.01197,-0.139,-0.46119,0.08478,-0.0145,0.18428,-0.5894,0.19481,1.86497,1.65401,0.22911,-0.00908,0.33539,0.45429,-0.34834,1.689,-1.57472,0.25954,0.03034,0.6465,-0.19121,-0.13681,-0.51089,-0.17955,-0.0834,-0.05911,0.57404,0.03872,0.15938,-0.46969,-0.1189,0.08029,0.05414
37.9,-0.03805,-0.00436,-0.2395,0.3826,-0.27325,-0.16203,0.60833,0.01003,-0.14272,-0.46196,0.09996,-0.0145,0.19046,-0.59737,0.19377,1.85852,1.6588,0.25294,-0.0138,0.34575,0.45864,-0.34871,1.68018,-1.5582,0.27694,0.03672,0.64835,-0.18913,-0.13684,-0.50988,-0.17833,-0.08298,-0.05881,0.57209,0.03862,0.15803,-0.46941,-0.1198,0.08178,0.05501
37.92,-0.03608,-0.00401,-0.23943,0.37018,-0.27029,-0.16062,0.60991,0.00905,-0.14635,-0.4658,0.11003,-0.0145,0.17745,-0.60799,0.16999,1.8183,1.66866,0.26983,-0.01475,0.33792,0.48088,-0.32584,1.64174,-1.57602,0.29316,0.03557,0.64723,-0.18784,-0.1445,-0.50849,-0.17661,-0.08206,-0.05817,0.5678,0.0392,0.15655,-0.46947,-0.12089,0.0832,0.05586
37.94,-0.03394,-0.00366,-0.23929,0.35766,-0.26646,-0.15928,0.61147,0.00849,-0.14987,-0.47084,0.11814,-0.0145,0.15708,-0.61965,0.13688,1.76648,1.67726,0.28093,-0.01439,0.32297,0.50954,-0.29349,1.59308,-1.60178,0.30471,0.03179,0.64498,-0.18677,-0.15451,-0.50692,-0.17472,-0.08098,-0.05741,0.56263,0.04005,0.15516,-0.46964,-0.12204,0.08458,0.05668
37.96,-0.03188,-0.00332,-0.23917,0.3452,-0.26301,-0.1579,0.6129,0.00779,-0.15337,-0.47539,0.12712,-0.0145,0.14007,-0.63068,0.10745,1.72109,1.68325,0.2908,-0.01466,0.31079,0.5348,-0.26475,1.55031,-1.61973,0.31378,0.02926,0.64319,-0.18552,-0.16297,-0.50538,-0.17294,-0.07998,-0.05672,0.55782,0.0408,0.15385,-0.46979,-0.12315,0.08596,0.0575
37.98,-0.02979,-0.00295,-0.23909,0.33267,-0.2596,-0.15653,0.61487,0.00687,-0.15715,-0.47974,0.13614,-0.0145,0.12269,-0.64253,0.07994,1.67057,1.70162,0.31636,-0.01478,0.30042,0.5623,-0.23852,1.50194,-1.65389,0.34126,0.02647,0.64162,-0.18458,-0.1734,-0.50404,-0.17105,-0.07895,-0.056,0.55313,0.04143,0.15201,-0.46984,-0.12432,0.08742,0.05837
38,-0.02771,-0.00263,-0.2389,0.32027,-0.25594,-0.15516,0.61575,0.00651,-0.16034,-0.48477,0.14462,-0.0145,0.10451,-0.65285,0.04646,1.62811,1.69482,0.30851,-0.01493,0.28474,0.58656,-0.2051,1.46297,-1.65733,0.3302,0.02364,0.63934,-0.18306,-0.18033,-0.50226,-0.16934,-0.07794,-0.05531,0.54803,0.04239,0.15132,-0.4701,-0.12537,0.08871,0.05914
38.02,-0.02566,-0.0025,-0.23842,0.30803,-0.25156,-0.15377,0.6134,0.00769,-0.16177,-0.49161,0.15237,-0.0145,0.08523,-0.65876,-0.00193,1.6103,1.61247,0.20464,-0.01514,0.25504,0.6006,-0.15264,1.45218,-1.56679,0.20737,0.02088,0.63508,-0.17989,-0.17685,-0.49924,-0.1682,-0.07701,-0.05472,0.5418,0.0442,0.1536,-0.471,-0.12611,0.08957,0.05963
38.04,-0.02362,-0.00243,-0.23782,0.29597,-0.24702,-0.15236,0.60999,0.00941,-0.16264,-0.49903,0.15962,-0.0145,0.06559,-0.66303,-0.05576,1.60112,1.50602,0.06833,-0.01549,0.22048,0.61107,-0.09367,1.4513,-1.44644,0.04718,0.01823,0.6302,-0.17614,-0.16982,-0.4958,-0.16725,-0.07612,-0.05417,0.53525,0.04634,0.15705,-0.47211,-0.12673,0.09027,0.06001
38.06,-0.02159,-0.00232,-0.23726,0.28398,-0.24272,-0.15096,0.6072,0.01085,-0.16386,-0.50602,0.16695,-0.0145,0.0466,-0.66799,-0.10665,1.58835,1.41493,-0.0497,-0.01603,0.18882,0.62299,-0.03864,1.44615,-1.34467,-0.09156,0.01583,0.62577,-0.17269,-0.16452,-0.49261,-0.16621,-0.07523,-0.05361,0.52903,0.04834,0.16009,-0.47309,-0.12739,0.09103,0.06043
38.08,-0.0195,-0.00225,-0.23675,0.27134,-0.23767,-0.14957,0.60383,0.01247,-0.16466,-0.51377,0.17485,-0.0145,0.02524,-0.67331,-0.16006,1.57379,1.30544,-0.18287,-0.01549,0.15386,0.63596,0.02113,1.43968,-1.22223,-0.24929,0.01214,0.62057,-0.16911,-0.15875,-0.48918,-0.16517,-0.07425,-0.053,0.52202,0.05031,0.16269,-0.47423,-0.12809,0.09184,0.06089
38.1,-0.01753,-0.00212,-0.2361,0.26011,-0.23416,-0.14816,0.60139,0.01382,-0.16621,-0.52003,0.18146,-0.0145,0.0089,-0.67738,-0.20912,1.5651,1.22824,-0.29214,-0.0172,0.12487,0.6457,0.07216,1.43839,-1.13529,-0.37635,0.01113,0.61685,-0.16567,-0.15312,-0.48615,-0.16418,-0.07347,-0.05251,0.51658,0.05242,0.1664,-0.47507,-0.12869,0.0925,0.06125
38.12,-0.01585,-0.00182,-0.23516,0.25269,-0.235,-0.14667,0.6019,0.01424,-0.16994,-0.52229,0.18465,-0.0145,0.00587,-0.67916,-0.24714,1.57121,1.24902,-0.32719,-0.02557,0.11234,0.64834,0.09988,1.44955,-1.15693,-0.40896,0.018,0.61738,-0.16275,-0.14851,-0.48425,-0.1633,-0.07328,-0.05237,0.51544,0.05488,0.17345,-0.47493,-0.12904,0.0928,0.06135
38.14,-0.01429,-0.00145,-0.23409,0.2467,-0.23741,-0.14517,0.60335,0.01437,-0.17446,-0.52298,0.18658,-0.0145,0.00807,-0.6796,-0.28009,1.58289,1.30256,-0.33704,-0.03612,0.10625,0.64763,0.11807,1.46551,-1.21467,-0.40949,0.02748,0.61943,-0.16001,-0.14419,-0.48279,-0.16245,-0.07329,-0.05235,0.51589,0.05746,0.18148,-0.47448,-0.1293,0.09296,0.06136
38.16,-0.01269,-0.00112,-0.23306,0.2401,-0.23907,-0.1437,0.60428,0.01465,-0.17867,-0.52423,0.18909,-0.0145,0.00834,-0.68016,-0.31388,1.5916,1.33919,-0.3586,-0.04537,0.09806,0.64782,0.13899,1.47892,-1.25375,-0.42515,0.03549,0.62079,-0.1572,-0.13987,-0.48119,-0.16157,-0.0732,-0.05227,0.51566,0.05994,0.18871,-0.47422,-0.12961,0.09319,0.06142
38.18,-0.01104,-0.00077,-0.2321,0.23336,-0.24084,-0.14212,0.60558,0.01487,-0.18265,-0.52614,0.19155,-0.0145,0.00671,-0.68274,-0.35421,1.60238,1.38359,-0.38035,-0.05594,0.08623,0.65056,0.16694,1.49422,-1.3014,-0.43992,0.04476,0.62211,-0.15431,-0.13484,-0.4793,-0.16076,-0.07316,-0.05223,0.51525,0.0626,0.19747,-0.47377,-0.12986,0.09339,0.06143
38.2,-0.0095,-0.00044,-0.23096,0.22722,-0.24278,-0.14075,0.60634,0.01513,-0.18729,-0.52628,0.19382,-0.0145,0.01026,-0.68079,-0.37946,1.61016,1.4198,-0.39513,-0.06425,0.08352,0.64718,0.17785,1.50662,-1.34007,-0.44828,0.05197,0.62391,-0.15165,-0.13141,-0.47814,-0.15981,-0.07305,-0.05213,0.51559,0.06492,0.20328,-0.47365,-0.13022,0.09363,0.06153
38.22,-0.00827,-0.00016,-0.22939,0.22264,-0.2447,-0.14014,0.60528,0.01567,-0.19381,-0.52205,0.19593,-0.0145,0.0273,-0.66677,-0.36587,1.60727,1.42642,-0.398,-0.06623,0.10482,0.62816,0.14455,1.50954,-1.34614,-0.44792,0.05322,0.62646,-0.14958,-0.13231,-0.47864,-0.15854,-0.07264,-0.05181,0.51751,0.06631,0.20049,-0.47444,-0.1309,0.09404,0.06187
38.24,-0.00714,0.00011,-0.22763,0.21859,-0.24676,-0.13971,0.60367,0.01626,-0.20092,-0.51606,0.19789,-0.0145,0.04932,-0.64822,-0.337,1.60134,1.42369,-0.3943,-0.06579,0.13501,0.60301,0.09434,1.50939,-1.34202,-0.44175,0.05225,0.6295,-0.14773,-0.13484,-0.47989,-0.1571,-0.07214,-0.05143,0.52012,0.06734,0.19473,-0.4756,-0.13171,0.0945,0.0623
38.26,-0.00593,0.00037,-0.22593,0.21414,-0.24882,-0.13909,0.6024,0.01678,-0.20759,-0.51079,0.19988,-0.0145,0.06877,-0.63167,-0.31407,1.59744,1.42452,-0.39272,-0.06616,0.16088,0.58036,0.05151,1.51078,-1.34184,-0.43741,0.05203,0.63247,-0.14578,-0.13664,-0.48094,-0.15569,-0.07171,-0.05109,0.52248,0.06851,0.19048,-0.47664,-0.13247,0.09494,0.06269
38.28,-0.00485,0.00068,-0.22435,0.21036,-0.25068,-0.13895,0.60082,0.0175,-0.21502,-0.5058,0.20201,-0.0145,0.08965,-0.61532,-0.29512,1.59097,1.42893,-0.39409,-0.06777,0.18817,0.55879,0.00955,1.51172,-1.34522,-0.43567,0.05293,0.63483,-0.14384,-0.13836,-0.48138,-0.15448,-0.07118,-0.0507,0.52467,0.0698,0.18562,-0.47747,-0.13318,0.09537,0.06308
38.3,-0.00353,0.00089,-0.22247,0.20532,-0.25295,-0.13783,0.59972,0.01783,-0.221,-0.49985,0.20381,-0.0145,0.10871,-0.5975,-0.26442,1.58911,1.42383,-0.38786,-0.06626,0.21448,0.53357,-0.03799,1.51284,-1.33904,-0.42721,0.05102,0.63855,-0.14194,-0.14066,-0.48327,-0.15283,-0.07082,-0.05039,0.52733,0.07076,0.1813,-0.47883,-0.13402,0.09584,0.0635
38.32,-0.00158,0.00085,-0.21986,0.19648,-0.25633,-0.13403,0.60013,0.01708,-0.22285,-0.49165,0.20474,-0.0145,0.12119,-0.5766,-0.20406,1.60017,1.38931,-0.3643,-0.05633,0.23632,0.49958,-0.0978,1.51462,-1.30221,-0.40489,0.04132,0.64607,-0.14011,-0.14386,-0.48907,-0.1499,-0.07096,-0.05031,0.53122,0.0709,0.17927,-0.4815,-0.13516,0.09646,0.06397
38.34,0.00062,0.00071,-0.21694,0.18638,-0.26011,-0.12923,0.60103,0.01595,-0.22322,-0.48258,0.20535,-0.0145,0.13168,-0.55442,-0.13263,1.61603,1.3463,-0.33312,-0.04342,0.25675,0.46218,-0.16237,1.51674,-1.25704,-0.37568,0.02897,0.65491,-0.1383,-0.14761,-0.49628,-0.14654,-0.07126,-0.05031,0.53554,0.07074,0.17785,-0.48471,-0.13644,0.09713,0.06446
38.36,0.00274,0.00062,-0.21412,0.17698,-0.26369,-0.12486,0.60168,0.015,-0.22427,-0.47394,0.20612,-0.0145,0.1433,-0.5329,-0.06681,1.63006,1.31069,-0.30416,-0.03211,0.27751,0.42644,-0.2241,1.51906,-1.22014,-0.34755,0.01819,0.66304,-0.13648,-0.15132,-0.50279,-0.14344,-0.07148,-0.05027,0.5396,0.07072,0.17609,-0.48773,-0.13766,0.09778,0.06494
38.38,0.00472,0.00053,-0.21148,0.16707,-0.26737,-0.12059,0.60243,0.01404,-0.22531,-0.46509,0.20682,-0.0145,0.15421,-0.51084,0.00221,1.64262,1.26022,-0.27998,-0.01966,0.29989,0.38992,-0.28944,1.51983,-1.16462,-0.32745,0.00579,0.67163,-0.13468,-0.1543,-0.50958,-0.14006,-0.07173,-0.05023,0.54396,0.07066,0.17454,-0.49055,-0.13884,0.09841,0.06542
38.4,0.00706,0.00042,-0.20839,0.15791,-0.27093,-0.11587,0.6031,0.01301,-0.22602,-0.45651,0.2076,-0.0145,0.166,-0.48973,0.06669,1.65928,1.23831,-0.2444,-0.00895,0.31847,0.35442,-0.34797,1.5239,-1.14525,-0.28955,-0.00382,0.67957,-0.13282,-0.15881,-0.51609,-0.13716,-0.07195,-0.0502,0.54779,0.07064,0.17271,-0.49389,-0.14015,0.09908,0.06591
38.42,0.01033,0.00027,-0.20421,0.15112,-0.27402,-0.11003,0.60325,0.01187,-0.22613,-0.44877,0.2087,-0.0145,0.18119,-0.47108,0.11845,1.68712,1.30154,-0.17713,-0.00351,0.32669,0.32165,-0.38827,1.53738,-1.23424,-0.20014,-0.00518,0.68556,-0.13105,-0.16824,-0.52172,-0.13571,-0.072,-0.05015,0.54997,0.07064,0.17004,-0.49856,-0.14184,0.09984,0.0664
38.44,0.01396,0.00011,-0.19957,0.14513,-0.27699,-0.10378,0.60331,0.01069,-0.22596,-0.44139,0.20988,-0.0145,0.19723,-0.45358,0.16471,1.71873,1.39303,-0.09922,-1e-05,0.33113,0.29026,-0.42113,1.55411,-1.35869,-0.09396,-0.00362,0.6908,-0.12917,-0.17906,-0.52696,-0.13475,-0.072,-0.0501,0.5516,0.07075,0.16708,-0.50373,-0.14366,0.10062,0.0669
38.46,0.01743,-2e-05,-0.19509,0.1388,-0.28006,-0.09779,0.60353,0.00953,-0.22593,-0.43395,0.211,-0.0145,0.21252,-0.43589,0.21174,1.74795,1.46896,-0.0274,0.00415,0.33741,0.25883,-0.45618,1.56912,-1.46269,0.00203,-0.00332,0.69628,-0.12715,-0.18867,-0.53223,-0.13356,-0.07204,-0.05007,0.55354,0.07096,0.16423,-0.50866,-0.14542,0.10137,0.06739
38.48,0.02088,-0.00025,-0.19079,0.13234,-0.28298,-0.09146,0.6033,0.00833,-0.2258,-0.42598,0.21219,-0.0145,0.2292,-0.41666,0.26647,1.78022,1.55623,0.05057,0.00933,0.34314,0.22465,-0.49651,1.58517,-1.58478,0.10962,-0.00339,0.70227,-0.12591,-0.20067,-0.5382,-0.13241,-0.072,-0.04998,0.55529,0.07053,0.16149,-0.51368,-0.14719,0.10218,0.0679
38.5,0.02447,-0.00027,-0.18601,0.12635,-0.28616,-0.08575,0.60395,0.00722,-0.22582,-0.41926,0.21327,-0.0145,0.24329,-0.40102,0.3037,1.80694,1.62649,0.11743,0.0119,0.34915,0.19674,-0.52393,1.59981,-1.67762,0.19629,-0.00198,0.70696,-0.12303,-0.20811,-0.54256,-0.13128,-0.07211,-0.04999,0.55726,0.07145,0.15844,-0.5186,-0.14897,0.10288,0.06837
38.52,0.02837,0.0003,-0.18003,0.12146,-0.29037,-0.08176,0.60727,0.00633,-0.22628,-0.41549,0.21413,-0.0145,0.24952,-0.3943,0.29382,1.81755,1.64501,0.15722,0.00769,0.35685,0.18444,-0.51819,1.60978,-1.68227,0.22697,0.00299,0.70862,-0.11554,-0.2017,-0.54288,-0.13004,-0.07275,-0.05029,0.56025,0.07599,0.1546,-0.52319,-0.15073,0.10327,0.06869
38.54,0.03239,0.0011,-0.17356,0.11703,-0.29482,-0.07842,0.61146,0.00555,-0.2269,-0.41303,0.21486,-0.0145,0.25323,-0.39129,0.26647,1.8224,1.64519,0.18437,0.0009,0.36499,0.17868,-0.49958,1.61821,-1.65625,0.23501,0.00933,0.70893,-0.10642,-0.1908,-0.54154,-0.1288,-0.07353,-0.05067,0.56344,0.08189,0.15045,-0.52763,-0.1525,0.10355,0.06897
38.56,0.03633,0.0018,-0.16728,0.11241,-0.299,-0.07482,0.61512,0.00477,-0.22748,-0.41022,0.21558,-0.0145,0.25841,-0.38703,0.24715,1.82974,1.6522,0.21306,-0.0047,0.37296,0.17087,-0.48644,1.62733,-1.64334,0.24937,0.01493,0.70961,-0.0981,-0.18257,-0.54075,-0.12756,-0.07418,-0.05097,0.56635,0.08723,0.14645,-0.53205,-0.15428,0.10388,0.06927
38.58,0.04038,0.00247,-0.16111,0.10773,-0.30384,-0.07104,0.61932,0.00378,-0.22794,-0.40639,0.21658,-0.0145,0.2622,-0.38095,0.22727,1.83767,1.66599,0.25946,-0.01042,0.38065,0.15925,-0.47469,1.63659,-1.63454,0.28056,0.0211,0.7113,-0.0895,-0.1718,-0.54082,-0.12632,-0.0751,-0.05144,0.56998,0.09233,0.14245,-0.53685,-0.15599,0.10422,0.06957
38.6,0.04422,0.00326,-0.15461,0.10328,-0.30738,-0.06779,0.62261,0.00324,-0.22866,-0.40498,0.21699,-0.0145,0.26832,-0.37957,0.20448,1.84308,1.66166,0.26637,-0.01649,0.38911,0.15707,-0.45704,1.64518,-1.61018,0.27176,0.02643,0.71059,-0.0811,-0.16516,-0.53871,-0.12508,-0.07549,-0.05159,0.57222,0.09824,0.13834,-0.54085,-0.15786,0.10449,0.06985
38.62,0.04752,0.0044,-0.14731,0.09919,-0.30721,-0.066,0.62321,0.00396,-0.23025,-0.4102,0.21576,-0.0145,0.28104,-0.38984,0.17808,1.84182,1.60551,0.16237,-0.02265,0.39941,0.17965,-0.42661,1.6519,-1.54367,0.1522,0.02869,0.70339,-0.07362,-0.17163,-0.53083,-0.12376,-0.07428,-0.05082,0.57026,0.10627,0.13437,-0.54233,-0.16012,0.10462,0.07006
38.64,0.0506,0.00566,-0.13969,0.09534,-0.30576,-0.06469,0.62286,0.00512,-0.23205,-0.41778,0.21395,-0.0145,0.29625,-0.40478,0.14938,1.83838,1.53275,0.01991,-0.02908,0.41051,0.21144,-0.39071,1.65802,-1.46356,-0.00581,0.03014,0.69386,-0.06641,-0.18229,-0.52084,-0.12244,-0.07254,-0.04973,0.56695,0.11503,0.13026,-0.54308,-0.16256,0.10469,0.07024
38.66,0.05376,0.00685,-0.13222,0.09147,-0.30496,-0.06307,0.6229,0.00602,-0.2336,-0.42411,0.21244,-0.0145,0.31063,-0.41785,0.12163,1.83669,1.47162,-0.10173,-0.03553,0.4214,0.23886,-0.35708,1.66464,-1.39402,-0.14246,0.03226,0.68553,-0.05909,-0.19063,-0.51193,-0.12113,-0.07108,-0.04881,0.56445,0.12329,0.12597,-0.54438,-0.16497,0.10479,0.07044
38.68,0.05701,0.00811,-0.12469,0.08721,-0.30384,-0.06184,0.62313,0.00715,-0.23579,-0.43123,0.2108,-0.0145,0.32375,-0.43002,0.09355,1.83172,1.39284,-0.23782,-0.04151,0.43169,0.26734,-0.32373,1.67029,-1.30527,-0.29629,0.03319,0.67655,-0.05166,-0.20056,-0.50245,-0.11976,-0.06944,-0.04778,0.56109,0.13227,0.12262,-0.54474,-0.16719,0.10487,0.07062
38.7,0.06002,0.00923,-0.11723,0.08383,-0.3031,-0.05992,0.62274,0.00792,-0.23672,-0.43725,0.20928,-0.0145,0.33998,-0.44506,0.06598,1.833,1.34687,-0.35289,-0.04848,0.44336,0.29566,-0.28889,1.67777,-1.25322,-0.42319,0.03632,0.6684,-0.04454,-0.20823,-0.49367,-0.11853,-0.06806,-0.04691,0.55924,0.13995,0.11739,-0.54691,-0.16982,0.10496,0.07083
38.72,0.06245,0.00993,-0.10999,0.0827,-0.30373,-0.05586,0.6208,0.0076,-0.23395,-0.4396,0.20829,-0.0145,0.36535,-0.46733,0.03935,1.8532,1.39746,-0.39958,-0.05834,0.45913,0.32184,-0.24947,1.69119,-1.3101,-0.46595,0.04618,0.66307,-0.03819,-0.20862,-0.48728,-0.11767,-0.06745,-0.04657,0.56175,0.14358,0.10588,-0.55408,-0.17377,0.10512,0.07119
38.74,0.06464,0.01046,-0.10285,0.08246,-0.30478,-0.05109,0.61827,0.00692,-0.22992,-0.44076,0.20743,-0.0145,0.39356,-0.49218,0.0136,1.87955,1.48127,-0.42384,-0.06913,0.47613,0.34739,-0.20916,1.70635,-1.40374,-0.4802,0.05817,0.65867,-0.03217,-0.20662,-0.48167,-0.11695,-0.06711,-0.04641,0.56586,0.14592,0.09266,-0.56314,-0.17811,0.10527,0.07156
38.76,0.06692,0.01107,-0.0957,0.08188,-0.30562,-0.0467,0.61605,0.00644,-0.22658,-0.44251,0.20647,-0.0145,0.41973,-0.51554,-0.01181,1.90238,1.54884,-0.45901,-0.07937,0.49225,0.37288,-0.17051,1.72029,-1.47791,-0.50763,0.06888,0.65386,-0.02603,-0.20574,-0.47574,-0.11617,-0.06668,-0.04617,0.56934,0.14908,0.08096,-0.57147,-0.18214,0.10539,0.0719
38.78,0.06926,0.0117,-0.08839,0.08104,-0.30651,-0.0421,0.61362,0.00583,-0.22278,-0.44417,0.20568,-0.0145,0.44919,-0.54048,-0.04049,1.92829,1.62103,-0.49277,-0.09023,0.50983,0.40025,-0.12633,1.73609,-1.56327,-0.53555,0.08089,0.6489,-0.01978,-0.20484,-0.46961,-0.11536,-0.06614,-0.04589,0.57235,0.15133,0.06621,-0.57924,-0.18671,0.10563,0.07235
38.8,0.07143,0.01222,-0.08145,0.08095,-0.3074,-0.03776,0.61149,0.00539,-0.21962,-0.44567,0.20456,-0.0145,0.47238,-0.56259,-0.06205,1.94916,1.6912,-0.52329,-0.09995,0.52456,0.42331,-0.09358,1.74832,-1.63421,-0.55511,0.0907,0.64451,-0.01384,-0.20339,-0.46411,-0.11466,-0.06587,-0.04575,0.57675,0.1551,0.05731,-0.5886,-0.19025,0.10563,0.07258
38.82,0.0732,0.01251,-0.07544,0.08276,-0.30824,-0.03432,0.61034,0.00553,-0.21854,-0.44709,0.20259,-0.0145,0.47821,-0.57716,-0.06468,1.95551,1.75215,-0.55303,-0.10676,0.53179,0.4357,-0.09213,1.7513,-1.65672,-0.55876,0.094,0.64143,-0.00856,-0.20075,-0.4601,-0.11429,-0.06632,-0.04594,0.58469,0.16374,0.06559,-0.60215,-0.1909,0.10495,0.07219
38.84,0.07482,0.0127,-0.06981,0.08528,-0.30907,-0.03115,0.60952,0.00584,-0.21814,-0.44834,0.20029,-0.0145,0.47754,-0.58861,-0.06004,1.95643,1.80917,-0.57956,-0.11229,0.53598,0.44352,-0.10236,1.75046,-1.66347,-0.55465,0.09498,0.63889,-0.00362,-0.19767,-0.45673,-0.11404,-0.06702,-0.04626,0.59398,0.17386,0.0797,-0.61718,-0.1905,0.10404,0.07159
38.86,0.0765,0.01292,-0.06406,0.08745,-0.30987,-0.02785,0.60855,0.00605,-0.21743,-0.44959,0.19809,-0.0145,0.47939,-0.60085,-0.05839,1.95924,1.8651,-0.60566,-0.11812,0.5411,0.45266,-0.10759,1.75067,-1.67725,-0.55389,0.09697,0.6361,0.00138,-0.19496,-0.45314,-0.11372,-0.06758,-0.04651,0.60259,0.18305,0.09068,-0.63138,-0.19056,0.10326,0.07109
38.88,0.0782,0.01318,-0.05811,0.08977,-0.31083,-0.02457,0.60752,0.00632,-0.21668,-0.45113,0.19606,-0.0145,0.48308,-0.61582,-0.0581,1.96464,1.93426,-0.63914,-0.12523,0.54816,0.46499,-0.11144,1.75374,-1.69284,-0.55334,0.09928,0.63334,0.0068,-0.1915,-0.44926,-0.11344,-0.06827,-0.04683,0.61151,0.1933,0.10356,-0.64634,-0.1907,0.1024,0.07055
38.9,0.07984,0.01334,-0.05265,0.09192,-0.31146,-0.02132,0.60673,0.00652,-0.21619,-0.45203,0.19362,-0.0145,0.48148,-0.62437,-0.05317,1.96334,1.97459,-0.65655,-0.12928,0.55047,0.4696,-0.12098,1.75002,-1.70045,-0.55033,0.10026,0.63068,0.01125,-0.18949,-0.44613,-0.11312,-0.06875,-0.04704,0.6201,0.20172,0.11395,-0.65997,-0.19041,0.10163,0.07005
38.92,0.08133,0.01328,-0.04837,0.09346,-0.31097,-0.01815,0.60628,0.0066,-0.21625,-0.45121,0.19011,-0.0145,0.46583,-0.61557,-0.03826,1.94436,1.93554,-0.63229,-0.12594,0.53999,0.45398,-0.14302,1.72785,-1.6896,-0.54721,0.09901,0.6279,0.01314,-0.19184,-0.44487,-0.11261,-0.06853,-0.04692,0.62731,0.20474,0.11556,-0.67016,-0.18928,0.1012,0.06974
38.94,0.08277,0.01312,-0.04457,0.0948,-0.31018,-0.01501,0.6061,0.0066,-0.21653,-0.44976,0.18622,-0.0145,0.44529,-0.60048,-0.01877,1.91892,1.8677,-0.59175,-0.11946,0.52493,0.43078,-0.17042,1.69912,-1.67116,-0.54118,0.09636,0.62525,0.01405,-0.19564,-0.44434,-0.11205,-0.0681,-0.04669,0.63416,0.20588,0.11456,-0.67883,-0.18773,0.10086,0.06948
38.96,0.08423,0.01302,-0.04059,0.09622,-0.30967,-0.01183,0.60596,0.00659,-0.21671,-0.44862,0.18252,-0.0145,0.4276,-0.58849,-0.00068,1.89674,1.81325,-0.55745,-0.11389,0.51219,0.41106,-0.19561,1.67378,-1.65617,-0.53337,0.09373,0.62275,0.01537,-0.19863,-0.44349,-0.11152,-0.06779,-0.04652,0.6413,0.2079,0.11509,-0.68777,-0.1863,0.10045,0.06918
38.98,0.08569,0.01288,-0.03645,0.09771,-0.30857,-0.00876,0.60519,0.00676,-0.21695,-0.44738,0.17871,-0.0145,0.40689,-0.57536,0.01485,1.87294,1.75699,-0.52778,-0.11034,0.4982,0.39095,-0.22033,1.64645,-1.64054,-0.53808,0.09351,0.61944,0.01683,-0.20222,-0.4426,-0.11096,-0.06738,-0.0463,0.64799,0.2099,0.11439,-0.69853,-0.18515,0.10017,0.06897
39,0.08713,0.0128,-0.03275,0.09899,-0.30862,-0.00548,0.60576,0.00654,-0.21708,-0.4462,0.17505,-0.0145,0.39156,-0.56319,0.03661,1.85114,1.69823,-0.48481,-0.10201,0.48591,0.37001,-0.24708,1.62191,-1.6248,-0.51651,0.08812,0.6178,0.01778,-0.20493,-0.44196,-0.11046,-0.06713,-0.04616,0.65547,0.21146,0.11552,-0.70513,-0.18333,0.09964,0.06858
39.02,0.0885,0.01293,-0.03011,0.09977,-0.31211,-0.0016,0.61011,0.00522,-0.21694,-0.44538,0.17171,-0.0145,0.39084,-0.55475,0.07524,1.83564,1.63493,-0.4078,-0.0799,0.47829,0.34801,-0.27854,1.60531,-1.60917,-0.4198,0.06726,0.62099,0.0176,-0.20475,-0.44183,-0.11015,-0.06735,-0.04628,0.66549,0.21235,0.12271,-0.70066,-0.17966,0.09839,0.06765
39.04,0.08984,0.01314,-0.02789,0.10032,-0.31674,0.00248,0.61576,0.00352,-0.21665,-0.44464,0.16856,-0.0145,0.39599,-0.54759,0.11979,1.82254,1.57089,-0.31832,-0.05334,0.47277,0.32559,-0.31169,1.59199,-1.59397,-0.29746,0.04152,0.62581,0.01695,-0.20365,-0.44194,-0.10991,-0.06774,-0.04648,0.67626,0.21285,0.13172,-0.69206,-0.17536,0.09689,0.06654
39.06,0.09119,0.0133,-0.0255,0.10093,-0.32074,0.00644,0.62071,0.00203,-0.21635,-0.44382,0.16545,-0.0145,0.39943,-0.54017,0.16113,1.80891,1.51041,-0.23532,-0.02972,0.46703,0.30379,-0.34376,1.57806,-1.57965,-0.18894,0.01902,0.62972,0.0165,-0.20303,-0.44195,-0.10963,-0.06803,-0.04663,0.68649,0.21348,0.13966,-0.68534,-0.17142,0.09552,0.06553
39.08,0.09253,0.01349,-0.02303,0.10173,-0.32522,0.01053,0.62615,0.00039,-0.21638,-0.44311,0.16181,-0.0145,0.39865,-0.53122,0.20493,1.79269,1.43575,-0.14795,-0.00216,0.45799,0.27989,-0.37748,1.5602,-1.56077,-0.07082,-0.00781,0.63437,0.01604,-0.20219,-0.44194,-0.10938,-0.06839,-0.04682,0.69754,0.21427,0.14862,-0.67854,-0.16712,0.0941,0.06446
39.1,0.09389,0.01365,-0.02083,0.10207,-0.32897,0.01439,0.63087,-0.00102,-0.21567,-0.44224,0.15929,-0.0145,0.40812,-0.52581,0.24483,1.78248,1.39027,-0.06737,0.01827,0.45644,0.26041,-0.40794,1.55136,-1.55128,0.03296,-0.02683,0.63783,0.01553,-0.20157,-0.44201,-0.10909,-0.06866,-0.04695,0.70706,0.21464,0.15585,-0.67099,-0.16346,0.09272,0.06346
39.12,0.09528,0.01372,-0.01924,0.10125,-0.33059,0.01766,0.63328,-0.00169,-0.21301,-0.44071,0.16,-0.0145,0.44459,-0.53027,0.27352,1.78868,1.43064,-0.00496,0.01743,0.47438,0.25295,-0.43021,1.56711,-1.5703,0.09426,-0.02233,0.63778,0.01491,-0.20172,-0.44232,-0.10868,-0.06865,-0.04688,0.71241,0.21405,0.15839,-0.66207,-0.16164,0.09146,0.06262
39.14,0.09668,0.01376,-0.0179,0.09995,-0.33143,0.02069,0.63492,-0.0021,-0.20961,-0.43904,0.16179,-0.0145,0.49114,-0.53821,0.29787,1.8008,1.49962,0.04946,0.00935,0.49991,0.25006,-0.44889,1.59176,-1.59832,0.13963,-0.00991,0.63644,0.01427,-0.20213,-0.4427,-0.10824,-0.06855,-0.04675,0.71616,0.21305,0.15906,-0.65262,-0.16051,0.09027,0.06186
39.16,0.09809,0.01382,-0.01647,0.0988,-0.33253,0.02377,0.63691,-0.0026,-0.20653,-0.43758,0.16299,-0.0145,0.53304,-0.54434,0.32354,1.80996,1.55226,0.10502,0.00488,0.52244,0.24532,-0.46837,1.61208,-1.62046,0.19001,-0.00161,0.63556,0.01368,-0.20244,-0.44301,-0.10782,-0.06849,-0.04664,0.72049,0.2122,0.16025,-0.64362,-0.15914,0.08908,0.06109
39.18,0.09946,0.01386,-0.01499,0.0979,-0.33406,0.02709,0.63893,-0.00322,-0.20351,-0.43553,0.16464,-0.0145,0.57554,-0.55149,0.35221,1.8203,1.61884,0.17142,-0.00079,0.54323,0.23957,-0.49141,1.63379,-1.65008,0.25056,0.00867,0.63524,0.01291,-0.20262,-0.44347,-0.10738,-0.06847,-0.04655,0.72545,0.21148,0.16283,-0.63357,-0.15745,0.08772,0.06021
39.2,0.1009,0.01393,-0.01366,0.09639,-0.33449,0.02986,0.64069,-0.00353,-0.2002,-0.43465,0.16559,-0.0145,0.61897,-0.55733,0.37349,1.82961,1.66335,0.21333,-0.00571,0.56932,0.23704,-0.50618,1.65461,-1.66636,0.28598,0.0168,0.63343,0.01251,-0.20317,-0.44363,-0.10696,-0.06832,-0.04641,0.72873,0.21042,0.16212,-0.62565,-0.1566,0.08673,0.05958
39.22,0.10251,0.01404,-0.01267,0.0932,-0.33207,0.03119,0.64185,-0.00299,-0.19618,-0.43717,0.16441,-0.0145,0.66366,-0.55854,0.37555,1.83426,1.63861,0.18823,-0.00719,0.60902,0.24209,-0.4989,1.67118,-1.64267,0.25436,0.01685,0.62775,0.01326,-0.20439,-0.44291,-0.10662,-0.06789,-0.04617,0.72778,0.20829,0.15203,-0.62363,-0.15794,0.08673,0.05968
39.24,0.10418,0.01418,-0.01184,0.08944,-0.32858,0.03197,0.64276,-0.00215,-0.19192,-0.44085,0.16248,-0.0145,0.70866,-0.55833,0.37026,1.83774,1.59098,0.139,-0.00762,0.6536,0.25027,-0.48343,1.68647,-1.60545,0.19821,0.01453,0.62061,0.01438,-0.20602,-0.44188,-0.10631,-0.06733,-0.04589,0.7252,0.20587,0.13879,-0.62382,-0.16009,0.08708,0.06003
39.26,0.10582,0.0143,-0.01095,0.086,-0.32559,0.03299,0.6438,-0.00146,-0.18784,-0.44392,0.16087,-0.0145,0.75276,-0.55884,0.36823,1.842,1.55461,0.1016,-0.00824,0.69543,0.25716,-0.47176,1.70208,-1.575,0.15414,0.01347,0.61415,0.01525,-0.20766,-0.44102,-0.10597,-0.06681,-0.04561,0.72335,0.2037,0.12746,-0.6231,-0.16183,0.08726,0.06025
39.28,0.10745,0.01443,-0.01002,0.08225,-0.32247,0.03402,0.64474,-0.00069,-0.18342,-0.4473,0.15938,-0.0145,0.80052,-0.55914,0.36643,1.84545,1.51537,0.06012,-0.01022,0.73991,0.26362,-0.45963,1.7191,-1.54213,0.10544,0.0119,0.60754,0.01642,-0.20849,-0.44005,-0.10566,-0.06635,-0.04538,0.72148,0.201,0.11408,-0.62195,-0.16378,0.08751,0.06053
39.3,0.10913,0.01456,-0.0092,0.07904,-0.31941,0.0349,0.64585,-3e-05,-0.17966,-0.45033,0.15746,-0.0145,0.84045,-0.55951,0.36245,1.85019,1.47659,0.02169,-0.00916,0.77977,0.27168,-0.4466,1.73275,-1.51113,0.06094,0.01074,0.60095,0.01708,-0.21105,-0.43923,-0.10532,-0.06574,-0.04505,0.7193,0.19935,0.10422,-0.62223,-0.16547,0.0877,0.06075
39.32,0.11098,0.01469,-0.00861,0.07737,-0.31672,0.03551,0.64747,0.00021,-0.17778,-0.4521,0.15443,-0.0145,0.85982,-0.56033,0.35422,1.85888,1.44205,-0.00397,0.00119,0.80693,0.28328,-0.43274,1.7373,-1.48729,0.03265,0.01115,0.59464,0.01622,-0.21888,-0.43892,-0.10484,-0.06466,-0.04444,0.71658,0.20076,0.10506,-0.62597,-0.16623,0.08766,0.06076
39.34,0.11288,0.01482,-0.00813,0.07629,-0.31415,0.03598,0.64926,0.00031,-0.17659,-0.45347,0.151,-0.0145,0.87101,-0.56127,0.34408,1.86881,1.40909,-0.02542,0.01438,0.829,0.29636,-0.41833,1.73842,-1.46601,0.00977,0.01204,0.58845,0.01485,-0.22832,-0.43878,-0.10433,-0.06344,-0.04375,0.71364,0.20321,0.10952,-0.63106,-0.1667,0.08756,0.06069
39.36,0.11474,0.01495,-0.00761,0.07499,-0.31159,0.03651,0.65098,0.00047,-0.17509,-0.455,0.14778,-0.0145,0.88516,-0.56222,0.33485,1.8781,1.37705,-0.04776,0.02551,0.85257,0.30878,-0.40441,1.74116,-1.44441,-0.01461,0.01275,0.58234,0.01377,-0.23663,-0.43855,-0.10386,-0.06234,-0.04313,0.71089,0.20513,0.1122,-0.6355,-0.1673,0.08748,0.06066
39.38,0.11668,0.01508,-0.00706,0.07346,-0.30871,0.03701,0.65268,0.00066,-0.17355,-0.45666,0.14439,-0.0145,0.90261,-0.56287,0.3252,1.88782,1.33743,-0.07524,0.03987,0.87978,0.32127,-0.38918,1.74376,-1.41886,-0.04393,0.01322,0.57564,0.01247,-0.24661,-0.43833,-0.10331,-0.06103,-0.04238,0.70771,0.20732,0.11534,-0.64018,-0.16792,0.08743,0.06063
39.4,0.11845,0.01521,-0.00659,0.07257,-0.30653,0.03756,0.65447,0.00075,-0.17227,-0.45796,0.14129,-0.0145,0.91115,-0.56417,0.31605,1.89678,1.31413,-0.0907,0.04823,0.89808,0.33392,-0.37666,1.74566,-1.40223,-0.06131,0.01432,0.5702,0.0115,-0.25353,-0.43816,-0.1029,-0.06011,-0.04186,0.7054,0.20918,0.11841,-0.64464,-0.16842,0.08731,0.06058
39.42,0.11973,0.01538,-0.00634,0.07329,-0.30626,0.03829,0.65656,0.00059,-0.17156,-0.45833,0.13904,-0.0145,0.89779,-0.56725,0.3088,1.90476,1.33677,-0.07413,0.03867,0.89354,0.34671,-0.37166,1.74805,-1.41027,-0.04749,0.01702,0.56826,0.01167,-0.25117,-0.43809,-0.10285,-0.06032,-0.04204,0.70563,0.20998,0.12057,-0.64821,-0.16862,0.08703,0.06044
39.44,0.12082,0.01555,-0.00618,0.07463,-0.30667,0.03907,0.65874,0.00032,-0.17109,-0.45836,0.13711,-0.0145,0.87564,-0.57096,0.30215,1.91166,1.37562,-0.04556,0.0231,0.88012,0.35959,-0.36946,1.74954,-1.4271,-0.02175,0.02032,0.56758,0.01218,-0.24574,-0.43807,-0.10293,-0.06091,-0.04244,0.70675,0.21041,0.12251,-0.65149,-0.1687,0.08669,0.06028
39.46,0.12199,0.01571,-0.00598,0.07568,-0.30675,0.03982,0.66084,0.00011,-0.1705,-0.45858,0.13505,-0.0145,0.85703,-0.57436,0.29525,1.91816,1.40643,-0.02212,0.01069,0.8704,0.37239,-0.36607,1.75045,-1.43962,-0.00088,0.02336,0.56632,0.01246,-0.24202,-0.43804,-0.10294,-0.0613,-0.04272,0.70744,0.21093,0.12443,-0.65485,-0.16884,0.0864,0.06014
39.48,0.12322,0.01589,-0.00576,0.07679,-0.30695,0.04058,0.66315,-0.00013,-0.16996,-0.45867,0.13291,-0.0145,0.83999,-0.57786,0.28818,1.92855,1.44037,0.00051,-0.00348,0.86184,0.38541,-0.36233,1.75551,-1.45377,0.01836,0.02642,0.56511,0.01302,-0.23707,-0.43797,-0.10298,-0.0618,-0.04307,0.70825,0.21179,0.12697,-0.65847,-0.16893,0.08601,0.05995
39.5,0.12425,0.01603,-0.00561,0.07791,-0.30705,0.04133,0.66501,-0.00034,-0.16939,-0.45894,0.13101,-0.0145,0.8178,-0.58131,0.28164,1.93046,1.47133,0.0271,-0.0154,0.8489,0.39795,-0.35998,1.75166,-1.46633,0.04314,0.02949,0.56409,0.01311,-0.23388,-0.43797,-0.10299,-0.06217,-0.04333,0.709,0.21186,0.12814,-0.66145,-0.16912,0.0858,0.05986
39.52,0.12477,0.01607,-0.00564,0.07894,-0.30686,0.04213,0.66575,-0.00054,-0.16863,-0.45978,0.12976,-0.0145,0.78278,-0.58453,0.27627,1.91013,1.49262,0.06629,-0.01993,0.82548,0.4094,-0.36067,1.72435,-1.47453,0.08565,0.03312,0.56338,0.01165,-0.23679,-0.43823,-0.10284,-0.06208,-0.04323,0.70952,0.20973,0.12543,-0.66282,-0.16969,0.08611,0.06006
39.54,0.12509,0.01607,-0.00573,0.07994,-0.30653,0.04289,0.66601,-0.00069,-0.16786,-0.46082,0.12874,-0.0145,0.7431,-0.58768,0.27142,1.88119,1.50994,0.10821,-0.02196,0.7981,0.42031,-0.36264,1.68802,-1.48049,0.13236,0.03662,0.56279,0.00974,-0.24148,-0.43853,-0.10266,-0.06186,-0.04303,0.70991,0.20685,0.12134,-0.66352,-0.17036,0.08658,0.06036
39.56,0.12548,0.01608,-0.00579,0.08091,-0.30616,0.0436,0.66641,-0.0008,-0.16715,-0.4618,0.12758,-0.0145,0.70611,-0.59083,0.26644,1.85552,1.52731,0.14576,-0.02492,0.77295,0.43127,-0.36412,1.65515,-1.48596,0.17353,0.03968,0.56206,0.00818,-0.24503,-0.43875,-0.10251,-0.06173,-0.0429,0.71024,0.2044,0.11794,-0.66446,-0.17097,0.08697,0.06061
39.58,0.12593,0.0161,-0.00586,0.08206,-0.30622,0.04461,0.66717,-0.00117,-0.1662,-0.46265,0.12657,-0.0145,0.66634,-0.59411,0.26113,1.83229,1.55234,0.19673,-0.02888,0.74571,0.44306,-0.36546,1.6247,-1.49782,0.23022,0.04474,0.56175,0.00605,-0.24986,-0.43924,-0.10229,-0.0615,-0.0427,0.7111,0.20153,0.11427,-0.66566,-0.17166,0.0874,0.06088
39.6,0.12621,0.01611,-0.00592,0.08283,-0.30536,0.045,0.66704,-0.00099,-0.16575,-0.46381,0.12529,-0.0145,0.63143,-0.59711,0.25652,1.80226,1.56064,0.22051,-0.03019,0.72195,0.45298,-0.36716,1.58741,-1.49609,0.25572,0.04574,0.56059,0.00497,-0.2525,-0.43917,-0.10221,-0.06143,-0.04261,0.71084,0.19938,0.11086,-0.66617,-0.17221,0.08778,0.06113
39.62,0.12609,0.01611,-0.00595,0.0825,-0.30176,0.04362,0.66458,0.00071,-0.16665,-0.46601,0.12324,-0.0145,0.61065,-0.5994,0.25459,1.75279,1.52032,0.16623,-0.02377,0.70936,0.45799,-0.3713,1.53045,-1.45406,0.19135,0.03423,0.55683,0.00701,-0.2484,-0.43748,-0.10251,-0.06182,-0.04287,0.70733,0.19942,0.10837,-0.66496,-0.17232,0.08801,0.06127
39.64,0.1258,0.0161,-0.00596,0.08179,-0.29725,0.04165,0.66122,0.00295,-0.16806,-0.46849,0.12089,-0.0145,0.59507,-0.6014,0.25321,1.69729,1.46381,0.08488,-0.01491,0.70035,0.46113,-0.37546,1.46748,-1.39897,0.09591,0.01885,0.55225,0.01009,-0.24209,-0.43524,-0.10295,-0.06237,-0.04325,0.70273,0.20022,0.10621,-0.66309,-0.17229,0.08818,0.06137
39.66,0.12559,0.01611,-0.00598,0.08127,-0.29329,0.04001,0.65826,0.00492,-0.16926,-0.47071,0.11865,-0.0145,0.57743,-0.60348,0.25099,1.64637,1.41684,0.01734,-0.00781,0.68936,0.46506,-0.37841,1.40924,-1.35206,0.01642,0.00613,0.54817,0.0126,-0.23694,-0.43328,-0.10332,-0.06283,-0.04357,0.69875,0.20065,0.104,-0.66152,-0.17233,0.08837,0.06148
39.68,0.1254,0.0161,-0.00601,0.08065,-0.28876,0.0381,0.65532,0.00701,-0.17039,-0.47347,0.11656,-0.0145,0.55832,-0.60577,0.25118,1.5874,1.3606,-0.05656,0.00207,0.6797,0.46921,-0.38632,1.34228,-1.29575,-0.07071,-0.0103,0.54355,0.01549,-0.23116,-0.43118,-0.10372,-0.06336,-0.04394,0.69426,0.20114,0.10135,-0.65992,-0.17234,0.0886,0.06163
39.7,0.12511,0.01611,-0.006,0.08016,-0.28521,0.03662,0.65214,0.00897,-0.17176,-0.47518,0.11407,-0.0145,0.54358,-0.60758,0.24658,1.54385,1.31978,-0.12358,0.00678,0.66823,0.47249,-0.3841,1.29214,-1.25578,-0.1493,-0.02002,0.53987,0.01786,-0.22616,-0.42923,-0.10408,-0.06379,-0.04422,0.69056,0.2017,0.09969,-0.65823,-0.17237,0.08873,0.0617
39.72,0.12463,0.01617,-0.00591,0.08011,-0.28454,0.03651,0.64838,0.01044,-0.17376,-0.47383,0.1106,-0.0145,0.53949,-0.60789,0.22785,1.54456,1.32636,-0.16571,-0.00411,0.65049,0.47356,-0.35188,1.29007,-1.26563,-0.19717,-0.0095,0.53891,0.01853,-0.22388,-0.42782,-0.10429,-0.06389,-0.04426,0.68926,0.20231,0.10079,-0.65645,-0.17244,0.08855,0.06159
39.74,0.12406,0.01626,-0.00578,0.08019,-0.28489,0.03687,0.64442,0.01176,-0.17594,-0.47143,0.10674,-0.0145,0.53965,-0.60776,0.20445,1.561,1.34887,-0.19987,-0.02018,0.63091,0.47386,-0.30983,1.30514,-1.29213,-0.23529,0.00777,0.53894,0.01864,-0.22245,-0.42657,-0.10445,-0.06389,-0.04422,0.68881,0.20296,0.10285,-0.65459,-0.17254,0.08828,0.0614
39.76,0.12353,0.01634,-0.00566,0.08022,-0.2848,0.03701,0.64063,0.01315,-0.17796,-0.46957,0.10304,-0.0145,0.53797,-0.608,0.18368,1.57018,1.36357,-0.23723,-0.03342,0.6125,0.47471,-0.27358,1.31231,-1.31004,-0.27766,0.02148,0.53857,0.01902,-0.22058,-0.42526,-0.10464,-0.06395,-0.04423,0.688,0.20355,0.10437,-0.65276,-0.17263,0.08806,0.06126
39.78,0.123,0.01642,-0.00556,0.0802,-0.28461,0.03713,0.63649,0.01457,-0.18033,-0.46744,0.09942,-0.0145,0.53613,-0.60753,0.1607,1.57968,1.38014,-0.27734,-0.04854,0.59282,0.47471,-0.23169,1.31978,-1.33177,-0.32203,0.03716,0.53797,0.01939,-0.21884,-0.42387,-0.10481,-0.06398,-0.04421,0.68701,0.20434,0.1063,-0.65092,-0.17267,0.08779,0.06108
39.8,0.12245,0.0165,-0.00542,0.08032,-0.28486,0.03742,0.63302,0.01588,-0.18202,-0.46562,0.09554,-0.0145,0.5355,-0.6084,0.14129,1.59225,1.39676,-0.30944,-0.06103,0.57525,0.47625,-0.19924,1.3307,-1.34969,-0.35932,0.05037,0.53808,0.01962,-0.21708,-0.4227,-0.105,-0.06403,-0.04421,0.68664,0.20473,0.10765,-0.6491,-0.17283,0.08759,0.06095
39.82,0.12191,0.01658,-0.0052,0.08073,-0.28612,0.03809,0.63157,0.01693,-0.18171,-0.46505,0.09111,-0.0145,0.53773,-0.61342,0.13231,1.61023,1.4103,-0.32152,-0.06499,0.56444,0.48271,-0.1949,1.34761,-1.35285,-0.3808,0.05527,0.53996,0.01966,-0.21482,-0.42208,-0.10523,-0.0642,-0.04432,0.68767,0.20388,0.10678,-0.64711,-0.17332,0.08762,0.06103
39.84,0.12135,0.01666,-0.00494,0.08129,-0.28778,0.03892,0.63078,0.01787,-0.18073,-0.46481,0.08643,-0.0145,0.54089,-0.61972,0.12718,1.63065,1.4233,-0.32563,-0.06612,0.5557,0.49065,-0.20046,1.36731,-1.35167,-0.39509,0.05744,0.54252,0.01956,-0.21256,-0.42168,-0.10548,-0.06438,-0.04445,0.68933,0.20266,0.10535,-0.64518,-0.17391,0.08771,0.06116
39.86,0.12079,0.01674,-0.0047,0.0818,-0.28921,0.03968,0.6296,0.01887,-0.18011,-0.46436,0.08182,-0.0145,0.54326,-0.62521,0.12068,1.64948,1.4362,-0.33318,-0.06856,0.54572,0.49761,-0.20173,1.38532,-1.35266,-0.41165,0.06078,0.54474,0.01949,-0.21045,-0.4212,-0.10571,-0.06455,-0.04456,0.69076,0.20171,0.10442,-0.64337,-0.17444,0.08775,0.06125
39.88,0.12028,0.01685,-0.00445,0.0822,-0.29087,0.04046,0.62877,0.01983,-0.17927,-0.46414,0.07736,-0.0145,0.54743,-0.63169,0.11244,1.67087,1.45115,-0.34134,-0.07111,0.53702,0.50588,-0.20178,1.4057,-1.35344,-0.43211,0.06466,0.54709,0.01955,-0.20774,-0.42062,-0.10597,-0.06476,-0.0447,0.69196,0.20035,0.10253,-0.64093,-0.17506,0.08788,0.06142
39.9,0.11965,0.01689,-0.00421,0.0829,-0.29215,0.04123,0.62738,0.02086,-0.17871,-0.46352,0.07254,-0.0145,0.54791,-0.63638,0.10878,1.68731,1.46141,-0.3463,-0.07264,0.52608,0.51171,-0.20686,1.42159,-1.35333,-0.44283,0.06665,0.54933,0.01931,-0.20624,-0.4203,-0.10618,-0.06489,-0.04479,0.6938,0.19973,0.10244,-0.63982,-0.17552,0.08783,0.06144
39.92,0.11865,0.01675,-0.00394,0.08432,-0.2922,0.04189,0.62419,0.02208,-0.17909,-0.46171,0.06674,-0.0145,0.5388,-0.63609,0.11693,1.68954,1.45949,-0.34549,-0.07236,0.50911,0.51109,-0.22322,1.42422,-1.35268,-0.42884,0.06441,0.55091,0.01826,-0.20844,-0.42061,-0.10622,-0.06477,-0.0447,0.69706,0.20146,0.10784,-0.64236,-0.17549,0.08725,0.061
39.94,0.11751,0.01655,-0.00368,0.08606,-0.29187,0.04254,0.62043,0.02337,-0.17976,-0.45949,0.0606,-0.0145,0.52575,-0.63389,0.12956,1.68663,1.45269,-0.34157,-0.07106,0.48969,0.50784,-0.24437,1.42219,-1.35109,-0.40527,0.06027,0.55237,0.01693,-0.21178,-0.42116,-0.10621,-0.06457,-0.04456,0.70097,0.20392,0.11499,-0.64624,-0.17532,0.08649,0.0604
39.96,0.11643,0.01638,-0.00342,0.08772,-0.29177,0.04321,0.61697,0.02463,-0.18029,-0.45746,0.05465,-0.0145,0.51393,-0.6324,0.14009,1.68599,1.44759,-0.33836,-0.06998,0.47093,0.50539,-0.26349,1.42233,-1.34927,-0.38584,0.05676,0.55399,0.01574,-0.21437,-0.42161,-0.10624,-0.06444,-0.04446,0.7047,0.20592,0.12107,-0.64951,-0.17524,0.08582,0.05989
39.98,0.11538,0.01619,-0.00314,0.08913,-0.29143,0.04382,0.61336,0.02588,-0.18084,-0.4554,0.04853,-0.0145,0.50453,-0.63168,0.15104,1.68571,1.44454,-0.33777,-0.06983,0.45415,0.50467,-0.28235,1.42235,-1.34992,-0.36699,0.05413,0.5552,0.01448,-0.21793,-0.42203,-0.10622,-0.06418,-0.04428,0.70799,0.20845,0.12827,-0.6528,-0.17504,0.08513,0.05933
40,0.11424,0.01602,-0.00291,0.09113,-0.29151,0.04455,0.60991,0.02717,-0.18143,-0.45332,0.04268,-0.0145,0.48913,-0.62884,0.16209,1.68344,1.43623,-0.33116,-0.06755,0.43262,0.49967,-0.30274,1.42149,-1.34544,-0.34482,0.04927,0.55723,0.0133,-0.21974,-0.42256,-0.10629,-0.06418,-0.04426,0.71233,0.21005,0.13359,-0.65635,-0.17505,0.08444,0.05884
40.02,0.11286,0.01593,-0.00286,0.09463,-0.29281,0.04562,0.607,0.02858,-0.18201,-0.45129,0.03763,-0.0145,0.45828,-0.62106,0.1726,1.67683,1.41322,-0.30821,-0.05953,0.39866,0.48365,-0.32618,1.41912,-1.32545,-0.31538,0.03849,0.56151,0.01244,-0.21642,-0.42331,-0.10664,-0.06489,-0.04468,0.71955,0.2089,0.133,-0.66057,-0.17575,0.08387,0.05862
40.04,0.1114,0.01585,-0.00287,0.09871,-0.29456,0.04681,0.60426,0.03003,-0.18264,-0.44926,0.03288,-0.0145,0.4215,-0.61113,0.18298,1.66841,1.38535,-0.27945,-0.04946,0.35998,0.46338,-0.35093,1.41605,-1.30062,-0.28305,0.02559,0.56663,0.01167,-0.2113,-0.42414,-0.10709,-0.06587,-0.04526,0.72779,0.2068,0.1305,-0.66496,-0.17666,0.08331,0.05848
40.06,0.10997,0.01577,-0.00285,0.10255,-0.29614,0.04796,0.60144,0.03145,-0.18328,-0.44723,0.02804,-0.0145,0.3873,-0.60188,0.19321,1.66088,1.36063,-0.2537,-0.04043,0.32335,0.44491,-0.37501,1.41339,-1.27905,-0.25237,0.01381,0.57139,0.01085,-0.20698,-0.42494,-0.1075,-0.06673,-0.04577,0.73547,0.20516,0.12907,-0.6691,-0.17742,0.08273,0.05829
40.08,0.10854,0.01568,-0.00281,0.10632,-0.29755,0.04909,0.59859,0.03293,-0.18378,-0.44521,0.02301,-0.0145,0.35343,-0.59378,0.20447,1.65284,1.3318,-0.22622,-0.0309,0.28696,0.42683,-0.39956,1.41015,-1.25301,-0.2199,0.00127,0.57606,0.01007,-0.20275,-0.42575,-0.10788,-0.06757,-0.04627,0.74358,0.2034,0.12689,-0.67405,-0.1784,0.0822,0.05816
40.1,0.10711,0.01561,-0.00284,0.11038,-0.29944,0.05026,0.59586,0.03429,-0.18458,-0.44317,0.01843,-0.0145,0.31756,-0.58282,0.21351,1.64553,1.31037,-0.20109,-0.02195,0.24908,0.40705,-0.42341,1.40804,-1.2351,-0.19065,-0.01013,0.58112,0.00921,-0.19794,-0.42653,-0.10834,-0.06851,-0.04682,0.75101,0.20166,0.12576,-0.6773,-0.17897,0.08159,0.05792
40.12,0.10572,0.0156,-0.00305,0.11508,-0.30255,0.05157,0.59332,0.03535,-0.18614,-0.44113,0.01512,-0.0145,0.27713,-0.56445,0.21635,1.64042,1.31131,-0.18325,-0.01483,0.20736,0.38283,-0.44485,1.40899,-1.24121,-0.17059,-0.01812,0.58713,0.00825,-0.19138,-0.4272,-0.10902,-0.06967,-0.04751,0.75652,0.20021,0.12823,-0.67595,-0.17848,0.08074,0.05736
40.14,0.10435,0.0156,-0.00333,0.12006,-0.30613,0.05291,0.59089,0.03629,-0.18799,-0.43907,0.01222,-0.0145,0.23502,-0.5433,0.21697,1.63616,1.31976,-0.16809,-0.00842,0.16449,0.35723,-0.46554,1.41117,-1.2556,-0.154,-0.02483,0.59352,0.0072,-0.18437,-0.42782,-0.10978,-0.0709,-0.04824,0.76126,0.19881,0.13177,-0.67287,-0.17758,0.07982,0.05669
40.16,0.10297,0.0156,-0.00359,0.12495,-0.30949,0.0542,0.58845,0.03728,-0.18972,-0.437,0.00907,-0.0145,0.19399,-0.52345,0.21864,1.63172,1.32432,-0.15212,-0.00187,0.12269,0.33279,-0.48666,1.41297,-1.26596,-0.13616,-0.03193,0.5997,0.00611,-0.178,-0.42845,-0.11048,-0.07206,-0.04892,0.76622,0.19737,0.13466,-0.67048,-0.1768,0.07893,0.05608
40.18,0.10158,0.0156,-0.00383,0.12972,-0.31288,0.05562,0.58586,0.03828,-0.19141,-0.435,0.00621,-0.0145,0.15133,-0.50331,0.2201,1.62639,1.3307,-0.13426,0.00553,0.07832,0.30587,-0.50748,1.41397,-1.2773,-0.11684,-0.03991,0.60604,0.00533,-0.16987,-0.42913,-0.11128,-0.07341,-0.04972,0.77175,0.19595,0.13819,-0.66845,-0.17626,0.07802,0.05543
40.2,0.10022,0.01559,-0.00411,0.1348,-0.31631,0.05678,0.58361,0.03923,-0.19325,-0.43285,0.00283,-0.0145,0.11186,-0.48321,0.22153,1.6231,1.33517,-0.12102,0.01098,0.0392,0.28391,-0.52869,1.41694,-1.28862,-0.10148,-0.04573,0.61214,0.00392,-0.16518,-0.42969,-0.11189,-0.07439,-0.0503,0.77589,0.19453,0.14064,-0.6653,-0.17515,0.07717,0.05483
40.22,0.09896,0.01554,-0.00446,0.14063,-0.31976,0.05731,0.58223,0.04004,-0.19548,-0.43035,-0.00215,-0.0145,0.08058,-0.46329,0.22297,1.62571,1.33217,-0.12006,0.01117,0.01395,0.27565,-0.55143,1.42516,-1.29802,-0.0962,-0.04586,0.61748,0.00053,-0.17126,-0.42989,-0.11191,-0.07424,-0.05018,0.77644,0.19312,0.14004,-0.65931,-0.17231,0.0764,0.05429
40.24,0.09773,0.01548,-0.00486,0.14675,-0.32321,0.05757,0.5812,0.0408,-0.19785,-0.4277,-0.00766,-0.0145,0.05278,-0.44364,0.22455,1.63029,1.32705,-0.12364,0.00944,-0.0058,0.27251,-0.5745,1.43529,-1.30712,-0.0948,-0.04386,0.62258,-0.00344,-0.18063,-0.42997,-0.11176,-0.07374,-0.04985,0.77559,0.19172,0.13831,-0.6523,-0.16893,0.07571,0.05379
40.26,0.09648,0.01542,-0.00524,0.15274,-0.32663,0.05791,0.58004,0.04159,-0.20014,-0.42509,-0.0129,-0.0145,0.02406,-0.42426,0.22636,1.63369,1.32314,-0.12504,0.00863,-0.02748,0.26726,-0.59724,1.44447,-1.31628,-0.09162,-0.04286,0.6278,-0.00694,-0.18769,-0.43014,-0.11174,-0.07349,-0.04967,0.77533,0.19033,0.13698,-0.64588,-0.16593,0.07505,0.05332
40.28,0.09524,0.01537,-0.00558,0.15875,-0.33018,0.0584,0.57874,0.04236,-0.20253,-0.42261,-0.01827,-0.0145,-0.00753,-0.40305,0.22683,1.63831,1.31847,-0.12701,0.00759,-0.05163,0.26108,-0.62078,1.45406,-1.32605,-0.0886,-0.0417,0.63298,-0.01126,-0.19806,-0.43018,-0.11149,-0.07288,-0.04928,0.77522,0.18886,0.13612,-0.63886,-0.16236,0.07412,0.05268
40.3,0.09399,0.0153,-0.00603,0.16477,-0.33346,0.05853,0.57782,0.04315,-0.20473,-0.41981,-0.0235,-0.0145,-0.03227,-0.38581,0.23018,1.64086,1.31478,-0.12886,0.00657,-0.06929,0.25804,-0.64268,1.4632,-1.33436,-0.08615,-0.04036,0.63818,-0.01406,-0.20248,-0.43045,-0.11168,-0.07291,-0.04927,0.77448,0.18758,0.13403,-0.63287,-0.15986,0.07375,0.05239
40.32,0.0927,0.01521,-0.00678,0.17075,-0.33594,0.0577,0.57783,0.04403,-0.20653,-0.41625,-0.02827,-0.0145,-0.03917,-0.3791,0.24148,1.63697,1.31424,-0.12909,0.00615,-0.07045,0.26252,-0.66049,1.47082,-1.33873,-0.08411,-0.03912,0.64352,-0.01219,-0.1882,-0.43137,-0.11329,-0.07496,-0.05048,0.77229,0.18681,0.12879,-0.62999,-0.16053,0.07495,0.05312
40.34,0.09139,0.0151,-0.00764,0.17675,-0.33814,0.05651,0.57821,0.04492,-0.20812,-0.41237,-0.03289,-0.0145,-0.03923,-0.37647,0.25568,1.63097,1.31472,-0.12905,0.0058,-0.06523,0.26996,-0.67655,1.47788,-1.34157,-0.08254,-0.03777,0.64889,-0.00884,-0.16808,-0.43251,-0.11533,-0.07763,-0.05207,0.76952,0.18624,0.12238,-0.62819,-0.1623,0.07669,0.0542
40.36,0.09007,0.01501,-0.00847,0.18274,-0.34049,0.05549,0.57843,0.0458,-0.20972,-0.40861,-0.03754,-0.0145,-0.04226,-0.37225,0.26857,1.62611,1.31473,-0.12922,0.00538,-0.06285,0.27599,-0.6931,1.48506,-1.34505,-0.08088,-0.03644,0.65423,-0.0064,-0.1516,-0.43352,-0.11711,-0.07992,-0.05343,0.76706,0.18559,0.11655,-0.62589,-0.16352,0.07814,0.05509
40.38,0.0888,0.0149,-0.00923,0.1887,-0.34276,0.05446,0.57862,0.04671,-0.21168,-0.40495,-0.04235,-0.0145,-0.04576,-0.36695,0.28146,1.62055,1.31471,-0.12919,0.00505,-0.06053,0.2825,-0.71098,1.49284,-1.3488,-0.07884,-0.03517,0.65965,-0.00297,-0.1311,-0.43463,-0.11918,-0.08262,-0.05504,0.76436,0.18491,0.11044,-0.6236,-0.16494,0.07977,0.0561
40.4,0.08744,0.01481,-0.01016,0.19474,-0.34511,0.05335,0.57895,0.04757,-0.21285,-0.40101,-0.04679,-0.0145,-0.04672,-0.36483,0.295,1.61593,1.31501,-0.12946,0.00458,-0.05666,0.28862,-0.72563,1.49923,-1.35159,-0.07765,-0.03377,0.6649,-0.00125,-0.11749,-0.43561,-0.12074,-0.08462,-0.05622,0.76205,0.18432,0.10467,-0.62156,-0.16621,0.08115,0.05695
40.42,0.08584,0.01474,-0.01149,0.20093,-0.34776,0.05215,0.57958,0.0483,-0.21194,-0.39634,-0.0503,-0.0145,-0.04233,-0.37056,0.30991,1.61448,1.31604,-0.13055,0.00371,-0.04995,0.293,-0.73203,1.5019,-1.35234,-0.07848,-0.03206,0.66973,-0.00473,-0.12484,-0.4362,-0.12074,-0.08451,-0.05613,0.76082,0.18394,0.1001,-0.62005,-0.16677,0.08168,0.05728
40.44,0.08415,0.01468,-0.013,0.20721,-0.35049,0.05089,0.58033,0.049,-0.21025,-0.3914,-0.05343,-0.0145,-0.03567,-0.37933,0.3253,1.61403,1.31736,-0.13196,0.0027,-0.04196,0.29687,-0.73517,1.5032,-1.35214,-0.08016,-0.03023,0.67438,-0.00997,-0.13922,-0.43665,-0.12021,-0.08369,-0.05561,0.76003,0.18364,0.09592,-0.61875,-0.16715,0.08193,0.05744
40.46,0.0825,0.01462,-0.01444,0.2135,-0.35317,0.04962,0.58102,0.04971,-0.20891,-0.38662,-0.05672,-0.0145,-0.03009,-0.38667,0.34026,1.61308,1.31852,-0.13325,0.00177,-0.03466,0.30091,-0.73964,1.50515,-1.3522,-0.08156,-0.02846,0.67907,-0.01434,-0.15005,-0.43716,-0.11995,-0.08323,-0.05531,0.75912,0.18329,0.09161,-0.6173,-0.16763,0.08231,0.05769
40.48,0.08084,0.01455,-0.0158,0.2196,-0.35592,0.04847,0.58174,0.05044,-0.20759,-0.3817,-0.06008,-0.0145,-0.02404,-0.39438,0.35622,1.61226,1.31981,-0.1344,0.0008,-0.02665,0.30527,-0.74471,1.50694,-1.35291,-0.08255,-0.02668,0.68391,-0.01896,-0.16219,-0.43771,-0.11956,-0.08264,-0.05492,0.75788,0.18299,0.08711,-0.61611,-0.16808,0.08268,0.05792
40.5,0.07918,0.0145,-0.01738,0.2261,-0.35853,0.04708,0.58242,0.05113,-0.20604,-0.377,-0.06319,-0.0145,-0.01853,-0.40196,0.37015,1.61142,1.32089,-0.13594,-0.00014,-0.01992,0.30883,-0.74776,1.50876,-1.35208,-0.08457,-0.02488,0.6884,-0.02349,-0.1733,-0.43815,-0.11932,-0.08215,-0.05462,0.75742,0.18259,0.08303,-0.61442,-0.16854,0.08302,0.05815
40.52,0.07751,0.0145,-0.01947,0.23374,-0.36075,0.04509,0.58296,0.05173,-0.20415,-0.37298,-0.06575,-0.0145,-0.01504,-0.40861,0.37848,1.61038,1.32147,-0.13846,-0.00092,-0.01696,0.31025,-0.74621,1.51094,-1.34716,-0.08924,-0.02305,0.69202,-0.02744,-0.18024,-0.43824,-0.11958,-0.0821,-0.05464,0.75896,0.18206,0.08076,-0.61144,-0.16897,0.0833,0.05833
40.54,0.07583,0.01453,-0.02178,0.24179,-0.36282,0.04287,0.58345,0.05229,-0.20205,-0.36919,-0.06807,-0.0145,-0.0122,-0.41498,0.38471,1.60929,1.32178,-0.14139,-0.00167,-0.01537,0.3109,-0.7427,1.51322,-1.34075,-0.09492,-0.0212,0.6953,-0.03123,-0.18583,-0.43824,-0.12002,-0.08219,-0.05476,0.76126,0.18139,0.0788,-0.60794,-0.16944,0.08357,0.05851
40.56,0.07415,0.01454,-0.02401,0.24962,-0.36494,0.04072,0.58395,0.05287,-0.2,-0.36531,-0.07046,-0.0145,-0.00909,-0.42135,0.39179,1.60818,1.32209,-0.14418,-0.00245,-0.01324,0.31195,-0.73998,1.51549,-1.33509,-0.10014,-0.01935,0.69872,-0.03504,-0.19179,-0.43831,-0.1204,-0.08223,-0.05485,0.76325,0.18068,0.07622,-0.6046,-0.16997,0.08389,0.05872
40.58,0.07249,0.01456,-0.02617,0.25757,-0.36716,0.0387,0.58451,0.05346,-0.19813,-0.36137,-0.07296,-0.0145,-0.00576,-0.42835,0.39932,1.60724,1.32294,-0.1468,-0.00316,-0.01074,0.31274,-0.73759,1.51756,-1.32909,-0.1054,-0.01751,0.70219,-0.03917,-0.19907,-0.43825,-0.12066,-0.08216,-0.05487,0.76513,0.1804,0.07561,-0.60159,-0.1702,0.08402,0.05881
40.6,0.0708,0.01456,-0.02852,0.26537,-0.36911,0.03636,0.58493,0.05402,-0.19583,-0.35761,-0.0752,-0.0145,-0.00311,-0.43393,0.4054,1.60595,1.3226,-0.14985,-0.004,-0.00935,0.3139,-0.73406,1.52009,-1.32345,-0.11082,-0.01564,0.70547,-0.04256,-0.20315,-0.43844,-0.12122,-0.08238,-0.05507,0.76739,0.17922,0.07105,-0.59777,-0.17104,0.08454,0.05915
40.62,0.06899,0.01448,-0.03128,0.27268,-0.37051,0.03331,0.58493,0.05448,-0.19241,-0.3542,-0.07671,-0.0145,-0.00204,-0.43562,0.40805,1.60363,1.31884,-0.15406,-0.00518,-0.01075,0.31612,-0.72809,1.52389,-1.31924,-0.11638,-0.01366,0.70857,-0.04403,-0.19885,-0.43937,-0.12255,-0.08335,-0.05577,0.77065,0.17532,0.05482,-0.59189,-0.17362,0.08623,0.06023
40.64,0.06715,0.01437,-0.03424,0.27982,-0.37162,0.02992,0.5848,0.05492,-0.18855,-0.35099,-0.07798,-0.0145,-0.00167,-0.43587,0.40929,1.60097,1.31392,-0.15869,-0.00648,-0.0132,0.31876,-0.72101,1.52816,-1.31544,-0.12207,-0.01164,0.71146,-0.04475,-0.19133,-0.44055,-0.12419,-0.08461,-0.05665,0.77423,0.17057,0.03475,-0.58524,-0.17679,0.08831,0.06156
40.66,0.06535,0.01427,-0.03715,0.28705,-0.37277,0.02662,0.58477,0.05541,-0.1849,-0.34775,-0.0794,-0.0145,-0.00107,-0.43679,0.41115,1.59849,1.30963,-0.16311,-0.00771,-0.01512,0.32129,-0.71431,1.53222,-1.31142,-0.12775,-0.00965,0.71429,-0.04575,-0.18513,-0.44162,-0.12572,-0.08575,-0.05746,0.77757,0.16636,0.01688,-0.57893,-0.17965,0.09017,0.06275
40.68,0.06344,0.0142,-0.03989,0.29426,-0.37429,0.0236,0.58455,0.05573,-0.18123,-0.34424,-0.08061,-0.0145,-0.00014,-0.43767,0.41303,1.59589,1.30485,-0.16765,-0.00901,-0.01733,0.32342,-0.7081,1.5363,-1.30749,-0.13328,-0.0076,0.71777,-0.047,-0.17942,-0.44269,-0.12714,-0.08684,-0.05824,0.78135,0.16147,-0.00299,-0.5726,-0.18272,0.0922,0.06403
40.7,0.06175,0.01405,-0.04302,0.30145,-0.37497,0.01992,0.5847,0.0564,-0.17748,-0.34134,-0.08223,-0.0145,-6e-05,-0.43828,0.41454,1.59347,1.30084,-0.172,-0.01019,-0.01916,0.32651,-0.70061,1.54043,-1.30349,-0.13913,-0.00566,0.71983,-0.04757,-0.17202,-0.44383,-0.12884,-0.0881,-0.05911,0.78425,0.15782,-0.01952,-0.56616,-0.18547,0.09396,0.06517
40.72,0.06065,0.01373,-0.04708,0.30863,-0.37357,0.01456,0.58589,0.05804,-0.17367,-0.34004,-0.08493,-0.0145,-0.00197,-0.43844,0.41545,1.59169,1.2992,-0.17588,-0.01103,-0.01972,0.33198,-0.69018,1.54455,-1.29911,-0.14599,-0.00397,0.71829,-0.04626,-0.1602,-0.44505,-0.13128,-0.08979,-0.06017,0.7849,0.15775,-0.02655,-0.55938,-0.18735,0.09493,0.06589
40.74,0.05978,0.01333,-0.05153,0.3158,-0.37131,0.00855,0.58748,0.06005,-0.16978,-0.33935,-0.08806,-0.0145,-0.00475,-0.43838,0.41602,1.59011,1.29838,-0.17952,-0.01174,-0.01985,0.33843,-0.67847,1.5487,-1.29468,-0.15313,-0.0024,0.71528,-0.04433,-0.14694,-0.44635,-0.13398,-0.09162,-0.0613,0.7846,0.15896,-0.03,-0.55257,-0.18887,0.09561,0.06644
40.76,0.05882,0.01297,-0.05585,0.32296,-0.36934,0.00279,0.58891,0.06192,-0.16592,-0.3384,-0.09107,-0.0145,-0.00724,-0.43846,0.41669,1.58842,1.29721,-0.18316,-0.0125,-0.02012,0.34453,-0.66718,1.55284,-1.29036,-0.16003,-0.0008,0.71278,-0.04276,-0.13471,-0.44765,-0.13652,-0.09336,-0.06238,0.78454,0.15963,-0.03465,-0.54591,-0.19046,0.09639,0.06704
40.78,0.05779,0.01262,-0.05997,0.33017,-0.36779,-0.00285,0.59023,0.06369,-0.16211,-0.33738,-0.09375,-0.0145,-0.00928,-0.43837,0.41754,1.5868,1.29592,-0.18724,-0.01332,-0.02064,0.35025,-0.65655,1.55699,-1.2857,-0.16742,0.00092,0.71096,-0.04076,-0.1207,-0.44882,-0.13925,-0.09524,-0.06355,0.78528,0.16017,-0.04114,-0.53862,-0.19247,0.09728,0.06775
40.8,0.05696,0.01222,-0.06461,0.33727,-0.36518,-0.00885,0.59188,0.06572,-0.15814,-0.33665,-0.09723,-0.0145,-0.01249,-0.43857,0.41794,1.58509,1.29507,-0.19037,-0.01397,-0.02053,0.357,-0.64421,1.56112,-1.2817,-0.17384,0.00235,0.70737,-0.03959,-0.11018,-0.45027,-0.14162,-0.09684,-0.06455,0.78414,0.16121,-0.04301,-0.53266,-0.19351,0.09788,0.06819
40.82,0.05666,0.01164,-0.07056,0.34405,-0.35977,-0.01599,0.59419,0.06862,-0.15397,-0.33663,-0.10275,-0.0145,-0.01842,-0.43973,0.41733,1.58304,1.2955,-0.19082,-0.01422,-0.01883,0.36631,-0.62794,1.56526,-1.27974,-0.17746,0.00306,0.69926,-0.04038,-0.10907,-0.45256,-0.14299,-0.09765,-0.06505,0.77803,0.16398,-0.03195,-0.53043,-0.19188,0.09771,0.06791
40.84,0.05656,0.01102,-0.07703,0.35072,-0.35335,-0.02343,0.59685,0.07173,-0.1496,-0.33688,-0.10906,-0.0145,-0.02556,-0.44119,0.41626,1.58089,1.29631,-0.19035,-0.01429,-0.01649,0.37664,-0.6099,1.56935,-1.27842,-0.18009,0.00348,0.68942,-0.0421,-0.11163,-0.4551,-0.14397,-0.09815,-0.06537,0.77007,0.16711,-0.01649,-0.52955,-0.18928,0.09725,0.06738
40.86,0.05636,0.01045,-0.08329,0.35745,-0.34746,-0.03054,0.59943,0.07458,-0.14517,-0.33698,-0.11505,-0.0145,-0.03234,-0.44247,0.41532,1.5788,1.29678,-0.19039,-0.01441,-0.01441,0.38655,-0.59235,1.57342,-1.27667,-0.1832,0.00399,0.68039,-0.04373,-0.11296,-0.45746,-0.14508,-0.09876,-0.06575,0.76298,0.16965,-0.00374,-0.52807,-0.18717,0.09695,0.06698
40.88,0.05621,0.00976,-0.08944,0.36412,-0.34126,-0.03847,0.60164,0.07809,-0.14137,-0.33721,-0.12094,-0.0145,-0.03833,-0.44391,0.41468,1.5767,1.29796,-0.19004,-0.01469,-0.01248,0.3963,-0.5761,1.57772,-1.27547,-0.18619,0.00465,0.67123,-0.04398,-0.1125,-0.46013,-0.14637,-0.09952,-0.06622,0.75573,0.17401,0.01197,-0.52654,-0.18488,0.09655,0.06648
40.9,0.05599,0.00931,-0.09595,0.3709,-0.33548,-0.04478,0.60472,0.0803,-0.13623,-0.33724,-0.12717,-0.0145,-0.04624,-0.44513,0.41333,1.57456,1.29776,-0.19026,-0.01459,-0.01006,0.40662,-0.55673,1.58151,-1.27331,-0.18915,0.00495,0.66194,-0.04729,-0.11652,-0.46218,-0.14722,-0.0999,-0.06647,0.74838,0.1747,0.02272,-0.52542,-0.1827,0.09628,0.06612
40.92,0.05553,0.00956,-0.10333,0.37791,-0.33106,-0.0464,0.61006,0.07877,-0.12731,-0.33663,-0.13439,-0.0145,-0.0592,-0.44546,0.41005,1.57247,1.29352,-0.1926,-0.01349,-0.0067,0.41817,-0.52932,1.58399,-1.26814,-0.19251,0.00435,0.65267,-0.05914,-0.13309,-0.46253,-0.14678,-0.09925,-0.0661,0.74125,0.16462,0.0167,-0.52523,-0.1813,0.09658,0.06628
40.94,0.05499,0.01005,-0.11107,0.38505,-0.32713,-0.0464,0.61626,0.07594,-0.11708,-0.33581,-0.14186,-0.0145,-0.07405,-0.44561,0.40609,1.57032,1.28792,-0.19549,-0.012,-0.00282,0.43027,-0.49882,1.58595,-1.26204,-0.19581,0.00339,0.64335,-0.07397,-0.15384,-0.46222,-0.14594,-0.09824,-0.06552,0.7341,0.15093,0.00584,-0.52537,-0.18001,0.097,0.06657
40.96,0.05449,0.01042,-0.11867,0.39218,-0.32304,-0.04721,0.62211,0.07376,-0.10754,-0.3351,-0.14903,-0.0145,-0.08801,-0.44599,0.4025,1.56813,1.28304,-0.19793,-0.01068,0.00097,0.4422,-0.46965,1.58812,-1.25647,-0.19897,0.00258,0.63408,-0.08721,-0.17198,-0.46214,-0.14541,-0.09745,-0.06508,0.72694,0.13928,-0.00147,-0.52527,-0.17851,0.09726,0.06672
40.98,0.05401,0.01082,-0.1262,0.3991,-0.31863,-0.0477,0.6278,0.07137,-0.09761,-0.33435,-0.15703,-0.0145,-0.10215,-0.44579,0.39863,1.56624,1.27772,-0.20121,-0.00941,0.00415,0.45383,-0.44071,1.59045,-1.25042,-0.20283,0.00183,0.62461,-0.10147,-0.19323,-0.46234,-0.14436,-0.09642,-0.06447,0.71975,0.12599,-0.01416,-0.52561,-0.17764,0.09791,0.06716
41,0.05345,0.01122,-0.13393,0.4065,-0.31503,-0.04848,0.63401,0.06909,-0.08817,-0.33362,-0.16334,-0.0145,-0.11632,-0.44672,0.39516,1.56367,1.27301,-0.20287,-0.00793,0.00875,0.46621,-0.41062,1.59228,-1.24519,-0.20521,0.00087,0.6156,-0.11431,-0.20897,-0.46182,-0.14428,-0.0958,-0.06414,0.71267,0.11521,-0.01706,-0.5251,-0.17552,0.09781,0.06706
41.02,0.05276,0.01159,-0.1422,0.41522,-0.31348,-0.05047,0.64165,0.06743,-0.08033,-0.33309,-0.16495,-0.0145,-0.13031,-0.45097,0.3931,1.55963,1.27018,-0.19991,-0.00594,0.01666,0.48052,-0.37777,1.59323,-1.24203,-0.20361,-0.0006,0.60771,-0.12248,-0.20827,-0.45935,-0.14701,-0.0964,-0.06464,0.70567,0.11266,0.00996,-0.52196,-0.16972,0.09547,0.06534
41.04,0.05199,0.01194,-0.15065,0.42443,-0.31275,-0.05282,0.64973,0.06592,-0.07304,-0.33258,-0.16483,-0.0145,-0.14421,-0.45632,0.39144,1.55482,1.26803,-0.19532,-0.00375,0.02606,0.49554,-0.34394,1.59366,-1.23979,-0.20052,-0.00227,0.60034,-0.12912,-0.20189,-0.45621,-0.15074,-0.09741,-0.06542,0.69882,0.11269,0.04667,-0.51797,-0.1627,0.09239,0.06308
41.06,0.05122,0.01228,-0.15899,0.43342,-0.31168,-0.05501,0.65747,0.06433,-0.06553,-0.332,-0.16546,-0.0145,-0.158,-0.46106,0.3895,1.55009,1.26569,-0.19145,-0.00167,0.03509,0.51024,-0.31077,1.59408,-1.23742,-0.19804,-0.00381,0.59284,-0.13647,-0.19819,-0.45346,-0.154,-0.09821,-0.06607,0.69207,0.11124,0.07778,-0.51449,-0.15639,0.08973,0.06113
41.08,0.05063,0.01271,-0.16747,0.44241,-0.31049,-0.0571,0.66586,0.06272,-0.0578,-0.33165,-0.16625,-0.0145,-0.17252,-0.46628,0.38795,1.54651,1.26284,-0.18763,0.00049,0.04283,0.52498,-0.27656,1.59546,-1.23387,-0.19581,-0.00551,0.58483,-0.14387,-0.19422,-0.4503,-0.15729,-0.09908,-0.06674,0.68462,0.1109,0.1137,-0.51051,-0.14943,0.08675,0.05894
41.1,0.04963,0.01295,-0.17569,0.4515,-0.30975,-0.05952,0.67296,0.06122,-0.0507,-0.33083,-0.16629,-0.0145,-0.18545,-0.47075,0.38568,1.54033,1.26119,-0.18336,0.00253,0.05359,0.53977,-0.24437,1.59478,-1.23292,-0.19277,-0.00693,0.57806,-0.15076,-0.18943,-0.44788,-0.16076,-0.09992,-0.06742,0.67866,0.10896,0.14203,-0.50734,-0.14352,0.08423,0.05711
41.12,0.04753,0.01264,-0.18324,0.46085,-0.31,-0.06271,0.67649,0.06001,-0.04515,-0.32862,-0.16477,-0.0145,-0.19414,-0.4731,0.38147,1.52728,1.26298,-0.17784,0.00431,0.07235,0.55485,-0.21776,1.58806,-1.23971,-0.18725,-0.00758,0.57425,-0.15656,-0.18342,-0.44716,-0.16454,-0.10065,-0.06807,0.67674,0.10172,0.14637,-0.5067,-0.14083,0.08325,0.05644
41.14,0.045,0.01213,-0.1905,0.47027,-0.31069,-0.06623,0.67866,0.05893,-0.04024,-0.32594,-0.16255,-0.0145,-0.20118,-0.47462,0.37652,1.5116,1.2659,-0.17198,0.00595,0.09405,0.5699,-0.19331,1.57937,-1.24896,-0.18105,-0.00794,0.57173,-0.16189,-0.1768,-0.4473,-0.16846,-0.10134,-0.06871,0.67633,0.09285,0.14287,-0.50688,-0.13921,0.08276,0.05616
41.16,0.04265,0.01172,-0.19786,0.47958,-0.31121,-0.06963,0.68136,0.05779,-0.03509,-0.3235,-0.16062,-0.0145,-0.20887,-0.47636,0.37182,1.49703,1.26808,-0.16655,0.00761,0.1144,0.58474,-0.16801,1.5719,-1.25655,-0.17558,-0.0084,0.56884,-0.16748,-0.17064,-0.44733,-0.1723,-0.10202,-0.06934,0.67524,0.08491,0.14341,-0.50662,-0.13708,0.082,0.05567
41.18,0.04038,0.0113,-0.20539,0.4892,-0.31164,-0.0729,0.68449,0.05662,-0.02976,-0.32094,-0.15876,-0.0145,-0.21697,-0.47878,0.36749,1.48281,1.27121,-0.15995,0.00949,0.13494,0.60054,-0.142,1.56306,-1.26639,-0.16837,-0.00899,0.56503,-0.17286,-0.16352,-0.44609,-0.17627,-0.10281,-0.07003,0.6741,0.07626,0.14228,-0.50662,-0.13502,0.0814,0.05528
41.2,0.03783,0.01084,-0.21247,0.4982,-0.31234,-0.07652,0.68637,0.05555,-0.02494,-0.31852,-0.15661,-0.0145,-0.22383,-0.47959,0.36223,1.46724,1.27268,-0.15569,0.01086,0.15567,0.61433,-0.11817,1.55658,-1.27221,-0.16455,-0.00925,0.56347,-0.17854,-0.1583,-0.44777,-0.17997,-0.10337,-0.07058,0.67343,0.06867,0.1426,-0.50628,-0.13309,0.08061,0.05479
41.22,0.03458,0.01029,-0.21844,0.50537,-0.31371,-0.08092,0.68522,0.0547,-0.02126,-0.31658,-0.15385,-0.0145,-0.22761,-0.47607,0.35429,1.44864,1.26885,-0.15834,0.01088,0.17685,0.62249,-0.09843,1.55738,-1.26539,-0.17103,-0.00866,0.56753,-0.18546,-0.15888,-0.45692,-0.1829,-0.10329,-0.07073,0.67362,0.06436,0.14927,-0.50484,-0.13123,0.07917,0.0539
41.24,0.03105,0.00971,-0.22395,0.51191,-0.31533,-0.08566,0.68284,0.05395,-0.0181,-0.31479,-0.15084,-0.0145,-0.23019,-0.47096,0.34552,1.42876,1.2634,-0.1633,0.01039,0.19796,0.62863,-0.08111,1.56054,-1.25461,-0.18083,-0.00774,0.57386,-0.19263,-0.16135,-0.46905,-0.18555,-0.10297,-0.07074,0.67423,0.06118,0.15754,-0.50303,-0.12949,0.07753,0.0529
41.26,0.02765,0.00915,-0.22962,0.51879,-0.31684,-0.09031,0.68096,0.05319,-0.01479,-0.31292,-0.14796,-0.0145,-0.23337,-0.46662,0.33729,1.40944,1.25899,-0.16698,0.01014,0.21868,0.63576,-0.0636,1.56245,-1.24626,-0.18862,-0.00697,0.57937,-0.19951,-0.1627,-0.48009,-0.18835,-0.10278,-0.07082,0.67465,0.05751,0.16475,-0.50137,-0.12774,0.07601,0.05196
41.28,0.02421,0.00855,-0.23547,0.5255,-0.31835,-0.09472,0.6793,0.0523,-0.01112,-0.31108,-0.145,-0.0145,-0.23629,-0.46208,0.32825,1.39016,1.25334,-0.17167,0.00984,0.24137,0.64266,-0.04223,1.56516,-1.23534,-0.19847,-0.00619,0.58407,-0.20717,-0.1651,-0.49012,-0.1911,-0.10254,-0.07087,0.67509,0.05368,0.17313,-0.49982,-0.12584,0.07441,0.05097
41.3,0.02081,0.00804,-0.24085,0.53237,-0.31991,-0.0997,0.67691,0.05169,-0.00832,-0.30922,-0.14216,-0.0145,-0.23945,-0.45756,0.3208,1.37046,1.24987,-0.17478,0.00954,0.25977,0.64948,-0.02956,1.56667,-1.22876,-0.20486,-0.00537,0.59095,-0.21323,-0.16581,-0.50284,-0.19383,-0.10232,-0.07093,0.67559,0.05047,0.17953,-0.49795,-0.12426,0.07293,0.05007
41.32,0.01751,0.00778,-0.24512,0.54008,-0.3215,-0.10628,0.67279,0.05185,-0.00771,-0.3073,-0.13964,-0.0145,-0.24386,-0.45363,0.31721,1.35051,1.25282,-0.17302,0.00931,0.26754,0.65703,-0.03948,1.56512,-1.23552,-0.20066,-0.0045,0.60335,-0.21509,-0.16108,-0.52316,-0.19703,-0.10224,-0.07108,0.67617,0.04872,0.18033,-0.49524,-0.12353,0.07178,0.04941
41.34,0.01426,0.00762,-0.24893,0.54792,-0.32313,-0.1134,0.66799,0.05226,-0.00797,-0.30533,-0.13726,-0.0145,-0.24849,-0.44975,0.31537,1.33009,1.25803,-0.16958,0.00909,0.27076,0.66444,-0.05821,1.5621,-1.24672,-0.19291,-0.00361,0.61784,-0.21529,-0.15464,-0.54587,-0.20015,-0.10217,-0.07122,0.67679,0.04757,0.17908,-0.49223,-0.12312,0.07077,0.04884
41.36,0.01104,0.00742,-0.25292,0.55556,-0.32476,-0.12023,0.66353,0.05253,-0.00787,-0.30336,-0.13485,-0.0145,-0.25281,-0.44575,0.31321,1.30951,1.26221,-0.16688,0.00889,0.2753,0.67164,-0.07347,1.55925,-1.25562,-0.18697,-0.00274,0.63134,-0.21606,-0.14917,-0.56693,-0.20301,-0.10206,-0.07133,0.67741,0.04616,0.17862,-0.48938,-0.12258,0.06973,0.04825
41.38,0.00762,0.00721,-0.25702,0.56378,-0.32633,-0.12728,0.6589,0.05295,-0.00761,-0.30154,-0.13228,-0.0145,-0.25799,-0.44211,0.30905,1.29048,1.26632,-0.1644,0.00861,0.28305,0.68009,-0.08663,1.55871,-1.26552,-0.18037,-0.00181,0.64515,-0.21759,-0.14292,-0.59061,-0.20708,-0.10207,-0.07159,0.67799,0.04474,0.17875,-0.4864,-0.122,0.06854,0.04757
41.4,0.00462,0.00703,-0.26078,0.57082,-0.32802,-0.13397,0.65449,0.0531,-0.00789,-0.29936,-0.13008,-0.0145,-0.26145,-0.43773,0.30946,1.26813,1.27118,-0.16099,0.00849,0.28296,0.68573,-0.10614,1.55281,-1.27448,-0.17419,-0.00102,0.65871,-0.21717,-0.13789,-0.60921,-0.20865,-0.10185,-0.07155,0.67863,0.04345,0.17721,-0.48362,-0.12156,0.0677,0.0471
41.42,0.00272,0.00695,-0.26367,0.57467,-0.33014,-0.13977,0.65089,0.05262,-0.0094,-0.29629,-0.12886,-0.0145,-0.26002,-0.43146,0.32218,1.23657,1.27706,-0.15579,0.00879,0.26292,0.68522,-0.14169,1.53406,-1.27946,-0.17048,-0.00051,0.67141,-0.21167,-0.13664,-0.61457,-0.20306,-0.10101,-0.0707,0.67961,0.04248,0.171,-0.48145,-0.12147,0.06782,0.04717
41.44,0.00127,0.00689,-0.26623,0.57731,-0.33237,-0.14513,0.64753,0.05184,-0.01143,-0.29284,-0.128,-0.0145,-0.25685,-0.42441,0.33942,1.2017,1.28369,-0.14965,0.00926,0.23505,0.68158,-0.18321,1.50964,-1.28332,-0.16722,-0.00019,0.68369,-0.2043,-0.13667,-0.61451,-0.19503,-0.09995,-0.06957,0.68062,0.0416,0.16327,-0.47951,-0.1215,0.06828,0.04744
41.46,-0.00034,0.00681,-0.26895,0.58045,-0.33449,-0.15051,0.64406,0.05108,-0.01323,-0.28951,-0.12697,-0.0145,-0.25451,-0.41759,0.35452,1.16843,1.29032,-0.14369,0.00966,0.21036,0.67837,-0.22157,1.48678,-1.28802,-0.16338,0.00016,0.6959,-0.19786,-0.13612,-0.61602,-0.1883,-0.09899,-0.06858,0.68151,0.04061,0.1566,-0.47748,-0.12145,0.06857,0.04761
41.48,-0.00214,0.00677,-0.27163,0.58381,-0.33684,-0.15666,0.64061,0.05081,-0.01501,-0.28639,-0.12598,-0.0145,-0.25202,-0.41128,0.37004,1.13473,1.29566,-0.13867,0.01001,0.18707,0.67942,-0.2621,1.46825,-1.29187,-0.1609,0.00085,0.70931,-0.19099,-0.13553,-0.62127,-0.18072,-0.09803,-0.06754,0.68287,0.03992,0.14834,-0.47534,-0.12152,0.06895,0.04784
41.5,-0.00345,0.00665,-0.27432,0.58643,-0.33874,-0.1611,0.63716,0.04946,-0.01697,-0.28276,-0.12498,-0.0145,-0.24945,-0.40375,0.38577,1.10118,1.30376,-0.13155,0.01051,0.15911,0.67078,-0.29944,1.4393,-1.29667,-0.1559,0.00069,0.72005,-0.18462,-0.13534,-0.61756,-0.17435,-0.09701,-0.06654,0.68322,0.03863,0.14304,-0.4735,-0.12135,0.06921,0.04799
41.52,-0.0035,0.00628,-0.2771,0.58737,-0.33947,-0.1608,0.63367,0.045,-0.01901,-0.27781,-0.12387,-0.0145,-0.24701,-0.39291,0.40065,1.06839,1.31995,-0.11835,0.01143,0.11989,0.63677,-0.326,1.38372,-1.30869,-0.14252,-0.00079,0.72392,-0.17984,-0.13606,-0.58902,-0.17193,-0.09584,-0.06568,0.68097,0.03559,0.14649,-0.47248,-0.12046,0.06906,0.04785
41.54,-0.00306,0.00582,-0.2799,0.58762,-0.33973,-0.15879,0.63018,0.03949,-0.02125,-0.27235,-0.12272,-0.0145,-0.24459,-0.38091,0.41562,1.03596,1.33871,-0.10321,0.01248,0.07634,0.59305,-0.34915,1.3178,-1.32105,-0.12681,-0.00323,0.72506,-0.17567,-0.13714,-0.5519,-0.17082,-0.09463,-0.06488,0.67767,0.03195,0.15295,-0.47174,-0.11932,0.06878,0.04763
41.56,-0.00285,0.00541,-0.28271,0.58816,-0.34014,-0.15763,0.62668,0.03456,-0.02359,-0.26712,-0.12157,-0.0145,-0.24224,-0.36955,0.43079,1.00363,1.35594,-0.08929,0.01341,0.03492,0.55328,-0.37417,1.25601,-1.33013,-0.11308,-0.00593,0.72718,-0.1714,-0.138,-0.51963,-0.16912,-0.09347,-0.06407,0.67473,0.02862,0.15793,-0.47082,-0.11831,0.06856,0.04745
41.58,-0.00262,0.00497,-0.28544,0.58872,-0.34083,-0.15616,0.62322,0.02918,-0.02518,-0.26189,-0.12053,-0.0145,-0.23945,-0.35769,0.44522,0.96998,1.37495,-0.07382,0.01457,-0.00763,0.51509,-0.39816,1.1961,-1.35159,-0.09562,-0.00593,0.73033,-0.16635,-0.13912,-0.48316,-0.16731,-0.09219,-0.06317,0.67227,0.02514,0.16336,-0.47012,-0.11723,0.06834,0.04727
41.6,-0.00231,0.00458,-0.28834,0.5891,-0.34083,-0.15494,0.6197,0.02448,-0.02835,-0.25657,-0.11921,-0.0145,-0.23765,-0.34661,0.46102,0.93929,1.39055,-0.06123,0.01534,-0.04854,0.47169,-0.42325,1.1303,-1.34833,-0.08521,-0.0115,0.73074,-0.16307,-0.13981,-0.45346,-0.16607,-0.09115,-0.06247,0.66858,0.02184,0.16855,-0.46903,-0.11624,0.06808,0.04707
41.62,-0.00193,0.00434,-0.29182,0.58908,-0.33891,-0.15479,0.61586,0.0219,-0.0362,-0.25089,-0.11745,-0.0145,-0.23824,-0.33796,0.48151,0.91597,1.39896,-0.05604,0.01443,-0.08556,0.41341,-0.45367,1.04713,-1.26817,-0.09606,-0.03471,0.72399,-0.16474,-0.1389,-0.44475,-0.16611,-0.09081,-0.06229,0.66151,0.01908,0.1726,-0.46676,-0.11555,0.06772,0.04682
41.64,-0.00148,0.00416,-0.29546,0.58891,-0.33634,-0.15498,0.612,0.02004,-0.04558,-0.24518,-0.11533,-0.0145,-0.23987,-0.33017,0.50317,0.89576,1.40344,-0.05396,0.01322,-0.12042,0.35079,-0.48502,0.95907,-1.16461,-0.11384,-0.06308,0.71464,-0.16815,-0.13758,-0.44313,-0.16669,-0.09072,-0.06231,0.65329,0.01654,0.17629,-0.4641,-0.11497,0.06733,0.04655
41.66,-0.00105,0.00396,-0.29897,0.58887,-0.33417,-0.15507,0.60828,0.01784,-0.05404,-0.23964,-0.11314,-0.0145,-0.24128,-0.322,0.52364,0.8746,1.40769,-0.0512,0.01256,-0.15511,0.29206,-0.51498,0.87564,-1.07751,-0.12761,-0.08741,0.70668,-0.17064,-0.13667,-0.43816,-0.16703,-0.09051,-0.06223,0.64577,0.01398,0.18,-0.46164,-0.11435,0.06696,0.04629
41.68,-0.00064,0.00372,-0.30271,0.58856,-0.33154,-0.15487,0.60403,0.01562,-0.06349,-0.23343,-0.11192,-0.0145,-0.24174,-0.31369,0.54691,0.8515,1.42,-0.04547,0.01025,-0.19483,0.22488,-0.54897,0.78169,-0.96626,-0.14491,-0.11876,0.69774,-0.1737,-0.13489,-0.43345,-0.1674,-0.09031,-0.06216,0.63748,0.01108,0.18439,-0.45909,-0.11367,0.06654,0.046
41.7,-0.00018,0.0036,-0.306,0.58875,-0.32971,-0.15535,0.60085,0.01365,-0.07123,-0.22861,-0.10862,-0.0145,-0.24429,-0.30595,0.56461,0.83319,1.41524,-0.04644,0.01118,-0.22351,0.17442,-0.57478,0.7086,-0.89919,-0.15655,-0.13691,0.69024,-0.17599,-0.13477,-0.42998,-0.16782,-0.09016,-0.06213,0.63053,0.00894,0.18724,-0.45664,-0.11314,0.06621,0.04578
41.72,0.00043,0.00381,-0.30799,0.59058,-0.33036,-0.15772,0.60077,0.01224,-0.07379,-0.22764,-0.09959,-0.0145,-0.25326,-0.29908,0.56664,0.8272,1.35816,-0.06755,0.02237,-0.22212,0.17112,-0.57802,0.69474,-0.96457,-0.15089,-0.11565,0.68751,-0.17572,-0.13977,-0.42831,-0.16823,-0.09007,-0.06213,0.62768,0.00893,0.18594,-0.45453,-0.11299,0.06615,0.04573
41.74,0.00108,0.00414,-0.30952,0.59285,-0.33182,-0.16073,0.60176,0.01108,-0.07459,-0.22807,-0.08851,-0.0145,-0.26411,-0.29284,0.563,0.82595,1.28507,-0.09492,0.03663,-0.2097,0.18484,-0.57291,0.70201,-1.07432,-0.13933,-0.08124,0.68631,-0.17463,-0.14637,-0.42768,-0.16868,-0.09003,-0.06216,0.62622,0.00966,0.18309,-0.45254,-0.11298,0.06618,0.04576
41.76,0.00171,0.00441,-0.31125,0.59476,-0.33283,-0.16335,0.60218,0.00979,-0.07627,-0.22786,-0.07843,-0.0145,-0.2735,-0.28663,0.56197,0.82262,1.22345,-0.11781,0.04867,-0.2024,0.19088,-0.57155,0.69938,-1.16065,-0.13041,-0.054,0.68432,-0.17393,-0.15195,-0.42655,-0.16911,-0.08997,-0.06219,0.62407,0.00998,0.18093,-0.45051,-0.11291,0.06619,0.04577
41.78,0.00236,0.00471,-0.313,0.59737,-0.33417,-0.16637,0.60294,0.00857,-0.07772,-0.22766,-0.06806,-0.0145,-0.28549,-0.27911,0.56093,0.81908,1.1444,-0.1475,0.06413,-0.1946,0.1966,-0.57061,0.69783,-1.25993,-0.12177,-0.02196,0.6826,-0.17319,-0.15877,-0.42577,-0.16956,-0.08988,-0.06219,0.62213,0.01061,0.17881,-0.44841,-0.11283,0.06612,0.04573
41.8,0.00297,0.00497,-0.31459,0.59861,-0.33503,-0.16872,0.60327,0.00727,-0.07917,-0.22779,-0.05782,-0.0145,-0.29247,-0.27444,0.55846,0.8171,1.09736,-0.16473,0.07328,-0.18523,0.207,-0.56655,0.69911,-1.34303,-0.11121,0.00334,0.68075,-0.17233,-0.16338,-0.42443,-0.16997,-0.08988,-0.06224,0.6201,0.01078,0.17627,-0.4465,-0.1128,0.06623,0.04581
41.82,0.00346,0.00505,-0.31583,0.59613,-0.3343,-0.16906,0.60205,0.0056,-0.08126,-0.22829,-0.04845,-0.0145,-0.28536,-0.27755,0.5542,0.81784,1.14726,-0.14375,0.06356,-0.17429,0.22679,-0.55813,0.70314,-1.3711,-0.09541,0.00639,0.67792,-0.17129,-0.16146,-0.42109,-0.17023,-0.0901,-0.0624,0.61737,0.00943,0.17274,-0.44501,-0.11286,0.06682,0.04617
41.84,0.00391,0.00508,-0.31692,0.59224,-0.33306,-0.16871,0.60039,0.00384,-0.08337,-0.22911,-0.03931,-0.0145,-0.27308,-0.28348,0.54855,0.82005,1.2291,-0.11039,0.04751,-0.16216,0.25061,-0.54646,0.70931,-1.38138,-0.0781,0.0023,0.67496,-0.17014,-0.15727,-0.41717,-0.17044,-0.09041,-0.0626,0.61452,0.00761,0.16888,-0.44372,-0.11297,0.06758,0.04664
41.86,0.00436,0.00513,-0.31806,0.58888,-0.33209,-0.16868,0.59902,0.00218,-0.08533,-0.22991,-0.03008,-0.0145,-0.26303,-0.28807,0.54302,0.82185,1.29324,-0.08418,0.03482,-0.15054,0.27216,-0.53475,0.71443,-1.39957,-0.0624,0.0018,0.67222,-0.16905,-0.15414,-0.41363,-0.17066,-0.09066,-0.06278,0.61182,0.00605,0.16531,-0.44237,-0.11306,0.06827,0.04706
41.88,0.00486,0.0052,-0.31923,0.58599,-0.33099,-0.16864,0.59734,0.0003,-0.08782,-0.23022,-0.02071,-0.0145,-0.2536,-0.29294,0.53945,0.82271,1.37012,-0.05186,0.0202,-0.13866,0.29611,-0.529,0.72053,-1.41999,-0.04267,0.00032,0.66885,-0.16789,-0.15092,-0.40964,-0.17092,-0.09098,-0.063,0.60879,0.00432,0.16109,-0.4409,-0.11314,0.06895,0.04749
41.9,0.00526,0.00522,-0.32033,0.58178,-0.33002,-0.16846,0.59618,-0.00115,-0.08925,-0.2316,-0.01172,-0.0145,-0.24159,-0.29787,0.53153,0.82584,1.42843,-0.02914,0.00805,-0.12718,0.31583,-0.51035,0.72491,-1.43102,-0.03095,-0.001,0.66674,-0.16686,-0.14734,-0.40642,-0.1711,-0.09118,-0.06313,0.60639,0.00283,0.15817,-0.43972,-0.11325,0.06968,0.04793
41.92,0.00545,0.00513,-0.32131,0.57424,-0.3295,-0.16809,0.59657,-0.00136,-0.08759,-0.23595,-0.00348,-0.0145,-0.224,-0.30231,0.51202,0.83479,1.42642,-0.03668,0.00435,-0.11719,0.32245,-0.45548,0.7231,-1.41977,-0.04246,-3e-05,0.66818,-0.16623,-0.1433,-0.4056,-0.17104,-0.091,-0.063,0.60569,0.00212,0.15896,-0.43931,-0.11341,0.07052,0.0484
41.94,0.00554,0.00499,-0.32224,0.56542,-0.32913,-0.16762,0.5975,-0.00112,-0.08489,-0.24132,0.00435,-0.0145,-0.20394,-0.3067,0.48819,0.84599,1.40495,-0.05413,0.00332,-0.10767,0.32467,-0.38809,0.71955,-1.39961,-0.06197,0.00125,0.67087,-0.16574,-0.13897,-0.40556,-0.1709,-0.09069,-0.06277,0.60563,0.00166,0.16107,-0.43918,-0.11361,0.07139,0.04888
41.96,0.00568,0.00488,-0.32319,0.5572,-0.3287,-0.16718,0.59818,-0.00108,-0.08275,-0.24613,0.01223,-0.0145,-0.1848,-0.31106,0.46629,0.85621,1.39329,-0.06655,0.00101,-0.09792,0.32912,-0.32735,0.7173,-1.38375,-0.07739,0.00226,0.67296,-0.16518,-0.1348,-0.4051,-0.1708,-0.09044,-0.06259,0.6053,0.00108,0.16255,-0.43892,-0.11379,0.07225,0.04935
41.98,0.00581,0.00475,-0.32416,0.54885,-0.32819,-0.16676,0.59887,-0.00108,-0.08022,-0.25138,0.02066,-0.0145,-0.16629,-0.31572,0.44443,0.86629,1.37863,-0.08082,-0.00124,-0.08822,0.33276,-0.26227,0.713,-1.3662,-0.09473,0.00359,0.67517,-0.16463,-0.13046,-0.4049,-0.1707,-0.09019,-0.0624,0.60488,0.00051,0.16412,-0.43868,-0.11397,0.07312,0.04983
42,0.00593,0.00466,-0.32508,0.5405,-0.32789,-0.16629,0.59968,-0.0009,-0.07828,-0.25594,0.02786,-0.0145,-0.14599,-0.31971,0.42151,0.8772,1.36521,-0.09371,-0.00289,-0.07854,0.33698,-0.20347,0.71252,-1.35032,-0.10993,0.00441,0.67744,-0.16409,-0.1264,-0.40436,-0.17059,-0.08991,-0.06221,0.6048,-1e-05,0.16583,-0.43847,-0.11417,0.07396,0.05029
42.02,0.00603,0.00468,-0.32586,0.53238,-0.32813,-0.16569,0.60071,-0.00034,-0.07823,-0.25839,0.03183,-0.0145,-0.12109,-0.32186,0.39645,0.88965,1.35975,-0.10061,-0.00351,-0.06872,0.34374,-0.16379,0.72291,-1.34093,-0.11771,0.00375,0.67957,-0.16354,-0.12342,-0.40265,-0.17045,-0.08957,-0.06199,0.60553,-0.00047,0.16761,-0.43829,-0.11446,0.07473,0.05069
42.04,0.00612,0.00474,-0.3266,0.52434,-0.32859,-0.16504,0.60184,0.00037,-0.07881,-0.26009,0.03457,-0.0145,-0.09459,-0.32332,0.37054,0.90289,1.35608,-0.1058,-0.0036,-0.05894,0.35122,-0.13113,0.7372,-1.33366,-0.123,0.0026,0.68171,-0.16298,-0.1207,-0.40059,-0.17031,-0.08921,-0.06178,0.60658,-0.00089,0.16949,-0.43812,-0.11477,0.07547,0.05105
42.06,0.00622,0.00478,-0.32736,0.51634,-0.32895,-0.16443,0.60293,0.001,-0.0791,-0.2621,0.03786,-0.0145,-0.06902,-0.32511,0.34519,0.9159,1.35159,-0.11167,-0.00391,-0.04921,0.35843,-0.09613,0.74974,-1.32571,-0.12914,0.00169,0.68383,-0.16239,-0.11768,-0.39872,-0.1702,-0.08888,-0.06158,0.60747,-0.00132,0.17133,-0.43794,-0.11507,0.07621,0.05142
42.08,0.0063,0.00483,-0.32811,0.50793,-0.32929,-0.16377,0.60405,0.00167,-0.07938,-0.26429,0.0412,-0.0145,-0.04241,-0.32685,0.3189,0.92845,1.34651,-0.11827,-0.00421,-0.0392,0.36529,-0.0571,0.76213,-1.31627,-0.13669,0.0007,0.68607,-0.16192,-0.11535,-0.39676,-0.16998,-0.08846,-0.06132,0.60846,-0.00177,0.1732,-0.4378,-0.1154,0.07701,0.05183
42.1,0.00642,0.00488,-0.32886,0.50044,-0.32973,-0.16319,0.60511,0.0023,-0.07984,-0.26593,0.04413,-0.0145,-0.0177,-0.3285,0.29447,0.94213,1.34329,-0.12284,-0.00443,-0.0298,0.37303,-0.02828,0.77575,-1.31052,-0.14066,-0.00024,0.68804,-0.16123,-0.11172,-0.39488,-0.16997,-0.08822,-0.06118,0.6093,-0.00218,0.175,-0.43758,-0.11566,0.07766,0.05216
42.12,0.00664,0.00492,-0.32958,0.49536,-0.33038,-0.16287,0.60595,0.00282,-0.08055,-0.2662,0.04634,-0.0145,0.00187,-0.33022,0.27512,0.95873,1.34516,-0.12199,-0.00454,-0.02183,0.38359,-0.02614,0.79217,-1.3148,-0.13495,-0.00091,0.68929,-0.15983,-0.10392,-0.39326,-0.17058,-0.08848,-0.06138,0.60971,-0.00248,0.17654,-0.43712,-0.11575,0.0779,0.05231
42.14,0.00691,0.00497,-0.3303,0.49123,-0.33112,-0.16264,0.60672,0.00329,-0.08144,-0.26596,0.04818,-0.0145,0.01936,-0.33185,0.25775,0.97644,1.34885,-0.11917,-0.00458,-0.01453,0.39491,-0.03406,0.80962,-1.32271,-0.12575,-0.00152,0.69024,-0.15824,-0.0949,-0.39172,-0.1714,-0.08892,-0.0617,0.60996,-0.00275,0.17799,-0.43658,-0.11577,0.07798,0.0524
42.16,0.00716,0.00502,-0.33102,0.48675,-0.3318,-0.16238,0.60752,0.00378,-0.0823,-0.26599,0.05013,-0.0145,0.03746,-0.33344,0.23966,0.99367,1.3515,-0.11738,-0.00466,-0.00707,0.40554,-0.03728,0.82638,-1.3288,-0.11838,-0.00215,0.69127,-0.1568,-0.08677,-0.39017,-0.17208,-0.08926,-0.06195,0.61024,-0.00303,0.17948,-0.43608,-0.11583,0.07813,0.05251
42.18,0.00737,0.00506,-0.33173,0.48191,-0.33254,-0.16208,0.60833,0.0043,-0.08296,-0.26585,0.05226,-0.0145,0.05707,-0.33535,0.22077,1.01086,1.35505,-0.11496,-0.0047,0.00106,0.41767,-0.04124,0.84425,-1.33569,-0.1099,-0.00283,0.69252,-0.1551,-0.07725,-0.3885,-0.17291,-0.08967,-0.06226,0.61069,-0.00332,0.181,-0.43558,-0.11589,0.07828,0.05263
42.2,0.00768,0.00512,-0.33246,0.47806,-0.33318,-0.16188,0.6091,0.00473,-0.08407,-0.26594,0.05394,-0.0145,0.07296,-0.33656,0.20404,1.02836,1.35719,-0.11339,-0.00481,0.00758,0.42682,-0.04598,0.85996,-1.34175,-0.10293,-0.00338,0.69326,-0.1539,-0.07032,-0.38712,-0.1735,-0.08997,-0.06248,0.61076,-0.00357,0.18242,-0.43504,-0.11591,0.07839,0.05271
42.22,0.00823,0.00522,-0.33324,0.47668,-0.33353,-0.1619,0.60982,0.00488,-0.08639,-0.26682,0.05451,-0.0145,0.07949,-0.33606,0.19258,1.04655,1.35458,-0.1148,-0.00516,0.0102,0.42784,-0.0502,0.86969,-1.34455,-0.10119,-0.00356,0.6927,-0.15419,-0.07097,-0.38649,-0.17337,-0.0899,-0.06239,0.60984,-0.00373,0.18357,-0.43439,-0.11585,0.07841,0.0527
42.24,0.00887,0.00535,-0.33403,0.47629,-0.33378,-0.16201,0.6105,0.00493,-0.08914,-0.26795,0.05464,-0.0145,0.08227,-0.33484,0.18327,1.06498,1.35054,-0.11712,-0.00558,0.01114,0.42577,-0.05488,0.87714,-1.3464,-0.10108,-0.00361,0.69164,-0.15499,-0.07425,-0.38616,-0.17299,-0.0897,-0.0622,0.60855,-0.00384,0.18461,-0.4337,-0.11576,0.07838,0.05265
42.26,0.00947,0.00547,-0.3348,0.47546,-0.33408,-0.16208,0.61118,0.00502,-0.09169,-0.26897,0.05496,-0.0145,0.08651,-0.33384,0.17309,1.08322,1.34743,-0.11894,-0.00595,0.01262,0.42491,-0.05945,0.88546,-1.34875,-0.1001,-0.00373,0.69081,-0.15554,-0.07627,-0.38571,-0.17274,-0.08957,-0.06207,0.60743,-0.00396,0.18571,-0.43303,-0.11568,0.07837,0.05261
42.28,0.01007,0.00559,-0.33561,0.4746,-0.33438,-0.16215,0.61193,0.00514,-0.0943,-0.26999,0.05532,-0.0145,0.09172,-0.33327,0.1625,1.10186,1.34324,-0.12105,-0.0064,0.01508,0.42489,-0.06389,0.89454,-1.35092,-0.09952,-0.00379,0.68996,-0.15615,-0.07853,-0.3852,-0.17245,-0.08942,-0.06191,0.6063,-0.00411,0.18678,-0.43234,-0.1156,0.07837,0.05258
42.3,0.01069,0.00571,-0.33636,0.47404,-0.33464,-0.16225,0.61254,0.00518,-0.09687,-0.27106,0.05549,-0.0145,0.09401,-0.33164,0.15326,1.11971,1.34088,-0.12278,-0.00668,0.01506,0.4224,-0.06865,0.90148,-1.35319,-0.09856,-0.00395,0.68905,-0.15676,-0.08093,-0.38488,-0.17217,-0.08928,-0.06178,0.6051,-0.0042,0.18787,-0.43168,-0.11551,0.07834,0.05253
42.32,0.01133,0.0058,-0.33698,0.4741,-0.33478,-0.16239,0.61278,0.00503,-0.09929,-0.27229,0.05526,-0.0145,0.08932,-0.32728,0.14708,1.13537,1.34436,-0.12328,-0.00655,0.00894,0.41369,-0.07342,0.90301,-1.35597,-0.09607,-0.00441,0.68801,-0.15728,-0.08307,-0.38501,-0.17199,-0.08921,-0.06172,0.60372,-0.00409,0.18912,-0.43109,-0.11536,0.07821,0.05243
42.34,0.01199,0.00589,-0.33755,0.47443,-0.33488,-0.16254,0.61289,0.0048,-0.10166,-0.27356,0.05486,-0.0145,0.08179,-0.32187,0.1422,1.15021,1.34964,-0.12334,-0.00621,0.0003,0.40262,-0.07857,0.90247,-1.35884,-0.09317,-0.00499,0.68693,-0.15778,-0.08527,-0.38534,-0.17182,-0.08915,-0.06167,0.60228,-0.00392,0.19037,-0.43054,-0.11519,0.07805,0.05232
42.36,0.01264,0.00598,-0.33814,0.47461,-0.33502,-0.16268,0.61308,0.00461,-0.10402,-0.27479,0.05454,-0.0145,0.07546,-0.31693,0.1368,1.16539,1.35381,-0.12355,-0.00598,-0.00742,0.39272,-0.08395,0.90296,-1.36161,-0.0905,-0.00554,0.68592,-0.15829,-0.08743,-0.3856,-0.17164,-0.08908,-0.06162,0.6009,-0.00379,0.19155,-0.42998,-0.11504,0.07791,0.05221
42.38,0.01329,0.00608,-0.33874,0.47492,-0.33508,-0.16286,0.61321,0.00441,-0.1065,-0.27615,0.05418,-0.0145,0.06937,-0.31201,0.13116,1.18072,1.35914,-0.12402,-0.00582,-0.01424,0.38231,-0.08764,0.90309,-1.36458,-0.08769,-0.00598,0.6847,-0.15881,-0.08969,-0.38577,-0.17149,-0.08904,-0.06158,0.59937,-0.00359,0.19302,-0.42939,-0.11486,0.07775,0.05209
42.4,0.01394,0.00616,-0.3393,0.47503,-0.3353,-0.16296,0.61341,0.00421,-0.10872,-0.27723,0.05386,-0.0145,0.06216,-0.30681,0.12629,1.19556,1.36251,-0.12382,-0.00532,-0.02351,0.37246,-0.09495,0.9034,-1.36718,-0.08508,-0.00667,0.68388,-0.1593,-0.09176,-0.38616,-0.17128,-0.08894,-0.06152,0.59814,-0.00352,0.19388,-0.42888,-0.11473,0.07763,0.052
42.42,0.01455,0.00621,-0.33973,0.47447,-0.33605,-0.16286,0.61389,0.00399,-0.11013,-0.27748,0.05373,-0.0145,0.05244,-0.30113,0.1234,1.20917,1.35994,-0.12203,-0.00507,-0.03903,0.36469,-0.11188,0.90542,-1.36867,-0.08297,-0.00806,0.68432,-0.15968,-0.09311,-0.38715,-0.17089,-0.08872,-0.06138,0.59788,-0.00384,0.19307,-0.42865,-0.11473,0.07764,0.05201
42.44,0.01516,0.00625,-0.34011,0.4737,-0.33696,-0.16268,0.61443,0.00376,-0.11128,-0.27745,0.05364,-0.0145,0.04173,-0.2952,0.12122,1.22233,1.35537,-0.11955,-0.00431,-0.05691,0.3576,-0.13246,0.90754,-1.36977,-0.08111,-0.0097,0.68513,-0.16002,-0.09427,-0.38834,-0.17043,-0.08844,-0.06122,0.59791,-0.00429,0.19163,-0.4285,-0.11478,0.0777,0.05206
42.46,0.01578,0.00629,-0.34052,0.47306,-0.33774,-0.16254,0.61491,0.00353,-0.11262,-0.27757,0.0535,-0.0145,0.03155,-0.28933,0.11859,1.23574,1.35175,-0.11729,-0.00293,-0.07367,0.35027,-0.15161,0.90919,-1.37112,-0.07921,-0.01122,0.68566,-0.16038,-0.09561,-0.3894,-0.17001,-0.08819,-0.06107,0.59772,-0.00467,0.19044,-0.42829,-0.1148,0.07774,0.05209
42.48,0.01636,0.00632,-0.34092,0.47228,-0.33875,-0.16238,0.61554,0.00331,-0.11366,-0.27761,0.05347,-0.0145,0.02089,-0.28361,0.11649,1.24893,1.34798,-0.1154,-0.00488,-0.09073,0.34257,-0.16995,0.91265,-1.37227,-0.07694,-0.01278,0.68665,-0.16073,-0.09658,-0.39065,-0.16958,-0.08793,-0.06092,0.59789,-0.00508,0.18939,-0.4282,-0.11482,0.07778,0.05212
42.5,0.01702,0.00639,-0.34131,0.47174,-0.33934,-0.16223,0.61587,0.00308,-0.11524,-0.27774,0.05322,-0.0145,0.01108,-0.2776,0.1135,1.26247,1.34406,-0.11261,-0.0001,-0.10768,0.33582,-0.19067,0.9123,-1.37363,-0.07555,-0.0143,0.68679,-0.16109,-0.09826,-0.39155,-0.16915,-0.08767,-0.06077,0.5974,-0.00547,0.18792,-0.42787,-0.11486,0.07782,0.05215
42.52,0.01788,0.00661,-0.34168,0.47201,-0.33869,-0.16215,0.61536,0.00286,-0.11852,-0.27827,0.05236,-0.0145,0.00341,-0.27013,0.10728,1.27725,1.33976,-0.10706,0.02584,-0.12375,0.3317,-0.21851,0.9023,-1.37669,-0.07618,-0.01575,0.68434,-0.16149,-0.10218,-0.39138,-0.16871,-0.08744,-0.0606,0.59484,-0.00578,0.18533,-0.42679,-0.11495,0.07786,0.05218
42.54,0.01881,0.00688,-0.34204,0.4725,-0.33764,-0.16207,0.61456,0.00264,-0.12232,-0.2789,0.05129,-0.0145,-0.00328,-0.2625,0.10025,1.29236,1.33545,-0.10069,0.05807,-0.13961,0.32849,-0.24834,0.88833,-1.37976,-0.07777,-0.01716,0.68105,-0.16189,-0.1068,-0.39086,-0.16827,-0.08722,-0.06042,0.59163,-0.00608,0.18235,-0.42548,-0.11505,0.0779,0.0522
42.56,0.0197,0.00711,-0.34239,0.47284,-0.33682,-0.16197,0.61391,0.00242,-0.12581,-0.27946,0.05031,-0.0145,-0.01012,-0.2554,0.09401,1.30722,1.33147,-0.09499,0.08561,-0.15552,0.32472,-0.27634,0.87557,-1.38224,-0.07913,-0.01851,0.67826,-0.16228,-0.11096,-0.39055,-0.16784,-0.087,-0.06025,0.58881,-0.00639,0.17962,-0.42431,-0.11513,0.07794,0.05222
42.58,0.02065,0.00739,-0.34277,0.4734,-0.33581,-0.16194,0.61321,0.00221,-0.12962,-0.28009,0.04935,-0.0145,-0.01824,-0.24639,0.08605,1.3225,1.32611,-0.08803,0.12072,-0.1717,0.32155,-0.30844,0.86524,-1.38738,-0.07956,-0.02013,0.67498,-0.16269,-0.11568,-0.39007,-0.16738,-0.08675,-0.06006,0.58559,-0.0067,0.17656,-0.42298,-0.11524,0.07798,0.05224
42.6,0.02148,0.0076,-0.34309,0.47354,-0.33509,-0.16178,0.61253,0.00198,-0.13287,-0.2806,0.04829,-0.0145,-0.02346,-0.24128,0.0814,1.33698,1.32358,-0.0835,0.14177,-0.18723,0.3174,-0.33238,0.84901,-1.38673,-0.08222,-0.02124,0.67252,-0.16307,-0.11941,-0.38984,-0.16699,-0.08655,-0.05991,0.58305,-0.00701,0.17411,-0.42193,-0.11532,0.07801,0.05226
42.62,0.022,0.00761,-0.3432,0.47238,-0.33524,-0.16125,0.61194,0.00172,-0.13453,-0.28072,0.04701,-0.0145,-0.02088,-0.24728,0.08667,1.34927,1.32941,-0.08601,0.12072,-0.20103,0.30975,-0.33348,0.81657,-1.37251,-0.09023,-0.02032,0.67256,-0.1634,-0.12024,-0.39045,-0.16679,-0.08649,-0.05987,0.5825,-0.00739,0.17336,-0.4217,-0.1153,0.07806,0.05229
42.64,0.0224,0.00756,-0.34325,0.47079,-0.33569,-0.1606,0.61139,0.00144,-0.13559,-0.28072,0.04564,-0.0145,-0.01541,-0.25714,0.09519,1.36071,1.33799,-0.09097,0.08562,-0.21417,0.30119,-0.32627,0.77851,-1.35216,-0.10052,-0.01896,0.67345,-0.1637,-0.12006,-0.39131,-0.16666,-0.08648,-0.05987,0.58265,-0.00777,0.17325,-0.42176,-0.11524,0.0781,0.05232
42.66,0.02285,0.00754,-0.34333,0.46943,-0.336,-0.16003,0.61084,0.00117,-0.13688,-0.28081,0.04434,-0.0145,-0.01129,-0.26504,0.10181,1.37247,1.34496,-0.09472,0.05809,-0.22762,0.2934,-0.32273,0.74359,-1.33282,-0.11017,-0.01825,0.67392,-0.164,-0.12036,-0.39202,-0.16649,-0.08644,-0.05985,0.58247,-0.00813,0.1729,-0.42169,-0.1152,0.07813,0.05235
42.68,0.0233,0.00751,-0.34341,0.46791,-0.33629,-0.15937,0.6102,0.00089,-0.13836,-0.28075,0.04291,-0.0145,-0.00699,-0.27382,0.11016,1.38457,1.35346,-0.09885,0.02583,-0.24103,0.28412,-0.31967,0.70602,-1.32032,-0.11834,-0.01579,0.67451,-0.16438,-0.12061,-0.39287,-0.16636,-0.08642,-0.05984,0.5823,-0.00861,0.17235,-0.42162,-0.11517,0.07819,0.05239
42.7,0.02374,0.00749,-0.34347,0.46663,-0.33671,-0.15886,0.60975,0.00062,-0.1393,-0.28098,0.04173,-0.0145,-0.0024,-0.28169,0.11572,1.39573,1.35941,-0.1028,-5e-05,-0.25435,0.27774,-0.31363,0.67275,-1.29292,-0.12993,-0.0167,0.67506,-0.16458,-0.1207,-0.39349,-0.16617,-0.08638,-0.05982,0.5823,-0.00882,0.17235,-0.42162,-0.11511,0.07821,0.0524
42.72,0.02422,0.00752,-0.34347,0.46605,-0.33742,-0.15879,0.60986,0.00038,-0.13894,-0.28207,0.04125,-0.0145,0.00247,-0.28614,0.11265,1.40462,1.35761,-0.10554,-0.00456,-0.2678,0.2793,-0.3013,0.65209,-1.21903,-0.15221,-0.02834,0.67532,-0.16426,-0.12059,-0.39345,-0.16583,-0.0863,-0.05978,0.58258,-0.00823,0.17387,-0.42175,-0.11497,0.07811,0.05232
42.74,0.0247,0.00757,-0.34344,0.46574,-0.33825,-0.15889,0.61016,0.00016,-0.13805,-0.28346,0.04103,-0.0145,0.00752,-0.28954,0.10668,1.41256,1.3531,-0.10804,-0.00224,-0.28113,0.28385,-0.28627,0.63608,-1.13154,-0.17756,-0.04316,0.67553,-0.16376,-0.12035,-0.39317,-0.16545,-0.08621,-0.05974,0.58301,-0.00735,0.17589,-0.42192,-0.11481,0.07798,0.0522
42.76,0.02517,0.00761,-0.34343,0.46535,-0.33902,-0.15892,0.61037,-8e-05,-0.13737,-0.28471,0.04071,-0.0145,0.0124,-0.29342,0.10213,1.42088,1.34993,-0.11072,-0.00331,-0.29438,0.28721,-0.27256,0.61835,-1.05491,-0.20032,-0.05566,0.67575,-0.16333,-0.12018,-0.39299,-0.1651,-0.08613,-0.0597,0.58337,-0.00662,0.17759,-0.42206,-0.11467,0.07788,0.0521
42.78,0.02566,0.00764,-0.34341,0.46477,-0.3398,-0.1589,0.61059,-0.00032,-0.1368,-0.28596,0.04033,-0.0145,0.01776,-0.29745,0.09729,1.42944,1.34663,-0.11316,-0.00373,-0.30822,0.28981,-0.25818,0.59873,-0.95871,-0.22811,-0.07176,0.67605,-0.16292,-0.11991,-0.39285,-0.1647,-0.08603,-0.05966,0.58377,-0.00583,0.17974,-0.42227,-0.11451,0.07775,0.05199
42.8,0.02613,0.0077,-0.3434,0.46465,-0.3406,-0.15904,0.61084,-0.00053,-0.13588,-0.28728,0.04013,-0.0145,0.02211,-0.30084,0.09231,1.43724,1.34264,-0.11606,-0.00363,-0.32075,0.29472,-0.24466,0.58424,-0.89964,-0.24624,-0.08121,0.67615,-0.16245,-0.11985,-0.39258,-0.16439,-0.08597,-0.05963,0.58411,-0.00509,0.18104,-0.42235,-0.11438,0.07765,0.0519
42.82,0.02658,0.00785,-0.3434,0.46566,-0.34143,-0.15959,0.61117,-0.00068,-0.13415,-0.28874,0.04035,-0.0145,0.02365,-0.30305,0.08757,1.44335,1.34007,-0.11978,-0.00445,-0.33013,0.30539,-0.2342,0.5827,-0.95081,-0.23578,-0.07074,0.67575,-0.1618,-0.12035,-0.392,-0.16437,-0.08603,-0.05967,0.58427,-0.00453,0.17987,-0.42206,-0.11436,0.07762,0.05189
42.84,0.02702,0.00803,-0.34341,0.46713,-0.34227,-0.1603,0.61152,-0.00081,-0.13209,-0.29026,0.04075,-0.0145,0.02414,-0.30459,0.0828,1.44869,1.33651,-0.12402,-0.00483,-0.3381,0.31827,-0.22476,0.5862,-1.03908,-0.21568,-0.05361,0.67514,-0.1611,-0.12109,-0.39131,-0.16444,-0.08612,-0.05974,0.58436,-0.00404,0.17782,-0.42164,-0.11437,0.07762,0.05191
42.86,0.02745,0.00819,-0.34341,0.46842,-0.34309,-0.16094,0.61184,-0.00095,-0.13018,-0.29172,0.04108,-0.0145,0.02507,-0.3062,0.07806,1.45427,1.33148,-0.12834,-0.00486,-0.34644,0.33009,-0.21488,0.58746,-1.10749,-0.20073,-0.04005,0.67463,-0.16045,-0.12179,-0.39071,-0.16446,-0.0862,-0.05979,0.58447,-0.00353,0.17619,-0.42129,-0.11436,0.07759,0.05191
42.88,0.0279,0.00836,-0.34342,0.46961,-0.34398,-0.1616,0.61225,-0.00107,-0.12826,-0.29331,0.0414,-0.0145,0.02614,-0.30872,0.07312,1.4603,1.33393,-0.13139,-0.00685,-0.35595,0.34226,-0.20477,0.58863,-1.18795,-0.18264,-0.02432,0.67411,-0.15969,-0.12223,-0.38994,-0.1645,-0.08629,-0.05986,0.58462,-0.00298,0.1745,-0.42088,-0.11437,0.0776,0.05193
42.9,0.02833,0.00852,-0.34343,0.47111,-0.34473,-0.16224,0.61247,-0.00122,-0.12629,-0.29465,0.04176,-0.0145,0.02666,-0.30923,0.06867,1.46521,1.32128,-0.1371,-0.0049,-0.36265,0.35416,-0.19546,0.59116,-1.25245,-0.16874,-0.01148,0.67356,-0.15914,-0.12324,-0.3895,-0.16452,-0.08636,-0.0599,0.58468,-0.00251,0.17273,-0.42057,-0.11436,0.07756,0.05193
42.92,0.02867,0.00863,-0.34344,0.47333,-0.34513,-0.16277,0.61212,-0.00147,-0.12421,-0.29532,0.04225,-0.0145,0.02587,-0.30406,0.06506,1.4673,1.26124,-0.15108,0.0093,-0.36211,0.36499,-0.18783,0.59604,-1.2626,-0.16905,-0.00838,0.67297,-0.15926,-0.12603,-0.39004,-0.16444,-0.08635,-0.05987,0.58451,-0.00222,0.17089,-0.42054,-0.1143,0.0774,0.05187
42.94,0.02899,0.00872,-0.34345,0.47583,-0.3454,-0.16326,0.61158,-0.00175,-0.12209,-0.29572,0.04276,-0.0145,0.02454,-0.29693,0.06204,1.46831,1.18707,-0.16754,0.02717,-0.35874,0.37542,-0.18105,0.60214,-1.25567,-0.17383,-0.0084,0.67236,-0.15959,-0.12935,-0.39093,-0.16434,-0.08632,-0.05982,0.58424,-0.002,0.16901,-0.4206,-0.11422,0.0772,0.05179
42.96,0.02932,0.00882,-0.34346,0.4782,-0.34573,-0.16377,0.61112,-0.002,-0.12002,-0.29622,0.04325,-0.0145,0.02348,-0.29091,0.05911,1.46978,1.12337,-0.18214,0.04235,-0.35653,0.38588,-0.17408,0.60778,-1.25743,-0.17635,-0.0069,0.67177,-0.1598,-0.13227,-0.39166,-0.16427,-0.08631,-0.05979,0.58401,-0.00174,0.16721,-0.42061,-0.11415,0.07703,0.05172
42.98,0.02965,0.00891,-0.34347,0.48061,-0.34606,-0.1643,0.61066,-0.00229,-0.1178,-0.29684,0.04381,-0.0145,0.0223,-0.28397,0.0547,1.47133,1.04288,-0.19977,0.06179,-0.35482,0.39707,-0.16627,0.61318,-1.25665,-0.1795,-0.00559,0.67115,-0.16009,-0.13584,-0.39239,-0.16414,-0.08625,-0.05972,0.5838,-0.00149,0.16516,-0.42064,-0.11409,0.07685,0.05166
43,0.02997,0.00901,-0.34349,0.483,-0.34635,-0.16476,0.61018,-0.00253,-0.1159,-0.29713,0.04422,-0.0145,0.02125,-0.27846,0.05347,1.47247,0.99358,-0.21174,0.07332,-0.3514,0.40657,-0.16044,0.61933,-1.25652,-0.18254,-0.00471,0.67057,-0.16026,-0.13821,-0.3932,-0.16412,-0.08628,-0.05972,0.58353,-0.00124,0.16361,-0.42067,-0.11401,0.07666,0.05157
43.02,0.03029,0.00911,-0.34356,0.48532,-0.34654,-0.16499,0.6097,-0.00267,-0.11489,-0.29657,0.04418,-0.0145,0.02069,-0.27753,0.06112,1.47269,1.0376,-0.20686,0.06113,-0.34392,0.41173,-0.15969,0.62695,-1.263,-0.18422,-0.00432,0.67011,-0.16,-0.13697,-0.39421,-0.16445,-0.08661,-0.05995,0.58308,-0.00099,0.1635,-0.42069,-0.11392,0.07643,0.05143
43.04,0.0306,0.0092,-0.34365,0.48762,-0.34669,-0.16514,0.60921,-0.00277,-0.11422,-0.29568,0.04399,-0.0145,0.0203,-0.27807,0.07189,1.47255,1.11281,-0.19631,0.04102,-0.33482,0.41513,-0.16093,0.63533,-1.27043,-0.18569,-0.00429,0.66969,-0.1596,-0.13453,-0.3953,-0.1649,-0.08703,-0.06025,0.58257,-0.00075,0.16388,-0.42073,-0.11382,0.07617,0.05126
43.06,0.03092,0.0093,-0.34374,0.48991,-0.34686,-0.16533,0.60873,-0.00287,-0.11342,-0.29495,0.04389,-0.0145,0.01983,-0.27784,0.08104,1.47263,1.17126,-0.18874,0.02518,-0.32648,0.41916,-0.16138,0.64354,-1.27683,-0.18731,-0.00409,0.66925,-0.15928,-0.13274,-0.39634,-0.16528,-0.0874,-0.06052,0.58211,-0.0005,0.16398,-0.42077,-0.11373,0.07593,0.05111
43.08,0.03124,0.0094,-0.34382,0.49227,-0.34702,-0.16549,0.60822,-0.00303,-0.11252,-0.29419,0.04371,-0.0145,0.01934,-0.27799,0.09106,1.47247,1.24004,-0.17952,0.00665,-0.31792,0.42392,-0.16141,0.65106,-1.28514,-0.18883,-0.00401,0.66882,-0.15891,-0.13051,-0.39744,-0.16571,-0.08781,-0.06081,0.58159,-0.00024,0.16431,-0.42076,-0.11363,0.07567,0.05094
43.1,0.03155,0.00949,-0.34391,0.49447,-0.34719,-0.16569,0.60778,-0.00307,-0.11191,-0.2934,0.04366,-0.0145,0.01893,-0.27773,0.1,1.47272,1.295,-0.17237,-0.00823,-0.3095,0.42671,-0.16276,0.66019,-1.28995,-0.19045,-0.00374,0.66837,-0.15861,-0.12891,-0.39843,-0.16607,-0.08816,-0.06105,0.58117,-2e-05,0.16429,-0.42087,-0.11355,0.07546,0.0508
43.12,0.03183,0.00958,-0.34401,0.49629,-0.34737,-0.16601,0.60754,-0.00274,-0.11203,-0.29255,0.04395,-0.0145,0.01874,-0.27589,0.10522,1.4742,1.3035,-0.17238,-0.01095,-0.30179,0.42465,-0.16724,0.67341,-1.28448,-0.19243,-0.00279,0.66784,-0.15855,-0.12939,-0.39907,-0.16619,-0.08832,-0.06114,0.5811,0.0001,0.16312,-0.42135,-0.11355,0.07537,0.05076
43.14,0.03211,0.00966,-0.34412,0.49793,-0.34755,-0.16635,0.60737,-0.00228,-0.11242,-0.29168,0.04438,-0.0145,0.01862,-0.27362,0.10923,1.47611,1.29722,-0.17465,-0.00979,-0.29433,0.42063,-0.17299,0.68827,-1.27559,-0.19449,-0.00163,0.66728,-0.15858,-0.13053,-0.39961,-0.16624,-0.08842,-0.06118,0.58113,0.00016,0.16159,-0.42194,-0.11357,0.07532,0.05075
43.16,0.03239,0.00974,-0.34422,0.4996,-0.34771,-0.16665,0.60717,-0.0019,-0.11265,-0.29085,0.04476,-0.0145,0.01845,-0.27161,0.11379,1.47782,1.29822,-0.17584,-0.01054,-0.28684,0.41738,-0.17818,0.70251,-1.26858,-0.19646,-0.00059,0.66675,-0.15857,-0.13135,-0.40021,-0.16631,-0.08854,-0.06123,0.58108,0.00025,0.16029,-0.42247,-0.11359,0.07526,0.05073
43.18,0.03265,0.00983,-0.34433,0.50147,-0.34795,-0.16705,0.60693,-0.00146,-0.11305,-0.28991,0.04509,-0.0145,0.01835,-0.26938,0.1185,1.47955,1.29792,-0.17709,-0.01093,-0.27895,0.41455,-0.18336,0.71626,-1.26025,-0.19864,0.00053,0.66618,-0.15854,-0.13221,-0.40073,-0.16642,-0.08868,-0.0613,0.58116,0.00034,0.15876,-0.42305,-0.11361,0.07519,0.0507
43.2,0.03297,0.0099,-0.34443,0.50288,-0.34804,-0.16727,0.6068,-0.0011,-0.11317,-0.28918,0.04556,-0.0145,0.01813,-0.26749,0.12255,1.48134,1.29642,-0.17879,-0.01105,-0.27196,0.41042,-0.18883,0.73138,-1.25383,-0.20041,0.00154,0.66567,-0.15858,-0.13316,-0.40139,-0.16642,-0.08877,-0.06133,0.58101,0.00041,0.15761,-0.42355,-0.11362,0.07514,0.05069
43.22,0.03344,0.00991,-0.34448,0.50308,-0.34772,-0.16703,0.60691,-0.00101,-0.11241,-0.28903,0.04643,-0.0145,0.01761,-0.26659,0.12512,1.48324,1.29506,-0.18138,-0.01139,-0.2674,0.40319,-0.19473,0.75002,-1.2536,-0.20111,0.00221,0.66528,-0.15885,-0.13421,-0.40247,-0.16611,-0.08873,-0.06128,0.58015,0.00042,0.15768,-0.42376,-0.11358,0.07515,0.0507
43.24,0.03396,0.0099,-0.3445,0.50282,-0.34727,-0.16663,0.60711,-0.00101,-0.11139,-0.28908,0.04743,-0.0145,0.01697,-0.26606,0.12705,1.48517,1.29288,-0.18435,-0.01156,-0.26376,0.39475,-0.20086,0.76997,-1.2554,-0.20137,0.00276,0.66496,-0.15918,-0.13532,-0.40368,-0.16568,-0.08865,-0.06119,0.57908,0.00041,0.15813,-0.42388,-0.11354,0.07518,0.05073
43.26,0.03446,0.00991,-0.34454,0.50277,-0.34691,-0.16631,0.60728,-0.00097,-0.11053,-0.28902,0.04836,-0.0145,0.01635,-0.26539,0.12922,1.48705,1.29104,-0.18703,-0.01176,-0.25971,0.38685,-0.2069,0.78924,-1.25622,-0.20176,0.00335,0.66465,-0.15947,-0.13637,-0.40482,-0.16531,-0.0886,-0.06112,0.57814,0.0004,0.15834,-0.42403,-0.1135,0.0752,0.05076
43.28,0.03497,0.0099,-0.34459,0.50271,-0.34643,-0.16596,0.60742,-0.00093,-0.1095,-0.28905,0.04935,-0.0145,0.01587,-0.26457,0.13156,1.48911,1.28887,-0.19026,-0.01201,-0.2556,0.37888,-0.21292,0.80891,-1.25714,-0.20242,0.00401,0.66419,-0.15982,-0.13758,-0.40598,-0.1649,-0.08853,-0.06104,0.57703,0.00041,0.15881,-0.4242,-0.11345,0.07521,0.05077
43.3,0.03546,0.00991,-0.3446,0.50256,-0.34617,-0.16563,0.60764,-0.0009,-0.10876,-0.28894,0.05024,-0.0145,0.01507,-0.26414,0.1334,1.49081,1.28734,-0.19244,-0.01216,-0.25184,0.37083,-0.21902,0.82803,-1.25839,-0.20244,0.00449,0.66404,-0.16006,-0.13846,-0.40713,-0.16454,-0.08847,-0.06097,0.57624,0.00037,0.15885,-0.42433,-0.11343,0.07525,0.05081
43.32,0.03586,0.00994,-0.3445,0.50231,-0.34654,-0.16541,0.60807,-0.00092,-0.1089,-0.2884,0.05087,-0.0145,0.01342,-0.26472,0.13408,1.49144,1.28817,-0.19142,-0.01212,-0.24878,0.36267,-0.22533,0.8454,-1.25992,-0.20069,0.00448,0.6647,-0.16001,-0.13851,-0.40818,-0.16437,-0.08847,-0.06096,0.57633,0.00018,0.15752,-0.4243,-0.11347,0.07536,0.05087
43.34,0.03623,0.00998,-0.34436,0.50198,-0.34713,-0.16523,0.60856,-0.00094,-0.10936,-0.28773,0.05139,-0.0145,0.01146,-0.26566,0.13428,1.49171,1.28965,-0.18938,-0.01197,-0.24604,0.35452,-0.2317,0.86216,-1.26173,-0.19832,0.00429,0.66566,-0.15984,-0.1382,-0.40921,-0.16426,-0.08848,-0.06098,0.57676,-7e-05,0.15575,-0.42423,-0.11353,0.0755,0.05095
43.36,0.03661,0.01002,-0.34423,0.50169,-0.34762,-0.16502,0.609,-0.00096,-0.10967,-0.28713,0.05196,-0.0145,0.00965,-0.26641,0.13469,1.4922,1.29072,-0.18794,-0.01187,-0.24317,0.34647,-0.23801,0.87915,-1.2635,-0.19631,0.00418,0.66649,-0.15971,-0.13799,-0.41023,-0.16412,-0.08849,-0.06098,0.57705,-0.00029,0.15421,-0.42421,-0.11359,0.07563,0.05103
43.38,0.037,0.01006,-0.34412,0.5014,-0.34812,-0.16482,0.60953,-0.001,-0.10998,-0.28649,0.05256,-0.0145,0.00781,-0.26727,0.13511,1.49246,1.29241,-0.18591,-0.0118,-0.24025,0.33792,-0.24448,0.8964,-1.26501,-0.19396,0.00405,0.66731,-0.15965,-0.13804,-0.41131,-0.16397,-0.08848,-0.06098,0.57727,-0.00055,0.15254,-0.42407,-0.11363,0.07575,0.0511
43.4,0.03736,0.0101,-0.34397,0.50108,-0.34864,-0.16463,0.6099,-0.001,-0.11037,-0.28591,0.05305,-0.0145,0.00597,-0.26798,0.13539,1.49311,1.29273,-0.18489,-0.01159,-0.2375,0.33046,-0.25061,0.91292,-1.26706,-0.19217,0.00393,0.66821,-0.15942,-0.1375,-0.41227,-0.16385,-0.0885,-0.061,0.57771,-0.00072,0.15105,-0.42415,-0.11371,0.0759,0.05119
43.42,0.03761,0.01014,-0.34369,0.50075,-0.34915,-0.16445,0.60977,-0.00092,-0.11094,-0.28551,0.05322,-0.0145,0.0042,-0.26843,0.13566,1.49494,1.29158,-0.18659,-0.01161,-0.23506,0.32582,-0.25603,0.92767,-1.27088,-0.1921,0.00385,0.66924,-0.15871,-0.13505,-0.41295,-0.16385,-0.08863,-0.06109,0.57866,-0.00064,0.15011,-0.42489,-0.1139,0.07616,0.05134
43.44,0.03784,0.01019,-0.34336,0.50039,-0.34966,-0.16428,0.60949,-0.0008,-0.11158,-0.28519,0.05328,-0.0145,0.00246,-0.26871,0.13578,1.49715,1.28869,-0.18936,-0.01142,-0.23278,0.32234,-0.26108,0.94166,-1.27516,-0.1926,0.00379,0.67033,-0.15785,-0.13207,-0.41351,-0.16387,-0.08879,-0.06119,0.57981,-0.00047,0.14939,-0.42584,-0.11413,0.07645,0.05151
43.46,0.03808,0.01023,-0.34305,0.50001,-0.35017,-0.16411,0.60929,-0.0007,-0.11217,-0.28486,0.05338,-0.0145,0.00071,-0.26893,0.13577,1.49916,1.28483,-0.19186,-0.0109,-0.23045,0.31846,-0.26619,0.95589,-1.27899,-0.1928,0.00372,0.67139,-0.15711,-0.12956,-0.41411,-0.16385,-0.08891,-0.06128,0.58086,-0.00034,0.14862,-0.42667,-0.11433,0.07671,0.05166
43.48,0.03831,0.01028,-0.34276,0.49973,-0.35069,-0.16395,0.60903,-0.00059,-0.11282,-0.28444,0.05349,-0.0145,-0.00108,-0.26968,0.13652,1.50131,1.28793,-0.19351,-0.01205,-0.22804,0.31403,-0.27179,0.97053,-1.28384,-0.19312,0.00364,0.67247,-0.15617,-0.12608,-0.41476,-0.16394,-0.08912,-0.06142,0.58195,-0.00024,0.14762,-0.4276,-0.11456,0.07701,0.05184
43.5,0.03855,0.01032,-0.34243,0.49925,-0.3512,-0.16375,0.60886,-0.00049,-0.11337,-0.28421,0.05357,-0.0145,-0.00276,-0.26935,0.13573,1.50325,1.27675,-0.1971,-0.00982,-0.22583,0.31103,-0.27624,0.98414,-1.2867,-0.19336,0.00358,0.67352,-0.15559,-0.12449,-0.41527,-0.16382,-0.08916,-0.06145,0.58299,-3e-05,0.14716,-0.42836,-0.11474,0.07724,0.05198
43.52,0.0388,0.01038,-0.34201,0.49823,-0.3517,-0.16344,0.60895,-0.0004,-0.11362,-0.2845,0.05365,-0.0145,-0.00423,-0.2655,0.13024,1.50446,1.22089,-0.20674,0.003,-0.22406,0.31157,-0.27772,0.99511,-1.2838,-0.19324,0.0036,0.67443,-0.15605,-0.12844,-0.4154,-0.16311,-0.08872,-0.06115,0.58379,0.0005,0.14821,-0.42862,-0.11476,0.07727,0.05198
43.54,0.03905,0.01044,-0.34154,0.497,-0.3522,-0.16308,0.60913,-0.00031,-0.11377,-0.28499,0.05371,-0.0145,-0.00558,-0.26067,0.12332,1.50546,1.1517,-0.21815,0.01899,-0.22251,0.31355,-0.27802,1.00505,-1.27892,-0.19302,0.00364,0.67532,-0.15686,-0.13428,-0.41539,-0.16219,-0.08813,-0.06074,0.58452,0.00116,0.14981,-0.42871,-0.11472,0.07722,0.05194
43.56,0.03931,0.01049,-0.3411,0.49586,-0.35271,-0.16275,0.60927,-0.00022,-0.11395,-0.28539,0.05377,-0.0145,-0.00695,-0.25666,0.1174,1.50658,1.09247,-0.22811,0.03265,-0.22091,0.31497,-0.27875,1.01544,-1.27508,-0.19285,0.00366,0.67623,-0.15749,-0.13913,-0.41545,-0.16139,-0.08762,-0.06039,0.58529,0.00175,0.15114,-0.42887,-0.11472,0.07721,0.05192
43.58,0.03956,0.01055,-0.34066,0.49472,-0.35318,-0.16242,0.6094,-0.00013,-0.11417,-0.28579,0.05383,-0.0145,-0.00845,-0.25108,0.10999,1.5076,1.01706,-0.24078,0.05002,-0.21908,0.31602,-0.27987,1.02586,-1.27068,-0.19269,0.00373,0.67708,-0.15822,-0.14451,-0.41549,-0.16051,-0.08706,-0.06,0.58603,0.00237,0.15256,-0.42904,-0.11469,0.07718,0.0519
43.6,0.03981,0.01061,-0.3402,0.49354,-0.35372,-0.16206,0.60959,-5e-05,-0.11429,-0.28623,0.0539,-0.0145,-0.00967,-0.24851,0.10533,1.50878,0.97177,-0.24828,0.06051,-0.21779,0.31818,-0.27993,1.03599,-1.26696,-0.19249,0.00369,0.67806,-0.15882,-0.14926,-0.41554,-0.15973,-0.08656,-0.05966,0.58683,0.00297,0.1539,-0.42916,-0.11469,0.07717,0.05188
43.62,0.04003,0.01068,-0.33969,0.49225,-0.35442,-0.16163,0.60997,1e-05,-0.11415,-0.28674,0.05401,-0.0145,-0.01009,-0.25471,0.10884,1.51046,1.0166,-0.24051,0.05039,-0.21786,0.32286,-0.27718,1.0455,-1.26555,-0.19225,0.00333,0.67938,-0.15896,-0.15179,-0.41561,-0.15931,-0.08629,-0.05946,0.58782,0.00347,0.15498,-0.42914,-0.11473,0.0772,0.05188
43.64,0.04023,0.01076,-0.33916,0.49092,-0.35518,-0.16117,0.61041,6e-05,-0.11392,-0.28728,0.05414,-0.0145,-0.01026,-0.26394,0.11515,1.51229,1.09155,-0.22758,0.03339,-0.21849,0.32866,-0.27345,1.05477,-1.26487,-0.19199,0.00286,0.68083,-0.15896,-0.15363,-0.41569,-0.15899,-0.08608,-0.05932,0.58889,0.00394,0.15595,-0.42909,-0.11479,0.07725,0.05189
43.66,0.04044,0.01084,-0.33863,0.48962,-0.35591,-0.16074,0.61082,0.00011,-0.11374,-0.28779,0.05426,-0.0145,-0.01059,-0.27163,0.12002,1.51404,1.15029,-0.21738,0.0201,-0.21891,0.33409,-0.2703,1.06417,-1.26387,-0.19172,0.00245,0.68223,-0.15902,-0.15581,-0.41578,-0.15862,-0.08583,-0.05915,0.58994,0.00443,0.15692,-0.42907,-0.11485,0.0773,0.0519
43.68,0.04065,0.01092,-0.33812,0.48831,-0.35662,-0.16026,0.61126,0.00016,-0.1135,-0.28839,0.05438,-0.0145,-0.01072,-0.27994,0.12547,1.51585,1.21913,-0.20562,0.00447,-0.21912,0.33897,-0.26654,1.0734,-1.2628,-0.1915,0.00201,0.68358,-0.15912,-0.15799,-0.41581,-0.15827,-0.08561,-0.05899,0.59089,0.00491,0.15811,-0.42896,-0.11489,0.07732,0.05189
43.7,0.04086,0.011,-0.33757,0.48698,-0.35742,-0.15987,0.61165,0.00021,-0.11336,-0.28877,0.05451,-0.0145,-0.01122,-0.28773,0.13048,1.51758,1.27435,-0.19584,-0.00798,-0.21993,0.34526,-0.26382,1.08298,-1.26203,-0.19118,0.00159,0.6851,-0.15909,-0.15995,-0.41599,-0.1579,-0.08535,-0.05883,0.59208,0.00542,0.15884,-0.42903,-0.11497,0.0774,0.05193
43.72,0.04108,0.01107,-0.33695,0.48578,-0.35828,-0.15967,0.6118,0.00023,-0.11349,-0.28876,0.05466,-0.0145,-0.01272,-0.29309,0.13286,1.51909,1.28394,-0.19291,-0.00986,-0.22182,0.35505,-0.26438,1.09346,-1.26227,-0.1904,0.00129,0.68676,-0.15876,-0.16163,-0.41626,-0.15744,-0.08501,-0.05864,0.59371,0.0059,0.15794,-0.4296,-0.1152,0.07765,0.0521
43.74,0.04132,0.01115,-0.33628,0.48452,-0.35925,-0.15956,0.61192,0.00028,-0.11372,-0.28847,0.05483,-0.0145,-0.01462,-0.2979,0.13485,1.52049,1.27898,-0.19211,-0.00835,-0.22437,0.36624,-0.26602,1.10433,-1.26275,-0.18953,0.001,0.68863,-0.1583,-0.16308,-0.41675,-0.15695,-0.08463,-0.05844,0.5956,0.00644,0.15665,-0.43036,-0.11547,0.07795,0.05231
43.76,0.04155,0.01123,-0.33562,0.48319,-0.36028,-0.15946,0.6121,0.00035,-0.11391,-0.28813,0.05502,-0.0145,-0.01638,-0.30314,0.13749,1.52193,1.28117,-0.19024,-0.00849,-0.22689,0.37685,-0.26706,1.11515,-1.2629,-0.18882,0.00067,0.69063,-0.15789,-0.16453,-0.41736,-0.15646,-0.08426,-0.05823,0.59751,0.00707,0.1558,-0.43106,-0.11571,0.07821,0.05249
43.78,0.04176,0.01129,-0.33499,0.48229,-0.36088,-0.15919,0.61204,0.00024,-0.11406,-0.28854,0.05509,-0.0145,-0.01793,-0.30767,0.13817,1.52349,1.28212,-0.18864,-0.00842,-0.22829,0.38724,-0.26848,1.12548,-1.26395,-0.18766,0.00047,0.69172,-0.15753,-0.16642,-0.41702,-0.15604,-0.08395,-0.05808,0.59888,0.00723,0.15389,-0.43164,-0.11599,0.07856,0.05273
43.8,0.04203,0.0114,-0.33431,0.48048,-0.36237,-0.15927,0.6125,0.00052,-0.11432,-0.28733,0.05542,-0.0145,-0.02007,-0.31356,0.14286,1.52471,1.28184,-0.18702,-0.00788,-0.23218,0.39844,-0.26943,1.13687,-1.26324,-0.18735,-0,0.6947,-0.15702,-0.16732,-0.41872,-0.15547,-0.08349,-0.05782,0.60138,0.00835,0.15402,-0.4325,-0.1162,0.07874,0.05287
43.82,0.04237,0.01162,-0.33344,0.47606,-0.36645,-0.16039,0.61425,0.00185,-0.11491,-0.28163,0.05639,-0.0145,-0.02326,-0.32293,0.15817,1.5254,1.28133,-0.18527,-0.00694,-0.24268,0.41131,-0.26837,1.15143,-1.25728,-0.18979,-0.00117,0.70335,-0.15617,-0.16599,-0.42587,-0.15434,-0.08249,-0.05717,0.60729,0.01237,0.1606,-0.43423,-0.11615,0.07837,0.05267
43.84,0.04278,0.0119,-0.33252,0.47076,-0.37138,-0.16184,0.61655,0.00356,-0.11559,-0.27431,0.05762,-0.0145,-0.02714,-0.33374,0.17757,1.52566,1.28005,-0.18337,-0.00561,-0.25567,0.42497,-0.26682,1.16696,-1.24968,-0.19297,-0.00263,0.7138,-0.15517,-0.16362,-0.43506,-0.1531,-0.08134,-0.05642,0.61425,0.01733,0.16914,-0.4362,-0.11604,0.07784,0.05237
43.86,0.04321,0.01217,-0.33164,0.46594,-0.37582,-0.16308,0.61869,0.00511,-0.1162,-0.26776,0.05875,-0.0145,-0.03101,-0.34416,0.19552,1.52586,1.27919,-0.18133,-0.00438,-0.26759,0.43841,-0.26589,1.18183,-1.24298,-0.19557,-0.004,0.72309,-0.1542,-0.16142,-0.44342,-0.152,-0.08034,-0.05577,0.62049,0.0217,0.1763,-0.43795,-0.116,0.07742,0.05215
43.88,0.04341,0.01237,-0.33071,0.46077,-0.38071,-0.16459,0.62045,0.00662,-0.11699,-0.26105,0.0598,-0.0145,-0.03357,-0.35349,0.21194,1.52718,1.27736,-0.18034,-0.00335,-0.27926,0.45136,-0.26361,1.19768,-1.23534,-0.19931,-0.00517,0.73382,-0.15335,-0.1604,-0.45148,-0.15051,-0.079,-0.0549,0.62777,0.02672,0.18543,-0.4402,-0.11577,0.07682,0.05181
43.9,0.04412,0.01274,-0.32987,0.45612,-0.38486,-0.16561,0.62314,0.0083,-0.11739,-0.25431,0.0611,-0.0145,-0.03907,-0.36538,0.23228,1.52601,1.2778,-0.17697,-0.00185,-0.29203,0.46546,-0.26368,1.21165,-1.22962,-0.20071,-0.00683,0.74196,-0.15223,-0.1568,-0.46055,-0.1498,-0.07832,-0.05447,0.63313,0.03064,0.19102,-0.44145,-0.1159,0.07657,0.05169
43.92,0.04618,0.01358,-0.32935,0.4531,-0.38675,-0.16526,0.62806,0.0104,-0.11695,-0.24761,0.06295,-0.0145,-0.05211,-0.3844,0.26439,1.51859,1.28272,-0.16825,0.00083,-0.30736,0.48281,-0.27302,1.22065,-1.2262,-0.19695,-0.00978,0.74274,-0.15024,-0.14537,-0.47271,-0.15141,-0.07964,-0.05536,0.63294,0.03114,0.18565,-0.43978,-0.1171,0.07742,0.05226
43.94,0.04877,0.01459,-0.32891,0.45063,-0.38786,-0.16439,0.63394,0.01265,-0.11609,-0.24099,0.06507,-0.0145,-0.06815,-0.4059,0.29991,1.50858,1.29038,-0.15693,0.00395,-0.32367,0.50124,-0.28422,1.2276,-1.22516,-0.19066,-0.0132,0.7408,-0.148,-0.13156,-0.48566,-0.15378,-0.08162,-0.0567,0.63077,0.03053,0.17677,-0.43711,-0.11864,0.07863,0.05305
43.96,0.05115,0.01552,-0.32842,0.4479,-0.38934,-0.16372,0.6395,0.01478,-0.11525,-0.23453,0.06716,-0.0145,-0.08312,-0.42599,0.33263,1.49941,1.29822,-0.146,0.00686,-0.33949,0.519,-0.29283,1.2352,-1.22552,-0.18441,-0.0164,0.73996,-0.14596,-0.1195,-0.49771,-0.15573,-0.08321,-0.05778,0.62951,0.03054,0.16998,-0.43497,-0.11997,0.07963,0.05372
43.98,0.05337,0.01648,-0.32801,0.44519,-0.39079,-0.16321,0.64457,0.01715,-0.1151,-0.2272,0.0689,-0.0145,-0.09693,-0.44725,0.3709,1.49164,1.30014,-0.13834,0.00982,-0.35571,0.53754,-0.30886,1.24414,-1.21627,-0.1824,-0.01965,0.73976,-0.14357,-0.10465,-0.51214,-0.15801,-0.08515,-0.05909,0.62825,0.03012,0.16123,-0.43253,-0.12149,0.08079,0.05449
44,0.05607,0.01742,-0.32744,0.44258,-0.39209,-0.16225,0.65088,0.01905,-0.11343,-0.22169,0.07139,-0.0145,-0.1138,-0.46672,0.39822,1.48035,1.31489,-0.12335,0.01278,-0.37114,0.55473,-0.30981,1.24963,-1.22646,-0.17156,-0.02289,0.73756,-0.14184,-0.09498,-0.52176,-0.15978,-0.08654,-0.06002,0.62649,0.03031,0.15563,-0.43047,-0.12273,0.08171,0.0551
44.02,0.06,0.01826,-0.32646,0.44018,-0.39336,-0.16025,0.66051,0.01964,-0.10748,-0.22133,0.07607,-0.0145,-0.13876,-0.48018,0.39571,1.46009,1.36563,-0.08785,0.01571,-0.38541,0.56754,-0.26929,1.24743,-1.29979,-0.13157,-0.02615,0.73066,-0.14206,-0.10061,-0.51788,-0.15997,-0.08628,-0.05981,0.62401,0.03259,0.16015,-0.42983,-0.12303,0.08188,0.05518
44.04,0.0644,0.01908,-0.32532,0.43785,-0.39447,-0.15782,0.67132,0.01976,-0.10005,-0.22277,0.08144,-0.0145,-0.1666,-0.49186,0.38181,1.43638,1.42894,-0.04522,0.0186,-0.39858,0.57902,-0.2134,1.24157,-1.39088,-0.08372,-0.02936,0.72181,-0.14293,-0.11144,-0.50911,-0.15961,-0.08546,-0.05921,0.62104,0.03551,0.16785,-0.42959,-0.12306,0.0818,0.0551
44.06,0.06858,0.01993,-0.32424,0.43547,-0.39555,-0.15555,0.68151,0.02009,-0.09339,-0.22327,0.08635,-0.0145,-0.19288,-0.50464,0.37228,1.41417,1.48568,-0.00641,0.02145,-0.41147,0.59135,-0.16416,1.23649,-1.46705,-0.0431,-0.03252,0.71377,-0.14344,-0.11962,-0.50256,-0.15947,-0.0849,-0.05879,0.61815,0.03805,0.17371,-0.42908,-0.12327,0.08186,0.05511
44.08,0.07279,0.02071,-0.32325,0.4332,-0.39706,-0.15341,0.69209,0.02046,-0.08624,-0.22426,0.0919,-0.0145,-0.22039,-0.51624,0.36623,1.3921,1.54612,0.03495,0.02459,-0.42778,0.60267,-0.11648,1.23506,-1.57158,0.01276,-0.03602,0.70599,-0.14424,-0.12895,-0.49602,-0.15948,-0.08433,-0.05835,0.6158,0.0409,0.18113,-0.42889,-0.12328,0.08183,0.05505
44.1,0.07705,0.02162,-0.32202,0.43071,-0.39765,-0.1509,0.70214,0.02061,-0.07982,-0.22468,0.09628,-0.0145,-0.24589,-0.52988,0.35023,1.36899,1.60181,0.07265,0.02711,-0.43655,0.61576,-0.0618,1.22521,-1.62202,0.03904,-0.03878,0.69723,-0.14458,-0.13714,-0.4883,-0.15904,-0.08365,-0.05786,0.61225,0.04327,0.1861,-0.42816,-0.12362,0.08193,0.05509
44.12,0.08132,0.0229,-0.32017,0.4276,-0.39577,-0.14743,0.71045,0.02037,-0.07554,-0.22289,0.0972,-0.0145,-0.2659,-0.54914,0.30934,1.3435,1.64133,0.09855,0.02784,-0.42609,0.6343,0.00766,1.19263,-1.51206,-0.02122,-0.03957,0.68618,-0.14357,-0.14091,-0.47846,-0.15746,-0.0828,-0.05729,0.6054,0.04405,0.18345,-0.42568,-0.12489,0.0825,0.05545
44.14,0.08561,0.02431,-0.31809,0.42426,-0.39299,-0.14363,0.71819,0.01992,-0.0721,-0.22051,0.09692,-0.0145,-0.28362,-0.57058,0.25888,1.31715,1.67562,0.1205,0.02795,-0.40777,0.65463,0.08371,1.15179,-1.34833,-0.11098,-0.0396,0.67422,-0.14207,-0.14336,-0.4676,-0.15546,-0.08187,-0.05669,0.59738,0.04433,0.17827,-0.42268,-0.12649,0.08321,0.05591
44.16,0.08988,0.02566,-0.31612,0.42103,-0.39062,-0.14001,0.72621,0.01952,-0.06846,-0.21854,0.09723,-0.0145,-0.30187,-0.5913,0.21291,1.29142,1.71231,0.14421,0.0284,-0.39222,0.67398,0.15734,1.11499,-1.21362,-0.18535,-0.03993,0.66272,-0.14077,-0.14645,-0.45721,-0.15369,-0.08098,-0.05611,0.58999,0.04491,0.17433,-0.42005,-0.12793,0.08384,0.05632
44.18,0.09421,0.02702,-0.31414,0.41779,-0.38822,-0.13622,0.73424,0.01927,-0.06402,-0.21601,0.0974,-0.0145,-0.32238,-0.61081,0.1659,1.26459,1.74939,0.16832,0.02863,-0.38021,0.694,0.22936,1.07681,-1.06014,-0.26788,-0.04045,0.65095,-0.13961,-0.1496,-0.44659,-0.15172,-0.08005,-0.05549,0.58219,0.0452,0.17008,-0.41687,-0.1294,0.08452,0.05676
44.2,0.09841,0.02839,-0.31213,0.41451,-0.38568,-0.13273,0.74206,0.01867,-0.06143,-0.21449,0.09755,-0.0145,-0.33758,-0.6334,0.11899,1.23989,1.78419,0.19054,0.02915,-0.35875,0.71307,0.30576,1.03963,-0.9328,-0.34044,-0.0404,0.63954,-0.13803,-0.15219,-0.4363,-0.15008,-0.0792,-0.05495,0.57495,0.04597,0.16587,-0.41472,-0.1309,0.08513,0.05717
44.22,0.10226,0.02975,-0.31011,0.41122,-0.38313,-0.13019,0.74957,0.0171,-0.06403,-0.2158,0.0979,-0.0145,-0.33878,-0.66385,0.07421,1.22136,1.81451,0.20874,0.03069,-0.31507,0.72897,0.39529,1.00707,-0.89014,-0.37903,-0.03908,0.62942,-0.13549,-0.1542,-0.42714,-0.14947,-0.07855,-0.05457,0.56967,0.04816,0.16196,-0.41548,-0.13249,0.08555,0.05749
44.24,0.10597,0.03111,-0.30808,0.40789,-0.38046,-0.12797,0.75686,0.01519,-0.06842,-0.21815,0.09828,-0.0145,-0.33466,-0.69733,0.03002,1.20502,1.84254,0.22509,0.03252,-0.26184,0.74388,0.48837,0.97586,-0.8756,-0.40647,-0.03721,0.6197,-0.13255,-0.15558,-0.41839,-0.14923,-0.078,-0.05428,0.56496,0.05086,0.15822,-0.4173,-0.13411,0.08588,0.05778
44.26,0.10973,0.03246,-0.30607,0.40456,-0.37775,-0.1256,0.76414,0.01347,-0.07179,-0.22006,0.09867,-0.0145,-0.33292,-0.72955,-0.01406,1.18765,1.87121,0.24215,0.03417,-0.21166,0.75931,0.57809,0.94414,-0.8486,-0.43852,-0.03553,0.60976,-0.12973,-0.1568,-0.40953,-0.14884,-0.07746,-0.05398,0.5599,0.05335,0.15467,-0.41866,-0.13569,0.08623,0.05807
44.28,0.11356,0.03386,-0.304,0.40131,-0.37541,-0.12325,0.77187,0.0116,-0.07605,-0.22179,0.09891,-0.0145,-0.33137,-0.76149,-0.06007,1.17038,1.90145,0.25972,0.03601,-0.16647,0.77449,0.67566,0.91168,-0.81864,-0.47346,-0.03406,0.5999,-0.12712,-0.15981,-0.4003,-0.14834,-0.07672,-0.05356,0.55519,0.05574,0.14993,-0.41992,-0.13737,0.08667,0.0584
44.3,0.1172,0.03516,-0.30204,0.3979,-0.3723,-0.12093,0.77863,0.00997,-0.0789,-0.22415,0.09949,-0.0145,-0.32804,-0.79455,-0.10182,1.15346,1.92787,0.27574,0.03753,-0.10895,0.78996,0.75731,0.88121,-0.80189,-0.49943,-0.03207,0.59001,-0.12401,-0.15903,-0.39198,-0.14817,-0.07639,-0.05339,0.54992,0.05844,0.14771,-0.42165,-0.13886,0.0869,0.05864
44.32,0.12038,0.03625,-0.30035,0.39402,-0.367,-0.11859,0.78279,0.00913,-0.07723,-0.22804,0.1011,-0.0145,-0.3223,-0.83125,-0.13164,1.13674,1.94495,0.28858,0.03806,-0.01773,0.80629,0.7968,0.85574,-0.8179,-0.50252,-0.02831,0.57972,-0.11949,-0.14734,-0.38593,-0.14885,-0.07722,-0.05391,0.54282,0.06195,0.15281,-0.42452,-0.13983,0.08657,0.0586
44.34,0.12338,0.03726,-0.29877,0.39001,-0.36098,-0.11628,0.786,0.00856,-0.07413,-0.23252,0.10305,-0.0145,-0.31473,-0.86873,-0.15719,1.12036,1.95816,0.29979,0.03825,0.08518,0.82295,0.81962,0.83228,-0.84603,-0.49695,-0.02412,0.56944,-0.11451,-0.13199,-0.3808,-0.14983,-0.07845,-0.05466,0.53518,0.06574,0.16039,-0.42782,-0.14063,0.08604,0.05846
44.36,0.12644,0.0383,-0.29714,0.38611,-0.35538,-0.11397,0.78965,0.00785,-0.07181,-0.2367,0.10481,-0.0145,-0.30725,-0.90501,-0.18486,1.10398,1.97274,0.31133,0.03862,0.18138,0.83957,0.84823,0.80805,-0.86663,-0.49583,-0.02045,0.5593,-0.10983,-0.11873,-0.37534,-0.15065,-0.07946,-0.05528,0.52789,0.06935,0.16661,-0.43087,-0.14151,0.08562,0.05837
44.38,0.12959,0.03935,-0.2955,0.382,-0.34936,-0.1116,0.79326,0.00719,-0.06899,-0.24103,0.10673,-0.0145,-0.30274,-0.94497,-0.21184,1.087,1.98893,0.32461,0.03892,0.28375,0.85575,0.88437,0.7833,-0.89621,-0.49236,-0.01546,0.54853,-0.10473,-0.10363,-0.36953,-0.15162,-0.08063,-0.05601,0.52014,0.07319,0.17383,-0.43418,-0.14235,0.08512,0.05826
44.4,0.1325,0.04036,-0.2939,0.37829,-0.34406,-0.10937,0.79673,0.00651,-0.06684,-0.24518,0.1084,-0.0145,-0.29162,-0.97739,-0.23915,1.07134,2.00081,0.33384,0.03928,0.37602,0.87287,0.90099,0.76006,-0.91026,-0.49163,-0.01303,0.53909,-0.10042,-0.09151,-0.36468,-0.15234,-0.08155,-0.05656,0.51323,0.07661,0.17952,-0.43705,-0.14324,0.08474,0.05818
44.42,0.13479,0.04126,-0.29236,0.37576,-0.34085,-0.10751,0.80019,0.00569,-0.06686,-0.24879,0.10933,-0.0145,-0.26334,-0.98887,-0.2692,1.0591,2.00228,0.33273,0.03984,0.43646,0.89323,0.86639,0.74076,-0.87269,-0.50265,-0.01854,0.53319,-0.09837,-0.08848,-0.36219,-0.15233,-0.08166,-0.05658,0.50869,0.07891,0.18073,-0.4386,-0.14433,0.0847,0.05818
44.44,0.13683,0.04211,-0.29085,0.37365,-0.33839,-0.10579,0.80353,0.00484,-0.06759,-0.25216,0.11,-0.0145,-0.22839,-0.9927,-0.29955,1.04818,1.99945,0.32752,0.04047,0.48644,0.9144,0.81295,0.72288,-0.81992,-0.51645,-0.02652,0.52867,-0.09714,-0.08857,-0.36067,-0.15205,-0.08149,-0.05641,0.50503,0.08076,0.18026,-0.43969,-0.14548,0.08479,0.05821
44.46,0.13896,0.04297,-0.28932,0.37134,-0.33562,-0.10401,0.80685,0.00401,-0.06801,-0.25557,0.11077,-0.0145,-0.19607,-0.99995,-0.32928,1.03674,1.99827,0.32394,0.04107,0.54186,0.93472,0.76906,0.70419,-0.77791,-0.52764,-0.03286,0.52361,-0.09554,-0.08726,-0.35877,-0.15189,-0.08144,-0.05632,0.50103,0.08275,0.18029,-0.44097,-0.14662,0.08484,0.05825
44.48,0.14118,0.04389,-0.28781,0.36903,-0.33269,-0.10221,0.81044,0.00317,-0.06834,-0.2593,0.11162,-0.0145,-0.16533,-1.00742,-0.36103,1.025,1.99828,0.32134,0.04164,0.59488,0.95708,0.72048,0.68625,-0.7205,-0.54401,-0.04132,0.51816,-0.0939,-0.08577,-0.35663,-0.15177,-0.08143,-0.05624,0.49675,0.08503,0.18147,-0.44234,-0.1477,0.0848,0.05822
44.5,0.14315,0.04468,-0.28626,0.36684,-0.33029,-0.1005,0.81347,0.00235,-0.06904,-0.2623,0.11225,-0.0145,-0.12979,-1.01267,-0.38856,1.01419,1.99475,0.3157,0.0423,0.65017,0.97538,0.67734,0.66708,-0.69086,-0.55058,-0.04603,0.51386,-0.09256,-0.08544,-0.35521,-0.1515,-0.08128,-0.05609,0.49327,0.08662,0.17988,-0.44343,-0.14891,0.08497,0.05833
44.52,0.14448,0.04514,-0.2846,0.36486,-0.32913,-0.09905,0.81503,0.00162,-0.07063,-0.26332,0.11235,-0.0145,-0.08234,-1.01308,-0.40547,1.00559,1.98337,0.30288,0.0432,0.71489,0.98223,0.65436,0.64405,-0.74617,-0.52761,-0.03917,0.51236,-0.09188,-0.08767,-0.35556,-0.15085,-0.08081,-0.05577,0.49169,0.08627,0.17048,-0.44379,-0.15049,0.08573,0.05885
44.54,0.14555,0.04548,-0.2829,0.363,-0.32848,-0.09771,0.81604,0.00092,-0.07258,-0.26361,0.11225,-0.0145,-0.03034,-1.01161,-0.41795,0.99788,1.96839,0.28708,0.04418,0.78207,0.98498,0.63746,0.61975,-0.82907,-0.49503,-0.02855,0.51198,-0.09148,-0.09097,-0.35659,-0.15006,-0.08021,-0.05539,0.49089,0.08527,0.15845,-0.4439,-0.15218,0.08667,0.05951
44.56,0.14673,0.04587,-0.28122,0.3611,-0.32762,-0.09632,0.81727,0.00021,-0.07438,-0.26423,0.11225,-0.0145,0.01931,-1.0114,-0.43172,0.98979,1.95456,0.27253,0.04512,0.84769,0.98965,0.61755,0.5961,-0.89621,-0.4681,-0.02005,0.51112,-0.09095,-0.09371,-0.3573,-0.14934,-0.07967,-0.05504,0.48979,0.08464,0.148,-0.44417,-0.15379,0.0875,0.06009
44.58,0.14796,0.04627,-0.27953,0.35916,-0.32669,-0.09492,0.8186,-0.00053,-0.07618,-0.26484,0.11223,-0.0145,0.07026,-1.00931,-0.44844,0.98165,1.94279,0.25838,0.04611,0.91487,0.99412,0.59813,0.57218,-0.97625,-0.43593,-0.00994,0.51018,-0.09048,-0.09683,-0.35808,-0.14858,-0.07909,-0.05466,0.4885,0.08367,0.13587,-0.44421,-0.15554,0.08846,0.06075
44.6,0.14902,0.04662,-0.27786,0.35732,-0.32601,-0.09357,0.81961,-0.00119,-0.07803,-0.2653,0.11219,-0.0145,0.11965,-1.01066,-0.4581,0.9738,1.92571,0.24262,0.047,0.97945,0.99801,0.57922,0.54853,-1.0364,-0.41225,-0.00223,0.50966,-0.08994,-0.0994,-0.35885,-0.14788,-0.07858,-0.05433,0.48779,0.08327,0.12663,-0.44468,-0.15701,0.0892,0.06126
44.62,0.14966,0.04688,-0.27626,0.35577,-0.32586,-0.09234,0.81991,-0.00162,-0.07995,-0.26547,0.11213,-0.0145,0.16214,-1.02327,-0.44817,0.96663,1.89704,0.22424,0.04765,1.0367,1.00135,0.56151,0.52571,-1.03296,-0.41535,-0.00232,0.51004,-0.08912,-0.10012,-0.35939,-0.14745,-0.07833,-0.05416,0.48849,0.08467,0.12604,-0.44643,-0.15772,0.08932,0.06133
44.64,0.15014,0.0471,-0.2747,0.35431,-0.32595,-0.09116,0.81993,-0.00197,-0.08189,-0.26552,0.11206,-0.0145,0.20313,-1.03922,-0.43147,0.95971,1.86285,0.20418,0.0482,1.09119,1.00425,0.54393,0.50325,-1.00895,-0.42714,-0.00491,0.5108,-0.08822,-0.10025,-0.35987,-0.1471,-0.07816,-0.05405,0.48975,0.08668,0.12846,-0.44862,-0.15813,0.08922,0.06125
44.66,0.15069,0.04733,-0.27312,0.3528,-0.32593,-0.08997,0.82008,-0.00235,-0.08377,-0.26565,0.11201,-0.0145,0.24578,-1.05278,-0.41868,0.95262,1.82966,0.1841,0.04877,1.1467,1.00733,0.52556,0.48077,-0.99572,-0.43429,-0.00621,0.51141,-0.08736,-0.1007,-0.36038,-0.14669,-0.07794,-0.05391,0.49076,0.08839,0.12951,-0.45058,-0.15866,0.08922,0.06124
44.68,0.15125,0.0476,-0.27153,0.35134,-0.32589,-0.08876,0.82017,-0.00276,-0.08587,-0.26565,0.11188,-0.0145,0.28455,-1.06984,-0.40237,0.94579,1.80234,0.16704,0.04946,1.20332,1.01034,0.51057,0.45761,-0.97752,-0.44403,-0.00802,0.51198,-0.08647,-0.10099,-0.36091,-0.14635,-0.07775,-0.05379,0.4918,0.09017,0.1305,-0.45265,-0.15925,0.08922,0.06123
44.7,0.15174,0.04777,-0.26998,0.34979,-0.32597,-0.08758,0.82034,-0.00308,-0.08752,-0.2659,0.11192,-0.0145,0.33087,-1.08056,-0.39165,0.93847,1.76198,0.14358,0.04985,1.25691,1.01343,0.48835,0.43601,-0.9643,-0.45058,-0.00942,0.5127,-0.08563,-0.10144,-0.36135,-0.1459,-0.07754,-0.05365,0.49288,0.09196,0.13233,-0.45458,-0.15965,0.08916,0.06118
44.72,0.1521,0.0477,-0.26858,0.34793,-0.32629,-0.08647,0.82078,-0.00317,-0.08793,-0.26692,0.11245,-0.0145,0.39927,-1.07201,-0.39981,0.92964,1.68325,0.10089,0.04946,1.30306,1.017,0.44729,0.41829,-0.97085,-0.446,-0.00894,0.51377,-0.08497,-0.10256,-0.36168,-0.14513,-0.07722,-0.05346,0.49392,0.09374,0.13591,-0.45609,-0.15957,0.08898,0.06107
44.74,0.1524,0.04753,-0.26724,0.34599,-0.32672,-0.08539,0.82131,-0.00318,-0.08789,-0.2682,0.11316,-0.0145,0.47511,-1.05716,-0.41354,0.92032,1.59229,0.05221,0.04875,1.34618,1.02066,0.39872,0.40223,-0.98278,-0.43801,-0.008,0.51495,-0.08435,-0.10384,-0.36188,-0.14425,-0.07689,-0.05327,0.49496,0.09551,0.14021,-0.45743,-0.1593,0.08875,0.06093
44.76,0.15273,0.0474,-0.26587,0.34412,-0.32712,-0.08431,0.82181,-0.00324,-0.08806,-0.26935,0.11378,-0.0145,0.54694,-1.04585,-0.4236,0.91128,1.50938,0.00758,0.04816,1.39051,1.0242,0.35277,0.3856,-0.99151,-0.43174,-0.0074,0.51604,-0.0837,-0.105,-0.36205,-0.14343,-0.07657,-0.05308,0.49601,0.09724,0.14404,-0.45881,-0.15912,0.08855,0.06081
44.78,0.15304,0.04728,-0.26448,0.3421,-0.32746,-0.0832,0.82224,-0.00325,-0.08823,-0.27054,0.11443,-0.0145,0.6214,-1.03183,-0.43822,0.90199,1.41577,-0.04273,0.04767,1.4355,1.02805,0.31007,0.36808,-1.00284,-0.425,-0.00635,0.51732,-0.0831,-0.10633,-0.36259,-0.14259,-0.07621,-0.05287,0.49707,0.09915,0.14854,-0.46035,-0.15891,0.0883,0.06066
44.8,0.15337,0.04711,-0.26315,0.34038,-0.32795,-0.08214,0.82284,-0.00335,-0.08829,-0.27172,0.11506,-0.0145,0.69216,-1.02187,-0.44476,0.89312,1.34162,-0.08259,0.0469,1.47835,1.03126,0.25895,0.35294,-1.01018,-0.41836,-0.00609,0.51822,-0.0824,-0.10735,-0.36234,-0.14175,-0.07595,-0.05271,0.49809,0.10069,0.1518,-0.46152,-0.15871,0.08815,0.06057
44.82,0.15372,0.04684,-0.26196,0.33951,-0.32883,-0.08118,0.82389,-0.00376,-0.0882,-0.27281,0.1156,-0.0145,0.75089,-1.02492,-0.4277,0.88544,1.32423,-0.09207,0.04547,1.51689,1.03277,0.18537,0.34293,-1.00629,-0.41258,-0.00796,0.518,-0.08139,-0.10742,-0.35991,-0.14096,-0.07597,-0.05269,0.499,0.10119,0.15137,-0.46177,-0.1586,0.08828,0.06065
44.84,0.15408,0.04651,-0.26083,0.33893,-0.32985,-0.08026,0.82509,-0.00426,-0.08802,-0.27388,0.11612,-0.0145,0.80563,-1.0322,-0.40232,0.87822,1.32689,-0.09079,0.04378,1.55324,1.0336,0.1038,0.33545,-0.99813,-0.40702,-0.01064,0.51739,-0.08028,-0.10716,-0.35671,-0.14018,-0.0761,-0.05272,0.49987,0.1013,0.14965,-0.46165,-0.1585,0.08851,0.0608
44.86,0.15443,0.04621,-0.25967,0.33821,-0.3308,-0.07934,0.8262,-0.0047,-0.08785,-0.27496,0.11666,-0.0145,0.86223,-1.03735,-0.38072,0.87084,1.32039,-0.09444,0.04222,1.59006,1.03467,0.02654,0.32747,-0.99129,-0.40152,-0.01304,0.517,-0.07922,-0.10706,-0.35392,-0.13939,-0.07618,-0.05272,0.50075,0.1016,0.14857,-0.46169,-0.1584,0.08869,0.06092
44.88,0.1548,0.04591,-0.2585,0.33754,-0.33178,-0.07836,0.82741,-0.00521,-0.08777,-0.27606,0.11715,-0.0145,0.91897,-1.04315,-0.35933,0.86323,1.31364,-0.09817,0.04062,1.62903,1.03603,-0.05399,0.3168,-0.98714,-0.39527,-0.01508,0.51646,-0.07815,-0.10693,-0.35087,-0.13859,-0.07629,-0.05274,0.50166,0.10186,0.14733,-0.46176,-0.15828,0.08887,0.06104
44.9,0.15512,0.0456,-0.25736,0.33683,-0.33273,-0.07751,0.82845,-0.0056,-0.0875,-0.2771,0.11773,-0.0145,0.97431,-1.04869,-0.33544,0.85622,1.31236,-0.09908,0.03903,1.66299,1.03661,-0.12935,0.31234,-0.97645,-0.39064,-0.01804,0.51612,-0.07707,-0.10679,-0.34818,-0.13782,-0.07634,-0.05273,0.50251,0.10211,0.14605,-0.46168,-0.1582,0.08909,0.06117
44.92,0.15534,0.04527,-0.25631,0.33589,-0.33355,-0.07701,0.82901,-0.0056,-0.08673,-0.2779,0.1185,-0.0145,1.02733,-1.05247,-0.3069,0.85054,1.32104,-0.09505,0.03751,1.68411,1.03528,-0.18971,0.32404,-0.9474,-0.39062,-0.02354,0.51642,-0.07594,-0.10669,-0.34668,-0.13705,-0.07622,-0.05262,0.50316,0.1025,0.14549,-0.46122,-0.15814,0.08935,0.06129
44.94,0.15551,0.04494,-0.25529,0.3349,-0.33434,-0.07663,0.82941,-0.00547,-0.0858,-0.27863,0.11935,-0.0145,1.07893,-1.05588,-0.27605,0.84547,1.33461,-0.0885,0.03601,1.7002,1.03318,-0.24432,0.34195,-0.91214,-0.39221,-0.02991,0.51694,-0.0748,-0.1066,-0.34557,-0.1363,-0.07605,-0.05249,0.50376,0.10288,0.14486,-0.46063,-0.15811,0.08964,0.06142
44.96,0.15569,0.04462,-0.25427,0.33396,-0.33513,-0.0762,0.82989,-0.00542,-0.08497,-0.27942,0.12017,-0.0145,1.13075,-1.0595,-0.24609,0.84024,1.34614,-0.08293,0.03451,1.71832,1.03141,-0.30073,0.35722,-0.88057,-0.39297,-0.03577,0.51737,-0.07368,-0.10653,-0.34428,-0.13557,-0.07591,-0.05237,0.50442,0.1032,0.14392,-0.46011,-0.15812,0.08993,0.06156
44.98,0.15589,0.04425,-0.25322,0.3329,-0.33594,-0.07576,0.83036,-0.00529,-0.084,-0.2801,0.12098,-0.0145,1.18425,-1.06307,-0.21654,0.8345,1.35761,-0.07766,0.03297,1.73746,1.02971,-0.36088,0.37181,-0.84517,-0.39414,-0.04216,0.51775,-0.07251,-0.10635,-0.34294,-0.13475,-0.07574,-0.05224,0.50494,0.10377,0.14428,-0.45951,-0.15793,0.09017,0.06165
45,0.15605,0.04399,-0.25222,0.33208,-0.33672,-0.07538,0.83079,-0.0053,-0.08329,-0.28098,0.12182,-0.0145,1.23395,-1.0666,-0.18568,0.82998,1.3701,-0.07132,0.03151,1.7533,1.02769,-0.41174,0.38926,-0.81638,-0.39483,-0.04764,0.51828,-0.07144,-0.10638,-0.34183,-0.13411,-0.07562,-0.05213,0.50572,0.10384,0.14203,-0.45907,-0.15815,0.09053,0.06185
45.02,0.15607,0.04402,-0.25129,0.33197,-0.33746,-0.07517,0.83115,-0.00577,-0.08338,-0.2825,0.1227,-0.0145,1.27355,-1.07018,-0.15183,0.82874,1.38429,-0.06264,0.03026,1.76128,1.0249,-0.43841,0.41312,-0.80695,-0.39385,-0.05017,0.51912,-0.07067,-0.10731,-0.34125,-0.13397,-0.07561,-0.0521,0.50722,0.10243,0.13193,-0.45907,-0.15957,0.09128,0.06237
45.04,0.15603,0.04416,-0.25039,0.33211,-0.33816,-0.07503,0.83146,-0.00639,-0.08374,-0.28421,0.12361,-0.0145,1.30936,-1.07369,-0.11677,0.82871,1.39923,-0.05303,0.02909,1.76612,1.02183,-0.45587,0.43961,-0.80446,-0.39232,-0.05177,0.5201,-0.06999,-0.10842,-0.34091,-0.13401,-0.07565,-0.0521,0.50897,0.10054,0.11935,-0.45924,-0.16139,0.09216,0.06298
45.06,0.15602,0.04424,-0.24949,0.3321,-0.33887,-0.07484,0.83176,-0.00693,-0.08396,-0.2858,0.1245,-0.0145,1.3469,-1.07716,-0.08223,0.8281,1.41369,-0.04392,0.02787,1.77241,1.01893,-0.47746,0.46486,-0.79912,-0.39104,-0.05393,0.52104,-0.06926,-0.10925,-0.34049,-0.13396,-0.07569,-0.05209,0.5106,0.09894,0.10835,-0.45937,-0.16297,0.09296,0.06353
45.08,0.15602,0.04436,-0.24856,0.33223,-0.33963,-0.07471,0.8322,-0.00752,-0.08427,-0.28753,0.12541,-0.0145,1.38441,-1.08093,-0.04769,0.82759,1.42894,-0.03439,0.02669,1.77841,1.0158,-0.49909,0.49054,-0.7924,-0.38983,-0.05561,0.52191,-0.06859,-0.11087,-0.33994,-0.13392,-0.07567,-0.05205,0.51227,0.097,0.09541,-0.45935,-0.16479,0.09387,0.06417
45.1,0.15598,0.04442,-0.24768,0.33213,-0.34029,-0.07448,0.83234,-0.00804,-0.08445,-0.28901,0.12628,-0.0145,1.42104,-1.08405,-0.01295,0.8272,1.44263,-0.02556,0.02546,1.78433,1.0131,-0.5185,0.51585,-0.79014,-0.38833,-0.058,0.52294,-0.06782,-0.11093,-0.33973,-0.13392,-0.07577,-0.05208,0.5139,0.09567,0.08593,-0.45967,-0.1662,0.09457,0.06465
45.12,0.15584,0.04428,-0.24693,0.33135,-0.34068,-0.07391,0.83161,-0.00835,-0.08413,-0.28976,0.12705,-0.0145,1.45685,-1.08548,0.02249,0.82655,1.45204,-0.01891,0.02403,1.79105,1.01161,-0.5344,0.53958,-0.79968,-0.38612,-0.06299,0.52438,-0.06675,-0.10623,-0.34044,-0.13401,-0.07622,-0.05234,0.51537,0.09616,0.08669,-0.4609,-0.16638,0.09467,0.06469
45.14,0.15566,0.04408,-0.24623,0.33033,-0.34098,-0.07322,0.83058,-0.00859,-0.08367,-0.29026,0.12778,-0.0145,1.4918,-1.08625,0.05798,0.82603,1.45979,-0.01302,0.02254,1.79778,1.01055,-0.54836,0.5628,-0.8133,-0.38365,-0.06866,0.52598,-0.0656,-0.10002,-0.34148,-0.13413,-0.07678,-0.05266,0.51678,0.09728,0.091,-0.46244,-0.16613,0.09455,0.06457
45.16,0.1555,0.04392,-0.2455,0.32943,-0.34134,-0.07261,0.82972,-0.00886,-0.08331,-0.2909,0.12853,-0.0145,1.52671,-1.08725,0.09313,0.82566,1.46813,-0.00682,0.02109,1.80439,1.00932,-0.56302,0.5862,-0.82429,-0.38131,-0.07375,0.5275,-0.06451,-0.09473,-0.34234,-0.13422,-0.07726,-0.05294,0.51821,0.0981,0.09361,-0.4638,-0.16608,0.09453,0.06453
45.18,0.15532,0.04372,-0.24477,0.32851,-0.34164,-0.07194,0.82872,-0.00913,-0.08284,-0.29146,0.12929,-0.0145,1.56332,-1.08851,0.1297,0.82448,1.4772,-0.00044,0.01958,1.81138,1.00799,-0.57813,0.60994,-0.83874,-0.37889,-0.07996,0.52907,-0.0633,-0.08843,-0.34333,-0.13438,-0.07785,-0.05328,0.51969,0.09894,0.0965,-0.46534,-0.16602,0.09452,0.06448
45.2,0.15517,0.04357,-0.24407,0.32755,-0.34203,-0.07134,0.82795,-0.00938,-0.08256,-0.29211,0.13002,-0.0145,1.59621,-1.08909,0.16327,0.82498,1.48434,0.00537,0.01819,1.81762,1.00696,-0.59197,0.6328,-0.84695,-0.37658,-0.08402,0.53057,-0.06233,-0.08391,-0.34413,-0.13441,-0.07824,-0.0535,0.52105,0.09989,0.09966,-0.46658,-0.16589,0.09445,0.0644
45.22,0.15513,0.04356,-0.24343,0.32657,-0.34266,-0.07098,0.82791,-0.00962,-0.08286,-0.29308,0.13064,-0.0145,1.6192,-1.08797,0.18874,0.83012,1.48647,0.00986,0.01716,1.82177,1.00659,-0.60285,0.65335,-0.83602,-0.37467,-0.08174,0.53185,-0.06203,-0.08448,-0.3443,-0.13414,-0.07804,-0.05338,0.5221,0.10102,0.10283,-0.46692,-0.16566,0.09424,0.06427
45.24,0.15511,0.04359,-0.24283,0.32556,-0.34337,-0.07071,0.8281,-0.00984,-0.08336,-0.29415,0.13122,-0.0145,1.63845,-1.0862,0.21114,0.83691,1.48671,0.01379,0.01626,1.82519,1.00649,-0.61257,0.67302,-0.81881,-0.37289,-0.07732,0.53307,-0.06199,-0.08693,-0.34427,-0.13374,-0.07763,-0.05312,0.52305,0.10222,0.10612,-0.46695,-0.16538,0.09399,0.06412
45.26,0.15509,0.04359,-0.24221,0.32454,-0.34405,-0.07039,0.82817,-0.01006,-0.08376,-0.29516,0.13182,-0.0145,1.65931,-1.08472,0.23485,0.84291,1.48785,0.01793,0.0153,1.82897,1.00629,-0.62284,0.69312,-0.80503,-0.37104,-0.07404,0.53432,-0.06186,-0.08869,-0.34435,-0.13339,-0.07729,-0.05292,0.52404,0.10337,0.10927,-0.46712,-0.16513,0.09377,0.06398
45.28,0.15506,0.04361,-0.24159,0.32358,-0.34472,-0.07007,0.82831,-0.0103,-0.08421,-0.29625,0.13243,-0.0145,1.68055,-1.0832,0.25897,0.8491,1.48879,0.02223,0.01437,1.83262,1.00602,-0.63294,0.71312,-0.78896,-0.36923,-0.07005,0.53555,-0.06161,-0.08977,-0.34435,-0.13309,-0.07705,-0.05276,0.52503,0.10463,0.1129,-0.46729,-0.16482,0.09351,0.06381
45.3,0.15504,0.04361,-0.24099,0.3225,-0.34542,-0.06978,0.82836,-0.01051,-0.0846,-0.2972,0.133,-0.0145,1.70008,-1.08163,0.28146,0.85528,1.48971,0.02608,0.01339,1.83636,1.00596,-0.64314,0.73308,-0.77611,-0.36735,-0.06702,0.5368,-0.06166,-0.09265,-0.34446,-0.13265,-0.07656,-0.05247,0.526,0.10566,0.11553,-0.4674,-0.16464,0.09332,0.0637
45.32,0.15505,0.04355,-0.2404,0.3211,-0.34616,-0.06953,0.82805,-0.01067,-0.08479,-0.2977,0.13353,-0.0145,1.71624,-1.08007,0.30063,0.86101,1.49109,0.02877,0.01219,1.84067,1.00645,-0.6541,0.75345,-0.77367,-0.36535,-0.06717,0.53812,-0.06258,-0.10068,-0.34489,-0.13183,-0.07537,-0.0518,0.52691,0.10599,0.11517,-0.46738,-0.16483,0.09339,0.06377
45.34,0.15507,0.04347,-0.23982,0.31958,-0.34691,-0.06931,0.82763,-0.01081,-0.08492,-0.29807,0.13401,-0.0145,1.73071,-1.07848,0.31818,0.86667,1.49252,0.03102,0.01094,1.84507,1.00714,-0.66518,0.77372,-0.77466,-0.36326,-0.06834,0.53945,-0.06378,-0.11034,-0.34543,-0.13089,-0.07397,-0.05101,0.5278,0.10608,0.11382,-0.46732,-0.16514,0.09355,0.0639
45.36,0.15509,0.04341,-0.23924,0.31811,-0.34765,-0.06908,0.82728,-0.01095,-0.08508,-0.29854,0.13449,-0.0145,1.74571,-1.07688,0.33624,0.87236,1.49392,0.0335,0.00972,1.84937,1.00774,-0.67612,0.79384,-0.77405,-0.36114,-0.06901,0.54078,-0.06478,-0.11884,-0.34592,-0.13004,-0.07271,-0.05031,0.52869,0.1063,0.11305,-0.46728,-0.16539,0.09366,0.06399
45.38,0.1551,0.04333,-0.23865,0.31666,-0.34842,-0.06885,0.82689,-0.01111,-0.08522,-0.29888,0.13509,-0.0145,1.7617,-1.07532,0.35521,0.87813,1.49533,0.03586,0.00844,1.85394,1.00835,-0.68744,0.81483,-0.77338,-0.35933,-0.06976,0.5421,-0.06609,-0.12922,-0.34642,-0.12904,-0.07122,-0.04947,0.52961,0.10642,0.11177,-0.46721,-0.16567,0.0938,0.06411
45.4,0.15513,0.04328,-0.23808,0.31514,-0.34912,-0.06861,0.82654,-0.01123,-0.08539,-0.29944,0.13542,-0.0145,1.77516,-1.0737,0.37186,0.8837,1.49673,0.03835,0.0073,1.85791,1.009,-0.69793,0.83392,-0.77374,-0.35685,-0.07062,0.54344,-0.06682,-0.13601,-0.34691,-0.12831,-0.07017,-0.04888,0.53046,0.10669,0.11129,-0.4672,-0.16592,0.0939,0.0642
45.42,0.1552,0.04332,-0.23758,0.31346,-0.34969,-0.06832,0.82638,-0.01121,-0.08563,-0.30066,0.13499,-0.0145,1.78284,-1.07183,0.38333,0.88866,1.49813,0.0414,0.00655,1.86067,1.0097,-0.70674,0.8483,-0.77598,-0.35237,-0.07159,0.54486,-0.06587,-0.13258,-0.34734,-0.12836,-0.07033,-0.04898,0.53117,0.10746,0.11331,-0.46736,-0.16608,0.09388,0.06419
45.44,0.15528,0.04338,-0.2371,0.31172,-0.35019,-0.06801,0.82626,-0.01114,-0.08591,-0.30211,0.13429,-0.0145,1.78788,-1.0699,0.39237,0.89342,1.49952,0.04458,0.00595,1.86269,1.01046,-0.71457,0.86068,-0.77919,-0.34724,-0.07263,0.5463,-0.06433,-0.12547,-0.34775,-0.12868,-0.07093,-0.04932,0.53179,0.1084,0.11617,-0.46758,-0.16621,0.09382,0.06415
45.46,0.15536,0.04343,-0.23661,0.31002,-0.3507,-0.06772,0.82609,-0.0111,-0.08619,-0.30344,0.13374,-0.0145,1.79366,-1.06806,0.40206,0.8983,1.50092,0.04765,0.00531,1.86476,1.01121,-0.72247,0.87362,-0.78203,-0.34251,-0.0736,0.5477,-0.06304,-0.11994,-0.34818,-0.12889,-0.07135,-0.04956,0.53244,0.10925,0.11862,-0.46779,-0.16634,0.09377,0.06412
45.48,0.15543,0.0435,-0.23612,0.30826,-0.3513,-0.06741,0.82605,-0.01105,-0.08637,-0.30484,0.13307,-0.0145,1.80141,-1.06598,0.41373,0.90305,1.5023,0.05095,0.00458,1.86818,1.01189,-0.73208,0.888,-0.78464,-0.33735,-0.07479,0.54922,-0.06181,-0.11475,-0.34858,-0.12907,-0.07171,-0.04977,0.53316,0.11012,0.12113,-0.46795,-0.16651,0.09373,0.06409
45.5,0.15551,0.04354,-0.23565,0.30662,-0.3517,-0.06712,0.82576,-0.011,-0.08678,-0.30615,0.13259,-0.0145,1.80431,-1.06438,0.42058,0.90804,1.50373,0.05378,0.00407,1.86842,1.01276,-0.73776,0.89894,-0.78798,-0.3329,-0.07551,0.55049,-0.06033,-0.10806,-0.34903,-0.12937,-0.07229,-0.0501,0.5337,0.11099,0.12372,-0.46822,-0.1666,0.09368,0.06405
45.52,0.1556,0.04353,-0.23526,0.30539,-0.35152,-0.06687,0.82479,-0.01099,-0.0878,-0.30722,0.13268,-0.0145,1.79566,-1.06427,0.41583,0.9138,1.50519,0.05537,0.00411,1.86156,1.01372,-0.73393,0.90055,-0.79269,-0.33068,-0.07492,0.55106,-0.05808,-0.09716,-0.34963,-0.13004,-0.07345,-0.05078,0.53374,0.11186,0.12648,-0.46878,-0.16648,0.09356,0.06397
45.54,0.15568,0.04349,-0.2349,0.30429,-0.35114,-0.06663,0.82358,-0.01099,-0.08906,-0.3082,0.13296,-0.0145,1.78199,-1.06461,0.4061,0.91981,1.50672,0.05648,0.00438,1.85119,1.01492,-0.72592,0.8988,-0.79821,-0.32915,-0.07383,0.55136,-0.05563,-0.08503,-0.35028,-0.13083,-0.07481,-0.05156,0.53358,0.11271,0.12926,-0.46945,-0.1663,0.09343,0.06389
45.56,0.15577,0.04346,-0.23453,0.30312,-0.35085,-0.06639,0.82251,-0.01098,-0.09024,-0.30921,0.13316,-0.0145,1.76987,-1.06466,0.39791,0.92571,1.5083,0.05774,0.00455,1.84149,1.01628,-0.71916,0.89881,-0.80357,-0.32723,-0.07296,0.55178,-0.05338,-0.0741,-0.35091,-0.13152,-0.07602,-0.05225,0.5335,0.11354,0.13194,-0.47006,-0.16616,0.09332,0.06381
45.58,0.15585,0.04343,-0.23415,0.30198,-0.35055,-0.06614,0.82134,-0.01098,-0.0913,-0.31029,0.13334,-0.0145,1.76084,-1.06511,0.39272,0.93161,1.50953,0.05925,0.00471,1.83588,1.01658,-0.71529,0.89783,-0.80793,-0.32565,-0.07216,0.55222,-0.05064,-0.06036,-0.35153,-0.1324,-0.07748,-0.05313,0.53346,0.11448,0.13506,-0.47072,-0.16597,0.09317,0.06372
45.6,0.15594,0.0434,-0.2338,0.30082,-0.35022,-0.06591,0.8203,-0.01097,-0.09266,-0.31118,0.13361,-0.0145,1.7441,-1.06481,0.38008,0.93756,1.51153,0.06015,0.00494,1.82068,1.01907,-0.70417,0.89808,-0.81475,-0.32345,-0.07106,0.55254,-0.04888,-0.05217,-0.35218,-0.13291,-0.07846,-0.05365,0.53329,0.1152,0.13724,-0.47129,-0.16586,0.09309,0.06367
45.62,0.15606,0.04337,-0.2335,0.29959,-0.34988,-0.06576,0.81972,-0.01094,-0.09478,-0.31161,0.13397,-0.0145,1.70833,-1.0625,0.34856,0.94369,1.51554,0.05921,0.00531,1.78178,1.02813,-0.67623,0.90296,-0.82624,-0.32009,-0.06956,0.5526,-0.04998,-0.06016,-0.35291,-0.13236,-0.07801,-0.05311,0.53287,0.1153,0.13679,-0.47159,-0.16596,0.0932,0.06376
45.64,0.1562,0.04334,-0.23323,0.29835,-0.3495,-0.06563,0.81928,-0.01091,-0.09719,-0.31183,0.13441,-0.0145,1.66479,-1.05938,0.30963,0.94982,1.52035,0.05772,0.00575,1.73298,1.03927,-0.64074,0.90912,-0.84045,-0.31597,-0.06773,0.55254,-0.05206,-0.07369,-0.35367,-0.13144,-0.07706,-0.05221,0.53232,0.11519,0.13541,-0.47178,-0.16614,0.09339,0.0639
45.66,0.15633,0.04331,-0.23295,0.29711,-0.34913,-0.06549,0.81876,-0.01088,-0.09947,-0.31213,0.13487,-0.0145,1.62418,-1.05652,0.27378,0.95587,1.52488,0.05666,0.00617,1.68746,1.04912,-0.60726,0.91444,-0.85474,-0.31172,-0.06585,0.55251,-0.05362,-0.08433,-0.35442,-0.13069,-0.07634,-0.0515,0.53181,0.11518,0.13449,-0.47202,-0.16627,0.09354,0.06402
45.68,0.15646,0.04329,-0.23266,0.29588,-0.34881,-0.06535,0.81828,-0.01083,-0.10174,-0.31252,0.13515,-0.0145,1.58601,-1.05418,0.23899,0.9623,1.52908,0.0548,0.00656,1.64701,1.06048,-0.57959,0.92076,-0.86375,-0.30941,-0.06475,0.55254,-0.05546,-0.09649,-0.35517,-0.12992,-0.07561,-0.0507,0.53138,0.11514,0.1334,-0.47227,-0.16644,0.0937,0.06415
45.7,0.15659,0.04326,-0.23239,0.29463,-0.34836,-0.06522,0.81776,-0.01083,-0.10412,-0.31265,0.13579,-0.0145,1.54089,-1.05051,0.2003,0.96793,1.53414,0.05448,0.00701,1.59362,1.06912,-0.53815,0.9253,-0.88406,-0.30296,-0.06201,0.55243,-0.05697,-0.10682,-0.35593,-0.1291,-0.07479,-0.04999,0.53075,0.11511,0.13243,-0.47248,-0.16656,0.09385,0.06426
45.72,0.15674,0.0432,-0.23218,0.29331,-0.34754,-0.06512,0.81718,-0.01093,-0.10666,-0.3122,0.13751,-0.0145,1.47921,-1.04381,0.15268,0.97147,1.54145,0.05873,0.00762,1.50754,1.07037,-0.46006,0.92517,-0.93766,-0.28441,-0.05428,0.55196,-0.05733,-0.11063,-0.35669,-0.12826,-0.07384,-0.04961,0.52954,0.11518,0.13203,-0.47257,-0.16653,0.09393,0.06432
45.74,0.15689,0.04314,-0.23198,0.29199,-0.34657,-0.06504,0.81655,-0.01107,-0.10931,-0.31146,0.13958,-0.0145,1.4107,-1.03572,0.10146,0.97419,1.5496,0.06451,0.0083,1.40867,1.0687,-0.36855,0.92314,-1.00197,-0.26189,-0.04501,0.55135,-0.05734,-0.11243,-0.35746,-0.1274,-0.07284,-0.04933,0.52815,0.11527,0.13176,-0.47263,-0.16645,0.09398,0.06436
45.76,0.15704,0.04309,-0.23177,0.29072,-0.34568,-0.06495,0.81591,-0.01121,-0.11196,-0.31079,0.14144,-0.0145,1.34489,-1.02799,0.05187,0.97722,1.55731,0.06949,0.00894,1.3153,1.06797,-0.2834,0.9216,-1.05961,-0.24169,-0.03679,0.55081,-0.05753,-0.11523,-0.35822,-0.12656,-0.07188,-0.04901,0.52686,0.11534,0.13141,-0.47272,-0.1664,0.09404,0.06441
45.78,0.15721,0.04302,-0.23156,0.28927,-0.34476,-0.06487,0.81539,-0.01128,-0.11444,-0.31038,0.1435,-0.0145,1.28053,-1.02138,0.00189,0.98055,1.56528,0.0749,0.00958,1.22296,1.06896,-0.19655,0.92162,-1.12513,-0.21916,-0.02709,0.55023,-0.05768,-0.11786,-0.35897,-0.12566,-0.07079,-0.04866,0.52547,0.11544,0.13114,-0.47273,-0.16635,0.0941,0.06446
45.8,0.15734,0.04298,-0.23136,0.28816,-0.34386,-0.06476,0.81462,-0.01151,-0.11728,-0.30936,0.14523,-0.0145,1.21162,-1.01211,-0.04787,0.98303,1.57293,0.0798,0.01026,1.1255,1.06562,-0.11059,0.91803,-1.17653,-0.20068,-0.02009,0.54969,-0.05782,-0.12027,-0.35976,-0.12489,-0.06998,-0.0484,0.52426,0.11548,0.13073,-0.4729,-0.16627,0.09417,0.06451
45.82,0.1574,0.04302,-0.23112,0.28813,-0.34299,-0.06454,0.81318,-0.01228,-0.12119,-0.30662,0.14599,-0.0145,1.13197,-0.99614,-0.09759,0.98362,1.57919,0.08288,0.01097,1.01784,1.05112,-0.02658,0.90401,-1.18831,-0.19336,-0.02098,0.54927,-0.05807,-0.12284,-0.36072,-0.12449,-0.06995,-0.04835,0.52362,0.11544,0.13009,-0.47354,-0.16606,0.09426,0.06455
45.84,0.15742,0.04309,-0.23088,0.28842,-0.34215,-0.06427,0.81149,-0.01321,-0.12544,-0.30329,0.14638,-0.0145,1.04801,-0.97751,-0.14661,0.98336,1.58519,0.08544,0.01175,0.90544,1.03225,0.05537,0.8866,-1.1852,-0.19043,-0.02463,0.54888,-0.05832,-0.12518,-0.36172,-0.12423,-0.0702,-0.04839,0.52317,0.11533,0.12928,-0.47432,-0.16583,0.09436,0.0646
45.86,0.15746,0.04314,-0.23066,0.28849,-0.3413,-0.06403,0.80991,-0.01402,-0.12947,-0.3003,0.14692,-0.0145,0.96597,-0.95992,-0.19505,0.98332,1.59147,0.08826,0.01256,0.79466,1.01539,0.13566,0.87133,-1.18754,-0.18614,-0.02701,0.54848,-0.05854,-0.12744,-0.36268,-0.12391,-0.07031,-0.0484,0.52262,0.11521,0.12843,-0.475,-0.16564,0.09447,0.06465
45.88,0.1575,0.04321,-0.2304,0.28885,-0.34043,-0.06377,0.80836,-0.01505,-0.13376,-0.29702,0.14759,-0.0145,0.88383,-0.94302,-0.24764,0.98391,1.59696,0.09097,0.01309,0.68542,0.99862,0.22719,0.85342,-1.1956,-0.17905,-0.02943,0.54804,-0.05886,-0.13044,-0.36371,-0.12357,-0.07047,-0.04841,0.52212,0.11524,0.12804,-0.47583,-0.16531,0.09453,0.06466
45.9,0.15754,0.04325,-0.2302,0.28868,-0.33962,-0.06355,0.80669,-0.01565,-0.13761,-0.29418,0.14786,-0.0145,0.80098,-0.92404,-0.29109,0.98304,1.60416,0.09387,0.01421,0.57236,0.9803,0.29491,0.84031,-1.18834,-0.17886,-0.03241,0.54771,-0.05899,-0.13187,-0.36461,-0.12332,-0.07059,-0.04842,0.52157,0.11495,0.12671,-0.4764,-0.16525,0.0947,0.06475
45.92,0.15764,0.04317,-0.23019,0.28695,-0.3389,-0.0635,0.80471,-0.01501,-0.14005,-0.29295,0.14733,-0.0145,0.71703,-0.90027,-0.31195,0.97797,1.61506,0.09658,0.01698,0.44728,0.96207,0.29474,0.84064,-1.14032,-0.19671,-0.03652,0.54754,-0.05855,-0.12886,-0.36522,-0.12327,-0.07053,-0.04844,0.5207,0.11366,0.12244,-0.47621,-0.16598,0.09516,0.06506
45.94,0.15776,0.04307,-0.23023,0.28467,-0.33827,-0.0635,0.80263,-0.01393,-0.14204,-0.29214,0.14634,-0.0145,0.6326,-0.87449,-0.32315,0.97157,1.62789,0.09968,0.0203,0.31913,0.94195,0.27092,0.84605,-1.07787,-0.22126,-0.04104,0.5475,-0.05794,-0.12431,-0.3657,-0.1233,-0.07041,-0.04847,0.51978,0.11206,0.1173,-0.47576,-0.16697,0.09572,0.06544
45.96,0.15787,0.04298,-0.23025,0.28263,-0.33768,-0.06347,0.80063,-0.01306,-0.14433,-0.29099,0.1454,-0.0145,0.54856,-0.84943,-0.33716,0.96599,1.64053,0.10314,0.02332,0.19415,0.92037,0.25983,0.84957,-1.02322,-0.24285,-0.04521,0.54747,-0.05743,-0.12059,-0.3662,-0.1233,-0.07032,-0.04849,0.51897,0.11067,0.11281,-0.47545,-0.16781,0.09622,0.06577
45.98,0.15797,0.04286,-0.23028,0.28061,-0.33674,-0.06345,0.79846,-0.01217,-0.14631,-0.29046,0.14515,-0.0145,0.46362,-0.82501,-0.35787,0.95932,1.6502,0.10425,0.02658,0.06135,0.90793,0.24106,0.85123,-0.96237,-0.26463,-0.05022,0.54716,-0.05682,-0.11634,-0.36684,-0.1233,-0.07024,-0.04854,0.51782,0.109,0.10726,-0.47509,-0.16875,0.09679,0.06616
46,0.1581,0.04282,-0.2303,0.27843,-0.33656,-0.06343,0.79664,-0.01122,-0.14874,-0.28875,0.14332,-0.0145,0.38052,-0.79891,-0.36224,0.95478,1.66657,0.11044,0.02947,-0.05564,0.8767,0.23175,0.85799,-0.91175,-0.28705,-0.0535,0.54745,-0.05639,-0.11283,-0.36716,-0.12332,-0.07011,-0.04853,0.51737,0.10783,0.1037,-0.47474,-0.16956,0.09722,0.06645
46.02,0.15831,0.04296,-0.2303,0.27586,-0.33836,-0.06342,0.79583,-0.01033,-0.15316,-0.28362,0.1377,-0.0145,0.30243,-0.76755,-0.32498,0.9551,1.70077,0.12985,0.03123,-0.12976,0.78835,0.26263,0.87767,-0.88778,-0.31405,-0.05229,0.5493,-0.05642,-0.11174,-0.36669,-0.12333,-0.06988,-0.04837,0.51883,0.10818,0.10588,-0.47456,-0.16983,0.09723,0.06645
46.04,0.15856,0.04319,-0.2303,0.27316,-0.34092,-0.0634,0.79537,-0.0094,-0.15792,-0.27729,0.13043,-0.0145,0.22633,-0.73468,-0.27159,0.95785,1.74176,0.15451,0.03262,-0.18751,0.68218,0.30252,0.90229,-0.87539,-0.34077,-0.04925,0.55175,-0.05664,-0.11145,-0.36589,-0.12337,-0.06959,-0.04815,0.52102,0.10902,0.11006,-0.47439,-0.16996,0.09708,0.06635
46.06,0.15879,0.04339,-0.23029,0.27058,-0.34316,-0.06335,0.79473,-0.00843,-0.16209,-0.27153,0.12362,-0.0145,0.14935,-0.70335,-0.22456,0.96043,1.77969,0.17723,0.03413,-0.25182,0.58798,0.33261,0.92465,-0.86148,-0.36441,-0.04674,0.55394,-0.05681,-0.11078,-0.3652,-0.12342,-0.06931,-0.04796,0.5229,0.10961,0.11333,-0.47417,-0.1702,0.097,0.06629
46.08,0.15902,0.04353,-0.23032,0.26771,-0.3453,-0.06346,0.79418,-0.0077,-0.16807,-0.26565,0.11801,-0.0145,0.07194,-0.66875,-0.18042,0.95912,1.81728,0.19804,0.03575,-0.3202,0.47759,0.38508,0.94736,-0.83229,-0.40109,-0.04544,0.55606,-0.05681,-0.11012,-0.36467,-0.12337,-0.06909,-0.04779,0.52467,0.11033,0.11666,-0.47412,-0.17027,0.09694,0.06623
46.1,0.15925,0.04381,-0.23026,0.26544,-0.34783,-0.06322,0.79352,-0.00646,-0.17038,-0.25975,0.10951,-0.0145,-0.00372,-0.64012,-0.12767,0.96636,1.85755,0.22413,0.03721,-0.37584,0.39645,0.39447,0.97031,-0.83655,-0.41139,-0.04132,0.55847,-0.05722,-0.10967,-0.36374,-0.12355,-0.06873,-0.04755,0.52687,0.11088,0.12026,-0.47373,-0.17067,0.0968,0.06615
46.12,0.15953,0.04446,-0.22999,0.26461,-0.35128,-0.06197,0.7924,-0.00384,-0.16235,-0.25401,0.09354,-0.0145,-0.07823,-0.6331,-0.04507,0.99777,1.89998,0.2628,0.03689,-0.40311,0.40255,0.27355,0.99378,-0.94214,-0.34058,-0.02859,0.56147,-0.05876,-0.1094,-0.36178,-0.12431,-0.06803,-0.04715,0.52986,0.11089,0.12486,-0.47219,-0.17194,0.09646,0.06603
46.14,0.15979,0.04526,-0.22962,0.26442,-0.35509,-0.06036,0.79116,-0.00073,-0.15063,-0.24831,0.07472,-0.0145,-0.15042,-0.63149,0.04405,1.03747,1.94529,0.30662,0.03663,-0.41754,0.4383,0.11076,1.01706,-1.07906,-0.24464,-0.01331,0.56473,-0.06071,-0.10934,-0.35945,-0.12529,-0.0672,-0.04668,0.53328,0.1107,0.12955,-0.47035,-0.17356,0.09605,0.0659
46.16,0.16002,0.04599,-0.22928,0.26408,-0.35873,-0.05894,0.79001,0.00217,-0.14066,-0.24265,0.05713,-0.0145,-0.22163,-0.62402,0.12317,1.07263,1.99195,0.34872,0.03736,-0.43603,0.45908,-0.02671,1.03974,-1.19375,-0.16581,-5e-05,0.5679,-0.06248,-0.10933,-0.35732,-0.12619,-0.06642,-0.04624,0.53665,0.11056,0.13368,-0.46878,-0.17507,0.09568,0.06578
46.18,0.16041,0.0467,-0.229,0.26314,-0.36246,-0.05742,0.7887,0.00505,-0.1304,-0.23668,0.03973,-0.0145,-0.30151,-0.62993,0.23128,1.11121,2.02864,0.38888,0.03407,-0.46158,0.48558,-0.19032,1.06563,-1.34181,-0.06344,0.01684,0.57098,-0.06425,-0.10877,-0.35504,-0.12704,-0.06564,-0.04578,0.53948,0.1106,0.13997,-0.46665,-0.17639,0.09526,0.06563
46.2,0.16047,0.0475,-0.22856,0.26359,-0.36606,-0.05601,0.7877,0.00806,-0.11989,-0.23138,0.02132,-0.0145,-0.36262,-0.61044,0.28197,1.14449,2.0854,0.4336,0.03883,-0.46941,0.50742,-0.30971,1.08456,-1.42863,-0.00349,0.02685,0.57428,-0.06609,-0.10935,-0.35298,-0.12804,-0.06484,-0.04535,0.54349,0.11023,0.14187,-0.46559,-0.17817,0.09492,0.06554
46.22,0.15964,0.04855,-0.22765,0.26794,-0.36935,-0.05504,0.78762,0.01137,-0.10923,-0.22787,0.0003,-0.0145,-0.37413,-0.50929,0.15804,1.16201,2.20798,0.49485,0.06876,-0.43311,0.50921,-0.2951,1.08554,-1.33011,-0.07237,0.01625,0.57821,-0.06806,-0.11344,-0.3516,-0.12946,-0.0639,-0.045,0.55093,0.10866,0.1306,-0.4677,-0.18131,0.09483,0.06567
46.24,0.15848,0.04968,-0.22658,0.27363,-0.37246,-0.0542,0.78785,0.01477,-0.09851,-0.22503,-0.02156,-0.0145,-0.3665,-0.38408,-0.02158,1.17372,2.34845,0.55939,0.10627,-0.37916,0.50531,-0.23475,1.07925,-1.17042,-0.18376,-0.00119,0.58232,-0.07007,-0.11859,-0.35045,-0.13101,-0.06296,-0.04469,0.55948,0.10671,0.11509,-0.47086,-0.18486,0.09482,0.06586
46.26,0.15747,0.05075,-0.2256,0.27857,-0.37557,-0.05328,0.78792,0.01807,-0.08805,-0.22191,-0.04269,-0.0145,-0.36663,-0.27688,-0.16588,1.18754,2.47355,0.61909,0.1383,-0.33231,0.50412,-0.19665,1.07548,-1.04429,-0.27205,-0.01486,0.58628,-0.07202,-0.12298,-0.34921,-0.13249,-0.06207,-0.04439,0.56732,0.10502,0.1022,-0.47344,-0.18809,0.09475,0.066
46.28,0.15644,0.05193,-0.22454,0.28411,-0.37903,-0.05241,0.78808,0.02164,-0.07647,-0.21866,-0.06535,-0.0145,-0.37082,-0.14094,-0.35095,1.204,2.62975,0.69351,0.17877,-0.289,0.50364,-0.1544,1.07509,-0.8949,-0.37542,-0.03122,0.59054,-0.07418,-0.12855,-0.34791,-0.13406,-0.06094,-0.04397,0.57603,0.10295,0.08638,-0.47645,-0.19188,0.09477,0.06623
46.3,0.15538,0.05289,-0.2236,0.28872,-0.38171,-0.05147,0.78811,0.02466,-0.06727,-0.21584,-0.08501,-0.0145,-0.36184,-0.05792,-0.46602,1.21335,2.72487,0.73745,0.20365,-0.23417,0.49969,-0.10868,1.06583,-0.77904,-0.45782,-0.04364,0.5942,-0.0759,-0.13193,-0.3468,-0.13544,-0.06031,-0.04379,0.58319,0.10159,0.07566,-0.47883,-0.19461,0.09461,0.06628
46.32,0.15428,0.05322,-0.22302,0.29043,-0.38235,-0.05026,0.78783,0.0261,-0.0647,-0.2142,-0.09605,-0.0145,-0.32294,-0.13701,-0.36012,1.20543,2.65169,0.70121,0.18195,-0.15301,0.48964,-0.07038,1.03474,-0.77061,-0.47185,-0.04343,0.59627,-0.07634,-0.1287,-0.34606,-0.13633,-0.06106,-0.04427,0.58589,0.10224,0.08011,-0.47899,-0.19437,0.09395,0.06586
46.34,0.15316,0.05331,-0.22257,0.29116,-0.38219,-0.04896,0.78741,0.02699,-0.06453,-0.21293,-0.10403,-0.0145,-0.27116,-0.26839,-0.18437,1.19031,2.51581,0.63343,0.14459,-0.06079,0.47581,-0.02893,0.9948,-0.79798,-0.46346,-0.03902,0.5977,-0.07635,-0.12328,-0.34553,-0.13701,-0.0623,-0.04498,0.58697,0.1036,0.08982,-0.47851,-0.19305,0.0931,0.06526
46.36,0.15206,0.05348,-0.22206,0.29234,-0.38233,-0.0477,0.78698,0.02815,-0.06325,-0.21137,-0.11347,-0.0145,-0.22409,-0.3691,-0.05004,1.17785,2.40511,0.57668,0.11551,0.02714,0.46217,0.01521,0.95833,-0.80877,-0.46544,-0.0366,0.59935,-0.0766,-0.11906,-0.34499,-0.13773,-0.06329,-0.04556,0.58874,0.10466,0.09715,-0.47846,-0.19219,0.09234,0.06474
46.38,0.15088,0.05376,-0.22153,0.29354,-0.38276,-0.04646,0.78683,0.02922,-0.06206,-0.21035,-0.12268,-0.0145,-0.18108,-0.49776,0.12258,1.16788,2.30783,0.53326,0.08183,0.11285,0.45464,0.04381,0.92391,-0.8184,-0.46799,-0.03415,0.60131,-0.0767,-0.11403,-0.34408,-0.13865,-0.06438,-0.04621,0.59075,0.10567,0.10441,-0.47787,-0.19148,0.09157,0.06422
46.4,0.14986,0.05376,-0.22107,0.29446,-0.38238,-0.04516,0.7861,0.03035,-0.06126,-0.20828,-0.13162,-0.0145,-0.12692,-0.58139,0.23352,1.15098,2.16898,0.45548,0.05385,0.20526,0.43377,0.10459,0.88323,-0.84018,-0.46365,-0.03058,0.60246,-0.07698,-0.11014,-0.34399,-0.13912,-0.06538,-0.04678,0.59186,0.10692,0.11298,-0.47821,-0.19022,0.09077,0.06366
46.42,0.14923,0.05292,-0.22074,0.29472,-0.37985,-0.04366,0.78356,0.03184,-0.06083,-0.20321,-0.14065,-0.0145,-0.04415,-0.52407,0.15045,1.11746,1.91768,0.28226,0.04582,0.31609,0.37496,0.25596,0.82752,-0.88307,-0.44408,-0.02579,0.60152,-0.07787,-0.11,-0.34633,-0.13829,-0.06601,-0.04708,0.59078,0.10887,0.12497,-0.48148,-0.18743,0.08986,0.06298
46.44,0.14876,0.0518,-0.22047,0.29475,-0.37654,-0.04211,0.78048,0.03341,-0.06072,-0.19707,-0.14951,-0.0145,0.04913,-0.42046,0.0042,1.07705,1.62907,0.07707,0.04393,0.43266,0.30325,0.43878,0.76587,-0.93773,-0.41843,-0.01985,0.59978,-0.07894,-0.11106,-0.34946,-0.13703,-0.06653,-0.04729,0.58884,0.11101,0.13793,-0.48566,-0.18415,0.08893,0.06228
46.46,0.14824,0.05087,-0.22017,0.29496,-0.37365,-0.04062,0.77781,0.03492,-0.06054,-0.19142,-0.15841,-0.0145,0.13682,-0.34069,-0.10827,1.03938,1.36598,-0.10809,0.03893,0.54481,0.23884,0.60548,0.70688,-0.99002,-0.39652,-0.01378,0.59841,-0.07989,-0.11151,-0.35212,-0.13603,-0.06711,-0.04755,0.58734,0.11293,0.1497,-0.48928,-0.18126,0.08804,0.06162
46.48,0.14763,0.04969,-0.21989,0.29484,-0.37046,-0.03896,0.77445,0.03653,-0.06015,-0.18574,-0.16736,-0.0145,0.22832,-0.25094,-0.23891,1.00332,1.0645,-0.31762,0.03475,0.66512,0.16831,0.78054,0.64761,-1.03186,-0.3699,-0.01017,0.59703,-0.08098,-0.11216,-0.35526,-0.13476,-0.0677,-0.0478,0.58559,0.1154,0.16469,-0.4935,-0.17768,0.08699,0.06082
46.5,0.14724,0.04896,-0.21959,0.29535,-0.36772,-0.03766,0.7724,0.03794,-0.06022,-0.17989,-0.17619,-0.0145,0.31436,-0.17023,-0.3486,0.96213,0.83503,-0.48351,0.03051,0.7695,0.10741,0.94498,0.58781,-1.09667,-0.35174,-0.00141,0.59546,-0.08182,-0.11271,-0.3576,-0.13395,-0.06822,-0.04803,0.58415,0.11679,0.17327,-0.4967,-0.1754,0.08628,0.0603
46.52,0.1474,0.04966,-0.21922,0.29767,-0.36654,-0.03736,0.77433,0.03884,-0.06156,-0.17371,-0.18506,-0.0145,0.38135,-0.12622,-0.37564,0.91062,0.81296,-0.52134,0.02497,0.82952,0.07725,1.07736,0.52646,-1.23135,-0.35993,0.02301,0.59364,-0.08202,-0.11258,-0.35729,-0.13463,-0.06853,-0.04824,0.58394,0.11493,0.16278,-0.49671,-0.17711,0.08659,0.06062
46.54,0.14778,0.05082,-0.21882,0.30062,-0.36584,-0.03744,0.77758,0.03953,-0.06332,-0.16743,-0.1938,-0.0145,0.44261,-0.09258,-0.38077,0.85393,0.86512,-0.51384,0.0192,0.87303,0.05709,1.19671,0.46513,-1.38671,-0.37667,0.05221,0.59163,-0.08196,-0.11233,-0.35617,-0.13578,-0.06876,-0.04844,0.58403,0.11202,0.14598,-0.49568,-0.18011,0.08725,0.06121
46.56,0.14808,0.0517,-0.21844,0.30325,-0.36484,-0.03735,0.78008,0.0403,-0.06483,-0.16124,-0.20243,-0.0145,0.50747,-0.05362,-0.40333,0.79815,0.88395,-0.5269,0.01333,0.92337,0.03168,1.31918,0.40485,-1.52641,-0.38857,0.07809,0.58966,-0.08199,-0.11221,-0.35556,-0.13664,-0.06904,-0.04864,0.58385,0.10975,0.13278,-0.49521,-0.18236,0.08772,0.06165
46.58,0.14832,0.05285,-0.21807,0.30598,-0.36414,-0.03723,0.78318,0.04116,-0.06661,-0.15477,-0.21176,-0.0145,0.56885,-0.01552,-0.39951,0.74785,0.89955,-0.54168,0.00839,0.97682,0.00864,1.45589,0.33986,-1.69339,-0.40421,0.10895,0.58785,-0.08216,-0.11181,-0.3544,-0.13781,-0.06928,-0.04884,0.58421,0.10677,0.11654,-0.49443,-0.18529,0.08831,0.06222
46.6,0.14872,0.05357,-0.21767,0.30869,-0.36296,-0.03728,0.78537,0.04178,-0.06793,-0.14892,-0.21959,-0.0145,0.63554,0.02114,-0.44082,0.68547,0.9402,-0.54119,0.00158,1.01971,-0.01658,1.55779,0.28477,-1.8078,-0.41428,0.13043,0.58567,-0.08196,-0.11194,-0.35416,-0.13846,-0.06958,-0.04904,0.58353,0.10502,0.10508,-0.49401,-0.18711,0.08874,0.06257
46.62,0.14946,0.0529,-0.21718,0.3111,-0.36027,-0.03763,0.78451,0.04184,-0.0678,-0.14451,-0.2233,-0.0145,0.72199,0.05765,-0.64524,0.5869,1.03028,-0.51384,-0.01231,1.0381,-0.05193,1.58153,0.25708,-1.77669,-0.406,0.12604,0.58257,-0.08088,-0.11365,-0.35688,-0.13748,-0.07006,-0.04926,0.5799,0.10693,0.10878,-0.49497,-0.18548,0.08863,0.06225
46.64,0.15035,0.0518,-0.21667,0.31348,-0.35709,-0.03816,0.78272,0.04166,-0.06721,-0.14078,-0.22549,-0.0145,0.81326,0.09259,-0.88995,0.47716,1.14338,-0.47185,-0.02777,1.04629,-0.08943,1.5684,0.2394,-1.69139,-0.39203,0.11189,0.5791,-0.07943,-0.11587,-0.36051,-0.13598,-0.07062,-0.04948,0.57524,0.1101,0.11741,-0.49628,-0.18271,0.08835,0.06172
46.66,0.15118,0.05094,-0.21617,0.31594,-0.35417,-0.03865,0.78149,0.04158,-0.06689,-0.13693,-0.22839,-0.0145,0.89984,0.12718,-1.09338,0.37525,1.24726,-0.43346,-0.04124,1.05865,-0.12478,1.56148,0.21711,-1.6273,-0.3813,0.10129,0.57575,-0.07812,-0.11778,-0.36357,-0.13478,-0.07114,-0.04971,0.57106,0.11268,0.12353,-0.4973,-0.18052,0.08813,0.06129
46.68,0.15199,0.0499,-0.21565,0.31819,-0.35112,-0.03897,0.7797,0.04155,-0.06635,-0.13229,-0.23125,-0.0145,0.99669,0.16593,-1.39051,0.2615,1.34884,-0.40586,-0.06001,1.0723,-0.16473,1.59602,0.195,-1.57687,-0.36811,0.09426,0.57257,-0.07693,-0.12003,-0.36723,-0.13334,-0.07166,-0.04992,0.56682,0.11532,0.13061,-0.49881,-0.1781,0.08798,0.06083
46.7,0.15287,0.04913,-0.21518,0.32084,-0.34822,-0.03968,0.77884,0.04136,-0.06612,-0.12944,-0.23379,-0.0145,1.07348,0.19579,-1.50554,0.16986,1.45923,-0.35357,-0.06825,1.08118,-0.19575,1.53892,0.17499,-1.48669,-0.35856,0.07784,0.56898,-0.07541,-0.1217,-0.36989,-0.13226,-0.07221,-0.05016,0.56248,0.11811,0.1369,-0.49944,-0.17588,0.08765,0.06038
46.72,0.15394,0.04922,-0.21484,0.32469,-0.34585,-0.04151,0.7809,0.04084,-0.06696,-0.13169,-0.23605,-0.0145,1.0928,0.20136,-1.07996,0.14185,1.59226,-0.23109,-0.04575,1.0784,-0.20141,1.20924,0.15747,-1.28392,-0.36078,0.03419,0.5642,-0.07296,-0.12166,-0.36945,-0.13226,-0.07283,-0.05048,0.55793,0.12124,0.14036,-0.49733,-0.17437,0.08684,0.05995
46.74,0.15507,0.0496,-0.21455,0.32892,-0.34363,-0.04372,0.78389,0.04017,-0.0681,-0.13569,-0.23801,-0.0145,1.09196,0.19811,-0.47493,0.13653,1.73223,-0.08554,-0.01284,1.07144,-0.19808,0.79377,0.14188,-1.0458,-0.36676,-0.01795,0.55905,-0.07021,-0.12104,-0.368,-0.13264,-0.07346,-0.05083,0.55336,0.12445,0.1428,-0.49438,-0.17311,0.08587,0.05953
46.76,0.15616,0.04985,-0.21424,0.33291,-0.34135,-0.04568,0.78636,0.03955,-0.06901,-0.1387,-0.23995,-0.0145,1.10096,0.19902,0.02935,0.121,1.86609,0.04553,0.01444,1.06713,-0.19903,0.4367,0.12593,-0.83447,-0.3708,-0.0638,0.55416,-0.06766,-0.12068,-0.36709,-0.13284,-0.07408,-0.05116,0.54893,0.12749,0.14535,-0.49199,-0.17182,0.08501,0.05913
46.78,0.15735,0.05009,-0.21391,0.33719,-0.33906,-0.04794,0.78918,0.03899,-0.07025,-0.14253,-0.24246,-0.0145,1.10724,0.19922,0.61274,0.10471,2.01335,0.19401,0.04544,1.05931,-0.19922,-0.00263,0.1081,-0.57646,-0.37567,-0.12013,0.54889,-0.06481,-0.12034,-0.36584,-0.13304,-0.07474,-0.0515,0.54393,0.13114,0.14949,-0.48886,-0.17018,0.08397,0.05864
46.8,0.15832,0.05041,-0.21363,0.34098,-0.33681,-0.04968,0.79151,0.03829,-0.07091,-0.14508,-0.24375,-0.0145,1.11434,0.19882,1.07517,0.09546,2.13396,0.31154,0.0712,1.05794,-0.19882,-0.29174,0.09456,-0.4074,-0.37971,-0.15667,0.54431,-0.06252,-0.11983,-0.36506,-0.13334,-0.07532,-0.05183,0.54011,0.13354,0.1501,-0.48708,-0.1693,0.08327,0.05835
46.82,0.15872,0.05091,-0.21346,0.34322,-0.33473,-0.04982,0.79239,0.03718,-0.0697,-0.1434,-0.24175,-0.0145,1.12874,0.19907,1.15418,0.10081,2.17975,0.33744,0.07976,1.07549,-0.19907,-0.13431,0.09184,-0.49777,-0.38114,-0.1352,0.54181,-0.06187,-0.1187,-0.36576,-0.13384,-0.07569,-0.05209,0.53969,0.13224,0.14043,-0.48917,-0.17063,0.08361,0.05866
46.84,0.1589,0.05146,-0.21334,0.34498,-0.33268,-0.04944,0.79273,0.03596,-0.06791,-0.14041,-0.23855,-0.0145,1.14462,0.19899,1.10649,0.11241,2.19829,0.33146,0.08272,1.09969,-0.19899,0.17538,0.0934,-0.67813,-0.38155,-0.09373,0.53999,-0.06178,-0.11746,-0.36697,-0.13441,-0.07599,-0.05232,0.54045,0.12973,0.12735,-0.49264,-0.17267,0.0843,0.05918
46.86,0.15917,0.05194,-0.21321,0.34706,-0.33055,-0.04936,0.79322,0.03484,-0.0665,-0.13819,-0.23591,-0.0145,1.15976,0.19898,1.12068,0.12073,2.22888,0.34031,0.08836,1.12085,-0.19898,0.40859,0.09329,-0.81425,-0.382,-0.06219,0.53777,-0.0614,-0.11644,-0.368,-0.13491,-0.07632,-0.05257,0.54058,0.12792,0.11632,-0.49554,-0.17426,0.08479,0.05959
46.88,0.15946,0.05264,-0.21304,0.34874,-0.32871,-0.04902,0.79409,0.0335,-0.06464,-0.13532,-0.23316,-0.0145,1.17453,0.19901,1.12309,0.13161,2.2611,0.3484,0.09381,1.14197,-0.19901,0.66981,0.09215,-0.96345,-0.3842,-0.02737,0.53587,-0.06113,-0.1147,-0.36878,-0.13557,-0.07663,-0.05282,0.54108,0.12548,0.10318,-0.49825,-0.1764,0.08542,0.0601
46.9,0.15966,0.0529,-0.21295,0.35112,-0.3263,-0.04908,0.79408,0.03258,-0.06357,-0.13345,-0.23039,-0.0145,1.19061,0.19899,1.11745,0.13843,2.28342,0.35034,0.09817,1.16476,-0.19899,0.90965,0.09408,-1.10695,-0.38266,0.00542,0.53352,-0.06079,-0.11441,-0.3702,-0.13592,-0.07697,-0.05305,0.54112,0.12405,0.09359,-0.50163,-0.17757,0.08585,0.06043
46.92,0.15966,0.05179,-0.21306,0.3556,-0.32207,-0.05047,0.79151,0.03286,-0.06494,-0.13473,-0.22775,-0.0145,1.21073,0.199,1.12101,0.1317,2.28426,0.34183,0.10102,1.19124,-0.199,1.0565,0.10393,-1.21552,-0.3695,0.02838,0.52947,-0.06007,-0.11849,-0.37358,-0.1352,-0.07742,-0.05325,0.5395,0.12594,0.09509,-0.50708,-0.17558,0.08567,0.06019
46.94,0.15955,0.05027,-0.21324,0.36077,-0.31733,-0.05225,0.78812,0.03355,-0.06712,-0.13702,-0.22514,-0.0145,1.2321,0.199,1.11984,0.1207,2.27615,0.32828,0.10291,1.2191,-0.19899,1.17642,0.11663,-1.31488,-0.35285,0.04852,0.52498,-0.05928,-0.12397,-0.37756,-0.13418,-0.0779,-0.05344,0.5374,0.12887,0.1002,-0.51309,-0.17263,0.08528,0.05976
46.96,0.15948,0.04906,-0.21339,0.36558,-0.31299,-0.05379,0.78531,0.03401,-0.06885,-0.1388,-0.22259,-0.0145,1.25243,0.199,1.11971,0.11206,2.27266,0.31784,0.1051,1.24585,-0.19899,1.30694,0.1277,-1.41686,-0.33889,0.06956,0.52086,-0.05858,-0.12855,-0.38106,-0.13342,-0.07836,-0.05364,0.5356,0.13118,0.10334,-0.51846,-0.17029,0.08498,0.05943
46.98,0.15947,0.04736,-0.21353,0.37059,-0.30794,-0.05557,0.78163,0.03463,-0.07089,-0.14079,-0.21972,-0.0145,1.27463,0.199,1.12009,0.1019,2.26603,0.30312,0.10764,1.27476,-0.19902,1.44962,0.14034,-1.52871,-0.32042,0.09291,0.51605,-0.05766,-0.13419,-0.38537,-0.13216,-0.07884,-0.05382,0.5335,0.13404,0.1077,-0.52541,-0.16724,0.08471,0.05906
47,0.15931,0.04655,-0.21371,0.37534,-0.30423,-0.05696,0.77953,0.03502,-0.07251,-0.14258,-0.21753,-0.0145,1.2934,0.199,1.11975,0.09378,2.26398,0.29621,0.10932,1.29956,-0.19892,1.55864,0.15031,-1.61648,-0.31027,0.11053,0.51256,-0.05718,-0.13801,-0.38822,-0.13184,-0.07928,-0.05403,0.53191,0.13604,0.11047,-0.52931,-0.16541,0.08431,0.05871
47.02,0.15878,0.04857,-0.21402,0.37916,-0.30461,-0.05714,0.78267,0.03462,-0.07269,-0.14365,-0.21736,-0.0145,1.30086,0.199,1.11999,0.09244,2.2788,0.31497,0.1087,1.31132,-0.19908,1.57991,0.15229,-1.64094,-0.32642,0.11294,0.51276,-0.05796,-0.13612,-0.38622,-0.13443,-0.07954,-0.0543,0.53158,0.13528,0.1075,-0.52348,-0.16752,0.08358,0.05845
47.04,0.15809,0.05144,-0.21436,0.38269,-0.3063,-0.05692,0.78734,0.03397,-0.07246,-0.14449,-0.21785,-0.0145,1.30506,0.199,1.11978,0.09325,2.29843,0.34141,0.10732,1.31907,-0.199,1.56754,0.15146,-1.6408,-0.35066,0.1096,0.5143,-0.05918,-0.13241,-0.38284,-0.13793,-0.07976,-0.05458,0.5318,0.13365,0.1029,-0.51474,-0.17083,0.08273,0.0582
47.06,0.15744,0.05373,-0.21466,0.38635,-0.30722,-0.05688,0.79086,0.03347,-0.0725,-0.14538,-0.21795,-0.0145,1.31179,0.199,1.11983,0.093,2.31454,0.3626,0.10638,1.32956,-0.19861,1.57098,0.15183,-1.65097,-0.36951,0.10887,0.51525,-0.0602,-0.12977,-0.38057,-0.14083,-0.08001,-0.05486,0.53192,0.13252,0.09937,-0.50812,-0.17336,0.08195,0.05794
47.08,0.15692,0.05682,-0.21505,0.39005,-0.30886,-0.05686,0.79621,0.03284,-0.07222,-0.14652,-0.21845,-0.0145,1.31427,0.199,1.12045,0.09296,2.33547,0.39092,0.1049,1.33639,-0.19998,1.5722,0.15256,-1.66482,-0.39525,0.10814,0.51612,-0.06124,-0.1262,-0.37635,-0.14449,-0.0802,-0.05514,0.53144,0.13101,0.09458,-0.49827,-0.17682,0.08109,0.05769
47.1,0.15609,0.05848,-0.21527,0.39357,-0.30933,-0.0567,0.7982,0.03241,-0.07248,-0.14712,-0.21827,-0.0145,1.32465,0.199,1.11853,0.09305,2.34822,0.40642,0.10451,1.34966,-0.19764,1.56935,0.15192,-1.66494,-0.40886,0.10598,0.51746,-0.06234,-0.12404,-0.37575,-0.14683,-0.08051,-0.05542,0.5323,0.13005,0.09194,-0.49428,-0.17869,0.08038,0.05743
47.12,0.15439,0.05566,-0.215,0.39685,-0.30591,-0.05628,0.78968,0.03263,-0.0746,-0.1459,-0.21615,-0.0145,1.35909,0.199,1.12157,0.09299,2.33147,0.38358,0.10619,1.38359,-0.18508,1.57238,0.14737,-1.63624,-0.38467,0.10223,0.51987,-0.06361,-0.12679,-0.38653,-0.145,-0.08118,-0.0557,0.53698,0.13101,0.09616,-0.50863,-0.17548,0.08016,0.05708
47.14,0.15238,0.05143,-0.21456,0.39993,-0.30132,-0.05574,0.77786,0.03306,-0.07725,-0.14421,-0.21333,-0.0145,1.40134,0.199,1.12013,0.09302,2.30704,0.34775,0.10913,1.42382,-0.16879,1.57111,0.14163,-1.59422,-0.34837,0.09711,0.52269,-0.06492,-0.13091,-0.40084,-0.14187,-0.08197,-0.05599,0.54294,0.13252,0.10247,-0.52872,-0.17072,0.0801,0.05671
47.16,0.15054,0.04807,-0.21422,0.40301,-0.29749,-0.05525,0.76812,0.03338,-0.07948,-0.14302,-0.21079,-0.0145,1.43901,0.199,1.11269,0.09302,2.29048,0.31862,0.11234,1.45983,-0.15421,1.56589,0.13698,-1.55608,-0.31924,0.09196,0.52526,-0.06616,-0.13399,-0.41282,-0.13955,-0.08269,-0.05627,0.54811,0.13364,0.10744,-0.54518,-0.16695,0.07996,0.05637
47.18,0.14856,0.04378,-0.21381,0.40646,-0.29276,-0.05477,0.75605,0.03377,-0.08243,-0.14066,-0.20842,-0.0145,1.48077,0.199,1.13817,0.09301,2.25728,0.28657,0.1123,1.5012,-0.13956,1.5837,0.13008,-1.52552,-0.28361,0.0892,0.52812,-0.06761,-0.13873,-0.42773,-0.13636,-0.08347,-0.05655,0.55414,0.13529,0.11401,-0.56575,-0.16203,0.07984,0.05596
47.2,0.14681,0.04106,-0.21349,0.4091,-0.28958,-0.05426,0.74794,0.03406,-0.08403,-0.14057,-0.20552,-0.0145,1.51609,0.19898,1.09526,0.09302,2.25475,0.25721,0.11891,1.53324,-0.12416,1.55386,0.12743,-1.47728,-0.2582,0.08139,0.53049,-0.06864,-0.14041,-0.43751,-0.13464,-0.08415,-0.05684,0.55872,0.136,0.11779,-0.57931,-0.15909,0.07973,0.05569
47.22,0.14583,0.04324,-0.21354,0.40935,-0.29125,-0.05369,0.75231,0.03408,-0.08154,-0.14741,-0.20124,-0.0145,1.53014,0.19902,0.85427,0.093,2.35735,0.24038,0.1474,1.53563,-0.1078,1.3857,0.13829,-1.3753,-0.26698,0.05863,0.5312,-0.06842,-0.13285,-0.43117,-0.13754,-0.08456,-0.05721,0.55856,0.13377,0.11305,-0.57076,-0.16229,0.07965,0.05583
47.24,0.14507,0.047,-0.21368,0.4088,-0.29448,-0.05312,0.76063,0.03399,-0.07771,-0.15645,-0.19645,-0.0145,1.53773,0.19899,0.5467,0.09303,2.48799,0.22639,0.18188,1.52884,-0.09077,1.17122,0.15328,-1.25755,-0.28591,0.03113,0.53143,-0.06779,-0.12226,-0.41973,-0.14191,-0.08486,-0.0576,0.55695,0.13061,0.10549,-0.5552,-0.16748,0.07958,0.0561
47.26,0.14417,0.04987,-0.21374,0.40872,-0.29681,-0.05257,0.7666,0.03392,-0.07466,-0.16411,-0.19193,-0.0145,1.54938,0.19892,0.27618,0.09302,2.59313,0.20975,0.21104,1.52788,-0.07389,0.98341,0.16531,-1.15265,-0.29814,0.0067,0.53201,-0.06739,-0.11336,-0.41136,-0.14545,-0.0852,-0.05796,0.55627,0.12801,0.09941,-0.54377,-0.17157,0.07949,0.05629
47.28,0.14344,0.05341,-0.21397,0.4082,-0.29989,-0.05195,0.77473,0.03394,-0.07093,-0.17334,-0.18724,-0.0145,1.55668,0.19922,-0.02386,0.09292,2.75031,0.19812,0.25098,1.52033,-0.0575,0.77229,0.18153,-1.02367,-0.31859,-0.02169,0.53205,-0.06682,-0.10316,-0.40003,-0.14965,-0.08557,-0.05837,0.55455,0.12484,0.09257,-0.52865,-0.17643,0.07946,0.05657
47.3,0.14243,0.05595,-0.21387,0.40839,-0.30181,-0.05146,0.77942,0.03377,-0.06826,-0.17987,-0.18276,-0.0145,1.57122,0.19866,-0.2773,0.09324,2.80782,0.17724,0.27016,1.52401,-0.04,0.59808,0.19041,-0.94078,-0.32472,-0.04291,0.53309,-0.06649,-0.09497,-0.39351,-0.15284,-0.08585,-0.05869,0.55459,0.12263,0.08662,-0.51937,-0.18017,0.07932,0.05671
47.32,0.14051,0.05531,-0.21283,0.41083,-0.29989,-0.05135,0.77311,0.03308,-0.06907,-0.17797,-0.17919,-0.0145,1.60877,0.19638,-0.39334,0.09274,2.56629,0.12714,0.22795,1.56289,-0.01955,0.54348,0.17471,-0.99345,-0.2867,-0.0436,0.53722,-0.06703,-0.09279,-0.40238,-0.15285,-0.08587,-0.05871,0.56016,0.12336,0.08369,-0.52877,-0.1804,0.07882,0.0564
47.34,0.13832,0.05362,-0.21145,0.414,-0.29679,-0.05139,0.7633,0.03219,-0.07093,-0.17337,-0.17582,-0.0145,1.6535,0.19312,-0.45888,0.09301,2.2266,0.06823,0.1651,1.61299,0.00198,0.52661,0.1521,-1.0923,-0.23436,-0.03685,0.54234,-0.06782,-0.09278,-0.41611,-0.15179,-0.08581,-0.05863,0.5675,0.12507,0.08175,-0.54409,-0.17946,0.07821,0.05594
47.36,0.13631,0.05244,-0.21023,0.41676,-0.29439,-0.05136,0.75544,0.0314,-0.07213,-0.17031,-0.17219,-0.0145,1.69395,0.18987,-0.54239,0.09423,1.94318,0.01541,0.11343,1.65666,0.02296,0.48818,0.13487,-1.16718,-0.19004,-0.03321,0.54685,-0.06843,-0.09193,-0.42704,-0.15121,-0.08578,-0.0586,0.57381,0.1263,0.07947,-0.55609,-0.17902,0.07769,0.05557
47.38,0.13408,0.05118,-0.20898,0.41979,-0.29136,-0.05131,0.74622,0.03061,-0.07406,-0.16601,-0.1692,-0.0145,1.73846,0.18845,-0.64871,0.09003,1.61195,-0.04605,0.05444,1.70564,0.0442,0.46622,0.10838,-1.25407,-0.13974,-0.03084,0.552,-0.06928,-0.09036,-0.44026,-0.15069,-0.08575,-0.05857,0.58101,0.12765,0.07674,-0.5705,-0.17872,0.07704,0.05513
47.4,0.13222,0.04982,-0.20771,0.42248,-0.28934,-0.05134,0.73895,0.02975,-0.07474,-0.1636,-0.16498,-0.0145,1.77629,0.183,-0.69534,0.09721,1.35605,-0.09172,0.00564,1.74634,0.06517,0.42019,0.09939,-1.32716,-0.09829,-0.02405,0.55608,-0.0697,-0.09085,-0.44994,-0.14979,-0.08571,-0.05851,0.58683,0.12899,0.0751,-0.5814,-0.17787,0.07661,0.0548
47.42,0.13152,0.04832,-0.20656,0.42391,-0.29031,-0.05158,0.73793,0.02878,-0.07152,-0.16717,-0.15686,-0.0145,1.79407,0.16653,-0.58333,0.13643,1.33708,-0.0909,-0.0094,1.76151,0.08482,0.2929,0.14147,-1.35048,-0.08556,-0.00646,0.55664,-0.06871,-0.09658,-0.4485,-0.1479,-0.08575,-0.05844,0.58795,0.13027,0.07728,-0.5811,-0.17541,0.07685,0.05482
47.44,0.13118,0.04678,-0.2054,0.42501,-0.29233,-0.05191,0.73896,0.02775,-0.06705,-0.17271,-0.14755,-0.0145,1.80488,0.14606,-0.41377,0.18693,1.39628,-0.07401,-0.0136,1.76798,0.10421,0.14135,0.20122,-1.35845,-0.08207,0.01526,0.55613,-0.06729,-0.10431,-0.44338,-0.14568,-0.08578,-0.05834,0.5877,0.1315,0.08037,-0.57713,-0.17249,0.07732,0.05496
47.46,0.1306,0.04536,-0.20419,0.42637,-0.29393,-0.05218,0.73903,0.02675,-0.06329,-0.17727,-0.13907,-0.0145,1.81883,0.12752,-0.2743,0.23171,1.4163,-0.06497,-0.02316,1.77844,0.12389,0.0048,0.25218,-1.37378,-0.07382,0.03482,0.55632,-0.06618,-0.11108,-0.44005,-0.14372,-0.08578,-0.05824,0.58837,0.13262,0.08235,-0.57488,-0.17004,0.07766,0.05504
47.48,0.13032,0.04349,-0.20317,0.42731,-0.2953,-0.05251,0.73915,0.02572,-0.05897,-0.18208,-0.12943,-0.0145,1.8332,0.10849,-0.11663,0.27895,1.44821,-0.05399,-0.03163,1.78917,0.14288,-0.14722,0.30605,-1.38914,-0.06742,0.05578,0.55566,-0.06461,-0.11813,-0.43635,-0.1413,-0.08592,-0.05821,0.58785,0.13428,0.08718,-0.57251,-0.1665,0.07808,0.05512
47.5,0.12951,0.04252,-0.20177,0.42904,-0.29736,-0.05276,0.73965,0.02474,-0.0555,-0.18689,-0.12189,-0.0145,1.84489,0.08952,0.01632,0.32381,1.47537,-0.04305,-0.03951,1.79708,0.16324,-0.27331,0.35821,-1.40016,-0.05955,0.07475,0.55648,-0.06386,-0.12504,-0.43254,-0.13974,-0.08576,-0.05801,0.58945,0.13483,0.08643,-0.56954,-0.16507,0.0784,0.05525
47.52,0.12706,0.04442,-0.19933,0.43305,-0.30155,-0.0527,0.74119,0.02377,-0.05471,-0.19119,-0.1207,-0.0145,1.85108,0.07193,0.06534,0.3587,1.46933,-0.03677,-0.04825,1.79952,0.18745,-0.32151,0.40095,-1.40299,-0.04535,0.08693,0.56199,-0.06568,-0.13101,-0.42873,-0.14096,-0.08471,-0.05735,0.59752,0.13197,0.06884,-0.56484,-0.17026,0.07835,0.0555
47.54,0.12407,0.04717,-0.1965,0.43789,-0.30634,-0.05256,0.74297,0.02285,-0.0548,-0.19544,-0.12163,-0.0145,1.85467,0.0545,0.08753,0.39098,1.4565,-0.03095,-0.05665,1.79922,0.21305,-0.34296,0.44156,-1.40177,-0.02944,0.09695,0.56898,-0.06829,-0.13675,-0.425,-0.14301,-0.08337,-0.05652,0.60774,0.12804,0.04584,-0.55977,-0.1775,0.07818,0.05581
47.56,0.12137,0.04927,-0.19385,0.44234,-0.31054,-0.05252,0.74429,0.02199,-0.05444,-0.19975,-0.12144,-0.0145,1.85941,0.03689,0.12281,0.42476,1.44789,-0.02449,-0.06525,1.80013,0.23799,-0.37714,0.48334,-1.40215,-0.01442,0.1082,0.57504,-0.07037,-0.14261,-0.42161,-0.14447,-0.0822,-0.05578,0.61679,0.12483,0.02614,-0.55551,-0.18337,0.0781,0.05608
47.58,0.11848,0.05243,-0.19122,0.44678,-0.31606,-0.05226,0.74709,0.02082,-0.05426,-0.20397,-0.12187,-0.0145,1.86438,0.01964,0.1564,0.45727,1.43712,-0.01929,-0.07348,1.80134,0.26301,-0.40998,0.52453,-1.40297,0.00077,0.11874,0.58209,-0.07315,-0.1485,-0.4166,-0.1468,-0.08086,-0.05496,0.62659,0.12064,0.00294,-0.54854,-0.19103,0.07791,0.05639
47.6,0.11586,0.05363,-0.18845,0.45149,-0.31904,-0.05242,0.74693,0.02028,-0.05392,-0.20835,-0.12153,-0.0145,1.86794,0.00165,0.18629,0.49205,1.42828,-0.01176,-0.08231,1.80082,0.28825,-0.43861,0.56663,-1.40217,0.01616,0.12996,0.5875,-0.0747,-0.1542,-0.4149,-0.14756,-0.07981,-0.05429,0.6354,0.11823,-0.01428,-0.547,-0.19551,0.0779,0.05663
47.62,0.11423,0.04885,-0.18544,0.45648,-0.3142,-0.05398,0.73793,0.02174,-0.05301,-0.2132,-0.11842,-0.0145,1.87178,-0.01754,0.21299,0.53033,1.42559,0.00216,-0.09471,1.80099,0.31318,-0.46501,0.608,-1.39744,0.03127,0.1455,0.58756,-0.07246,-0.15974,-0.42335,-0.14337,-0.0796,-0.05403,0.6406,0.12111,-0.01379,-0.56199,-0.19019,0.0786,0.05671
47.64,0.11287,0.04214,-0.1823,0.46177,-0.30692,-0.05593,0.72605,0.02378,-0.05191,-0.2182,-0.11449,-0.0145,1.8737,-0.03762,0.23651,0.57149,1.42484,0.01839,-0.10745,1.79866,0.33836,-0.48745,0.65087,-1.39138,0.04663,0.16146,0.58601,-0.06901,-0.16503,-0.43497,-0.13764,-0.07969,-0.05392,0.64479,0.12579,-0.00712,-0.58221,-0.18169,0.07944,0.0567
47.66,0.11132,0.03658,-0.17919,0.46712,-0.30121,-0.05756,0.71592,0.02536,-0.05086,-0.22311,-0.11103,-0.0145,1.87419,-0.05786,0.26085,0.61362,1.42335,0.03361,-0.11882,1.79437,0.36383,-0.50969,0.69553,-1.38625,0.06223,0.17593,0.58552,-0.06626,-0.1702,-0.44447,-0.13288,-0.07966,-0.05377,0.6497,0.12956,-0.00323,-0.59908,-0.17501,0.08008,0.05668
47.68,0.11005,0.02989,-0.17621,0.4717,-0.29359,-0.0598,0.704,0.02775,-0.04997,-0.22813,-0.10724,-0.0145,1.88421,-0.07569,0.2869,0.64636,1.42104,0.04872,-0.13516,1.80302,0.38774,-0.53939,0.73006,-1.37953,0.07647,0.19571,0.5837,-0.06293,-0.1763,-0.45677,-0.12703,-0.07958,-0.05354,0.65363,0.1337,0.00039,-0.62002,-0.16686,0.08129,0.0569
47.7,0.10827,0.02507,-0.17292,0.47793,-0.28933,-0.06087,0.69506,0.02863,-0.0487,-0.23293,-0.10391,-0.0145,1.87409,-0.09876,0.309,0.69898,1.42103,0.06454,-0.14143,1.78421,0.4148,-0.55302,0.7856,-1.37593,0.09347,0.2047,0.58426,-0.06051,-0.18044,-0.4641,-0.12305,-0.07967,-0.0535,0.65929,0.13751,0.00608,-0.63377,-0.16095,0.08138,0.05659
47.72,0.1051,0.02609,-0.16878,0.48862,-0.2953,-0.05844,0.69568,0.0249,-0.04638,-0.23722,-0.10209,-0.0145,1.80767,-0.1362,0.32091,0.80916,1.42647,0.08235,-0.11801,1.6898,0.45172,-0.52279,0.90291,-1.38085,0.11896,0.18247,0.59169,-0.06094,-0.17904,-0.45609,-0.12478,-0.08015,-0.05394,0.67043,0.14007,0.01629,-0.626,-0.16243,0.07821,0.05477
47.74,0.10142,0.02902,-0.16434,0.50095,-0.30468,-0.05484,0.6993,0.01968,-0.0437,-0.24124,-0.10075,-0.0145,1.72123,-0.17883,0.32908,0.93862,1.43427,0.10069,-0.08474,1.56794,0.49154,-0.47677,1.04053,-1.38909,0.14701,0.14962,0.60157,-0.06233,-0.17571,-0.44312,-0.12842,-0.08081,-0.05456,0.68325,0.14222,0.02833,-0.6109,-0.16619,0.07396,0.05244
47.76,0.09795,0.03091,-0.16005,0.51253,-0.31229,-0.05189,0.70117,0.01534,-0.04122,-0.24525,-0.09917,-0.0145,1.64479,-0.21903,0.33918,1.05708,1.44129,0.1184,-0.05716,1.45889,0.52927,-0.43838,1.16618,-1.39611,0.17325,0.12252,0.61036,-0.06328,-0.17336,-0.43298,-0.13107,-0.08139,-0.0551,0.69499,0.1445,0.03934,-0.5994,-0.16862,0.07029,0.0504
47.78,0.09456,0.03345,-0.15567,0.52414,-0.32077,-0.04847,0.70457,0.01019,-0.03855,-0.2498,-0.09765,-0.0145,1.56464,-0.25967,0.34828,1.18512,1.44713,0.13783,-0.02454,1.34826,0.57039,-0.39784,1.30353,-1.40181,0.20227,0.09157,0.61901,-0.06422,-0.17056,-0.42055,-0.13417,-0.08196,-0.05566,0.70802,0.1471,0.0514,-0.58688,-0.17216,0.06621,0.04814
47.8,0.09089,0.03512,-0.15143,0.53609,-0.32827,-0.04575,0.70555,0.00634,-0.03623,-0.2532,-0.09612,-0.0145,1.48726,-0.30051,0.35848,1.29769,1.45597,0.15377,0,1.23453,0.60499,-0.35818,1.4212,-1.41114,0.22604,0.06605,0.62853,-0.0654,-0.16825,-0.41165,-0.13682,-0.0826,-0.05622,0.71878,0.1489,0.0616,-0.57474,-0.17401,0.06275,0.04621
47.82,0.08657,0.0339,-0.14766,0.5485,-0.33235,-0.04511,0.69897,0.00656,-0.03469,-0.25327,-0.09451,-0.0145,1.42449,-0.34147,0.37409,1.36321,1.47244,0.15984,-0.00102,1.11824,0.62211,-0.32386,1.48062,-1.42889,0.23528,0.05875,0.6401,-0.06712,-0.16786,-0.41394,-0.13764,-0.08342,-0.05672,0.72303,0.14853,0.06632,-0.5648,-0.17043,0.06114,0.04524
47.84,0.08199,0.03176,-0.14407,0.56121,-0.33534,-0.04524,0.68991,0.0081,-0.03357,-0.25224,-0.09285,-0.0145,1.36485,-0.38228,0.39071,1.41238,1.49185,0.1624,-0.01039,0.99995,0.63233,-0.29117,1.51933,-1.45031,0.2391,0.05718,0.65242,-0.06905,-0.16802,-0.4199,-0.13796,-0.08432,-0.05722,0.72491,0.14737,0.06904,-0.55557,-0.16515,0.06021,0.04464
47.86,0.07754,0.03009,-0.14042,0.57384,-0.33879,-0.04509,0.68208,0.00897,-0.03246,-0.25189,-0.09117,-0.0145,1.30241,-0.42262,0.40595,1.46879,1.50996,0.16659,-0.01538,0.88302,0.64487,-0.25836,1.56679,-1.47058,0.24496,0.05256,0.66426,-0.07083,-0.1679,-0.42405,-0.13858,-0.08519,-0.05773,0.72777,0.14659,0.07255,-0.54641,-0.16083,0.05907,0.04394
47.88,0.07301,0.02828,-0.13666,0.58631,-0.3425,-0.04459,0.67389,0.01011,-0.03051,-0.25079,-0.08969,-0.0145,1.24502,-0.46549,0.42495,1.52678,1.52799,0.17059,-0.02245,0.7631,0.66094,-0.22233,1.61772,-1.4888,0.25245,0.04937,0.67679,-0.07287,-0.16789,-0.42864,-0.13897,-0.08603,-0.05821,0.73111,0.14569,0.07659,-0.53535,-0.15579,0.05749,0.04296
47.9,0.0686,0.02653,-0.13317,0.59916,-0.34537,-0.04502,0.66587,0.011,-0.03039,-0.25097,-0.08778,-0.0145,1.1782,-0.50287,0.43641,1.57721,1.54685,0.17422,-0.02734,0.64947,0.66801,-0.19362,1.65628,-1.5121,0.25549,0.04478,0.68802,-0.07442,-0.16778,-0.43322,-0.13969,-0.08696,-0.05876,0.73285,0.14486,0.07906,-0.52849,-0.15181,0.05699,0.04264
47.92,0.06458,0.02514,-0.13029,0.61311,-0.34597,-0.04785,0.65856,0.01091,-0.03554,-0.25509,-0.08479,-0.0145,1.08401,-0.52609,0.42694,1.61166,1.56741,0.17708,-0.02379,0.55214,0.65163,-0.18468,1.66521,-1.54852,0.24538,0.03442,0.6954,-0.07445,-0.16731,-0.437,-0.14142,-0.08813,-0.05955,0.73096,0.14427,0.07745,-0.53326,-0.15121,0.05947,0.04415
47.94,0.06069,0.02385,-0.12769,0.62741,-0.34576,-0.05157,0.65156,0.01051,-0.04247,-0.2605,-0.08137,-0.0145,0.98047,-0.54356,0.40987,1.63877,1.58867,0.1798,-0.01785,0.46164,0.62646,-0.18315,1.66239,-1.58985,0.23135,0.02259,0.70144,-0.074,-0.16671,-0.44062,-0.14349,-0.08939,-0.06041,0.7275,0.14382,0.07435,-0.54223,-0.15172,0.06299,0.04629
47.96,0.05675,0.02252,-0.125,0.64146,-0.34603,-0.05484,0.64462,0.01021,-0.04839,-0.26523,-0.07812,-0.0145,0.88163,-0.56302,0.3962,1.66857,1.60952,0.183,-0.01327,0.36912,0.60546,-0.17831,1.66523,-1.62895,0.22057,0.01182,0.70814,-0.07386,-0.16614,-0.44424,-0.14541,-0.0906,-0.06123,0.72464,0.14341,0.07209,-0.54917,-0.15169,0.06595,0.04809
47.98,0.05279,0.02112,-0.12213,0.65591,-0.3458,-0.05831,0.63674,0.01013,-0.05519,-0.27033,-0.07497,-0.0145,0.78082,-0.58515,0.38273,1.70061,1.63088,0.18435,-0.00784,0.27186,0.58346,-0.17321,1.66605,-1.66832,0.20351,-0.00041,0.71467,-0.07337,-0.16574,-0.44828,-0.14732,-0.09186,-0.06208,0.72217,0.14252,0.06912,-0.55663,-0.15177,0.06931,0.05015
48,0.04889,0.01991,-0.11971,0.6696,-0.34642,-0.06159,0.63092,0.0095,-0.06056,-0.27495,-0.07152,-0.0145,0.68206,-0.60032,0.36712,1.72635,1.65129,0.18952,-0.0035,0.18625,0.56161,-0.17047,1.66849,-1.70808,0.19853,-0.01002,0.72122,-0.07347,-0.16491,-0.45137,-0.14933,-0.09304,-0.06288,0.71853,0.14267,0.06725,-0.564,-0.1519,0.07207,0.0518
48.02,0.04518,0.01924,-0.1184,0.68125,-0.34969,-0.06401,0.63085,0.00734,-0.06149,-0.27802,-0.06722,-0.0145,0.58968,-0.59797,0.34674,1.73746,1.66886,0.20561,-0.00275,0.13018,0.54183,-0.17183,1.67883,-1.74912,0.22913,-0.01207,0.72817,-0.07535,-0.16331,-0.45175,-0.15148,-0.09396,-0.06353,0.71209,0.14572,0.06923,-0.57006,-0.15186,0.07291,0.05215
48.04,0.04151,0.01875,-0.11753,0.69212,-0.35384,-0.06622,0.63283,0.00464,-0.06094,-0.28054,-0.06265,-0.0145,0.5,-0.58876,0.32462,1.74235,1.6854,0.22548,-0.00313,0.08581,0.52263,-0.17544,1.69119,-1.7901,0.27179,-0.01147,0.73517,-0.07782,-0.1612,-0.45117,-0.15372,-0.09479,-0.06413,0.70453,0.14983,0.07231,-0.57588,-0.15184,0.0731,0.05206
48.06,0.03779,0.01815,-0.11648,0.70329,-0.35753,-0.06859,0.63382,0.00222,-0.06112,-0.28324,-0.05828,-0.0145,0.41006,-0.5825,0.30376,1.74955,1.70243,0.24345,-0.00294,0.03671,0.50355,-0.1784,1.70239,-1.83013,0.30818,-0.01207,0.74213,-0.07996,-0.15906,-0.45108,-0.15596,-0.09567,-0.06475,0.69745,0.15344,0.07456,-0.58183,-0.15183,0.07361,0.05219
48.08,0.03422,0.01765,-0.11535,0.71472,-0.36146,-0.07075,0.63506,-0.00038,-0.06111,-0.28627,-0.05358,-0.0145,0.3156,-0.57674,0.28063,1.75875,1.71949,0.2623,-0.00295,-0.0147,0.4826,-0.18001,1.71425,-1.87444,0.3479,-0.01269,0.74912,-0.08234,-0.15801,-0.45075,-0.15805,-0.09652,-0.06536,0.69042,0.15713,0.07806,-0.58787,-0.15177,0.07408,0.05228
48.1,0.03033,0.01699,-0.11448,0.7254,-0.36511,-0.07328,0.63627,-0.00271,-0.06111,-0.28845,-0.04948,-0.0145,0.23145,-0.5684,0.26195,1.76231,1.73614,0.28006,-0.00281,-0.05851,0.46576,-0.18494,1.72529,-1.90979,0.38341,-0.01267,0.75609,-0.08437,-0.15458,-0.4507,-0.16047,-0.0974,-0.06599,0.68307,0.16091,0.07934,-0.59358,-0.1518,0.07442,0.05233
48.12,0.02569,0.0159,-0.11414,0.73422,-0.36784,-0.07682,0.63692,-0.00426,-0.06145,-0.28855,-0.0473,-0.0145,0.17408,-0.55436,0.25551,1.75262,1.75256,0.29513,-0.0021,-0.08515,0.46053,-0.1977,1.73439,-1.9201,0.40617,-0.01125,0.76303,-0.08525,-0.14465,-0.45175,-0.16379,-0.09841,-0.06675,0.67494,0.16451,0.07315,-0.59868,-0.15218,0.07488,0.05258
48.14,0.02071,0.01463,-0.11404,0.74229,-0.37027,-0.08075,0.63745,-0.0055,-0.06183,-0.28779,-0.04571,-0.0145,0.12724,-0.53802,0.25371,1.73737,1.76843,0.30872,-0.00119,-0.1044,0.45941,-0.21382,1.74253,-1.9215,0.42401,-0.00935,0.76996,-0.08578,-0.13234,-0.45312,-0.16746,-0.09944,-0.06754,0.66659,0.16818,0.06485,-0.60339,-0.15263,0.07518,0.05278
48.16,0.01582,0.01342,-0.11386,0.7507,-0.37282,-0.08454,0.638,-0.00684,-0.06221,-0.28734,-0.04373,-0.0145,0.07629,-0.52292,0.25011,1.72415,1.78419,0.3222,-0.00032,-0.12642,0.4562,-0.22891,1.75063,-1.9271,0.4429,-0.00785,0.77687,-0.08653,-0.12112,-0.4543,-0.17098,-0.10045,-0.06831,0.65846,0.17195,0.05822,-0.60814,-0.15297,0.07533,0.05287
48.18,0.0112,0.0123,-0.11357,0.75913,-0.37544,-0.08815,0.63878,-0.0084,-0.06248,-0.28717,-0.04226,-0.0145,0.02252,-0.50677,0.24518,1.71276,1.80162,0.33919,0.00029,-0.1505,0.45393,-0.24207,1.76075,-1.93181,0.46707,-0.00546,0.78387,-0.08705,-0.10982,-0.4556,-0.17445,-0.10152,-0.06911,0.64976,0.17526,0.04875,-0.6135,-0.15366,0.07633,0.05345
48.2,0.00593,0.01094,-0.11355,0.7673,-0.37784,-0.09224,0.63902,-0.0094,-0.06298,-0.28626,-0.03985,-0.0145,-0.02285,-0.49236,0.24413,1.6964,1.81522,0.34838,0.0015,-0.1687,0.45066,-0.2599,1.76649,-1.93659,0.47907,-0.00489,0.7907,-0.08796,-0.09817,-0.45675,-0.17811,-0.10247,-0.06986,0.64222,0.17945,0.04454,-0.61744,-0.15362,0.0756,0.05305
48.22,-0.00096,0.00904,-0.11416,0.77528,-0.37972,-0.09751,0.63793,-0.00895,-0.06435,-0.28323,-0.03489,-0.0145,-0.04805,-0.48312,0.25288,1.66697,1.82036,0.3372,0.00449,-0.17234,0.44387,-0.29073,1.75954,-1.94063,0.45729,-0.00888,0.79695,-0.08993,-0.08586,-0.45745,-0.18225,-0.10312,-0.0705,0.63786,0.18684,0.05642,-0.61807,-0.15162,0.0697,0.04968
48.24,-0.00852,0.00689,-0.11501,0.78296,-0.38138,-0.10325,0.63627,-0.00794,-0.06593,-0.27953,-0.02894,-0.0145,-0.06508,-0.47579,0.26537,1.63291,1.82133,0.31809,0.00807,-0.1704,0.43592,-0.32598,1.74837,-1.94542,0.4236,-0.01478,0.80305,-0.09233,-0.07333,-0.45798,-0.18657,-0.10366,-0.0711,0.6347,0.19498,0.07347,-0.61719,-0.14888,0.06216,0.04537
48.26,-0.01585,0.00482,-0.11577,0.79058,-0.3831,-0.1088,0.63479,-0.00713,-0.06726,-0.27632,-0.02332,-0.0145,-0.08556,-0.46775,0.27605,1.60144,1.82281,0.30202,0.01131,-0.17116,0.42834,-0.35858,1.73965,-1.95214,0.39626,-0.02024,0.80927,-0.0946,-0.06105,-0.45858,-0.19079,-0.10423,-0.0717,0.63104,0.20227,0.08744,-0.61665,-0.14644,0.05568,0.04166
48.28,-0.02287,0.00287,-0.11648,0.79904,-0.38495,-0.11428,0.63363,-0.00651,-0.06921,-0.2723,-0.01821,-0.0145,-0.10679,-0.45896,0.28736,1.56768,1.82988,0.28812,0.01487,-0.17095,0.42148,-0.39395,1.72862,-1.94981,0.36495,-0.02408,0.81524,-0.09657,-0.04803,-0.45928,-0.1951,-0.10488,-0.07236,0.62713,0.2117,0.10438,-0.61751,-0.14412,0.04788,0.03723
48.3,-0.03069,0.00063,-0.11734,0.80565,-0.3865,-0.11999,0.63168,-0.0054,-0.06993,-0.26979,-0.01183,-0.0145,-0.12463,-0.45223,0.29819,1.53772,1.82463,0.26806,0.0179,-0.17153,0.4129,-0.42461,1.72143,-1.96557,0.33897,-0.03152,0.82172,-0.09928,-0.03657,-0.45966,-0.19926,-0.10533,-0.07289,0.62409,0.21685,0.11644,-0.61514,-0.1414,0.04244,0.03408
48.32,-0.04053,-0.00239,-0.11857,0.80738,-0.38707,-0.12643,0.62763,-0.00291,-0.06697,-0.27183,-0.00178,-0.0145,-0.13536,-0.45061,0.30657,1.51891,1.78387,0.23089,0.01939,-0.17569,0.39879,-0.44061,1.72576,-2.04052,0.33202,-0.05028,0.8295,-0.10373,-0.02924,-0.45955,-0.20307,-0.10526,-0.0731,0.62283,0.20999,0.11336,-0.60404,-0.13767,0.04408,0.0348
48.34,-0.05115,-0.00568,-0.11992,0.80723,-0.38738,-0.13304,0.62282,2e-05,-0.06279,-0.27539,0.00946,-0.0145,-0.14294,-0.45102,0.31435,1.50418,1.73131,0.18816,0.02032,-0.18086,0.38317,-0.45178,1.7341,-2.1321,0.33064,-0.07227,0.83781,-0.10892,-0.02356,-0.45905,-0.20672,-0.10498,-0.07317,0.6225,0.1988,0.10524,-0.58977,-0.1336,0.04813,0.03684
48.36,-0.06144,-0.00883,-0.1212,0.80786,-0.38793,-0.13944,0.61838,0.00263,-0.05932,-0.27814,0.01992,-0.0145,-0.15183,-0.45055,0.32249,1.48791,1.68583,0.1493,0.02147,-0.18556,0.36896,-0.4655,1.74071,-2.20976,0.3258,-0.09153,0.84595,-0.1139,-0.01727,-0.45849,-0.21039,-0.10479,-0.07329,0.62195,0.18962,0.09974,-0.57706,-0.12974,0.05097,0.03821
48.38,-0.07166,-0.01206,-0.12257,0.8088,-0.38794,-0.1464,0.61377,0.00574,-0.05522,-0.28138,0.03142,-0.0145,-0.16098,-0.44993,0.33035,1.47018,1.63305,0.10455,0.02281,-0.19011,0.3517,-0.47792,1.74685,-2.31371,0.32436,-0.11605,0.85378,-0.11838,-0.01032,-0.4589,-0.2143,-0.10463,-0.07345,0.62052,0.18033,0.09317,-0.56378,-0.12558,0.05424,0.03982
48.4,-0.08219,-0.01517,-0.12378,0.80862,-0.38904,-0.15225,0.60939,0.00792,-0.05211,-0.28396,0.04103,-0.0145,-0.16892,-0.45011,0.33866,1.45652,1.59261,0.07077,0.02361,-0.1953,0.3404,-0.49178,1.75489,-2.36761,0.31746,-0.13051,0.86239,-0.12405,-0.00521,-0.45721,-0.21764,-0.10436,-0.07351,0.6212,0.1702,0.08741,-0.55099,-0.12201,0.05722,0.04128
48.42,-0.09345,-0.01792,-0.12456,0.80624,-0.39304,-0.15491,0.60559,0.00731,-0.05215,-0.28444,0.04525,-0.0145,-0.17453,-0.45189,0.34792,1.45299,1.59008,0.06939,0.02303,-0.20185,0.34619,-0.51141,1.76782,-2.27261,0.293,-0.11515,0.87288,-0.13315,-0.00428,-0.44988,-0.21978,-0.10383,-0.0733,0.62697,0.15895,0.08652,-0.54,-0.11995,0.05867,0.04191
48.44,-0.10498,-0.02051,-0.12517,0.80273,-0.39818,-0.15645,0.60209,0.00576,-0.0532,-0.28421,0.04753,-0.0145,-0.17904,-0.45443,0.35771,1.45346,1.60021,0.07917,0.02193,-0.20906,0.35799,-0.53253,1.78241,-2.12795,0.26313,-0.08978,0.88415,-0.14336,-0.00523,-0.44046,-0.2213,-0.1032,-0.07299,0.63492,0.14699,0.08639,-0.52966,-0.11854,0.05978,0.04238
48.46,-0.11633,-0.02313,-0.12582,0.79945,-0.40293,-0.15854,0.59862,0.00468,-0.05369,-0.28426,0.05063,-0.0145,-0.18393,-0.45669,0.36752,1.45217,1.60394,0.08339,0.02108,-0.21611,0.36689,-0.55258,1.79581,-2.01033,0.23653,-0.06979,0.89518,-0.15284,-0.00565,-0.43194,-0.22285,-0.10263,-0.07272,0.64221,0.13524,0.0849,-0.51922,-0.11697,0.06118,0.043
48.48,-0.12793,-0.02597,-0.12662,0.79728,-0.40716,-0.16045,0.59446,0.00342,-0.05454,-0.28452,0.05399,-0.0145,-0.18916,-0.45872,0.3762,1.45075,1.60997,0.08943,0.02014,-0.22263,0.37647,-0.57414,1.8112,-1.87427,0.20666,-0.04638,0.90581,-0.1633,-0.00478,-0.42357,-0.2254,-0.102,-0.07247,0.64818,0.12376,0.08727,-0.50787,-0.11483,0.06214,0.04334
48.5,-0.13907,-0.0283,-0.12707,0.79258,-0.41271,-0.16249,0.59178,0.00232,-0.05492,-0.28416,0.05637,-0.0145,-0.19352,-0.46141,0.38736,1.45054,1.61439,0.09443,0.01927,-0.23039,0.38604,-0.59292,1.82279,-1.76479,0.18231,-0.0277,0.91735,-0.17195,-0.00699,-0.41449,-0.22578,-0.10148,-0.07216,0.65734,0.1117,0.08215,-0.49861,-0.11403,0.06386,0.0442
48.52,-0.14898,-0.02925,-0.12658,0.78092,-0.42206,-0.16512,0.59336,0.00179,-0.05356,-0.28211,0.05637,-0.0145,-0.19543,-0.46535,0.40526,1.45219,1.61113,0.09369,0.01878,-0.24146,0.39432,-0.60408,1.82334,-1.739,0.174,-0.02425,0.93203,-0.17544,-0.0177,-0.40323,-0.21993,-0.1013,-0.07171,0.67537,0.09741,0.05375,-0.49499,-0.11699,0.06798,0.04668
48.54,-0.1584,-0.02968,-0.12575,0.7668,-0.43262,-0.16794,0.59636,0.00148,-0.05173,-0.27946,0.05548,-0.0145,-0.19658,-0.46997,0.42563,1.45499,1.6059,0.09159,0.01836,-0.25374,0.40233,-0.61234,1.82002,-1.74179,0.17148,-0.0259,0.94744,-0.17704,-0.03137,-0.39149,-0.21198,-0.10123,-0.07122,0.69641,0.08273,0.01825,-0.49349,-0.12125,0.07282,0.04967
48.56,-0.16798,-0.03035,-0.12509,0.75399,-0.44234,-0.17073,0.59852,0.00114,-0.05027,-0.27717,0.05511,-0.0145,-0.19828,-0.47452,0.44489,1.45755,1.60175,0.09025,0.01786,-0.26545,0.4103,-0.62165,1.81856,-1.73281,0.16667,-0.0254,0.96197,-0.17943,-0.04337,-0.38044,-0.20525,-0.10109,-0.07075,0.71569,0.06877,-0.01237,-0.49102,-0.12478,0.07714,0.05231
48.58,-0.17787,-0.03099,-0.12435,0.74033,-0.45335,-0.17325,0.60152,0.00048,-0.04819,-0.2745,0.05417,-0.0145,-0.19904,-0.47814,0.46415,1.45906,1.59726,0.0887,0.01751,-0.27732,0.41918,-0.63211,1.81675,-1.71758,0.16036,-0.02397,0.97886,-0.18214,-0.05677,-0.3673,-0.19741,-0.10103,-0.07027,0.73673,0.05253,-0.04987,-0.48856,-0.12892,0.08225,0.05543
48.6,-0.18698,-0.03158,-0.1237,0.72788,-0.46192,-0.17637,0.60313,0.00053,-0.04728,-0.27249,0.05424,-0.0145,-0.20163,-0.4838,0.48394,1.46296,1.59285,0.08713,0.01689,-0.28908,0.42603,-0.63949,1.81469,-1.72203,0.15845,-0.0257,0.99097,-0.18373,-0.06799,-0.35848,-0.19135,-0.10083,-0.0698,0.75476,0.04093,-0.07484,-0.48659,-0.1321,0.08591,0.05767
48.62,-0.19421,-0.03217,-0.12335,0.71937,-0.46344,-0.18129,0.60023,0.00257,-0.04982,-0.27237,0.05733,-0.0145,-0.20919,-0.49521,0.50506,1.47326,1.58896,0.08565,0.01545,-0.30064,0.4272,-0.63883,1.81319,-1.78094,0.16889,-0.0361,0.98987,-0.18251,-0.07199,-0.36112,-0.19101,-0.10028,-0.06943,0.7639,0.04257,-0.06239,-0.48545,-0.13218,0.08529,0.05732
48.64,-0.20064,-0.03272,-0.1231,0.71217,-0.46245,-0.18677,0.59595,0.00531,-0.05355,-0.27294,0.06146,-0.0145,-0.21866,-0.50858,0.52655,1.48588,1.58516,0.08417,0.01374,-0.31198,0.42633,-0.63519,1.81151,-1.85771,0.18332,-0.04937,0.98388,-0.18023,-0.07376,-0.36824,-0.19248,-0.09957,-0.06907,0.76986,0.04885,-0.03727,-0.48473,-0.13126,0.08321,0.05607
48.66,-0.20736,-0.03328,-0.12282,0.70437,-0.46261,-0.19189,0.5925,0.00768,-0.05666,-0.27324,0.06512,-0.0145,-0.22744,-0.52088,0.54757,1.49736,1.58135,0.08275,0.01216,-0.32315,0.42644,-0.63306,1.80969,-1.92175,0.19487,-0.06059,0.98002,-0.17853,-0.0769,-0.37375,-0.19292,-0.09889,-0.06868,0.77718,0.05281,-0.01864,-0.48381,-0.13086,0.08188,0.05528
48.68,-0.21441,-0.03385,-0.12247,0.6965,-0.46279,-0.19748,0.58822,0.01028,-0.06007,-0.27336,0.06875,-0.0145,-0.23548,-0.534,0.56995,1.50926,1.57735,0.08103,0.01053,-0.33547,0.42634,-0.63018,1.80865,-2.00579,0.21101,-0.07506,0.97662,-0.17641,-0.07876,-0.37749,-0.19412,-0.09839,-0.06842,0.78497,0.05766,0.00282,-0.48297,-0.13026,0.08024,0.0543
48.7,-0.22056,-0.0344,-0.1223,0.68912,-0.46231,-0.20222,0.58534,0.01257,-0.06315,-0.27401,0.0727,-0.0145,-0.24551,-0.54584,0.58954,1.52083,1.57379,0.07996,0.00895,-0.34536,0.42619,-0.62816,1.80602,-2.05262,0.2186,-0.08346,0.97107,-0.17488,-0.08256,-0.38594,-0.19422,-0.0975,-0.06788,0.79098,0.06177,0.02151,-0.48206,-0.12982,0.07889,0.0535
48.72,-0.22452,-0.03489,-0.12261,0.68287,-0.46064,-0.20454,0.58666,0.01386,-0.06491,-0.27608,0.07725,-0.0145,-0.26073,-0.55379,0.60136,1.53081,1.57148,0.08073,0.00759,-0.34845,0.42648,-0.62954,1.79882,-1.98732,0.20041,-0.07356,0.96081,-0.17568,-0.09348,-0.4066,-0.19053,-0.09542,-0.06648,0.79285,0.0626,0.02922,-0.48077,-0.13012,0.07873,0.05342
48.74,-0.22757,-0.03536,-0.12309,0.67708,-0.45839,-0.20596,0.58945,0.01481,-0.06631,-0.27863,0.08208,-0.0145,-0.27785,-0.56035,0.61034,1.54037,1.56961,0.08215,0.0063,-0.34914,0.42679,-0.63184,1.7901,-1.88474,0.17367,-0.05755,0.94856,-0.17705,-0.10621,-0.43178,-0.18571,-0.093,-0.06483,0.79302,0.06256,0.0338,-0.47939,-0.13062,0.0789,0.05356
48.76,-0.23098,-0.03583,-0.12348,0.67105,-0.45641,-0.20776,0.59161,0.01589,-0.06792,-0.28089,0.0868,-0.0145,-0.29403,-0.56746,0.62061,1.55018,1.56749,0.08325,0.00496,-0.35106,0.42705,-0.6335,1.78226,-1.8024,0.15161,-0.04485,0.93721,-0.17788,-0.11725,-0.4547,-0.1816,-0.09085,-0.06337,0.79395,0.063,0.04001,-0.47809,-0.131,0.0789,0.05358
48.78,-0.2346,-0.03633,-0.12395,0.66518,-0.45431,-0.20976,0.59359,0.01708,-0.06937,-0.28349,0.09151,-0.0145,-0.31067,-0.575,0.63093,1.55984,1.56555,0.08446,0.00364,-0.3524,0.42741,-0.63598,1.77362,-1.70685,0.12636,-0.03006,0.92571,-0.17984,-0.13175,-0.47869,-0.17675,-0.0882,-0.06159,0.79483,0.06324,0.04578,-0.47667,-0.13144,0.07894,0.05363
48.8,-0.23756,-0.03676,-0.12429,0.65906,-0.45236,-0.21109,0.59628,0.01795,-0.07105,-0.28548,0.09627,-0.0145,-0.32672,-0.58128,0.64044,1.56967,1.56336,0.0856,0.00232,-0.35434,0.4276,-0.63704,1.76627,-1.62962,0.10564,-0.01809,0.9141,-0.17963,-0.13965,-0.50141,-0.17314,-0.08649,-0.06041,0.79544,0.06363,0.05156,-0.47546,-0.13184,0.07901,0.05369
48.82,-0.23891,-0.03697,-0.12431,0.65223,-0.45104,-0.21089,0.60068,0.01802,-0.07354,-0.28569,0.1012,-0.0145,-0.34098,-0.58453,0.64848,1.58026,1.56032,0.08642,0.00099,-0.3588,0.42728,-0.63375,1.76302,-1.61298,0.09967,-0.01557,0.90269,-0.17294,-0.12774,-0.51996,-0.1734,-0.08758,-0.06105,0.79585,0.06457,0.05813,-0.47485,-0.1321,0.07907,0.05375
48.84,-0.23961,-0.0371,-0.12418,0.6451,-0.44989,-0.21003,0.60572,0.01776,-0.07626,-0.28525,0.10614,-0.0145,-0.35449,-0.58653,0.65577,1.59097,1.55705,0.08715,-0.00033,-0.36389,0.42679,-0.62905,1.76109,-1.6158,0.09851,-0.01605,0.89127,-0.16413,-0.10936,-0.53696,-0.17492,-0.0896,-0.06229,0.79606,0.06567,0.06476,-0.47447,-0.13232,0.07917,0.05383
48.86,-0.24058,-0.03728,-0.12408,0.63802,-0.44861,-0.2094,0.61039,0.01764,-0.07883,-0.28509,0.111,-0.0145,-0.36812,-0.58901,0.66333,1.60149,1.55395,0.0879,-0.00164,-0.36851,0.4264,-0.62514,1.75847,-1.60902,0.09503,-0.01505,0.87987,-0.15655,-0.09474,-0.55436,-0.17576,-0.09112,-0.0632,0.7963,0.06669,0.07131,-0.474,-0.13257,0.07927,0.05391
48.88,-0.24163,-0.03744,-0.12414,0.63134,-0.44754,-0.20905,0.61544,0.01755,-0.08158,-0.28502,0.11617,-0.0145,-0.38277,-0.59181,0.67112,1.61261,1.55056,0.08876,-0.00299,-0.37382,0.42595,-0.62063,1.7562,-1.60414,0.09183,-0.01435,0.86832,-0.14788,-0.07676,-0.57324,-0.17703,-0.09295,-0.06432,0.79671,0.06769,0.07801,-0.47344,-0.13279,0.07931,0.05395
48.9,-0.24236,-0.0376,-0.12382,0.62373,-0.4461,-0.20797,0.61984,0.01733,-0.08401,-0.2846,0.12068,-0.0145,-0.39506,-0.59367,0.67828,1.62248,1.54771,0.08937,-0.00427,-0.37786,0.42557,-0.61703,1.75353,-1.60043,0.0893,-0.0138,0.85713,-0.14095,-0.06417,-0.58858,-0.1777,-0.09435,-0.06516,0.79677,0.06881,0.08444,-0.47313,-0.13307,0.07948,0.05407
48.92,-0.24241,-0.03779,-0.1226,0.61364,-0.44348,-0.20514,0.6222,0.01684,-0.08553,-0.28349,0.12343,-0.0145,-0.40138,-0.59317,0.68398,1.629,1.54644,0.08925,-0.00542,-0.37833,0.42547,-0.61626,1.74949,-1.59512,0.08736,-0.01292,0.84657,-0.13945,-0.06838,-0.59482,-0.1764,-0.09434,-0.06507,0.7957,0.07017,0.09014,-0.47336,-0.1335,0.07999,0.05441
48.94,-0.24215,-0.03797,-0.12098,0.60262,-0.44052,-0.20159,0.62388,0.01623,-0.08671,-0.28204,0.12549,-0.0145,-0.40528,-0.5918,0.68908,1.63423,1.5457,0.08889,-0.0065,-0.3775,0.42543,-0.61645,1.745,-1.59052,0.08598,-0.01213,0.83644,-0.13975,-0.07819,-0.59747,-0.17446,-0.09386,-0.06468,0.79433,0.07167,0.09559,-0.47386,-0.13401,0.08063,0.05483
48.96,-0.24201,-0.03816,-0.1195,0.59199,-0.43781,-0.19832,0.62591,0.01566,-0.08803,-0.28069,0.1278,-0.0145,-0.41006,-0.59088,0.6944,1.63996,1.54469,0.08868,-0.00759,-0.3772,0.42533,-0.61621,1.74068,-1.58583,0.08446,-0.01133,0.82636,-0.13914,-0.08521,-0.60157,-0.17283,-0.0936,-0.06444,0.79325,0.07315,0.10117,-0.47431,-0.13449,0.08121,0.05522
48.98,-0.24194,-0.03833,-0.11823,0.58146,-0.43469,-0.19523,0.6278,0.01516,-0.08942,-0.27952,0.13037,-0.0145,-0.41576,-0.58966,0.6999,1.64606,1.54379,0.08831,-0.00876,-0.37717,0.42537,-0.61593,1.73656,-1.5808,0.08265,-0.01047,0.81527,-0.13884,-0.09297,-0.60642,-0.17116,-0.09334,-0.06419,0.7915,0.07448,0.10667,-0.47446,-0.13493,0.08178,0.0556
49,-0.24164,-0.03853,-0.1164,0.57052,-0.43235,-0.19159,0.6298,0.01449,-0.09057,-0.27791,0.13224,-0.0145,-0.41896,-0.58888,0.70491,1.65108,1.5428,0.08821,-0.00975,-0.37627,0.42514,-0.61597,1.73191,-1.57641,0.0815,-0.00973,0.80637,-0.13834,-0.10067,-0.60882,-0.1694,-0.09296,-0.06387,0.79107,0.07613,0.11225,-0.47529,-0.13548,0.08241,0.05601
49.02,-0.24088,-0.03879,-0.1132,0.55859,-0.43226,-0.18669,0.63231,0.01343,-0.09125,-0.27512,0.13237,-0.0145,-0.41589,-0.58946,0.70856,1.65344,1.54134,0.08894,-0.01019,-0.37329,0.42419,-0.61661,1.72593,-1.57341,0.08206,-0.00935,0.80352,-0.13684,-0.10622,-0.60572,-0.16759,-0.09238,-0.06341,0.79448,0.07866,0.11846,-0.47798,-0.13626,0.08317,0.05647
49.04,-0.23989,-0.03908,-0.10945,0.5463,-0.43296,-0.18124,0.63494,0.01223,-0.09169,-0.2719,0.13182,-0.0145,-0.41037,-0.59053,0.71178,1.65474,1.53978,0.08995,-0.01045,-0.3695,0.42297,-0.61757,1.71943,-1.57097,0.08322,-0.00909,0.80286,-0.13508,-0.11164,-0.6002,-0.16571,-0.0917,-0.06289,0.79922,0.08149,0.12469,-0.48133,-0.13717,0.08399,0.05695
49.06,-0.23897,-0.03934,-0.10591,0.53422,-0.43329,-0.17599,0.63749,0.01109,-0.09214,-0.2689,0.13158,-0.0145,-0.40595,-0.59144,0.71529,1.6565,1.53831,0.09083,-0.01081,-0.36609,0.42185,-0.61842,1.71316,-1.5683,0.08405,-0.00875,0.80114,-0.13348,-0.11758,-0.59551,-0.16384,-0.09106,-0.0624,0.80327,0.08415,0.13068,-0.48433,-0.13805,0.08479,0.05744
49.08,-0.23818,-0.03964,-0.10252,0.52191,-0.43368,-0.17092,0.64012,0.00994,-0.09295,-0.26579,0.13131,-0.0145,-0.4015,-0.59208,0.71837,1.65833,1.5367,0.09173,-0.0111,-0.36255,0.42083,-0.61913,1.70692,-1.56557,0.08516,-0.00849,0.7997,-0.1318,-0.12187,-0.59181,-0.16205,-0.09042,-0.0619,0.80765,0.08696,0.13765,-0.48756,-0.13881,0.08555,0.05789
49.1,-0.23706,-0.03988,-0.09869,0.51001,-0.43411,-0.16537,0.6426,0.00878,-0.09299,-0.2628,0.13095,-0.0145,-0.39655,-0.59339,0.72224,1.65977,1.53533,0.09264,-0.0115,-0.35911,0.41952,-0.62022,1.70048,-1.56309,0.08581,-0.0081,0.79819,-0.13017,-0.12938,-0.58556,-0.16007,-0.08978,-0.06141,0.81165,0.08953,0.14258,-0.49046,-0.13985,0.08641,0.05842
49.12,-0.23513,-0.03996,-0.09385,0.49919,-0.43456,-0.15858,0.64476,0.00755,-0.09083,-0.26021,0.13053,-0.0145,-0.39086,-0.59654,0.72845,1.66046,1.53485,0.09368,-0.01223,-0.35614,0.41756,-0.62214,1.6937,-1.5611,0.08508,-0.00729,0.79603,-0.129,-0.14685,-0.57269,-0.1576,-0.08916,-0.06095,0.81435,0.09122,0.14202,-0.49226,-0.14162,0.08753,0.05918
49.14,-0.23286,-0.03998,-0.08859,0.48882,-0.43501,-0.15135,0.64675,0.00634,-0.08794,-0.25776,0.13003,-0.0145,-0.38475,-0.60034,0.73545,1.66079,1.53459,0.09471,-0.01308,-0.35329,0.4153,-0.62444,1.68672,-1.55941,0.08388,-0.00637,0.79372,-0.12784,-0.16736,-0.55742,-0.15495,-0.08856,-0.06051,0.8166,0.09268,0.13939,-0.49372,-0.14368,0.08874,0.06003
49.16,-0.23073,-0.04002,-0.08349,0.47834,-0.43541,-0.14437,0.64873,0.00517,-0.08548,-0.25526,0.12955,-0.0145,-0.37881,-0.60379,0.74207,1.66123,1.53411,0.09565,-0.01388,-0.3504,0.41313,-0.62664,1.67978,-1.55752,0.08286,-0.00549,0.79142,-0.12652,-0.18574,-0.5434,-0.15239,-0.08796,-0.06007,0.81898,0.09432,0.13763,-0.49536,-0.14561,0.0899,0.06083
49.18,-0.22866,-0.04008,-0.07851,0.46745,-0.43604,-0.13716,0.65105,0.00377,-0.08257,-0.25267,0.12913,-0.0145,-0.37288,-0.60749,0.74877,1.66184,1.53411,0.097,-0.01467,-0.34744,0.41116,-0.62854,1.67301,-1.55564,0.08194,-0.00458,0.78941,-0.12584,-0.20723,-0.5286,-0.14979,-0.08733,-0.05961,0.82166,0.09567,0.13618,-0.4969,-0.14751,0.09111,0.06167
49.2,-0.22638,-0.0401,-0.07319,0.45752,-0.43618,-0.13032,0.65263,0.00286,-0.08043,-0.25031,0.12856,-0.0145,-0.36685,-0.61082,0.75548,1.66204,1.53319,0.0975,-0.0155,-0.34465,0.40871,-0.63117,1.66586,-1.55415,0.08075,-0.00381,0.78677,-0.12384,-0.223,-0.51492,-0.14723,-0.08676,-0.05918,0.82365,0.09757,0.13359,-0.49859,-0.14956,0.09224,0.06246
49.22,-0.22357,-0.04,-0.06708,0.45012,-0.43486,-0.1246,0.65228,0.00329,-0.08052,-0.24861,0.12758,-0.0145,-0.36072,-0.61305,0.76204,1.66119,1.52945,0.09548,-0.01645,-0.34232,0.40496,-0.63568,1.65751,-1.55052,0.07837,-0.00262,0.78215,-0.11813,-0.22183,-0.50465,-0.14481,-0.08636,-0.05882,0.82352,0.10103,0.12833,-0.50046,-0.1519,0.09318,0.06313
49.24,-0.22055,-0.03987,-0.06064,0.44367,-0.43306,-0.11926,0.6512,0.00421,-0.0814,-0.24716,0.12644,-0.0145,-0.35452,-0.61488,0.76858,1.65995,1.52481,0.09263,-0.01741,-0.34017,0.40075,-0.64091,1.6488,-1.54771,0.0758,-0.0017,0.77694,-0.1111,-0.21485,-0.49564,-0.14243,-0.08601,-0.05849,0.82277,0.10506,0.12201,-0.50254,-0.15439,0.09405,0.06376
49.26,-0.21765,-0.03976,-0.05432,0.4368,-0.43154,-0.11376,0.65042,0.00494,-0.08197,-0.24557,0.12536,-0.0145,-0.34832,-0.61684,0.77508,1.65891,1.5207,0.09028,-0.01835,-0.33793,0.39679,-0.64582,1.64036,-1.54676,0.0737,-0.00125,0.77219,-0.10472,-0.21078,-0.48623,-0.14004,-0.08563,-0.05814,0.82251,0.10888,0.11618,-0.50473,-0.15684,0.09494,0.06441
49.28,-0.21465,-0.03962,-0.04811,0.4299,-0.42977,-0.1082,0.64976,0.00555,-0.08233,-0.24404,0.12435,-0.0145,-0.34222,-0.61905,0.78176,1.65774,1.51605,0.08743,-0.01943,-0.33568,0.39265,-0.65074,1.63144,-1.53697,0.07007,0.00155,0.76666,-0.09814,-0.20567,-0.47601,-0.1376,-0.08529,-0.05781,0.82138,0.11252,0.1102,-0.50607,-0.15916,0.09587,0.06507
49.3,-0.2118,-0.03953,-0.04162,0.42329,-0.42839,-0.10284,0.64868,0.00651,-0.08331,-0.24249,0.12314,-0.0145,-0.33591,-0.62064,0.78809,1.65677,1.51235,0.08539,-0.02014,-0.33352,0.38879,-0.6558,1.62347,-1.54505,0.06947,-0.00042,0.76261,-0.09166,-0.2013,-0.4678,-0.13528,-0.08487,-0.05744,0.82189,0.11665,0.10435,-0.50922,-0.16178,0.0967,0.06568
49.32,-0.20938,-0.03961,-0.03439,0.4171,-0.42829,-0.098,0.64652,0.00835,-0.08582,-0.24059,0.1214,-0.0145,-0.32904,-0.62053,0.79325,1.6565,1.51137,0.08606,-0.02065,-0.3315,0.3857,-0.66114,1.61799,-1.60897,0.07826,-0.0172,0.76297,-0.0856,-0.20055,-0.46485,-0.13325,-0.08419,-0.0569,0.82725,0.12199,0.09877,-0.51741,-0.16523,0.09729,0.06621
49.34,-0.20711,-0.03972,-0.02692,0.4112,-0.4286,-0.09333,0.64398,0.01051,-0.08891,-0.23871,0.11945,-0.0145,-0.32199,-0.61982,0.79806,1.65644,1.51145,0.08753,-0.02068,-0.32957,0.38293,-0.6666,1.6135,-1.6898,0.08994,-0.03849,0.76482,-0.0797,-0.20069,-0.46389,-0.13135,-0.08342,-0.05631,0.83425,0.1278,0.09342,-0.5274,-0.16896,0.09776,0.06668
49.36,-0.20477,-0.0398,-0.01961,0.40525,-0.42868,-0.08853,0.64167,0.01248,-0.09172,-0.23696,0.1176,-0.0145,-0.31505,-0.61946,0.80316,1.65627,1.51111,0.08845,-0.02038,-0.32765,0.3801,-0.67196,1.60868,-1.7583,0.09961,-0.05652,0.76589,-0.07381,-0.2003,-0.46201,-0.12943,-0.0827,-0.05575,0.84038,0.13336,0.08819,-0.53653,-0.17253,0.09825,0.06715
49.38,-0.20244,-0.03997,-0.01205,0.39897,-0.42894,-0.08395,0.6391,0.01467,-0.09465,-0.23463,0.11572,-0.0145,-0.30798,-0.61876,0.80777,1.65617,1.51034,0.09012,-0.02228,-0.32554,0.37691,-0.67753,1.60336,-1.84568,0.11212,-0.07947,0.76737,-0.06751,-0.20025,-0.46022,-0.12737,-0.08194,-0.05516,0.84701,0.13906,0.08198,-0.54586,-0.17628,0.09888,0.06771
49.4,-0.20013,-0.03995,-0.00498,0.39344,-0.42892,-0.07896,0.637,0.01646,-0.09746,-0.23352,0.11385,-0.0145,-0.30116,-0.61861,0.81325,1.65597,1.51091,0.09047,-0.01961,-0.32383,0.37453,-0.68267,1.59931,-1.89865,0.11955,-0.09348,0.76836,-0.06213,-0.19976,-0.45872,-0.12562,-0.08124,-0.05463,0.85298,0.14459,0.07788,-0.55518,-0.17968,0.0992,0.06808
49.42,-0.19786,-0.03939,0.0007,0.38999,-0.42803,-0.07277,0.63614,0.01705,-0.09982,-0.23581,0.11213,-0.0145,-0.29483,-0.62051,0.82191,1.65534,1.5131,0.08644,-0.0035,-0.3232,0.37438,-0.68664,1.5986,-1.84445,0.11108,-0.07966,0.76759,-0.05919,-0.19794,-0.45747,-0.12468,-0.08072,-0.05432,0.8568,0.14957,0.0795,-0.5641,-0.18225,0.09873,0.06795
49.44,-0.1956,-0.03865,0.00585,0.38727,-0.42686,-0.06616,0.63578,0.01721,-0.10204,-0.23931,0.11041,-0.0145,-0.28881,-0.62293,0.83134,1.65461,1.51685,0.08113,0.01699,-0.32296,0.37502,-0.69015,1.59911,-1.75639,0.09762,-0.05703,0.7663,-0.05718,-0.19565,-0.45646,-0.12405,-0.08027,-0.05407,0.85989,0.15437,0.08325,-0.57293,-0.18443,0.09794,0.06763
49.46,-0.19334,-0.038,0.0112,0.38416,-0.42585,-0.05976,0.63526,0.01755,-0.1043,-0.24223,0.10865,-0.0145,-0.28284,-0.62488,0.83999,1.65397,1.52117,0.07677,0.03486,-0.32253,0.37528,-0.69381,1.59903,-1.68922,0.08725,-0.0398,0.76529,-0.05477,-0.19351,-0.45541,-0.12327,-0.0798,-0.0538,0.86326,0.15926,0.0861,-0.58175,-0.18667,0.09727,0.06737
49.48,-0.19109,-0.0373,0.01674,0.38132,-0.42472,-0.05331,0.63442,0.01794,-0.10668,-0.2453,0.10708,-0.0145,-0.27606,-0.62778,0.85046,1.65315,1.52047,0.07093,0.05547,-0.32218,0.37566,-0.69772,1.59916,-1.59989,0.07357,-0.01696,0.76414,-0.05226,-0.19166,-0.45414,-0.1225,-0.0793,-0.05352,0.86689,0.16416,0.08871,-0.59084,-0.18941,0.09669,0.0672
49.5,-0.18881,-0.03667,0.02176,0.37808,-0.42376,-0.04685,0.63438,0.01813,-0.10876,-0.24834,0.1051,-0.0145,-0.27106,-0.62882,0.85731,1.65267,1.53014,0.06781,0.07136,-0.32173,0.37595,-0.70101,1.59912,-1.54784,0.06548,-0.00351,0.76314,-0.05018,-0.18909,-0.45336,-0.12179,-0.07886,-0.05326,0.86978,0.16897,0.09229,-0.59931,-0.19101,0.09586,0.06681
49.52,-0.1864,-0.03627,0.02556,0.37349,-0.42337,-0.0404,0.63651,0.01781,-0.11006,-0.25105,0.10193,-0.0145,-0.27076,-0.62473,0.85415,1.6533,1.57218,0.07284,0.07359,-0.32104,0.3758,-0.70261,1.5985,-1.61219,0.07482,-0.01937,0.76279,-0.04901,-0.18461,-0.45384,-0.12117,-0.07858,-0.05307,0.87075,0.17377,0.09842,-0.60623,-0.18958,0.09445,0.06591
49.54,-0.18396,-0.03594,0.02884,0.36848,-0.42315,-0.03398,0.63941,0.01729,-0.11106,-0.25368,0.09837,-0.0145,-0.27227,-0.61871,0.84732,1.65425,1.62395,0.08057,0.07088,-0.32021,0.37551,-0.70362,1.59765,-1.71411,0.08979,-0.04472,0.76258,-0.04826,-0.17945,-0.45479,-0.12059,-0.07835,-0.05289,0.87099,0.17844,0.10539,-0.6125,-0.18701,0.09279,0.0648
49.56,-0.18153,-0.03558,0.03231,0.36371,-0.42283,-0.02759,0.64191,0.01688,-0.1122,-0.25633,0.09502,-0.0145,-0.27305,-0.61347,0.84204,1.65495,1.66846,0.08683,0.07012,-0.31934,0.37526,-0.70497,1.5968,-1.79544,0.1017,-0.06491,0.76224,-0.04735,-0.17465,-0.45551,-0.11999,-0.0781,-0.05271,0.87158,0.18304,0.11176,-0.619,-0.18494,0.09121,0.06376
49.58,-0.1791,-0.03522,0.03598,0.35876,-0.42262,-0.02096,0.64462,0.01637,-0.11333,-0.25912,0.09151,-0.0145,-0.27347,-0.60865,0.8372,1.65611,1.72459,0.09408,0.07066,-0.31888,0.37511,-0.70604,1.59641,-1.89071,0.11562,-0.08844,0.76219,-0.04635,-0.1696,-0.45629,-0.11939,-0.07786,-0.05253,0.87205,0.18821,0.11917,-0.6258,-0.18292,0.08974,0.06281
49.6,-0.17668,-0.03488,0.03912,0.35407,-0.42222,-0.01487,0.64708,0.01602,-0.1144,-0.26156,0.08825,-0.0145,-0.27503,-0.60253,0.83065,1.65638,1.75934,0.09991,0.06741,-0.31757,0.37473,-0.70753,1.59502,-1.96597,0.12666,-0.1073,0.76156,-0.04562,-0.16492,-0.45708,-0.11881,-0.0776,-0.05234,0.87263,0.19215,0.12454,-0.6318,-0.18056,0.08801,0.06165
49.62,-0.17429,-0.03459,0.04098,0.35031,-0.42124,-0.01017,0.6487,0.01613,-0.11545,-0.2631,0.08573,-0.0145,-0.27981,-0.59293,0.81951,1.65405,1.72796,0.10109,0.0534,-0.31366,0.37374,-0.7105,1.59063,-1.97995,0.12913,-0.11168,0.75926,-0.04551,-0.16127,-0.45779,-0.11829,-0.07731,-0.05213,0.87348,0.19278,0.12427,-0.63603,-0.17733,0.08542,0.05984
49.64,-0.17192,-0.03433,0.04234,0.34681,-0.42009,-0.00604,0.65002,0.01641,-0.11645,-0.26427,0.08349,-0.0145,-0.28561,-0.58217,0.80691,1.65082,1.67551,0.10075,0.03598,-0.30895,0.37252,-0.71388,1.58529,-1.97216,0.1284,-0.11095,0.75637,-0.04565,-0.15803,-0.4585,-0.11779,-0.07699,-0.05191,0.8745,0.19219,0.12186,-0.63944,-0.17384,0.0826,0.05785
49.66,-0.16955,-0.03406,0.0439,0.34313,-0.41905,-0.0017,0.65144,0.01661,-0.11744,-0.26555,0.08115,-0.0145,-0.2906,-0.57218,0.79549,1.64805,1.63587,0.10114,0.02111,-0.3048,0.37141,-0.71697,1.58056,-1.97231,0.12862,-0.11207,0.75379,-0.04569,-0.15472,-0.45921,-0.11727,-0.07668,-0.05169,0.87557,0.19212,0.12028,-0.64306,-0.17061,0.07999,0.05602
49.68,-0.16713,-0.03379,0.04555,0.33969,-0.41787,0.00285,0.65305,0.0168,-0.11858,-0.26705,0.07869,-0.0145,-0.29705,-0.56109,0.7818,1.64509,1.58324,0.10147,0.00197,-0.29981,0.37029,-0.7205,1.57505,-1.9816,0.13107,-0.11544,0.75105,-0.0457,-0.15092,-0.45996,-0.11678,-0.07641,-0.0515,0.87606,0.19215,0.11931,-0.64736,-0.16675,0.07694,0.05385
49.7,-0.16483,-0.03352,0.04689,0.33584,-0.41694,0.00682,0.65418,0.01707,-0.11939,-0.26801,0.07655,-0.0145,-0.30075,-0.55204,0.77249,1.64232,1.55216,0.10152,-0.00915,-0.29638,0.36915,-0.72322,1.57095,-1.96671,0.12814,-0.1129,0.74849,-0.04581,-0.14821,-0.46062,-0.11624,-0.07604,-0.05125,0.87781,0.19171,0.1166,-0.65003,-0.16415,0.07476,0.05235
49.72,-0.16283,-0.03328,0.04759,0.33064,-0.4168,0.00934,0.65402,0.01755,-0.11934,-0.26748,0.07525,-0.0145,-0.29621,-0.54899,0.77614,1.64019,1.58871,0.10125,0.00374,-0.29749,0.36797,-0.72356,1.571,-1.88586,0.11025,-0.09426,0.74659,-0.04609,-0.14858,-0.46105,-0.11557,-0.07535,-0.05081,0.88298,0.19004,0.10917,-0.64872,-0.16521,0.07512,0.0528
49.74,-0.16094,-0.03305,0.04799,0.32506,-0.41692,0.01128,0.65339,0.01811,-0.11896,-0.26643,0.07429,-0.0145,-0.28896,-0.54802,0.78416,1.6383,1.64702,0.10073,0.02463,-0.30018,0.36679,-0.72308,1.57253,-1.78206,0.08718,-0.07001,0.74488,-0.04646,-0.15,-0.46139,-0.11486,-0.07456,-0.05033,0.88942,0.18797,0.10012,-0.64575,-0.16755,0.07638,0.05393
49.76,-0.15899,-0.03281,0.04848,0.31975,-0.41691,0.01345,0.65297,0.01862,-0.11872,-0.26566,0.07318,-0.0145,-0.28323,-0.54604,0.78985,1.63636,1.6934,0.10027,0.04119,-0.3021,0.36566,-0.72299,1.57339,-1.69157,0.06703,-0.04899,0.74306,-0.04679,-0.15082,-0.46179,-0.11418,-0.07384,-0.04988,0.89532,0.18624,0.09213,-0.64336,-0.16925,0.07718,0.05471
49.78,-0.15706,-0.03257,0.04913,0.31402,-0.41692,0.01576,0.65255,0.01918,-0.11851,-0.26469,0.07203,-0.0145,-0.27631,-0.54429,0.79696,1.63415,1.74781,0.09999,0.06059,-0.30418,0.36435,-0.72284,1.57417,-1.58825,0.04436,-0.02495,0.74134,-0.04712,-0.15214,-0.46214,-0.11343,-0.07303,-0.04938,0.90108,0.18384,0.08281,-0.64168,-0.17117,0.07815,0.05565
49.8,-0.15514,-0.03233,0.04938,0.30908,-0.41696,0.01763,0.65201,0.01965,-0.11816,-0.26402,0.07105,-0.0145,-0.27122,-0.54258,0.80216,1.63256,1.79076,0.09928,0.07596,-0.30633,0.3634,-0.72262,1.57549,-1.50638,0.02576,-0.00591,0.73944,-0.04747,-0.15269,-0.46256,-0.11281,-0.07239,-0.04898,0.90743,0.1827,0.07578,-0.63813,-0.17295,0.07901,0.05643
49.82,-0.15322,-0.03206,0.04868,0.30636,-0.41704,0.01851,0.65129,0.01983,-0.11753,-0.26431,0.07048,-0.0145,-0.2718,-0.54053,0.80113,1.6326,1.79859,0.09749,0.07877,-0.30828,0.36338,-0.72241,1.57795,-1.49036,0.01974,-0.00229,0.73709,-0.04776,-0.15053,-0.46325,-0.11254,-0.0723,-0.04894,0.91512,0.18543,0.07655,-0.62989,-0.17398,0.07926,0.05655
49.84,-0.15131,-0.03178,0.04758,0.30446,-0.41713,0.01895,0.65046,0.01991,-0.11676,-0.26493,0.07008,-0.0145,-0.27432,-0.53848,0.79804,1.63326,1.79395,0.09526,0.07719,-0.31025,0.36372,-0.72214,1.58091,-1.49663,0.018,-0.00392,0.73452,-0.04809,-0.14761,-0.46402,-0.11239,-0.07239,-0.04901,0.92335,0.18938,0.07951,-0.61981,-0.17485,0.07938,0.05651
49.86,-0.1494,-0.0315,0.04662,0.3022,-0.4172,0.01956,0.64965,0.02003,-0.11601,-0.2654,0.06959,-0.0145,-0.27599,-0.53641,0.79581,1.63364,1.79384,0.09319,0.07723,-0.31222,0.36392,-0.72188,1.58365,-1.49211,0.01426,-0.003,0.73199,-0.04846,-0.14524,-0.46472,-0.11217,-0.07238,-0.04901,0.93133,0.19256,0.08072,-0.61052,-0.17584,0.07962,0.05658
49.88,-0.14751,-0.03123,0.04583,0.29985,-0.41734,0.0203,0.64894,0.02015,-0.11541,-0.26585,0.06914,-0.0145,-0.27743,-0.53445,0.79396,1.63402,1.79905,0.09128,0.07894,-0.31421,0.36406,-0.72166,1.58642,-1.4895,0.01056,-0.00247,0.72974,-0.04858,-0.14205,-0.46555,-0.112,-0.07244,-0.04907,0.93938,0.1966,0.08492,-0.60136,-0.17666,0.07967,0.05652
49.9,-0.14556,-0.03095,0.04459,0.29789,-0.41733,0.02065,0.648,0.02025,-0.11449,-0.26642,0.06866,-0.0145,-0.27983,-0.53227,0.79085,1.63453,1.79025,0.08895,0.07624,-0.31615,0.36439,-0.72136,1.58921,-1.48856,0.00787,-0.00257,0.72684,-0.04924,-0.14034,-0.46613,-0.11177,-0.0724,-0.04905,0.9474,0.19917,0.08361,-0.59154,-0.17778,0.08005,0.05669
49.92,-0.14347,-0.03063,0.0423,0.29679,-0.41688,0.02014,0.64651,0.0203,-0.11267,-0.26723,0.06807,-0.0145,-0.28473,-0.5292,0.78421,1.63527,1.74302,0.08547,0.06066,-0.31792,0.36519,-0.72084,1.592,-1.4865,0.00693,-0.00199,0.72229,-0.05144,-0.14309,-0.46597,-0.11131,-0.07196,-0.04881,0.95533,0.19716,0.06528,-0.58022,-0.17983,0.08144,0.05764
49.94,-0.14132,-0.0303,0.03956,0.29607,-0.41627,0.01924,0.6448,0.02033,-0.11055,-0.26814,0.06745,-0.0145,-0.29049,-0.52596,0.77643,1.63612,1.68253,0.08161,0.04104,-0.31963,0.36617,-0.72023,1.59477,-1.48551,0.0069,-0.00206,0.71708,-0.05416,-0.14731,-0.46556,-0.11079,-0.07141,-0.04849,0.96318,0.19367,0.04158,-0.56835,-0.18217,0.08313,0.05883
49.96,-0.13919,-0.02997,0.03697,0.29519,-0.41572,0.01845,0.64318,0.0204,-0.10861,-0.26901,0.06685,-0.0145,-0.29563,-0.52301,0.76952,1.63693,1.62986,0.07797,0.02445,-0.32136,0.36706,-0.71966,1.5975,-1.48432,0.00649,-0.0027,0.71211,-0.05661,-0.15075,-0.46527,-0.11031,-0.07094,-0.04822,0.971,0.19103,0.02121,-0.55682,-0.18431,0.08462,0.05986
49.98,-0.13712,-0.02964,0.0346,0.29425,-0.41525,0.01794,0.64159,0.02035,-0.10648,-0.26988,0.06621,-0.0145,-0.30175,-0.51918,0.76111,1.63772,1.56925,0.07408,0.00289,-0.32313,0.36798,-0.71912,1.60046,-1.48267,0.00605,-8e-05,0.70741,-0.05925,-0.15467,-0.46498,-0.10977,-0.07037,-0.04789,0.97918,0.18775,-0.00279,-0.54479,-0.18673,0.08639,0.06108
50,-0.13488,-0.02931,0.03165,0.29353,-0.41455,0.01673,0.63988,0.02054,-0.10468,-0.27077,0.06566,-0.0145,-0.30605,-0.51711,0.75552,1.63857,1.52212,0.07067,-0.00948,-0.32481,0.36888,-0.71848,1.60293,-1.48194,0.00586,-0.00404,0.70198,-0.06159,-0.15791,-0.46463,-0.10934,-0.06998,-0.04767,0.98652,0.18537,-0.0206,-0.53375,-0.18863,0.08766,0.06197
50.02,-0.13224,-0.02896,0.02733,0.29336,-0.4133,0.0138,0.63783,0.02136,-0.10385,-0.27163,0.06528,-0.0145,-0.30471,-0.52029,0.75863,1.63962,1.51629,0.06853,0.00668,-0.32623,0.3697,-0.71773,1.60405,-1.48339,0.00595,-0.02849,0.69485,-0.06306,-0.15924,-0.46417,-0.10921,-0.0701,-0.04772,0.99193,0.18618,-0.01926,-0.5253,-0.18905,0.08746,0.06186
50.04,-0.12943,-0.02861,0.02242,0.2934,-0.41182,0.01017,0.63566,0.02241,-0.10336,-0.27251,0.065,-0.0145,-0.30157,-0.52518,0.76452,1.64072,1.52445,0.06694,0.03188,-0.32756,0.37047,-0.71687,1.60468,-1.48564,0.00627,-0.05907,0.687,-0.06421,-0.1598,-0.46366,-0.10919,-0.07041,-0.04789,0.99643,0.18788,-0.01164,-0.51795,-0.18891,0.08676,0.06141
50.06,-0.12665,-0.02827,0.01772,0.29335,-0.41041,0.0068,0.63357,0.02337,-0.10273,-0.27341,0.06472,-0.0145,-0.29952,-0.52904,0.76873,1.64176,1.52565,0.0652,0.05149,-0.32894,0.37123,-0.71597,1.60552,-1.48745,0.0066,-0.08513,0.67938,-0.06545,-0.1605,-0.46318,-0.10914,-0.07065,-0.04802,1.0011,0.18892,-0.00743,-0.51032,-0.189,0.0863,0.06112
50.08,-0.12402,-0.02788,0.01325,0.2933,-0.4091,0.00366,0.63135,0.02432,-0.10205,-0.27418,0.06427,-0.0145,-0.29637,-0.53395,0.77463,1.64295,1.5287,0.06298,0.07705,-0.33027,0.37217,-0.71544,1.60639,-1.48957,0.00649,-0.11837,0.67209,-0.0669,-0.16208,-0.46268,-0.10903,-0.07081,-0.04809,1.00676,0.19094,-0.00116,-0.50171,-0.18924,0.08578,0.0608
50.1,-0.12106,-0.02759,0.00815,0.29328,-0.40755,-0.00011,0.6294,0.02531,-0.10152,-0.2752,0.06418,-0.0145,-0.29502,-0.5371,0.77772,1.64385,1.53167,0.06194,0.09264,-0.33169,0.37271,-0.7141,1.60708,-1.49128,0.00735,-0.1383,0.66401,-0.06789,-0.1617,-0.46221,-0.10905,-0.07117,-0.0483,1.01016,0.1912,0.00252,-0.49544,-0.18902,0.08527,0.06047
50.12,-0.11727,-0.0276,0.00148,0.29342,-0.40516,-0.00563,0.62803,0.02655,-0.10156,-0.27707,0.0652,-0.0145,-0.29962,-0.53484,0.77206,1.64396,1.52872,0.06366,0.07666,-0.33354,0.37207,-0.71068,1.60738,-1.49108,0.01065,-0.1183,0.6536,-0.06721,-0.15538,-0.46172,-0.10943,-0.07214,-0.04892,1.00728,0.18606,-0.00388,-0.49503,-0.18771,0.08504,0.06026
50.14,-0.11317,-0.0277,-0.00582,0.29355,-0.40257,-0.01173,0.62698,0.0278,-0.10169,-0.27913,0.06657,-0.0145,-0.30598,-0.53077,0.76352,1.64379,1.52565,0.06661,0.05067,-0.33545,0.37103,-0.70641,1.60752,-1.49054,0.01495,-0.085,0.6425,-0.06614,-0.1472,-0.46131,-0.10994,-0.0733,-0.04968,1.00218,0.17919,-0.01286,-0.49698,-0.18595,0.08485,0.06006
50.16,-0.10922,-0.02774,-0.01286,0.29359,-0.40022,-0.01743,0.62591,0.02893,-0.1016,-0.28098,0.06772,-0.0145,-0.31121,-0.52764,0.7565,1.64374,1.52426,0.06925,0.03051,-0.33723,0.37023,-0.70245,1.60775,-1.49057,0.01892,-0.05889,0.63194,-0.06555,-0.1404,-0.46094,-0.11036,-0.07431,-0.05033,0.99827,0.17335,-0.01971,-0.49807,-0.18438,0.08459,0.05983
50.18,-0.10522,-0.02786,-0.01983,0.29402,-0.39724,-0.02371,0.62432,0.03055,-0.10228,-0.28337,0.06915,-0.0145,-0.31781,-0.52411,0.74875,1.6437,1.51669,0.07091,0.00534,-0.33947,0.36923,-0.69887,1.60791,-1.48895,0.02241,-0.02816,0.62037,-0.06373,-0.13151,-0.46019,-0.11088,-0.07558,-0.05116,0.99362,0.16654,-0.03031,-0.49834,-0.18283,0.08451,0.05971
50.2,-0.10125,-0.02783,-0.02708,0.29364,-0.39551,-0.02893,0.62386,0.03115,-0.10139,-0.28466,0.07007,-0.0145,-0.32195,-0.52094,0.74172,1.64358,1.52152,0.07482,-0.01198,-0.34076,0.36854,-0.69424,1.60816,-1.49057,0.02708,-0.00379,0.61078,-0.06432,-0.12631,-0.46031,-0.11125,-0.07637,-0.05167,0.98995,0.1613,-0.0339,-0.50081,-0.18115,0.08407,0.05937
50.22,-0.09746,-0.0274,-0.03491,0.29093,-0.39741,-0.03091,0.62661,0.02874,-0.09592,-0.28298,0.06946,-0.0145,-0.31925,-0.51928,0.73808,1.64339,1.56263,0.08512,-0.00439,-0.33948,0.36891,-0.68725,1.60885,-1.50201,0.03527,-0.00057,0.60673,-0.07213,-0.13385,-0.46238,-0.11092,-0.0756,-0.05118,0.99002,0.16118,-0.01668,-0.50924,-0.17929,0.08254,0.05835
50.24,-0.09373,-0.02681,-0.04301,0.28741,-0.40054,-0.03182,0.63044,0.02533,-0.08892,-0.28015,0.06834,-0.0145,-0.31393,-0.51802,0.73512,1.64312,1.61571,0.09754,0.01124,-0.33721,0.36961,-0.67918,1.60962,-1.51656,0.04454,-0.00412,0.60474,-0.0823,-0.14485,-0.46542,-0.11046,-0.07438,-0.05039,0.99108,0.16263,0.00747,-0.51971,-0.17732,0.08066,0.05712
50.26,-0.08999,-0.02625,-0.05103,0.28431,-0.40301,-0.03332,0.63364,0.02248,-0.08275,-0.27778,0.0675,-0.0145,-0.30959,-0.51651,0.73138,1.64286,1.66196,0.1087,0.02263,-0.33535,0.37008,-0.67138,1.61028,-1.52917,0.05302,-0.00432,0.60187,-0.09104,-0.15286,-0.46827,-0.11022,-0.07351,-0.04983,0.99137,0.16315,0.02791,-0.52894,-0.17537,0.07899,0.05602
50.28,-0.08615,-0.02584,-0.05889,0.28099,-0.40594,-0.03443,0.63742,0.01918,-0.07598,-0.27569,0.0665,-0.0145,-0.30628,-0.51524,0.72953,1.64276,1.71431,0.12122,0.03617,-0.33375,0.37084,-0.66444,1.61126,-1.544,0.06281,-0.0052,0.59868,-0.10122,-0.1666,-0.46998,-0.10933,-0.07208,-0.04891,0.99293,0.16457,0.05071,-0.53957,-0.17354,0.07709,0.05478
50.3,-0.08253,-0.0251,-0.06714,0.27794,-0.40818,-0.03608,0.64026,0.01657,-0.07013,-0.27273,0.06568,-0.0145,-0.3001,-0.51355,0.72394,1.64224,1.75653,0.1313,0.04723,-0.33128,0.37113,-0.6555,1.61156,-1.55492,0.07006,-0.00646,0.59675,-0.10903,-0.1695,-0.47442,-0.10976,-0.07166,-0.04864,0.99211,0.16447,0.07015,-0.54772,-0.17145,0.0756,0.05379
50.32,-0.07945,-0.02345,-0.07646,0.27569,-0.40826,-0.03944,0.64023,0.01617,-0.06698,-0.26761,0.06562,-0.0145,-0.28719,-0.51083,0.70798,1.6411,1.77008,0.13502,0.04985,-0.32739,0.3697,-0.6412,1.61028,-1.55471,0.07051,-0.00714,0.59707,-0.10906,-0.13924,-0.48496,-0.11395,-0.07437,-0.05039,0.98456,0.16001,0.07977,-0.54866,-0.16852,0.07523,0.05347
50.34,-0.07657,-0.02148,-0.08615,0.27376,-0.40759,-0.04336,0.63922,0.0165,-0.06486,-0.26165,0.06573,-0.0145,-0.27135,-0.50761,0.68822,1.63944,1.77263,0.13605,0.04969,-0.3225,0.36785,-0.62497,1.60824,-1.5504,0.06828,-0.00802,0.59873,-0.10674,-0.09837,-0.4984,-0.11946,-0.07805,-0.05278,0.97458,0.15393,0.08559,-0.54701,-0.16535,0.07529,0.05342
50.36,-0.07362,-0.01967,-0.09563,0.27173,-0.40726,-0.04703,0.63867,0.01647,-0.06239,-0.25605,0.0657,-0.0145,-0.25648,-0.50447,0.67012,1.6377,1.77867,0.1377,0.05058,-0.31763,0.36644,-0.6097,1.60636,-1.54771,0.06696,-0.00886,0.60026,-0.10593,-0.06391,-0.51131,-0.1243,-0.0811,-0.05476,0.96569,0.14843,0.09237,-0.54644,-0.1624,0.07522,0.05329
50.38,-0.07061,-0.01779,-0.10528,0.26945,-0.40702,-0.05065,0.63815,0.01652,-0.05933,-0.25047,0.06593,-0.0145,-0.24307,-0.50201,0.6523,1.63735,1.79132,0.14191,0.05257,-0.31467,0.36399,-0.59403,1.60533,-1.54614,0.06695,-0.00974,0.59987,-0.10337,-0.0229,-0.521,-0.12942,-0.08492,-0.0572,0.9569,0.14361,0.10253,-0.54631,-0.15902,0.07486,0.05298
50.4,-0.06776,-0.01598,-0.11466,0.26781,-0.40636,-0.05452,0.63729,0.01659,-0.0578,-0.2447,0.06563,-0.0145,-0.22595,-0.49798,0.63302,1.63394,1.78767,0.14018,0.05158,-0.3074,0.36361,-0.57878,1.60226,-1.54121,0.06357,-0.01049,0.60373,-0.10381,0.00709,-0.53799,-0.13427,-0.08739,-0.05886,0.94729,0.13702,0.10479,-0.54466,-0.15646,0.0752,0.0531
50.42,-0.0653,-0.01443,-0.12331,0.2677,-0.40494,-0.05895,0.63587,0.01647,-0.06016,-0.23829,0.06426,-0.0145,-0.19952,-0.48984,0.61044,1.6226,1.73959,0.12236,0.04249,-0.28929,0.36911,-0.56492,1.59451,-1.52804,0.05143,-0.01079,0.61933,-0.11347,0.00353,-0.57505,-0.13813,-0.0857,-0.05811,0.93616,0.12551,0.0849,-0.53928,-0.1563,0.07751,0.05439
50.44,-0.06298,-0.01297,-0.13166,0.26827,-0.40308,-0.0636,0.63411,0.01635,-0.06407,-0.23178,0.06227,-0.0145,-0.16944,-0.48012,0.5866,1.60814,1.67579,0.09871,0.03057,-0.26671,0.37669,-0.55161,1.58457,-1.5116,0.036,-0.01094,0.63908,-0.12614,-0.01138,-0.61918,-0.14164,-0.08264,-0.05657,0.92426,0.11235,0.05737,-0.53249,-0.15694,0.0805,0.05608
50.46,-0.0606,-0.01148,-0.14008,0.26863,-0.40128,-0.06814,0.63242,0.01628,-0.06735,-0.22553,0.06031,-0.0145,-0.14093,-0.47104,0.56347,1.59488,1.62052,0.07799,0.0203,-0.24566,0.38328,-0.5382,1.57512,-1.49662,0.02214,-0.01116,0.65671,-0.13718,-0.02071,-0.65971,-0.14527,-0.08031,-0.05544,0.9126,0.10021,0.03412,-0.52643,-0.15715,0.08308,0.05753
50.48,-0.05823,-0.00994,-0.14878,0.26858,-0.40006,-0.07278,0.63107,0.01605,-0.07035,-0.21833,0.05947,-0.0145,-0.11272,-0.46224,0.53954,1.58254,1.55911,0.05605,0.00842,-0.22677,0.39008,-0.52406,1.56781,-1.48165,0.0079,-0.01138,0.6754,-0.14924,-0.03137,-0.7022,-0.14916,-0.07758,-0.05411,0.9013,0.08688,0.00733,-0.51989,-0.15766,0.08606,0.05922
50.5,-0.05586,-0.00852,-0.15682,0.26955,-0.39753,-0.07723,0.62895,0.01614,-0.07427,-0.21311,0.05609,-0.0145,-0.08303,-0.45254,0.51711,1.56752,1.5068,0.03525,-0.00076,-0.20225,0.39691,-0.51165,1.5555,-1.46589,-0.00632,-0.01156,0.69281,-0.15991,-0.04218,-0.74197,-0.15237,-0.07533,-0.053,0.88913,0.07566,-0.01387,-0.51405,-0.15773,0.08839,0.06052
50.52,-0.05346,-0.00742,-0.16319,0.2732,-0.39136,-0.08114,0.62458,0.01698,-0.08056,-0.2133,0.04636,-0.0145,-0.05044,-0.44033,0.49858,1.54595,1.48434,0.01939,-0.00164,-0.16374,0.40354,-0.50328,1.53006,-1.44908,-0.01946,-0.01162,0.70604,-0.16597,-0.04994,-0.7747,-0.15399,-0.0749,-0.0528,0.87461,0.07068,-0.0174,-0.51053,-0.15628,0.08871,0.06061
50.54,-0.05105,-0.00644,-0.16889,0.27784,-0.38391,-0.08483,0.61948,0.01816,-0.08768,-0.21549,0.03399,-0.0145,-0.01643,-0.42736,0.48175,1.52174,1.4715,0.00487,0.00029,-0.1196,0.41008,-0.49676,1.4996,-1.43153,-0.03247,-0.01166,0.71775,-0.17053,-0.0576,-0.80401,-0.1549,-0.07498,-0.05284,0.85929,0.06788,-0.01505,-0.50777,-0.15436,0.08835,0.06029
50.56,-0.04863,-0.0054,-0.17485,0.282,-0.37714,-0.08859,0.61486,0.01926,-0.09429,-0.21683,0.02247,-0.0145,0.01709,-0.41503,0.46451,1.49872,1.45367,-0.01053,0.00085,-0.07776,0.41651,-0.48973,1.4714,-1.41416,-0.04566,-0.01173,0.7299,-0.1758,-0.06584,-0.83345,-0.15601,-0.07473,-0.05271,0.84443,0.06406,-0.01563,-0.50464,-0.1527,0.08833,0.06018
50.58,-0.04626,-0.00438,-0.18099,0.28631,-0.36993,-0.09253,0.60962,0.02002,-0.10152,-0.21798,0.01238,-0.0145,0.04999,-0.40138,0.44559,1.47576,1.43773,-0.02516,0.00167,-0.03699,0.42367,-0.48121,1.44336,-1.39742,-0.0585,-0.01167,0.74326,-0.18105,-0.07237,-0.86918,-0.15762,-0.07483,-0.05278,0.8291,0.0603,-0.01548,-0.50154,-0.15088,0.08824,0.06002
50.6,-0.04378,-0.00335,-0.18659,0.29055,-0.36335,-0.09601,0.6055,0.02157,-0.10761,-0.21994,-0.00128,-0.0145,0.08458,-0.39034,0.4307,1.45194,1.42056,-0.04081,0.00267,0.00745,0.42923,-0.47636,1.41365,-1.37914,-0.07195,-0.01193,0.75369,-0.18593,-0.08212,-0.89084,-0.15803,-0.07437,-0.05251,0.81461,0.05696,-0.01526,-0.49859,-0.14926,0.08811,0.05985
50.62,-0.04101,-0.00221,-0.19095,0.29428,-0.35867,-0.09849,0.60452,0.02534,-0.11063,-0.22416,-0.02434,-0.0145,0.12247,-0.38658,0.4258,1.42771,1.39577,-0.06121,0.0035,0.05928,0.43073,-0.47996,1.38222,-1.35771,-0.08736,-0.01267,0.75644,-0.19051,-0.10208,-0.87516,-0.15512,-0.07211,-0.05112,0.80245,0.05422,-0.01691,-0.49579,-0.14833,0.08812,0.05982
50.64,-0.03812,-0.00106,-0.19479,0.29792,-0.3547,-0.10048,0.60471,0.02986,-0.11241,-0.22903,-0.05087,-0.0145,0.16217,-0.38548,0.42501,1.40248,1.36981,-0.08239,0.00442,0.11481,0.43055,-0.48732,1.34905,-1.33469,-0.10333,-0.01379,0.75627,-0.19469,-0.12499,-0.84533,-0.15104,-0.0693,-0.04938,0.79121,0.05183,-0.01854,-0.49314,-0.14761,0.08811,0.05979
50.66,-0.03528,7e-05,-0.19882,0.30164,-0.35051,-0.10254,0.60445,0.03394,-0.11459,-0.23325,-0.07571,-0.0145,0.20169,-0.38326,0.42285,1.37683,1.34573,-0.10208,0.00531,0.16959,0.43094,-0.49387,1.31555,-1.31171,-0.11887,-0.01501,0.75744,-0.19881,-0.1456,-0.82145,-0.14759,-0.06686,-0.04787,0.77971,0.04931,-0.01968,-0.49047,-0.14679,0.08807,0.05974
50.68,-0.03246,0.00128,-0.20303,0.30523,-0.34586,-0.10522,0.60382,0.03846,-0.11753,-0.23902,-0.10116,-0.0145,0.23856,-0.38071,0.41876,1.3547,1.31641,-0.12636,0.00626,0.22078,0.43221,-0.49703,1.28641,-1.29125,-0.13515,-0.01514,0.75858,-0.2039,-0.17021,-0.79927,-0.1437,-0.06397,-0.04609,0.76755,0.04674,-0.02267,-0.48761,-0.14599,0.08816,0.05976
50.7,-0.02955,0.00232,-0.20675,0.30906,-0.34231,-0.10651,0.60424,0.04224,-0.11857,-0.24174,-0.12605,-0.0145,0.28133,-0.3794,0.41951,1.32512,1.29746,-0.14147,0.00705,0.28006,0.43118,-0.50771,1.24811,-1.26559,-0.15002,-0.01756,0.75903,-0.20692,-0.18728,-0.77047,-0.14046,-0.06186,-0.04477,0.75694,0.04433,-0.02196,-0.48518,-0.14519,0.08799,0.05963
50.72,-0.02646,0.00289,-0.2093,0.31359,-0.34198,-0.10408,0.60741,0.04387,-0.11467,-0.23543,-0.14914,-0.0145,0.34039,-0.38167,0.43387,1.27467,1.30864,-0.12947,0.00748,0.36247,0.42479,-0.54161,1.18278,-1.22233,-0.16104,-0.02675,0.75889,-0.20418,-0.18201,-0.72499,-0.13933,-0.062,-0.04479,0.75081,0.04234,-0.01021,-0.48377,-0.14433,0.0871,0.05903
50.74,-0.02327,0.0033,-0.21138,0.31836,-0.34268,-0.1003,0.61158,0.04472,-0.10889,-0.2261,-0.17142,-0.0145,0.40523,-0.38498,0.45273,1.21695,1.33003,-0.1085,0.00772,0.45253,0.41604,-0.58232,1.10878,-1.17453,-0.17059,-0.03812,0.75803,-0.19942,-0.16918,-0.6737,-0.1389,-0.06294,-0.04529,0.74614,0.04049,0.00511,-0.48281,-0.14347,0.08597,0.05828
50.76,-0.02007,0.00378,-0.21364,0.32302,-0.34268,-0.09716,0.61521,0.04588,-0.10397,-0.21842,-0.19369,-0.0145,0.46717,-0.38728,0.46873,1.1628,1.3459,-0.09271,0.00794,0.53797,0.40797,-0.61763,1.04014,-1.13121,-0.18071,-0.04816,0.7571,-0.19573,-0.16036,-0.62629,-0.13814,-0.06352,-0.04556,0.74053,0.03852,0.01818,-0.4817,-0.14262,0.08499,0.05763
50.78,-0.01707,0.00425,-0.21602,0.32771,-0.34366,-0.09387,0.61924,0.04725,-0.09901,-0.20959,-0.21772,-0.0145,0.53043,-0.39187,0.48832,1.10714,1.36545,-0.07233,0.00858,0.62843,0.40143,-0.66272,0.96526,-1.07777,-0.19129,-0.05972,0.75776,-0.1914,-0.14927,-0.57315,-0.13739,-0.06408,-0.04583,0.73611,0.03678,0.03381,-0.48035,-0.14174,0.08382,0.05685
50.8,-0.01365,0.0047,-0.21804,0.33237,-0.34285,-0.09058,0.62267,0.04799,-0.09369,-0.20244,-0.23779,-0.0145,0.59214,-0.39198,0.50141,1.05335,1.3798,-0.05929,0.00833,0.71012,0.39125,-0.68909,0.9016,-1.0442,-0.20051,-0.06853,0.75498,-0.1879,-0.141,-0.53074,-0.13679,-0.06486,-0.04624,0.72958,0.03464,0.04506,-0.47964,-0.14091,0.08298,0.05629
50.82,-0.00911,0.00512,-0.21925,0.33707,-0.33665,-0.0875,0.62396,0.04705,-0.08791,-0.20042,-0.2474,-0.0145,0.64952,-0.37892,0.49582,1.00293,1.37709,-0.06951,0.00546,0.76639,0.37092,-0.66133,0.8689,-1.06811,-0.20668,-0.07015,0.74267,-0.1873,-0.14287,-0.5196,-0.13645,-0.06611,-0.04691,0.71647,0.0309,0.04239,-0.48036,-0.14027,0.08319,0.05642
50.84,-0.00416,0.00552,-0.22012,0.34169,-0.32864,-0.08447,0.62465,0.04551,-0.08182,-0.20024,-0.25297,-0.0145,0.70487,-0.36142,0.48348,0.95532,1.36888,-0.08725,0.00173,0.81338,0.34717,-0.61464,0.84822,-1.11192,-0.21144,-0.06877,0.72696,-0.18756,-0.1477,-0.51948,-0.13623,-0.06755,-0.04769,0.70126,0.02682,0.03535,-0.48177,-0.13968,0.08373,0.05677
50.86,0.0006,0.00592,-0.22111,0.34624,-0.3216,-0.08149,0.62576,0.04433,-0.07583,-0.19939,-0.26018,-0.0145,0.76029,-0.34628,0.47397,0.90878,1.36332,-0.10102,-0.00145,0.86419,0.32543,-0.57709,0.8234,-1.14566,-0.21661,-0.06812,0.71295,-0.18731,-0.1508,-0.51421,-0.13594,-0.06888,-0.04841,0.68727,0.0232,0.03097,-0.48305,-0.13904,0.08406,0.05698
50.88,0.00537,0.00632,-0.22219,0.35126,-0.31399,-0.07816,0.62629,0.04276,-0.06996,-0.19774,-0.2682,-0.0145,0.81957,-0.32969,0.46554,0.85209,1.35738,-0.11685,-0.00526,0.91709,0.30162,-0.53744,0.79257,-1.18358,-0.22274,-0.07014,0.69828,-0.18749,-0.15527,-0.50929,-0.13572,-0.07034,-0.0492,0.67219,0.0183,0.02392,-0.48358,-0.13852,0.08462,0.05735
50.9,0.01022,0.00673,-0.22302,0.35528,-0.30711,-0.07559,0.62786,0.04187,-0.0638,-0.19822,-0.27359,-0.0145,0.87018,-0.31509,0.45329,0.81732,1.35089,-0.13024,-0.008,0.96319,0.28143,-0.49769,0.77739,-1.21759,-0.22652,-0.06598,0.68418,-0.18701,-0.1577,-0.50639,-0.13538,-0.07157,-0.04987,0.65888,0.01596,0.02127,-0.48583,-0.13776,0.08478,0.05745
50.92,0.01523,0.00727,-0.2233,0.35659,-0.30277,-0.07524,0.63262,0.04311,-0.05693,-0.20417,-0.27272,-0.0145,0.89784,-0.3068,0.43128,0.84222,1.34328,-0.13571,-0.00744,0.9939,0.27135,-0.4614,0.80132,-1.23563,-0.22449,-0.04434,0.67238,-0.18447,-0.15364,-0.506,-0.13467,-0.07214,-0.05018,0.65095,0.02105,0.03268,-0.49251,-0.13627,0.08371,0.0567
50.94,0.02029,0.00781,-0.22334,0.35689,-0.2992,-0.07565,0.63843,0.04504,-0.04979,-0.21221,-0.26935,-0.0145,0.91671,-0.30073,0.40579,0.88914,1.3354,-0.13842,-0.0058,1.01785,0.26519,-0.42582,0.84083,-1.2491,-0.22009,-0.01679,0.6613,-0.18127,-0.14749,-0.50736,-0.13383,-0.07247,-0.05038,0.64487,0.02867,0.04852,-0.50093,-0.13454,0.08224,0.05567
50.96,0.02532,0.00832,-0.22346,0.35763,-0.29521,-0.07564,0.64366,0.04659,-0.04278,-0.21927,-0.26712,-0.0145,0.93924,-0.29382,0.38243,0.92615,1.32822,-0.14201,-0.00473,1.04416,0.25774,-0.39048,0.87407,-1.26488,-0.21657,0.00733,0.64996,-0.17841,-0.14242,-0.50818,-0.13305,-0.07292,-0.05063,0.63795,0.03496,0.06179,-0.50866,-0.13295,0.081,0.05481
50.98,0.03042,0.00897,-0.22367,0.35846,-0.29142,-0.07592,0.64931,0.04839,-0.03574,-0.2265,-0.26475,-0.0145,0.96316,-0.28602,0.35651,0.9629,1.31851,-0.14739,-0.00333,1.0732,0.2481,-0.35209,0.90447,-1.2804,-0.21382,0.03472,0.6382,-0.17539,-0.13692,-0.50828,-0.13229,-0.07334,-0.05088,0.63094,0.04202,0.07725,-0.51599,-0.13121,0.07954,0.05379
51,0.03536,0.00933,-0.22364,0.35886,-0.28744,-0.0758,0.65434,0.04986,-0.02871,-0.23385,-0.26212,-0.0145,0.98208,-0.28069,0.33518,1.0053,1.314,-0.14833,-0.00238,1.095,0.24398,-0.32046,0.94414,-1.29509,-0.20895,0.05665,0.62753,-0.17253,-0.13178,-0.51016,-0.13145,-0.07376,-0.0511,0.62459,0.04808,0.08925,-0.52454,-0.12974,0.07844,0.05302
51.02,0.0399,0.00891,-0.22297,0.35824,-0.28276,-0.07431,0.65731,0.05021,-0.02171,-0.24104,-0.25931,-0.0145,0.98971,-0.28137,0.32751,1.05875,1.32445,-0.13716,-0.00272,1.09901,0.25452,-0.30762,1.00695,-1.30882,-0.19839,0.062,0.61968,-0.1702,-0.12795,-0.51636,-0.13041,-0.07426,-0.0513,0.61958,0.05073,0.09069,-0.53612,-0.12906,0.07839,0.05298
51.04,0.04428,0.00821,-0.22207,0.35725,-0.27786,-0.07241,0.65963,0.05022,-0.01475,-0.24827,-0.25635,-0.0145,0.99254,-0.28454,0.32458,1.11694,1.34008,-0.12166,-0.00357,1.09592,0.27044,-0.3016,1.07817,-1.32177,-0.18582,0.06164,0.61291,-0.16806,-0.12459,-0.52425,-0.12928,-0.07476,-0.05148,0.61517,0.0523,0.08853,-0.54885,-0.12865,0.07871,0.05318
51.06,0.04871,0.00763,-0.22127,0.3565,-0.27311,-0.07074,0.66231,0.05041,-0.00781,-0.25547,-0.25349,-0.0145,0.99733,-0.28677,0.31943,1.17247,1.35303,-0.10846,-0.00434,1.09576,0.2837,-0.29235,1.14464,-1.33483,-0.17447,0.06393,0.6057,-0.16586,-0.12109,-0.53142,-0.1282,-0.07524,-0.05166,0.61054,0.05436,0.08798,-0.56101,-0.12811,0.07886,0.05327
51.08,0.05321,0.00706,-0.22046,0.35541,-0.26825,-0.06893,0.6648,0.05051,-0.00066,-0.26279,-0.25039,-0.0145,1.00274,-0.28828,0.31443,1.23106,1.36732,-0.09378,-0.00449,1.09659,0.29801,-0.28362,1.21581,-1.34866,-0.16187,0.06625,0.59834,-0.16349,-0.11713,-0.53845,-0.12711,-0.07578,-0.05186,0.60581,0.05648,0.08763,-0.57342,-0.12758,0.07901,0.05337
51.1,0.05753,0.0064,-0.21963,0.35496,-0.26348,-0.06731,0.66747,0.05071,0.006,-0.26984,-0.24781,-0.0145,1.00582,-0.29183,0.31032,1.28389,1.38006,-0.08116,-0.006,1.09379,0.31135,-0.27549,1.27869,-1.36088,-0.15125,0.067,0.59147,-0.16155,-0.11435,-0.54615,-0.126,-0.0762,-0.05201,0.60132,0.05823,0.08603,-0.58557,-0.1271,0.07924,0.05351
51.12,0.06135,0.00553,-0.21886,0.35632,-0.25954,-0.06631,0.67123,0.05138,0.01155,-0.27612,-0.24666,-0.0145,1.00386,-0.30061,0.30732,1.32143,1.38725,-0.0757,-0.01162,1.08266,0.32071,-0.26682,1.31895,-1.36777,-0.14813,0.06542,0.58638,-0.16059,-0.11409,-0.55522,-0.12488,-0.07636,-0.05201,0.59801,0.05886,0.08104,-0.59665,-0.12687,0.07974,0.05379
51.14,0.06499,0.00458,-0.21808,0.35837,-0.25559,-0.06552,0.67512,0.05215,0.01656,-0.2821,-0.24607,-0.0145,0.99972,-0.3113,0.30513,1.35252,1.39272,-0.0724,-0.01851,1.06819,0.32887,-0.25864,1.35,-1.37326,-0.14682,0.06233,0.58163,-0.16008,-0.11512,-0.56489,-0.12371,-0.07639,-0.05196,0.59479,0.05922,0.07506,-0.60743,-0.12668,0.08031,0.05411
51.16,0.06871,0.00366,-0.2173,0.36017,-0.25126,-0.06466,0.67867,0.05284,0.02166,-0.28822,-0.24524,-0.0145,0.99647,-0.32098,0.3027,1.38531,1.39897,-0.06788,-0.02448,1.05533,0.33754,-0.25057,1.38372,-1.38016,-0.14366,0.0595,0.57625,-0.15946,-0.11603,-0.5743,-0.12253,-0.07646,-0.05192,0.59106,0.05993,0.07008,-0.61838,-0.12637,0.08077,0.05436
51.18,0.07242,0.00275,-0.21653,0.36168,-0.2485,-0.06369,0.68334,0.05369,0.02743,-0.29438,-0.24431,-0.0145,0.99347,-0.33137,0.29986,1.42361,1.40534,-0.06422,-0.03189,1.04182,0.34659,-0.24128,1.42435,-1.38389,-0.14467,0.05825,0.57287,-0.15848,-0.11508,-0.58373,-0.1215,-0.07662,-0.05193,0.58926,0.05963,0.06268,-0.62922,-0.12647,0.08153,0.05481
51.2,0.07612,0.00179,-0.21575,0.36394,-0.24253,-0.063,0.68577,0.05422,0.03167,-0.30033,-0.24375,-0.0145,0.98951,-0.34066,0.29803,1.44867,1.41108,-0.05931,-0.03663,1.02898,0.35446,-0.23461,1.44805,-1.3937,-0.13755,0.05348,0.56544,-0.15833,-0.11818,-0.59325,-0.12015,-0.07656,-0.05182,0.58352,0.06137,0.06008,-0.64021,-0.12574,0.08169,0.05487
51.22,0.07988,0.00072,-0.21495,0.36821,-0.22734,-0.06311,0.68166,0.05384,0.03177,-0.30611,-0.24395,-0.0145,0.98354,-0.34667,0.29855,1.44018,1.41466,-0.05091,-0.03347,1.01866,0.35954,-0.23476,1.42926,-1.42245,-0.10678,0.03877,0.54615,-0.16057,-0.13317,-0.60277,-0.11777,-0.07584,-0.05132,0.56645,0.06896,0.07136,-0.6518,-0.12263,0.08013,0.05376
51.24,0.08364,-0.00042,-0.21415,0.37318,-0.20899,-0.0635,0.67538,0.05315,0.03035,-0.31161,-0.24452,-0.0145,0.97673,-0.35143,0.30008,1.41828,1.41774,-0.04117,-0.02762,1.00923,0.36342,-0.23755,1.39334,-1.45704,-0.06799,0.02069,0.52288,-0.16358,-0.15199,-0.61238,-0.11507,-0.07492,-0.05071,0.54548,0.07856,0.08743,-0.66353,-0.11871,0.07797,0.05226
51.26,0.08739,-0.00155,-0.21335,0.37776,-0.19232,-0.06371,0.67034,0.05261,0.02966,-0.31699,-0.24501,-0.0145,0.97025,-0.35659,0.30126,1.40156,1.42169,-0.03168,-0.02317,0.99953,0.36773,-0.23933,1.36387,-1.48775,-0.03334,0.0046,0.50182,-0.16609,-0.16835,-0.62204,-0.11259,-0.07415,-0.05018,0.52656,0.08713,0.10109,-0.67513,-0.11523,0.07611,0.05096
51.28,0.09115,-0.00259,-0.21255,0.38268,-0.17465,-0.06412,0.66424,0.05201,0.02881,-0.3234,-0.24514,-0.0145,0.96379,-0.36254,0.30197,1.38851,1.42314,-0.02355,-0.01808,0.98906,0.37251,-0.24037,1.33968,-1.52351,0.00355,-0.01341,0.47908,-0.16925,-0.18774,-0.63138,-0.10982,-0.07314,-0.04952,0.50645,0.09623,0.11576,-0.68701,-0.11142,0.07411,0.04954
51.3,0.09489,-0.00383,-0.21175,0.38703,-0.15831,-0.0642,0.65984,0.05146,0.02791,-0.32759,-0.2461,-0.0145,0.95725,-0.36651,0.30392,1.36469,1.42933,-0.01254,-0.01359,0.98055,0.37603,-0.24351,1.30058,-1.55024,0.03744,-0.02829,0.45888,-0.17123,-0.20177,-0.64135,-0.10757,-0.07257,-0.04911,0.48789,0.10469,0.12943,-0.69833,-0.10812,0.07226,0.04829
51.32,0.09857,-0.00573,-0.21092,0.38972,-0.14637,-0.06332,0.66068,0.0511,0.02736,-0.32589,-0.24915,-0.0145,0.94958,-0.36544,0.30886,1.31479,1.45198,0.00864,-0.01201,0.97637,0.37649,-0.25235,1.22427,-1.54985,0.06343,-0.03282,0.44677,-0.16965,-0.19956,-0.65346,-0.10686,-0.07332,-0.04944,0.47451,0.11111,0.13961,-0.70841,-0.10639,0.07089,0.04755
51.34,0.10222,-0.00782,-0.21009,0.39179,-0.13592,-0.06211,0.66333,0.0508,0.02679,-0.32195,-0.25301,-0.0145,0.94206,-0.3624,0.31504,1.25455,1.47887,0.03225,-0.01103,0.9743,0.37573,-0.26311,1.13371,-1.5403,0.08575,-0.03419,0.43735,-0.16685,-0.19188,-0.6661,-0.10669,-0.07451,-0.05001,0.46282,0.11679,0.14854,-0.71786,-0.10522,0.06969,0.04698
51.36,0.10586,-0.00977,-0.20927,0.39408,-0.12484,-0.06105,0.66515,0.05049,0.02615,-0.31895,-0.25656,-0.0145,0.93524,-0.36014,0.32081,1.19874,1.50159,0.05299,-0.00933,0.97185,0.37545,-0.27268,1.04977,-1.53546,0.10818,-0.03761,0.42663,-0.16468,-0.18701,-0.67822,-0.10627,-0.07546,-0.05046,0.45036,0.12267,0.15775,-0.7274,-0.10381,0.06845,0.04636
51.38,0.10959,-0.01194,-0.20845,0.39667,-0.11341,-0.06001,0.6669,0.05009,0.02579,-0.31628,-0.25993,-0.0145,0.92521,-0.35825,0.32603,1.14329,1.53349,0.081,-0.00933,0.96701,0.37538,-0.28374,0.96426,-1.5286,0.1373,-0.03872,0.41606,-0.16223,-0.18095,-0.69157,-0.10586,-0.07656,-0.05098,0.43776,0.12918,0.16836,-0.73784,-0.10228,0.06701,0.04564
51.4,0.11311,-0.01368,-0.20761,0.39847,-0.10314,-0.05884,0.66928,0.0499,0.02487,-0.3124,-0.26381,-0.0145,0.92185,-0.35521,0.33258,1.0852,1.54763,0.09471,-0.00609,0.96762,0.37467,-0.29203,0.8793,-1.5236,0.15169,-0.04366,0.40591,-0.16004,-0.176,-0.70242,-0.10555,-0.07747,-0.05141,0.42594,0.13419,0.17567,-0.7462,-0.10116,0.06604,0.04517
51.42,0.11615,-0.01428,-0.20675,0.39811,-0.09534,-0.05733,0.67272,0.05039,0.02235,-0.30566,-0.26927,-0.0145,0.93727,-0.3489,0.34344,1.01889,1.50874,0.06603,0.00717,0.98299,0.37203,-0.29302,0.79571,-1.52659,0.1248,-0.06153,0.39601,-0.15892,-0.17559,-0.70665,-0.10534,-0.07773,-0.05155,0.4156,0.13532,0.17424,-0.74938,-0.10101,0.06634,0.04535
51.44,0.11898,-0.01441,-0.20587,0.39699,-0.08873,-0.0557,0.67678,0.05108,0.0193,-0.29781,-0.27515,-0.0145,0.95933,-0.34162,0.35542,0.95097,1.45242,0.02332,0.02352,1.00373,0.3689,-0.29103,0.71392,-1.53162,0.08348,-0.08307,0.38652,-0.15808,-0.17645,-0.70827,-0.10522,-0.07778,-0.05161,0.40606,0.13496,0.16949,-0.75042,-0.10126,0.0671,0.04579
51.46,0.12187,-0.0147,-0.20499,0.3963,-0.08184,-0.05415,0.68073,0.05161,0.01655,-0.29052,-0.2806,-0.0145,0.9781,-0.33518,0.36623,0.88612,1.406,-0.01145,0.03781,1.02184,0.36634,-0.28979,0.63379,-1.53529,0.04973,-0.10188,0.37703,-0.15706,-0.17664,-0.71079,-0.10508,-0.07794,-0.05171,0.39637,0.13522,0.16615,-0.75216,-0.10135,0.06765,0.04611
51.48,0.12491,-0.01523,-0.20413,0.39523,-0.0739,-0.05252,0.68406,0.05242,0.01354,-0.28286,-0.28712,-0.0145,0.99804,-0.32696,0.37982,0.81106,1.35126,-0.05273,0.0548,1.04079,0.36225,-0.29099,0.54272,-1.54046,0.01152,-0.12505,0.36683,-0.15622,-0.17704,-0.71449,-0.10487,-0.07807,-0.05179,0.38584,0.13568,0.16312,-0.75502,-0.10137,0.06823,0.04644
51.5,0.12758,-0.01514,-0.20323,0.39479,-0.0684,-0.05101,0.68877,0.0527,0.01095,-0.27579,-0.29149,-0.0145,1.01711,-0.32225,0.38792,0.75698,1.30979,-0.08381,0.06697,1.05927,0.36127,-0.2866,0.47502,-1.54313,-0.0207,-0.14007,0.35819,-0.15509,-0.17737,-0.71514,-0.10481,-0.0782,-0.05188,0.37724,0.13539,0.15874,-0.75507,-0.10162,0.06884,0.04679
51.52,0.12935,-0.0134,-0.20226,0.39627,-0.06945,-0.04983,0.6973,0.05145,0.00969,-0.2704,-0.28974,-0.0145,1.03219,-0.32754,0.38014,0.76159,1.30798,-0.08332,0.06465,1.075,0.3688,-0.26572,0.47182,-1.53816,-0.03368,-0.13155,0.35362,-0.15302,-0.17714,-0.70772,-0.1051,-0.0784,-0.05202,0.37376,0.1332,0.15098,-0.74774,-0.10241,0.06945,0.04714
51.54,0.13075,-0.01105,-0.20125,0.39843,-0.07287,-0.04878,0.70714,0.04968,0.00889,-0.2657,-0.28582,-0.0145,1.04616,-0.33639,0.36688,0.78735,1.32027,-0.07208,0.05746,1.09006,0.3795,-0.23965,0.4921,-1.53068,-0.03999,-0.11476,0.35062,-0.15067,-0.17683,-0.69739,-0.10553,-0.07861,-0.05215,0.3722,0.13036,0.14206,-0.7377,-0.1034,0.07006,0.04748
51.56,0.13229,-0.00898,-0.20024,0.4003,-0.07514,-0.0477,0.71625,0.04817,0.00786,-0.26087,-0.28293,-0.0145,1.06066,-0.34357,0.35643,0.80324,1.32697,-0.06574,0.05281,1.10556,0.38886,-0.21717,0.50141,-1.52453,-0.04878,-0.10185,0.34697,-0.1485,-0.17664,-0.68858,-0.1059,-0.0788,-0.05228,0.36978,0.12795,0.134,-0.729,-0.1043,0.07064,0.0478
51.58,0.13399,-0.00687,-0.19926,0.40209,-0.07778,-0.04651,0.72601,0.04653,0.00687,-0.25525,-0.27988,-0.0145,1.07535,-0.35095,0.34468,0.82018,1.32988,-0.05979,0.04695,1.12081,0.39777,-0.18944,0.51193,-1.51764,-0.06035,-0.08849,0.34304,-0.14608,-0.17616,-0.67879,-0.10626,-0.07903,-0.05243,0.36733,0.1249,0.12444,-0.71973,-0.10523,0.07139,0.04823
51.6,0.13525,-0.00473,-0.19823,0.40419,-0.08018,-0.04557,0.73466,0.04505,0.00592,-0.25144,-0.27662,-0.0145,1.08917,-0.35877,0.33428,0.83998,1.34394,-0.05034,0.04236,1.1362,0.40839,-0.1714,0.52564,-1.51166,-0.06441,-0.07413,0.34009,-0.14413,-0.17623,-0.67044,-0.10667,-0.07918,-0.05254,0.3654,0.12305,0.11774,-0.71107,-0.10612,0.07176,0.04844
51.62,0.13546,-0.0025,-0.19708,0.40705,-0.0814,-0.04526,0.74025,0.04409,0.00488,-0.25245,-0.27346,-0.0145,1.10189,-0.36694,0.32941,0.86236,1.38801,-0.03327,0.04289,1.1532,0.42299,-0.1818,0.54107,-1.50896,-0.04871,-0.05851,0.33927,-0.14358,-0.17788,-0.66626,-0.10723,-0.07904,-0.0525,0.3643,0.1248,0.11942,-0.70444,-0.10689,0.07105,0.04804
51.64,0.13524,-0.0003,-0.19587,0.41018,-0.08227,-0.0452,0.74461,0.04331,0.00387,-0.25526,-0.27014,-0.0145,1.11351,-0.37541,0.32598,0.88691,1.44244,-0.01307,0.04479,1.17008,0.4392,-0.20204,0.55914,-1.50724,-0.0257,-0.04224,0.33941,-0.14352,-0.18006,-0.66372,-0.10782,-0.07882,-0.05241,0.36366,0.12776,0.12399,-0.6986,-0.1076,0.06997,0.04744
51.66,0.13518,0.0018,-0.19469,0.41316,-0.08325,-0.04504,0.74933,0.04248,0.00288,-0.25723,-0.2668,-0.0145,1.12498,-0.38374,0.32165,0.91056,1.49039,0.00535,0.04576,1.18635,0.4547,-0.21759,0.57684,-1.50494,-0.00641,-0.02658,0.33925,-0.14324,-0.18195,-0.66077,-0.10836,-0.07865,-0.05235,0.36289,0.1301,0.12713,-0.69262,-0.10829,0.06909,0.04695
51.68,0.13525,0.0044,-0.19351,0.4163,-0.08454,-0.04482,0.75495,0.04152,0.00177,-0.25928,-0.26377,-0.0145,1.13932,-0.39225,0.3183,0.93461,1.5461,0.02554,0.04783,1.20563,0.47028,-0.23408,0.59183,-1.50306,0.01469,-0.00932,0.33859,-0.14295,-0.18408,-0.65633,-0.10903,-0.07843,-0.05227,0.36188,0.13272,0.13073,-0.68558,-0.10917,0.06807,0.04638
51.7,0.13496,0.00594,-0.19232,0.41915,-0.08502,-0.04478,0.75837,0.04087,0.00093,-0.26162,-0.26008,-0.0145,1.14724,-0.40036,0.31317,0.95803,1.58817,0.04276,0.04803,1.21833,0.48595,-0.25076,0.61284,-1.50062,0.03377,0.00464,0.33913,-0.14279,-0.18582,-0.65541,-0.10945,-0.07828,-0.05221,0.36144,0.13506,0.13408,-0.68104,-0.10964,0.06725,0.04593
51.72,0.13377,0.0046,-0.19111,0.42128,-0.08369,-0.04523,0.75623,0.04101,0.00066,-0.26408,-0.25469,-0.0145,1.1394,-0.40781,0.30398,0.97937,1.58806,0.0502,0.04254,1.21548,0.50225,-0.2677,0.64903,-1.49613,0.04455,0.00929,0.34314,-0.14276,-0.18642,-0.6638,-0.10917,-0.07838,-0.05225,0.36261,0.13625,0.13577,-0.68271,-0.10899,0.06712,0.04587
51.74,0.13223,0.00217,-0.1899,0.42307,-0.08149,-0.04582,0.75188,0.04146,0.0007,-0.26681,-0.24864,-0.0145,1.12486,-0.41471,0.29273,0.99979,1.57416,0.05464,0.0352,1.20555,0.51841,-0.28412,0.6911,-1.49116,0.05318,0.01054,0.34825,-0.14284,-0.18661,-0.67569,-0.10863,-0.07855,-0.05232,0.36429,0.13714,0.13716,-0.68697,-0.10793,0.06722,0.04593
51.76,0.13087,0.0002,-0.18871,0.42491,-0.07945,-0.04629,0.74838,0.04179,0.00074,-0.26959,-0.24284,-0.0145,1.11229,-0.42155,0.2817,1.0205,1.56782,0.06096,0.02887,1.19715,0.53415,-0.29939,0.731,-1.4865,0.06337,0.01331,0.35261,-0.14293,-0.18697,-0.686,-0.10819,-0.07869,-0.05237,0.36561,0.13823,0.13889,-0.6904,-0.10706,0.0672,0.04593
51.78,0.12943,-0.0016,-0.18747,0.42719,-0.07835,-0.04702,0.74544,0.04203,0.00022,-0.27172,-0.23722,-0.0145,1.10418,-0.42983,0.27383,1.04214,1.55642,0.06528,0.02183,1.19581,0.55206,-0.32082,0.76933,-1.4812,0.07137,0.01621,0.35807,-0.1428,-0.18743,-0.69635,-0.1078,-0.07885,-0.05244,0.36751,0.13909,0.13991,-0.69244,-0.10619,0.06722,0.04597
51.8,0.12808,-0.00401,-0.18632,0.42849,-0.07512,-0.04725,0.74088,0.04253,0.00091,-0.27523,-0.2311,-0.0145,1.08524,-0.43485,0.25874,1.06121,1.5521,0.07293,0.01584,1.17816,0.56529,-0.32921,0.81175,-1.47744,0.0833,0.01801,0.36147,-0.14314,-0.18757,-0.70737,-0.10727,-0.07897,-0.05248,0.36829,0.14032,0.14222,-0.69791,-0.10522,0.06721,0.04596
51.82,0.12709,-0.008,-0.18536,0.4271,-0.06615,-0.04598,0.73199,0.0437,0.00516,-0.28247,-0.22358,-0.0145,1.03763,-0.43202,0.22519,1.07674,1.57074,0.09084,0.01303,1.11676,0.56679,-0.30128,0.86838,-1.47548,0.10683,0.01776,0.35893,-0.14491,-0.18692,-0.7198,-0.10641,-0.079,-0.05243,0.36603,0.14281,0.14867,-0.71301,-0.10397,0.06703,0.04578
51.84,0.12622,-0.01254,-0.18447,0.42475,-0.05512,-0.04422,0.72164,0.04512,0.01058,-0.29104,-0.21562,-0.0145,0.97948,-0.42574,0.18415,1.08906,1.59668,0.112,0.01139,1.03936,0.56338,-0.26017,0.92801,-1.47567,0.13427,0.01645,0.35425,-0.14715,-0.18596,-0.73268,-0.10544,-0.079,-0.05235,0.3626,0.14564,0.15631,-0.73134,-0.10263,0.06681,0.04555
51.86,0.1253,-0.01672,-0.18356,0.42288,-0.0451,-0.04274,0.71226,0.04641,0.0153,-0.29901,-0.20794,-0.0145,0.92637,-0.42036,0.14597,1.10066,1.61947,0.13161,0.00933,0.9695,0.56146,-0.22548,0.98347,-1.47646,0.15977,0.01559,0.3505,-0.1491,-0.18516,-0.74505,-0.10454,-0.07901,-0.05229,0.3596,0.14817,0.16303,-0.7477,-0.10137,0.06664,0.04536
51.88,0.12434,-0.02138,-0.18262,0.42081,-0.03469,-0.04104,0.70153,0.04779,0.02076,-0.30706,-0.19986,-0.0145,0.87176,-0.41775,0.11037,1.12149,1.64202,0.15195,0.0067,0.89794,0.56265,-0.1894,1.05127,-1.4702,0.18606,0.01491,0.34697,-0.15137,-0.18427,-0.75882,-0.10355,-0.07903,-0.05222,0.35703,0.15128,0.17133,-0.76626,-0.09993,0.06635,0.04509
51.9,0.12349,-0.02517,-0.18176,0.41895,-0.02465,-0.03967,0.69324,0.04903,0.02492,-0.31517,-0.19259,-0.0145,0.81809,-0.40862,0.06721,1.12227,1.6658,0.17094,0.0056,0.82658,0.55624,-0.15252,1.09363,-1.47961,0.21143,0.01345,0.34249,-0.15306,-0.18349,-0.76974,-0.10273,-0.07903,-0.05215,0.35331,0.1533,0.17663,-0.78098,-0.09886,0.0663,0.04498
51.92,0.12299,-0.02643,-0.18114,0.41769,-0.01601,-0.03924,0.69256,0.04983,0.02538,-0.32396,-0.18694,-0.0145,0.76755,-0.38173,0.00902,1.06912,1.70187,0.19104,0.00812,0.75661,0.52969,-0.12147,1.06853,-1.52731,0.23505,0.01196,0.33571,-0.1532,-0.18314,-0.77278,-0.10239,-0.07893,-0.05208,0.34633,0.15208,0.17331,-0.78428,-0.09883,0.06696,0.04533
51.94,0.12259,-0.02678,-0.18059,0.4167,-0.00786,-0.03916,0.6943,0.05049,0.02446,-0.33263,-0.18227,-0.0145,0.71869,-0.34852,-0.05708,0.99588,1.73732,0.20876,0.01218,0.688,0.49574,-0.08915,1.0172,-1.59112,0.25719,0.00949,0.32811,-0.15272,-0.18288,-0.77289,-0.10222,-0.07881,-0.05203,0.33829,0.14977,0.16696,-0.78359,-0.09917,0.06786,0.04584
51.96,0.12209,-0.02754,-0.17999,0.41571,0.00043,-0.03896,0.69461,0.0512,0.02403,-0.34082,-0.17765,-0.0145,0.67047,-0.31858,-0.12238,0.93132,1.76574,0.22374,0.01582,0.62082,0.46541,-0.05426,0.97533,-1.65105,0.27897,0.00616,0.321,-0.15243,-0.18252,-0.77426,-0.102,-0.07871,-0.05198,0.33095,0.14806,0.16206,-0.78475,-0.09934,0.06862,0.04627
51.98,0.12181,-0.02834,-0.1795,0.41422,0.00919,-0.03857,0.69625,0.05195,0.02417,-0.35129,-0.17092,-0.0145,0.61609,-0.28679,-0.17685,0.86816,1.82398,0.25447,0.01848,0.54445,0.43377,-0.03223,0.94332,-1.69834,0.30565,0.0079,0.31326,-0.15253,-0.18241,-0.77598,-0.10169,-0.07854,-0.05188,0.32264,0.14596,0.15688,-0.78591,-0.09953,0.06949,0.04675
52,0.12109,-0.02883,-0.17877,0.41381,0.01677,-0.03866,0.69575,0.0526,0.02285,-0.35699,-0.16878,-0.0145,0.57491,-0.25748,-0.25477,0.79786,1.82149,0.25241,0.02336,0.48771,0.40322,0.01677,0.88533,-1.77348,0.32121,-0.00063,0.30673,-0.15167,-0.18183,-0.77624,-0.1016,-0.07852,-0.05188,0.31614,0.14439,0.15155,-0.78602,-0.09977,0.0702,0.04715
52.02,0.11915,-0.02876,-0.17734,0.41649,0.02172,-0.04008,0.68832,0.053,0.01727,-0.34936,-0.17944,-0.0145,0.57133,-0.23572,-0.40298,0.7084,1.63723,0.15518,0.03545,0.48549,0.37702,0.13918,0.75479,-1.94137,0.31104,-0.04183,0.30329,-0.14813,-0.17975,-0.77356,-0.10203,-0.07896,-0.05219,0.3145,0.14466,0.14646,-0.78463,-0.09999,0.07039,0.04729
52.04,0.11675,-0.02839,-0.17565,0.42022,0.02541,-0.04196,0.67874,0.0533,0.01035,-0.33697,-0.19461,-0.0145,0.58081,-0.21685,-0.57308,0.61324,1.39435,0.02602,0.04949,0.50299,0.35232,0.28857,0.60029,-2.13334,0.28902,-0.09256,0.30118,-0.14365,-0.17724,-0.76945,-0.10267,-0.07955,-0.05259,0.31479,0.14549,0.14132,-0.78222,-0.10026,0.07041,0.04736
52.06,0.11454,-0.02811,-0.17407,0.42336,0.02934,-0.04357,0.6704,0.05364,0.00441,-0.3269,-0.20747,-0.0145,0.58326,-0.19717,-0.72816,0.52362,1.18776,-0.08512,0.06166,0.51107,0.3272,0.42623,0.46157,-2.30091,0.26916,-0.13584,0.29876,-0.13972,-0.17508,-0.76578,-0.10321,-0.08004,-0.05293,0.31443,0.14599,0.13626,-0.78001,-0.10052,0.07051,0.04746
52.08,0.1124,-0.02799,-0.17252,0.42697,0.03465,-0.04544,0.66101,0.05402,-0.0031,-0.31618,-0.22145,-0.0145,0.59011,-0.17502,-0.90483,0.42104,0.94094,-0.21123,0.07791,0.52095,0.30055,0.56241,0.30157,-2.52458,0.26218,-0.19199,0.29509,-0.13528,-0.17228,-0.76289,-0.10379,-0.08063,-0.05334,0.31306,0.14677,0.13087,-0.77881,-0.10072,0.0706,0.04755
52.1,0.11001,-0.02747,-0.17085,0.42987,0.03679,-0.04688,0.65328,0.05429,-0.00769,-0.30569,-0.23416,-0.0145,0.59121,-0.15892,-1.04174,0.34415,0.76334,-0.31364,0.08625,0.53198,0.27775,0.70718,0.18021,-2.6385,0.22646,-0.224,0.29435,-0.13166,-0.1707,-0.75805,-0.10433,-0.08107,-0.05364,0.31427,0.14711,0.12618,-0.77529,-0.10105,0.07068,0.04764
52.12,0.10704,-0.02597,-0.1689,0.43023,0.03062,-0.0469,0.65053,0.0544,-0.00356,-0.29698,-0.24225,-0.0145,0.57034,-0.15781,-1.06243,0.34139,0.79679,-0.34319,0.07109,0.53927,0.26345,0.87651,0.17438,-2.42966,0.1067,-0.18346,0.30146,-0.13074,-0.1727,-0.7486,-0.10465,-0.08106,-0.0536,0.32207,0.14604,0.12369,-0.76587,-0.10169,0.07077,0.04773
52.14,0.10385,-0.02408,-0.16683,0.42988,0.02129,-0.04649,0.64953,0.0544,0.0035,-0.28868,-0.24889,-0.0145,0.54377,-0.16292,-1.04244,0.36447,0.90092,-0.34768,0.04813,0.54742,0.25333,1.05199,0.20788,-2.112,-0.04019,-0.11893,0.31147,-0.13064,-0.17592,-0.73719,-0.10493,-0.08092,-0.05346,0.33242,0.1445,0.12185,-0.75414,-0.10246,0.07085,0.04782
52.16,0.10075,-0.02235,-0.16481,0.43005,0.01332,-0.04636,0.6478,0.05439,0.009,-0.28021,-0.25619,-0.0145,0.52166,-0.16587,-1.04178,0.37465,0.96899,-0.36333,0.02951,0.55655,0.24247,1.22002,0.22153,-1.85317,-0.16964,-0.0677,0.32011,-0.13001,-0.17852,-0.72643,-0.10526,-0.08086,-0.05338,0.34165,0.14322,0.11958,-0.7433,-0.10318,0.07093,0.0479
52.18,0.09765,-0.0207,-0.16281,0.42943,0.00564,-0.04589,0.64572,0.05462,0.0154,-0.27151,-0.26368,-0.0145,0.49205,-0.1661,-1.03856,0.38946,1.05148,-0.38104,0.00756,0.56061,0.22675,1.40937,0.24252,-1.55575,-0.32094,-0.00675,0.32901,-0.12998,-0.18139,-0.71661,-0.10548,-0.08071,-0.05323,0.35078,0.14181,0.11795,-0.73306,-0.10385,0.07102,0.04799
52.2,0.09452,-0.01879,-0.16075,0.43027,-0.00337,-0.04601,0.64481,0.05434,0.02064,-0.26347,-0.27035,-0.0145,0.47665,-0.17344,-1.03045,0.40088,1.12167,-0.3881,-0.00927,0.57515,0.22214,1.55452,0.25806,-1.31237,-0.4332,0.03985,0.33803,-0.12893,-0.18398,-0.70443,-0.10591,-0.08071,-0.0532,0.36069,0.1405,0.11504,-0.72106,-0.10466,0.0711,0.04808
52.22,0.09139,-0.01616,-0.15856,0.43549,-0.01536,-0.04794,0.6469,0.05264,0.02189,-0.25698,-0.27516,-0.0145,0.50078,-0.19889,-1.02109,0.39631,1.13941,-0.37162,-0.01054,0.61865,0.2473,1.58375,0.24765,-1.24641,-0.42924,0.0405,0.34667,-0.12469,-0.18564,-0.68589,-0.10696,-0.08115,-0.05352,0.37229,0.13995,0.10932,-0.70457,-0.10578,0.07107,0.0481
52.24,0.08824,-0.0133,-0.15632,0.44218,-0.02853,-0.05045,0.65009,0.05044,0.02189,-0.2512,-0.27915,-0.0145,0.53948,-0.23126,-1.00761,0.38758,1.14284,-0.34517,-0.00634,0.67251,0.28347,1.56681,0.23081,-1.23821,-0.38534,0.02603,0.35531,-0.11941,-0.18696,-0.66512,-0.10823,-0.08173,-0.05395,0.38456,0.13946,0.10217,-0.68644,-0.10703,0.07105,0.04812
52.26,0.08512,-0.01058,-0.15412,0.4481,-0.04108,-0.05262,0.65268,0.04849,0.02248,-0.2452,-0.28347,-0.0145,0.57222,-0.26045,-0.99451,0.38088,1.15389,-0.32328,-0.00429,0.72144,0.31452,1.56578,0.21783,-1.20234,-0.36082,0.01879,0.36395,-0.11469,-0.18835,-0.64559,-0.10939,-0.08224,-0.05434,0.39644,0.1387,0.09506,-0.66919,-0.10827,0.07109,0.04819
52.28,0.08193,-0.00769,-0.15186,0.45445,-0.05413,-0.0551,0.65576,0.04642,0.02304,-0.23871,-0.28795,-0.0145,0.60221,-0.29003,-0.98662,0.3742,1.16265,-0.30037,-0.00378,0.77147,0.3462,1.58608,0.20206,-1.16851,-0.332,0.01079,0.3727,-0.10961,-0.19016,-0.62502,-0.11059,-0.08277,-0.05472,0.40877,0.13891,0.09038,-0.65126,-0.10935,0.07086,0.04808
52.3,0.07887,-0.0051,-0.14971,0.46026,-0.06636,-0.05709,0.65804,0.04448,0.02335,-0.23346,-0.2919,-0.0145,0.6412,-0.32035,-0.96706,0.3665,1.17189,-0.27758,0.00118,0.82149,0.37912,1.55127,0.19032,-1.14579,-0.30236,0.00058,0.38117,-0.10504,-0.19096,-0.60614,-0.11177,-0.08331,-0.05513,0.42027,0.13719,0.08051,-0.63441,-0.11076,0.07119,0.04832
52.32,0.07612,-0.00339,-0.14788,0.46425,-0.07624,-0.05762,0.65792,0.04301,0.02323,-0.23107,-0.29483,-0.0145,0.7037,-0.35098,-0.91976,0.354,1.18536,-0.25722,0.01851,0.87023,0.41275,1.37244,0.18905,-1.138,-0.27962,-0.01318,0.38894,-0.10217,-0.18939,-0.59219,-0.1128,-0.08381,-0.05556,0.42947,0.12954,0.05452,-0.62065,-0.11323,0.07331,0.04963
52.34,0.0735,-0.002,-0.14617,0.46766,-0.08521,-0.05765,0.65693,0.04169,0.02291,-0.22999,-0.29721,-0.0145,0.77432,-0.38208,-0.86052,0.34108,1.19956,-0.23752,0.03992,0.91827,0.4472,1.14039,0.19233,-1.1402,-0.25741,-0.02855,0.39639,-0.09984,-0.18676,-0.58009,-0.11381,-0.08433,-0.056,0.43778,0.12007,0.02371,-0.60809,-0.116,0.07596,0.05126
52.36,0.07085,-0.00048,-0.14443,0.47134,-0.09448,-0.05791,0.65629,0.04032,0.02271,-0.22855,-0.2997,-0.0145,0.83984,-0.41295,-0.80451,0.33017,1.21349,-0.21786,0.05861,0.96586,0.48126,0.93459,0.19476,-1.13944,-0.23521,-0.04256,0.40392,-0.09722,-0.18436,-0.56735,-0.11486,-0.08487,-0.05645,0.44641,0.11186,-0.00348,-0.59517,-0.11852,0.07823,0.05265
52.38,0.06806,0.00115,-0.1426,0.47502,-0.10429,-0.05816,0.65588,0.03883,0.02234,-0.22607,-0.30278,-0.0145,0.912,-0.44419,-0.75712,0.31135,1.22677,-0.19637,0.08115,1.01734,0.51581,0.71802,0.19171,-1.13405,-0.21058,-0.05976,0.41175,-0.09472,-0.18291,-0.55367,-0.1158,-0.08531,-0.05686,0.45541,0.10185,-0.03664,-0.58138,-0.12151,0.08111,0.05442
52.4,0.0656,0.00245,-0.14098,0.47855,-0.11272,-0.05832,0.65476,0.03764,0.02229,-0.22611,-0.3045,-0.0145,0.97182,-0.47464,-0.68959,0.30907,1.24165,-0.17902,0.09657,1.06009,0.54936,0.51238,0.2014,-1.13981,-0.19165,-0.0705,0.41884,-0.09213,-0.17934,-0.54243,-0.11695,-0.08595,-0.05735,0.4634,0.09512,-0.05861,-0.56973,-0.1236,0.08285,0.05548
52.42,0.06392,0.00297,-0.1399,0.48178,-0.1177,-0.0583,0.6519,0.0372,0.02325,-0.23248,-0.30285,-0.0145,0.99748,-0.5031,-0.5644,0.35173,1.26159,-0.17263,0.09126,1.08152,0.58018,0.34576,0.24366,-1.1751,-0.18843,-0.06297,0.4242,-0.08897,-0.16941,-0.53736,-0.11881,-0.0872,-0.05812,0.46897,0.09811,-0.04752,-0.56357,-0.12304,0.0812,0.05447
52.44,0.06256,0.00318,-0.13903,0.48488,-0.12129,-0.05821,0.64835,0.03706,0.02454,-0.24141,-0.29983,-0.0145,1.00996,-0.53064,-0.42033,0.41121,1.28302,-0.17046,0.07864,1.09356,0.60985,0.19307,0.29889,-1.2208,-0.19109,-0.04887,0.42879,-0.08572,-0.15752,-0.53472,-0.12087,-0.08864,-0.05896,0.47351,0.10441,-0.02516,-0.55956,-0.12157,0.07839,0.05274
52.46,0.0611,0.00351,-0.13808,0.48808,-0.12542,-0.05819,0.64513,0.03678,0.02566,-0.24939,-0.2973,-0.0145,1.02721,-0.55843,-0.28816,0.46357,1.30328,-0.16663,0.06935,1.10825,0.63991,0.03691,0.3492,-1.26069,-0.19121,-0.03771,0.43357,-0.08262,-0.14704,-0.53104,-0.12277,-0.08995,-0.05974,0.47841,0.10904,-0.0086,-0.55466,-0.12056,0.07618,0.05137
52.48,0.05947,0.00388,-0.13708,0.4911,-0.12992,-0.05803,0.64181,0.03652,0.02688,-0.25651,-0.29532,-0.0145,1.05008,-0.58709,-0.14148,0.51376,1.32562,-0.1618,0.0601,1.13013,0.67071,-0.1335,0.39555,-1.30547,-0.19087,-0.02665,0.43898,-0.07909,-0.13435,-0.52713,-0.12496,-0.09145,-0.06064,0.48377,0.11431,0.01063,-0.54944,-0.11938,0.07372,0.04985
52.5,0.05827,0.00412,-0.13623,0.49446,-0.13332,-0.05812,0.63854,0.0363,0.02796,-0.26598,-0.29188,-0.0145,1.05775,-0.61354,-0.0208,0.5724,1.34399,-0.15996,0.04905,1.13436,0.69948,-0.26989,0.45319,-1.34244,-0.19277,-0.01397,0.4429,-0.07643,-0.12577,-0.52426,-0.1266,-0.09259,-0.06131,0.48792,0.11906,0.02705,-0.54537,-0.11833,0.07148,0.04848
52.52,0.05809,0.00412,-0.13572,0.49886,-0.13402,-0.05899,0.63553,0.03614,0.02855,-0.28144,-0.28484,-0.0145,1.02889,-0.63549,0.02438,0.65071,1.35103,-0.16608,0.03427,1.09594,0.72472,-0.31831,0.53843,-1.35504,-0.20022,0.00286,0.4428,-0.07623,-0.12929,-0.52355,-0.12671,-0.09271,-0.06132,0.48896,0.1216,0.03301,-0.54381,-0.1179,0.07014,0.04771
52.54,0.05833,0.00401,-0.13535,0.50358,-0.13365,-0.06011,0.63258,0.03602,0.02899,-0.29911,-0.27639,-0.0145,0.98474,-0.65495,0.04253,0.73678,1.35406,-0.1749,0.01801,1.03944,0.74756,-0.33227,0.63448,-1.35953,-0.20952,0.02084,0.44122,-0.0769,-0.13696,-0.52381,-0.12627,-0.09247,-0.06109,0.48883,0.12352,0.03578,-0.54333,-0.11764,0.06907,0.04713
52.56,0.05841,0.00394,-0.13492,0.50808,-0.13376,-0.06107,0.62961,0.03588,0.0295,-0.31568,-0.26855,-0.0145,0.94603,-0.67469,0.07234,0.81913,1.35892,-0.18201,0.00275,0.98859,0.77036,-0.35997,0.72599,-1.3677,-0.21747,0.03745,0.44034,-0.07715,-0.14253,-0.5237,-0.12608,-0.09239,-0.06098,0.48923,0.12571,0.04002,-0.54244,-0.11729,0.06788,0.04646
52.58,0.05839,0.00388,-0.13449,0.51286,-0.13386,-0.0622,0.62659,0.03578,0.03002,-0.3328,-0.26079,-0.0145,0.91312,-0.69811,0.1053,0.90323,1.36371,-0.1914,-0.01415,0.94788,0.79807,-0.39508,0.817,-1.37576,-0.22796,0.05788,0.4393,-0.07751,-0.14895,-0.52337,-0.12588,-0.09231,-0.06085,0.48959,0.12804,0.04453,-0.54131,-0.11694,0.06663,0.04576
52.6,0.05866,0.00378,-0.13409,0.51716,-0.13375,-0.06304,0.62369,0.0356,0.03045,-0.34922,-0.25256,-0.0145,0.86481,-0.71315,0.12521,0.98488,1.36777,-0.19654,-0.02787,0.88234,0.81478,-0.40708,0.91066,-1.38262,-0.23331,0.07051,0.43826,-0.07784,-0.15461,-0.52371,-0.12557,-0.09216,-0.06069,0.48977,0.1299,0.0476,-0.54089,-0.11664,0.06558,0.04518
52.62,0.05955,0.00353,-0.13377,0.52005,-0.13327,-0.06302,0.62107,0.03524,0.03088,-0.36354,-0.24321,-0.0145,0.77674,-0.70681,0.11408,1.06147,1.37015,-0.19007,-0.03266,0.74885,0.80374,-0.36083,1.01572,-1.38254,-0.22586,0.06164,0.43751,-0.07783,-0.15704,-0.52572,-0.12502,-0.09189,-0.06049,0.48967,0.13054,0.04734,-0.5422,-0.11647,0.06502,0.04493
52.64,0.06072,0.00323,-0.13347,0.52246,-0.13264,-0.06269,0.61856,0.0348,0.03119,-0.37698,-0.2335,-0.0145,0.674,-0.6919,0.09095,1.13453,1.37209,-0.17907,-0.03412,0.59178,0.78138,-0.29312,1.12175,-1.38237,-0.21287,0.04481,0.43681,-0.07775,-0.15858,-0.52834,-0.12437,-0.09156,-0.06026,0.48944,0.1307,0.04569,-0.54417,-0.11636,0.06466,0.0448
52.66,0.06177,0.00297,-0.13315,0.5251,-0.13213,-0.0625,0.61601,0.03438,0.03141,-0.39057,-0.22409,-0.0145,0.57866,-0.68015,0.07428,1.20684,1.3746,-0.1696,-0.03694,0.44799,0.76282,-0.2372,1.22288,-1.38613,-0.20111,0.03136,0.4361,-0.0777,-0.16063,-0.53064,-0.12378,-0.09128,-0.06006,0.48929,0.1311,0.04471,-0.54579,-0.11623,0.06421,0.04461
52.68,0.06279,0.00267,-0.13288,0.52767,-0.13135,-0.06233,0.6134,0.03403,0.03223,-0.40536,-0.21402,-0.0145,0.47954,-0.67142,0.05243,1.28957,1.37524,-0.16244,-0.0405,0.29258,0.7497,-0.17148,1.34325,-1.37392,-0.1946,0.01889,0.43527,-0.07769,-0.16243,-0.53321,-0.1231,-0.09092,-0.0598,0.48897,0.13141,0.04351,-0.54764,-0.11609,0.06376,0.04443
52.7,0.06395,0.00243,-0.13251,0.53028,-0.13113,-0.06204,0.61095,0.03351,0.03176,-0.41734,-0.20527,-0.0145,0.38519,-0.6544,0.03886,1.34941,1.37992,-0.14941,-0.04165,0.1562,0.72279,-0.12153,1.42358,-1.39414,-0.17614,0.00257,0.43474,-0.07756,-0.16444,-0.53532,-0.1226,-0.0907,-0.05964,0.48903,0.13179,0.04242,-0.54916,-0.11597,0.06337,0.04426
52.72,0.06545,0.00239,-0.1319,0.53303,-0.13238,-0.06147,0.60899,0.03256,0.02787,-0.42229,-0.20004,-0.0145,0.30613,-0.61662,0.05112,1.34905,1.39415,-0.12067,-0.03735,0.07682,0.65912,-0.12066,1.3935,-1.51205,-0.12332,-0.02344,0.43488,-0.07736,-0.16768,-0.53614,-0.12261,-0.09089,-0.05974,0.49008,0.13255,0.04249,-0.54975,-0.11586,0.06305,0.04405
52.74,0.06708,0.00241,-0.13119,0.53584,-0.13424,-0.06079,0.6072,0.03143,0.02266,-0.42434,-0.19619,-0.0145,0.23273,-0.57081,0.07222,1.32536,1.41278,-0.08628,-0.03067,0.01777,0.58229,-0.13654,1.32306,-1.66124,-0.05915,-0.05287,0.43535,-0.077,-0.17109,-0.53644,-0.12281,-0.09124,-0.05993,0.49157,0.13339,0.04263,-0.54998,-0.11578,0.06279,0.04385
52.76,0.06866,0.00242,-0.13049,0.53866,-0.13593,-0.0602,0.60529,0.03038,0.01796,-0.42736,-0.19185,-0.0145,0.15777,-0.52863,0.08939,1.31082,1.43052,-0.05487,-0.02482,-0.0496,0.5124,-0.14476,1.27065,-1.79066,-0.00197,-0.0801,0.43575,-0.07657,-0.17411,-0.53689,-0.12295,-0.09152,-0.06009,0.49296,0.13415,0.04239,-0.55031,-0.11571,0.06254,0.04367
52.78,0.07024,0.00238,-0.12991,0.5413,-0.13717,-0.05946,0.60355,0.02935,0.01361,-0.43182,-0.18694,-0.0145,0.07798,-0.48618,0.10586,1.30211,1.44359,-0.02155,-0.01986,-0.1217,0.43789,-0.15244,1.21918,-1.94304,0.0631,-0.11037,0.43579,-0.07674,-0.17835,-0.53774,-0.12301,-0.09177,-0.06021,0.4939,0.13506,0.04354,-0.55092,-0.11555,0.06214,0.0434
52.8,0.07184,0.00245,-0.12906,0.54433,-0.1395,-0.059,0.60151,0.02823,0.00828,-0.43262,-0.1835,-0.0145,0.00983,-0.44257,0.12595,1.27599,1.46741,0.00905,-0.01257,-0.17881,0.37024,-0.1655,1.15667,-2.05562,0.11441,-0.13499,0.4367,-0.07564,-0.18018,-0.53764,-0.12327,-0.09212,-0.06042,0.49591,0.1357,0.04188,-0.55086,-0.11558,0.06206,0.04332
52.82,0.07351,0.00278,-0.12754,0.54863,-0.14451,-0.05941,0.59852,0.02687,-0.00014,-0.42386,-0.18438,-0.0145,-0.02768,-0.39696,0.15486,1.20564,1.52006,0.03107,0.00073,-0.19945,0.3231,-0.18941,1.06891,-2.0454,0.1244,-0.14313,0.4396,-0.07096,-0.17481,-0.53504,-0.12409,-0.09274,-0.06089,0.50047,0.13544,0.03208,-0.54902,-0.11616,0.06287,0.0438
52.84,0.0752,0.00321,-0.12574,0.55328,-0.15062,-0.0601,0.59524,0.02544,-0.00939,-0.41156,-0.18659,-0.0145,-0.05357,-0.35063,0.18699,1.11894,1.58335,0.0501,0.01623,-0.2056,0.28366,-0.21827,0.97227,-1.99501,0.12022,-0.14542,0.44342,-0.06502,-0.1671,-0.53152,-0.1251,-0.09345,-0.06144,0.50612,0.13492,0.01951,-0.54653,-0.11695,0.064,0.04447
52.86,0.07686,0.00359,-0.12402,0.55762,-0.15635,-0.06065,0.59216,0.02407,-0.01783,-0.401,-0.18781,-0.0145,-0.08463,-0.30518,0.21705,1.041,1.64162,0.07031,0.03059,-0.21835,0.24184,-0.24493,0.88276,-1.9665,0.12287,-0.15034,0.44702,-0.05974,-0.16079,-0.52843,-0.12597,-0.0941,-0.06193,0.51145,0.13461,0.00843,-0.54435,-0.11765,0.06497,0.04504
52.88,0.0786,0.00399,-0.12246,0.5626,-0.16161,-0.06127,0.58881,0.02257,-0.02811,-0.3898,-0.1907,-0.0145,-0.11598,-0.25716,0.24995,0.95669,1.70078,0.09147,0.04563,-0.23039,0.19489,-0.27193,0.77889,-1.92389,0.12429,-0.1555,0.4498,-0.0541,-0.15306,-0.52526,-0.12705,-0.09486,-0.06252,0.51609,0.13392,-0.00363,-0.54209,-0.11831,0.06601,0.04565
52.9,0.08019,0.00439,-0.12052,0.56633,-0.16809,-0.0618,0.58596,0.02131,-0.03476,-0.37912,-0.19043,-0.0145,-0.14401,-0.21438,0.27763,0.882,1.7606,0.10986,0.05974,-0.24068,0.16057,-0.29921,0.70319,-1.90055,0.12474,-0.15873,0.4545,-0.0489,-0.14773,-0.52205,-0.12775,-0.09539,-0.06292,0.5224,0.13396,-0.01431,-0.53984,-0.11911,0.06697,0.04623
52.92,0.08135,0.00477,-0.11759,0.56647,-0.17772,-0.06199,0.58456,0.02072,-0.03104,-0.37077,-0.18103,-0.0145,-0.16595,-0.18639,0.28988,0.83841,1.81954,0.12126,0.07065,-0.25001,0.1595,-0.32592,0.70854,-1.94109,0.12608,-0.15811,0.46432,-0.04524,-0.1497,-0.51898,-0.12737,-0.09524,-0.06279,0.5331,0.13614,-0.02049,-0.53776,-0.12024,0.06762,0.04666
52.94,0.08236,0.00516,-0.11429,0.56536,-0.18853,-0.06208,0.58365,0.02035,-0.02368,-0.36304,-0.16845,-0.0145,-0.18501,-0.16361,0.29685,0.80489,1.87887,0.12998,0.08056,-0.25812,0.17077,-0.35274,0.74226,-2.00193,0.12686,-0.15576,0.47604,-0.04204,-0.15412,-0.51588,-0.12661,-0.09486,-0.06247,0.54544,0.13906,-0.02522,-0.5357,-0.12151,0.06819,0.04705
52.96,0.08344,0.00554,-0.11117,0.56482,-0.19878,-0.06221,0.58252,0.01988,-0.018,-0.35502,-0.15737,-0.0145,-0.2052,-0.13852,0.30623,0.76674,1.93792,0.13986,0.09091,-0.26662,0.17646,-0.37947,0.76286,-2.05296,0.12776,-0.15415,0.48687,-0.03862,-0.15739,-0.5128,-0.12602,-0.09458,-0.06223,0.557,0.14163,-0.03062,-0.53363,-0.12272,0.0688,0.04746
52.98,0.08451,0.00593,-0.10801,0.56421,-0.20916,-0.06234,0.58141,0.01942,-0.01208,-0.34701,-0.14603,-0.0145,-0.22546,-0.11356,0.31535,0.729,1.99735,0.14969,0.10126,-0.27521,0.18283,-0.40637,0.78527,-2.10576,0.12873,-0.15247,0.49788,-0.03522,-0.16084,-0.5097,-0.12542,-0.09429,-0.06199,0.56873,0.14427,-0.03596,-0.53154,-0.12394,0.06941,0.04787
53,0.08558,0.00631,-0.10484,0.56352,-0.21955,-0.06246,0.58034,0.01898,-0.00597,-0.33907,-0.13456,-0.0145,-0.24537,-0.08907,0.32411,0.69206,2.05647,0.15927,0.1115,-0.28363,0.18995,-0.43312,0.80926,-2.15936,0.12961,-0.15068,0.50894,-0.03186,-0.16441,-0.50662,-0.12479,-0.09399,-0.06173,0.58049,0.14693,-0.04119,-0.52948,-0.12517,0.07001,0.04827
