T,J1,J2,J3,J4,J5,J6,J7,J8,J9,J10,J11,J12,J13,J14,J15,J16,J17,J18,J19,J20,J21,J22,J23,J24,J25,J26,J27,J28,J29,J30,J31,J32,J33,J34,J35,J36,J37,J38,J39,J40
0,0.0015,0.0004,-0.0001,0.32357,-0.61536,-0.04623,0.97756,0.04359,0.04448,-0.07494,-0.15988,-0.02291,2.83318,-1.30473,-0.90984,0.22754,1.28394,0.00691,-0.14851,2.78905,1.2274,1.27376,0.16584,-1.29703,0.02851,0.15924,0.84492,-0.06988,-0.20854,-0.33087,-0.13588,-0.06738,-0.07223,0.91935,0.07203,0.06249,-0.42534,-0.14239,0.06593,0.07313
0.02,0.00079,0.00022,0.00027,0.32343,-0.6152,-0.04623,0.97748,0.04341,0.04442,-0.07554,-0.15967,-0.0229,2.82664,-1.30527,-0.91497,0.22721,1.28363,0.00731,-0.14839,2.78479,1.2279,1.27961,0.16475,-1.29689,0.02849,0.15858,0.84558,-0.07056,-0.21332,-0.33108,-0.13531,-0.06677,-0.07199,0.91982,0.07379,0.06984,-0.42527,-0.14187,0.06547,0.07279
0.04,9e-05,4e-05,0.00064,0.32329,-0.61504,-0.04622,0.97741,0.04322,0.04436,-0.07615,-0.15946,-0.0229,2.82011,-1.3058,-0.9201,0.22688,1.28332,0.0077,-0.14827,2.78053,1.2284,1.28546,0.16368,-1.29676,0.02847,0.15791,0.84624,-0.07123,-0.21808,-0.33128,-0.13473,-0.06616,-0.07175,0.92029,0.07555,0.07717,-0.4252,-0.14135,0.065,0.07245
0.06,-0.00062,-0.00014,0.00101,0.32316,-0.61488,-0.04622,0.97733,0.04304,0.04429,-0.07675,-0.15926,-0.02289,2.81359,-1.30634,-0.92522,0.22656,1.28301,0.0081,-0.14816,2.77627,1.2289,1.2913,0.1626,-1.29663,0.02844,0.15724,0.84689,-0.07191,-0.22285,-0.33149,-0.13416,-0.06555,-0.0715,0.92075,0.07731,0.0845,-0.42512,-0.14083,0.06454,0.07212
0.08,-0.00132,-0.00032,0.00138,0.32302,-0.61472,-0.04621,0.97725,0.04286,0.04423,-0.07735,-0.15906,-0.02288,2.80706,-1.30688,-0.93035,0.22623,1.2827,0.00849,-0.14804,2.77201,1.22939,1.29713,0.16152,-1.29649,0.02842,0.15658,0.84754,-0.07258,-0.22764,-0.33169,-0.13359,-0.06493,-0.07126,0.92122,0.07907,0.09184,-0.42505,-0.14032,0.06407,0.07178
0.1,-0.00203,-0.0005,0.00175,0.32287,-0.61456,-0.0462,0.97718,0.04267,0.04417,-0.07796,-0.15884,-0.02287,2.80053,-1.30742,-0.93549,0.2259,1.2824,0.00889,-0.14792,2.76776,1.2299,1.30302,0.16044,-1.29637,0.0284,0.1559,0.8482,-0.07325,-0.23234,-0.3319,-0.13302,-0.06433,-0.07102,0.92168,0.08083,0.09917,-0.42498,-0.1398,0.06361,0.07144
0.12,-0.00274,-0.00068,0.00212,0.32274,-0.61441,-0.0462,0.9771,0.04249,0.0441,-0.07855,-0.15867,-0.02286,2.79402,-1.30794,-0.94059,0.22558,1.28208,0.00927,-0.14782,2.7635,1.23038,1.30879,0.15936,-1.29622,0.02837,0.15525,0.84885,-0.07394,-0.23722,-0.3321,-0.13244,-0.06371,-0.07077,0.92215,0.08259,0.10651,-0.42491,-0.13928,0.06315,0.0711
0.14,-0.00344,-0.00086,0.00249,0.3226,-0.61425,-0.0462,0.97702,0.0423,0.04404,-0.07916,-0.15844,-0.02286,2.78747,-1.30849,-0.94574,0.22525,1.28178,0.00967,-0.14769,2.75924,1.23089,1.31467,0.15828,-1.29611,0.02834,0.15458,0.84951,-0.07461,-0.24193,-0.33231,-0.13187,-0.0631,-0.07053,0.92262,0.08435,0.11384,-0.42484,-0.13876,0.06268,0.07076
0.16,-0.00415,-0.00104,0.00285,0.32244,-0.61409,-0.04618,0.97696,0.04211,0.044,-0.0798,-0.15816,-0.02285,2.78093,-1.30906,-0.9509,0.2249,1.28149,0.0101,-0.14754,2.75499,1.23143,1.32069,0.1572,-1.29597,0.02836,0.15387,0.85017,-0.07525,-0.24644,-0.33251,-0.13132,-0.06252,-0.0703,0.92308,0.0861,0.12116,-0.42477,-0.13825,0.06222,0.07042
0.18,-0.00485,-0.00122,0.00323,0.32237,-0.61394,-0.04621,0.97683,0.04196,0.04386,-0.08027,-0.15824,-0.02284,2.77452,-1.30948,-0.95586,0.22465,1.28109,0.01038,-0.14755,2.75071,1.23179,1.32593,0.15614,-1.29576,0.02823,0.15333,0.85079,-0.07605,-0.25212,-0.33273,-0.13067,-0.06181,-0.07002,0.92355,0.0879,0.12856,-0.42468,-0.13772,0.06176,0.07008
0.2,-0.00556,-0.0014,0.00359,0.32211,-0.61376,-0.04614,0.97685,0.04173,0.04393,-0.08111,-0.15753,-0.02284,2.76774,-1.31023,-0.96131,0.22419,1.28097,0.01097,-0.14721,2.74647,1.23253,1.33278,0.15503,-1.29587,0.02836,0.15245,0.85151,-0.07652,-0.25534,-0.33292,-0.13024,-0.06136,-0.06984,0.924,0.08958,0.13577,-0.42464,-0.13722,0.06129,0.06975
0.22,-0.00628,-0.00158,0.00388,0.32131,-0.6135,-0.04582,0.97724,0.04134,0.04464,-0.08278,-0.1547,-0.02286,2.76059,-1.3118,-0.96785,0.22324,1.28126,0.01246,-0.14588,2.74251,1.2341,1.34419,0.15379,-1.29521,0.02948,0.15048,0.85251,-0.07605,-0.25159,-0.33303,-0.13045,-0.06162,-0.06996,0.92439,0.09098,0.14265,-0.42473,-0.13683,0.06079,0.06946
0.24,-0.00701,-0.00176,0.00414,0.32033,-0.6132,-0.04539,0.97777,0.04087,0.04554,-0.08484,-0.15105,-0.0229,2.75288,-1.31374,-0.97501,0.22207,1.28188,0.01426,-0.14418,2.73846,1.23609,1.35716,0.15249,-1.2951,0.03081,0.14815,0.85361,-0.07526,-0.24541,-0.33313,-0.13088,-0.06213,-0.07019,0.92474,0.09226,0.14933,-0.42487,-0.13649,0.06028,0.06919
0.26,-0.00774,-0.00193,0.00442,0.31945,-0.61291,-0.04499,0.97824,0.04042,0.04632,-0.08683,-0.14772,-0.02293,2.7451,-1.31555,-0.982,0.22099,1.2826,0.0159,-0.14267,2.73444,1.23799,1.36933,0.15121,-1.29591,0.03187,0.1461,0.85464,-0.07465,-0.24049,-0.33323,-0.1312,-0.06252,-0.07036,0.92509,0.09355,0.156,-0.42499,-0.13613,0.05979,0.06892
0.28,-0.00846,-0.00211,0.00471,0.31847,-0.61269,-0.04465,0.97868,0.04004,0.04725,-0.08838,-0.14457,-0.02296,2.73899,-1.3171,-0.98826,0.22,1.28234,0.01763,-0.14111,2.73084,1.23942,1.38195,0.14998,-1.2921,0.03368,0.14369,0.85577,-0.07388,-0.23492,-0.33334,-0.13157,-0.06296,-0.07055,0.92549,0.09499,0.16307,-0.42511,-0.13574,0.05926,0.06863
0.3,-0.00919,-0.00229,0.00497,0.31766,-0.6123,-0.04417,0.97922,0.03949,0.04792,-0.09095,-0.14088,-0.023,2.72892,-1.31939,-0.99651,0.21868,1.28414,0.01925,-0.13951,2.72586,1.242,1.39393,0.14861,-1.29765,0.03396,0.1418,0.8567,-0.07336,-0.23011,-0.33343,-0.13189,-0.06336,-0.07073,0.92579,0.09611,0.16925,-0.42525,-0.13542,0.0588,0.06839
0.32,-0.00995,-0.00249,0.00518,0.3174,-0.61151,-0.04338,0.98008,0.03852,0.04778,-0.0961,-0.13585,-0.02303,2.71136,-1.32269,-1.0072,0.21732,1.29204,0.01999,-0.13847,2.72073,1.2469,1.40378,0.14711,-1.33223,0.03,0.14256,0.85706,-0.0736,-0.2282,-0.33345,-0.13203,-0.06355,-0.07081,0.92585,0.09639,0.17299,-0.42541,-0.13529,0.05853,0.06826
0.34,-0.01073,-0.00269,0.00537,0.31731,-0.61055,-0.04245,0.98102,0.03738,0.04739,-0.10227,-0.1303,-0.02308,2.68949,-1.32693,-1.02033,0.21551,1.30182,0.0205,-0.13729,2.71321,1.25304,1.41262,0.14546,-1.37561,0.02447,0.14367,0.85721,-0.07409,-0.22712,-0.33346,-0.13211,-0.06369,-0.07088,0.92581,0.09636,0.17582,-0.4256,-0.13522,0.05833,0.06818
0.36,-0.01151,-0.0029,0.00558,0.31711,-0.60963,-0.04157,0.98188,0.03632,0.04715,-0.10806,-0.12501,-0.02313,2.66711,-1.33129,-1.03434,0.21335,1.31057,0.02167,-0.13577,2.7048,1.25918,1.42229,0.14369,-1.41275,0.01966,0.14387,0.85744,-0.07445,-0.22553,-0.33348,-0.13222,-0.06386,-0.07096,0.92579,0.09647,0.17907,-0.42579,-0.13513,0.0581,0.06808
0.38,-0.01225,-0.00309,0.00577,0.31701,-0.60887,-0.04073,0.98294,0.03526,0.04675,-0.11357,-0.11962,-0.02313,2.65407,-1.33316,-1.04028,0.21344,1.32051,0.02132,-0.13592,2.70604,1.26318,1.43169,0.14261,-1.45927,0.01492,0.14714,0.85773,-0.07485,-0.2244,-0.33344,-0.13231,-0.06401,-0.07103,0.92589,0.09659,0.1823,-0.42595,-0.13504,0.05788,0.06798
0.4,-0.01308,-0.00333,0.00599,0.31677,-0.60774,-0.03978,0.98358,0.03415,0.04663,-0.11986,-0.11432,-0.02324,2.62189,-1.34067,-1.0632,0.20884,1.32789,0.02306,-0.13257,2.68499,1.27166,1.43984,0.14019,-1.48848,0.00952,0.14421,0.85786,-0.07523,-0.22256,-0.33355,-0.13242,-0.06419,-0.07111,0.92571,0.0966,0.18534,-0.42617,-0.13495,0.05765,0.06788
0.42,-0.01416,-0.00367,0.00626,0.31604,-0.6056,-0.03853,0.98324,0.03297,0.0473,-0.12838,-0.10936,-0.02363,2.5263,-1.36159,-1.13591,0.19038,1.33251,0.03943,-0.11949,2.6175,1.29438,1.45836,0.13295,-1.46635,0.00398,0.12297,0.85752,-0.07545,-0.2183,-0.33402,-0.13261,-0.06446,-0.07125,0.92467,0.09643,0.18838,-0.4265,-0.13479,0.05736,0.06777
0.44,-0.01533,-0.00407,0.00656,0.31517,-0.60311,-0.03716,0.98245,0.03174,0.04828,-0.13758,-0.10452,-0.02413,2.41359,-1.38853,-1.22498,0.16738,1.33378,0.0564,-0.10292,2.52541,1.32109,1.47343,0.12461,-1.42675,-0.00236,0.09566,0.85704,-0.07565,-0.21334,-0.33466,-0.13282,-0.06476,-0.0714,0.92335,0.09615,0.19121,-0.42689,-0.13461,0.05705,0.06766
0.46,-0.01648,-0.00445,0.00685,0.31442,-0.60079,-0.03585,0.98176,0.03051,0.04914,-0.14629,-0.09964,-0.0246,2.3166,-1.41398,-1.30424,0.14711,1.3332,0.06717,-0.08795,2.43448,1.34465,1.48072,0.11754,-1.39604,-0.00925,0.07186,0.85666,-0.0759,-0.20885,-0.33525,-0.133,-0.06503,-0.07155,0.92221,0.09587,0.19392,-0.42728,-0.13446,0.05677,0.06756
0.48,-0.01756,-0.00477,0.00711,0.31346,-0.59841,-0.03452,0.98151,0.02935,0.04988,-0.15588,-0.09465,-0.02502,2.18672,-1.43417,-1.39357,0.12402,1.34611,0.10241,-0.07278,2.38391,1.3742,1.52605,0.10714,-1.36159,-0.01258,0.04497,0.85612,-0.07602,-0.20377,-0.3357,-0.13325,-0.06534,-0.07171,0.92084,0.09575,0.19746,-0.42758,-0.13426,0.05641,0.06742
0.5,-0.0188,-0.00525,0.00745,0.31288,-0.59608,-0.03322,0.98023,0.02805,0.05097,-0.16371,-0.08994,-0.02555,2.12033,-1.46679,-1.46583,0.10575,1.33113,0.08753,-0.05737,2.24577,1.39184,1.49306,0.10349,-1.33074,-0.0232,0.02298,0.85589,-0.07637,-0.19975,-0.3365,-0.13337,-0.06558,-0.07183,0.91989,0.0953,0.19929,-0.42807,-0.13415,0.0562,0.06735
0.52,-0.02045,-0.00617,0.00799,0.31343,-0.59384,-0.0319,0.97633,0.02635,0.05293,-0.16707,-0.08604,-0.0264,2.24217,-1.53161,-1.48668,0.102,1.23109,-0.07209,-0.04087,1.85193,1.3789,1.22983,0.11822,-1.31354,-0.05622,0.01658,0.8565,-0.07743,-0.19885,-0.33822,-0.13313,-0.06563,-0.07183,0.92012,0.09374,0.1961,-0.42914,-0.13431,0.05648,0.0675
0.54,-0.02226,-0.00724,0.00862,0.31435,-0.59168,-0.03063,0.9714,0.02451,0.05525,-0.16853,-0.08242,-0.02736,2.42691,-1.6088,-1.48984,0.10334,1.10464,-0.28101,-0.02453,1.37446,1.35329,0.89052,0.13993,-1.30066,-0.09608,0.01523,0.85743,-0.07871,-0.19905,-0.34028,-0.13276,-0.0656,-0.07178,0.9208,0.09188,0.19126,-0.43041,-0.13456,0.05688,0.06772
0.56,-0.024,-0.00824,0.00921,0.31504,-0.58955,-0.02942,0.96688,0.02276,0.05745,-0.1705,-0.07861,-0.02825,2.57708,-1.68084,-1.50128,0.10218,0.99621,-0.46336,-0.00889,0.94845,1.33124,0.596,0.15872,-1.28611,-0.13115,0.01114,0.85826,-0.07984,-0.19876,-0.34218,-0.13244,-0.06558,-0.07173,0.9213,0.09032,0.18741,-0.43155,-0.13475,0.05717,0.06787
0.58,-0.02572,-0.00927,0.00978,0.31597,-0.58714,-0.02788,0.96256,0.02092,0.0595,-0.17401,-0.07502,-0.0292,2.75175,-1.75132,-1.5123,0.10129,0.86268,-0.66336,0.01032,0.46507,1.31835,0.25889,0.1762,-1.26963,-0.17331,0.00859,0.85889,-0.08117,-0.19843,-0.34413,-0.13216,-0.06568,-0.07176,0.92167,0.08809,0.18254,-0.43282,-0.13504,0.05771,0.06815
0.6,-0.02751,-0.01026,0.0104,0.31651,-0.58533,-0.02703,0.9576,0.01923,0.06191,-0.17382,-0.07109,-0.03006,2.89077,-1.8276,-1.51976,0.10155,0.77465,-0.83818,0.02177,0.08129,1.28366,-0.00836,0.19835,-1.25853,-0.20235,0.00423,0.86001,-0.08214,-0.19843,-0.34604,-0.13176,-0.0655,-0.07163,0.92243,0.08717,0.17939,-0.43388,-0.13513,0.05777,0.06819
0.62,-0.02945,-0.01113,0.01118,0.31579,-0.58511,-0.02818,0.9512,0.01805,0.06541,-0.16404,-0.06586,-0.03065,2.91419,-1.91934,-1.52178,0.10038,0.82347,-0.93271,0.01387,-0.00365,1.18902,-0.05675,0.22961,-1.26021,-0.19322,-0.00736,0.86231,-0.08197,-0.19921,-0.34777,-0.13103,-0.06448,-0.07105,0.92414,0.09015,0.18159,-0.43427,-0.13459,0.05642,0.06751
0.64,-0.03145,-0.01194,0.012,0.31468,-0.5855,-0.03,0.94418,0.01703,0.06922,-0.15057,-0.06034,-0.03114,2.89997,-2.01587,-1.52073,0.10106,0.91814,-0.99997,-0.00218,0.01408,1.07349,-0.03347,0.26581,-1.26736,-0.17073,-0.02073,0.86509,-0.08143,-0.20025,-0.34944,-0.1302,-0.06318,-0.07033,0.92625,0.09441,0.18554,-0.43445,-0.13386,0.05461,0.06658
0.66,-0.03342,-0.01276,0.01278,0.31382,-0.58563,-0.03145,0.93738,0.01591,0.07278,-0.13866,-0.05515,-0.03167,2.90423,-2.10869,-1.52096,0.1029,0.98869,-1.07891,-0.01596,-0.0173,0.96926,-0.04791,0.30101,-1.27278,-0.15452,-0.03261,0.86768,-0.08111,-0.20108,-0.35113,-0.12944,-0.06204,-0.06969,0.92821,0.09795,0.18858,-0.43474,-0.13325,0.05305,0.06578
0.68,-0.03541,-0.01365,0.01364,0.31267,-0.5857,-0.03319,0.93077,0.0149,0.07681,-0.12711,-0.04912,-0.03222,2.90492,-2.20887,-1.52107,0.09568,1.07206,-1.16264,-0.02398,-0.04143,0.85658,-0.04363,0.33087,-1.27533,-0.13758,-0.04723,0.87016,-0.0806,-0.20235,-0.35287,-0.12856,-0.06078,-0.06898,0.93007,0.10209,0.19205,-0.43499,-0.13249,0.05132,0.06489
0.7,-0.03736,-0.01438,0.01433,0.31202,-0.58604,-0.03449,0.92366,0.01371,0.07992,-0.11405,-0.04477,-0.0327,2.90325,-2.29413,-1.52093,0.1087,1.14013,-1.2292,-0.04557,-0.05501,0.75717,-0.05989,0.37338,-1.2849,-0.11898,-0.05659,0.87297,-0.08039,-0.20275,-0.35446,-0.12792,-0.05969,-0.06838,0.93222,0.10528,0.19506,-0.43525,-0.132,0.04984,0.06415
0.72,-0.03924,-0.01468,0.01451,0.3129,-0.58698,-0.03438,0.91501,0.01186,0.08037,-0.09704,-0.04507,-0.03301,2.90431,-2.34192,-1.52101,0.16831,1.15357,-1.25535,-0.10574,-0.06549,0.69552,-0.15355,0.44571,-1.3144,-0.09821,-0.05125,0.87659,-0.08115,-0.20069,-0.35572,-0.12802,-0.05912,-0.06815,0.93512,0.10552,0.19634,-0.43566,-0.13231,0.04917,0.06388
0.74,-0.04108,-0.01483,0.01449,0.3143,-0.58818,-0.03382,0.90595,0.00985,0.07988,-0.07878,-0.04707,-0.03325,2.90397,-2.37357,-1.52099,0.24963,1.15044,-1.26486,-0.1787,-0.06831,0.64877,-0.26931,0.53123,-1.35042,-0.07633,-0.04054,0.88052,-0.08222,-0.19775,-0.3568,-0.12838,-0.05873,-0.06804,0.93831,0.10479,0.1971,-0.43608,-0.1329,0.04877,0.06376
0.76,-0.04292,-0.01503,0.01456,0.31541,-0.58927,-0.03352,0.89727,0.00801,0.07983,-0.06155,-0.04832,-0.03351,2.90394,-2.4093,-1.52099,0.32711,1.15574,-1.28157,-0.24375,-0.07361,0.59782,-0.3726,0.61337,-1.38223,-0.0555,-0.03213,0.88428,-0.08311,-0.1952,-0.35791,-0.12862,-0.05826,-0.06787,0.94134,0.10453,0.19812,-0.43646,-0.13336,0.04826,0.06358
0.78,-0.04484,-0.01529,0.01465,0.3167,-0.59033,-0.03304,0.88772,0.00576,0.07973,-0.04223,-0.0495,-0.0338,2.90405,-2.45888,-1.521,0.38019,1.15861,-1.29894,-0.31791,-0.0796,0.53517,-0.48398,0.68501,-1.4195,-0.03195,-0.02433,0.88819,-0.08416,-0.19267,-0.35923,-0.12887,-0.05775,-0.06769,0.94449,0.10416,0.19913,-0.43698,-0.13384,0.04771,0.06339
0.8,-0.04658,-0.01539,0.01465,0.31776,-0.59152,-0.03279,0.87991,0.00433,0.07951,-0.02704,-0.05122,-0.03402,2.90398,-2.47579,-1.521,0.488,1.16231,-1.31128,-0.37609,-0.08369,0.50083,-0.58431,0.78113,-1.44686,-0.01391,-0.01401,0.89185,-0.08495,-0.18992,-0.36007,-0.12916,-0.05737,-0.06757,0.94746,0.10378,0.19999,-0.43723,-0.13434,0.0473,0.06325
0.82,-0.04785,-0.01513,0.01444,0.31796,-0.59306,-0.03332,0.87696,0.00524,0.07923,-0.02344,-0.05404,-0.03407,2.904,-2.4057,-1.521,0.75207,1.16946,-1.31416,-0.38641,-0.0845,0.54006,-0.65207,0.94534,-1.44559,-0.01238,0.00216,0.89488,-0.08493,-0.18659,-0.35959,-0.12951,-0.05734,-0.06756,0.9499,0.10371,0.20058,-0.43671,-0.13482,0.04719,0.06318
0.84,-0.04894,-0.01471,0.01415,0.31793,-0.59471,-0.03406,0.87579,0.00697,0.07886,-0.02408,-0.05735,-0.03405,2.904,-2.30343,-1.521,1.0685,1.17835,-1.3126,-0.38025,-0.08424,0.60751,-0.70765,1.13296,-1.43422,-0.01646,0.02062,0.89765,-0.08465,-0.1831,-0.35863,-0.1299,-0.05744,-0.0676,0.95213,0.10366,0.20101,-0.43593,-0.13531,0.04721,0.06316
0.86,-0.0501,-0.01437,0.01391,0.3181,-0.59627,-0.03467,0.87384,0.00831,0.07851,-0.02288,-0.06044,-0.03406,2.904,-2.21629,-1.521,1.35415,1.18804,-1.31298,-0.38205,-0.08476,0.66281,-0.76698,1.30747,-1.42698,-0.01719,0.0379,0.90046,-0.08454,-0.17981,-0.3579,-0.13026,-0.05747,-0.06761,0.95442,0.10355,0.20146,-0.43529,-0.1358,0.04717,0.06312
0.88,-0.05133,-0.01401,0.01363,0.31792,-0.598,-0.03544,0.87175,0.00974,0.07821,-0.02128,-0.06358,-0.03407,2.904,-2.12629,-1.521,1.67015,1.19033,-1.31314,-0.38248,-0.0833,0.71592,-0.83468,1.4931,-1.42114,-0.02068,0.05599,0.9036,-0.08422,-0.17595,-0.35709,-0.13065,-0.05753,-0.06764,0.95689,0.10362,0.20212,-0.43459,-0.13629,0.04713,0.06308
0.9,-0.05235,-0.01364,0.0134,0.31839,-0.5994,-0.03592,0.87038,0.01116,0.07781,-0.02151,-0.0667,-0.03408,2.904,-2.03499,-1.521,1.93493,1.20881,-1.31286,-0.38145,-0.08635,0.77991,-0.88164,1.66065,-1.41086,-0.02049,0.07285,0.90598,-0.08426,-0.17327,-0.35635,-0.131,-0.05757,-0.06766,0.95892,0.10334,0.2023,-0.43395,-0.13677,0.04712,0.06305
0.92,-0.05285,-0.01326,0.01335,0.32077,-0.59982,-0.03556,0.87063,0.01245,0.07724,-0.02604,-0.06977,-0.03408,2.904,-1.94663,-1.521,2.04656,1.27005,-1.3131,-0.38239,-0.09759,0.86857,-0.87562,1.77508,-1.38229,-0.00251,0.08589,0.90635,-0.08533,-0.17373,-0.35597,-0.13123,-0.05752,-0.06764,0.95982,0.10209,0.20125,-0.43355,-0.13725,0.04712,0.06307
0.94,-0.05314,-0.01287,0.01335,0.3238,-0.5999,-0.03491,0.87155,0.01369,0.07658,-0.03222,-0.07278,-0.03409,2.904,-1.85846,-1.521,2.10453,1.34776,-1.31301,-0.38202,-0.11414,0.96677,-0.84893,1.86993,-1.35094,0.01833,0.09755,0.90596,-0.08676,-0.1754,-0.35569,-0.13141,-0.05745,-0.06761,0.96028,0.1005,0.19971,-0.43322,-0.13773,0.04715,0.0631
0.96,-0.05351,-0.01247,0.01333,0.32648,-0.60014,-0.0344,0.87214,0.01491,0.07592,-0.03747,-0.07573,-0.0341,2.904,-1.77105,-1.521,2.18627,1.41917,-1.31269,-0.38082,-0.13147,1.05961,-0.83063,1.97205,-1.3267,0.03357,0.10974,0.9059,-0.08802,-0.17662,-0.35534,-0.13162,-0.05738,-0.06759,0.96093,0.09909,0.19838,-0.43285,-0.13821,0.04717,0.06313
0.98,-0.05392,-0.0121,0.01331,0.32939,-0.60036,-0.03386,0.8729,0.01632,0.07542,-0.04363,-0.07905,-0.0341,2.904,-1.67862,-1.521,2.27248,1.48616,-1.31378,-0.3849,-0.13591,1.15807,-0.81571,2.08201,-1.27836,0.06622,0.1225,0.90588,-0.0893,-0.17746,-0.35505,-0.13183,-0.05734,-0.06757,0.96162,0.09761,0.19711,-0.43253,-0.13868,0.04718,0.06315
1,-0.0542,-0.01169,0.0133,0.33196,-0.60053,-0.03331,0.87343,0.01731,0.07458,-0.04821,-0.08157,-0.03411,2.904,-1.5975,-1.521,2.33589,1.5656,-1.31195,-0.37812,-0.16771,1.24633,-0.78956,2.17054,-1.27851,0.06403,0.13363,0.9056,-0.09061,-0.17933,-0.35468,-0.13202,-0.05724,-0.06753,0.96211,0.09617,0.1956,-0.43213,-0.13916,0.04722,0.06319
1.02,-0.05415,-0.01113,0.01329,0.33352,-0.60074,-0.03279,0.87329,0.01716,0.07273,-0.04828,-0.08195,-0.03411,2.904,-1.54463,-1.521,2.34966,1.68073,-1.30207,-0.33981,-0.28023,1.30723,-0.7325,2.20573,-1.42377,-0.04084,0.14121,0.9048,-0.09197,-0.18414,-0.35405,-0.13214,-0.05699,-0.0674,0.96223,0.09489,0.19349,-0.43146,-0.13967,0.04735,0.06331
1.04,-0.05397,-0.01053,0.01329,0.33469,-0.60091,-0.03228,0.87287,0.01658,0.07057,-0.04664,-0.0815,-0.03411,2.904,-1.50384,-1.521,2.342,1.80681,-1.28933,-0.29106,-0.41887,1.35681,-0.6658,2.21969,-1.61617,-0.17983,0.14708,0.90376,-0.09332,-0.18987,-0.35334,-0.13223,-0.0567,-0.06725,0.96214,0.09366,0.19116,-0.43073,-0.14019,0.04752,0.06345
1.06,-0.05385,-0.00996,0.01328,0.33597,-0.60105,-0.03177,0.87249,0.01619,0.06862,-0.0456,-0.0814,-0.03412,2.904,-1.45959,-1.521,2.34378,1.92433,-1.27793,-0.24838,-0.54131,1.40938,-0.60687,2.24258,-1.77996,-0.29925,0.1533,0.9028,-0.09462,-0.19489,-0.35268,-0.13234,-0.05645,-0.06712,0.96208,0.09242,0.18894,-0.43004,-0.14069,0.04768,0.06358
1.08,-0.05373,-0.00933,0.01328,0.33754,-0.60138,-0.03124,0.87246,0.01585,0.06636,-0.04536,-0.08143,-0.03412,2.904,-1.40674,-1.521,2.34506,2.0575,-1.26623,-0.20001,-0.68226,1.47142,-0.53304,2.26791,-1.97339,-0.4354,0.16121,0.90193,-0.09619,-0.20115,-0.35197,-0.13244,-0.05612,-0.06694,0.96226,0.0911,0.18665,-0.42928,-0.14124,0.04782,0.06371
1.1,-0.05357,-0.00883,0.01327,0.33842,-0.60131,-0.03076,0.87166,0.01529,0.06467,-0.04303,-0.08098,-0.03412,2.904,-1.37471,-1.521,2.34286,2.16053,-1.25461,-0.16107,-0.79075,1.5109,-0.48803,2.28329,-2.11708,-0.54527,0.16529,0.90082,-0.0972,-0.20509,-0.35136,-0.13256,-0.05595,-0.06686,0.96192,0.08998,0.18446,-0.42866,-0.14169,0.04801,0.06385
1.12,-0.05333,-0.00872,0.01328,0.33742,-0.60007,-0.03037,0.86869,0.0142,0.06454,-0.03538,-0.07938,-0.03413,2.904,-1.39707,-1.521,2.33767,2.17704,-1.24273,-0.15058,-0.80344,1.4908,-0.52686,2.27721,-2.10514,-0.57035,0.15841,0.89903,-0.09659,-0.20204,-0.351,-0.13276,-0.05628,-0.06709,0.96014,0.08942,0.18245,-0.4284,-0.14181,0.04836,0.06403
1.14,-0.05306,-0.00875,0.01328,0.33575,-0.59843,-0.03003,0.86496,0.0129,0.065,-0.02569,-0.07731,-0.03413,2.904,-1.43998,-1.521,2.32973,2.16285,-1.23122,-0.15001,-0.78251,1.44837,-0.59475,2.26183,-2.04269,-0.56844,0.14786,0.89701,-0.09545,-0.1967,-0.35075,-0.13299,-0.05678,-0.06741,0.95787,0.08908,0.18055,-0.42829,-0.14182,0.04876,0.06421
1.16,-0.05281,-0.00872,0.01328,0.33442,-0.597,-0.02968,0.86163,0.0117,0.06521,-0.01692,-0.07546,-0.03414,2.904,-1.47359,-1.521,2.32241,2.1631,-1.22034,-0.14496,-0.77674,1.41611,-0.64826,2.25027,-2.00791,-0.58158,0.1395,0.89513,-0.09461,-0.19266,-0.35048,-0.13319,-0.05718,-0.06767,0.95587,0.08865,0.17868,-0.42812,-0.14188,0.04913,0.06439
1.18,-0.05251,-0.00868,0.0133,0.3329,-0.59545,-0.02926,0.85805,0.01047,0.06533,-0.00812,-0.07357,-0.03415,2.904,-1.50751,-1.521,2.31696,2.16184,-1.20607,-0.13928,-0.77225,1.38327,-0.70651,2.23961,-1.95525,-0.58456,0.1289,0.89309,-0.09353,-0.18759,-0.35011,-0.13343,-0.05768,-0.06799,0.95366,0.08818,0.17649,-0.42791,-0.14193,0.04953,0.06459
1.2,-0.05231,-0.00868,0.01327,0.33163,-0.59404,-0.02901,0.85481,0.00925,0.06577,0.00107,-0.07167,-0.03415,2.904,-1.54545,-1.521,2.30723,2.15608,-1.1989,-0.13757,-0.75696,1.3466,-0.76174,2.22521,-1.92674,-0.60134,0.12208,0.89134,-0.09281,-0.18407,-0.34997,-0.13361,-0.05802,-0.06822,0.95176,0.08785,0.17499,-0.42782,-0.14199,0.04987,0.06474
1.22,-0.05243,-0.00873,0.01312,0.33119,-0.59319,-0.02918,0.85266,0.00814,0.06704,0.01101,-0.06985,-0.03416,2.904,-1.58975,-1.521,2.28682,2.14729,-1.21195,-0.14311,-0.7184,1.30398,-0.80299,2.20254,-1.98134,-0.66704,0.12703,0.89048,-0.09325,-0.18559,-0.35034,-0.13359,-0.05792,-0.06814,0.95094,0.08782,0.17524,-0.42804,-0.14214,0.05,0.06478
1.24,-0.05265,-0.00881,0.01291,0.33103,-0.59247,-0.02952,0.85087,0.00704,0.06859,0.02124,-0.06806,-0.03416,2.904,-1.63723,-1.521,2.26225,2.1347,-1.23203,-0.15258,-0.67034,1.25849,-0.83995,2.1766,-2.06097,-0.74656,0.13583,0.88993,-0.09407,-0.18871,-0.35097,-0.13351,-0.05766,-0.06796,0.95042,0.08792,0.17621,-0.42838,-0.14231,0.05005,0.06478
1.26,-0.05282,-0.00887,0.01271,0.33076,-0.59165,-0.02981,0.84891,0.00593,0.06995,0.03123,-0.06629,-0.03417,2.904,-1.68303,-1.521,2.23936,2.12252,-1.24845,-0.16123,-0.62759,1.21492,-0.87796,2.15244,-2.12629,-0.81687,0.14257,0.88921,-0.09469,-0.19093,-0.35154,-0.13347,-0.05749,-0.06784,0.94969,0.08798,0.17694,-0.42866,-0.14245,0.05012,0.06479
1.28,-0.05301,-0.00895,0.01257,0.33039,-0.59102,-0.03002,0.84696,0.00485,0.0716,0.04174,-0.06437,-0.03417,2.904,-1.73068,-1.521,2.21713,2.1146,-1.26684,-0.16629,-0.57946,1.16797,-0.92082,2.1267,-2.20239,-0.89876,0.15047,0.8886,-0.09538,-0.19372,-0.35182,-0.13338,-0.05727,-0.06768,0.94927,0.08799,0.17729,-0.42897,-0.14267,0.05025,0.06482
1.3,-0.05318,-0.00901,0.01229,0.33032,-0.59001,-0.03041,0.84508,0.00371,0.07269,0.0512,-0.06276,-0.03418,2.904,-1.7748,-1.521,2.19273,2.09756,-1.28278,-0.17943,-0.54074,1.12767,-0.95215,2.1036,-2.26249,-0.96,0.15693,0.88787,-0.09606,-0.1958,-0.35284,-0.13337,-0.05711,-0.06757,0.94828,0.08811,0.17859,-0.42925,-0.14274,0.05024,0.06479
1.32,-0.05325,-0.00896,0.01163,0.33089,-0.588,-0.0314,0.84337,0.00252,0.0722,0.05786,-0.06206,-0.03418,2.904,-1.80971,-1.521,2.16198,2.0541,-1.29032,-0.21571,-0.53014,1.10668,-0.95279,2.08858,-2.27383,-0.96238,0.15861,0.88646,-0.09629,-0.19506,-0.35513,-0.13367,-0.05717,-0.06763,0.94569,0.08874,0.18253,-0.42933,-0.14246,0.04979,0.06457
1.34,-0.0533,-0.00891,0.01083,0.33178,-0.58558,-0.03254,0.84172,0.00126,0.07112,0.0634,-0.06165,-0.03419,2.904,-1.84064,-1.521,2.12945,2.00213,-1.29514,-0.25961,-0.52951,1.09257,-0.94186,2.07639,-2.26828,-0.94346,0.15874,0.88497,-0.09656,-0.19365,-0.35829,-0.13405,-0.05729,-0.06775,0.94253,0.08944,0.18738,-0.4294,-0.14204,0.0492,0.06427
1.36,-0.05338,-0.00889,0.01006,0.33261,-0.5833,-0.03354,0.84001,-1e-05,0.07026,0.06933,-0.06107,-0.0342,2.904,-1.87241,-1.521,2.09868,1.95562,-1.30116,-0.29878,-0.52468,1.07526,-0.93596,2.06296,-2.26955,-0.93324,0.1595,0.88369,-0.09705,-0.19291,-0.36148,-0.13436,-0.05736,-0.06782,0.93961,0.08997,0.19167,-0.42955,-0.14166,0.0487,0.06402
1.38,-0.05338,-0.00873,0.00941,0.3331,-0.58124,-0.03487,0.83845,-0.00108,0.06961,0.07579,-0.06066,-0.0342,2.904,-1.90832,-1.521,2.0638,1.90228,-1.30759,-0.34343,-0.51826,1.05808,-0.93072,2.04919,-2.2748,-0.92712,0.16064,0.88168,-0.09657,-0.19075,-0.36283,-0.13481,-0.05753,-0.06796,0.93676,0.09107,0.19656,-0.42941,-0.14137,0.04811,0.06373
1.4,-0.05353,-0.00887,0.00849,0.33439,-0.57861,-0.03552,0.83658,-0.0026,0.06838,0.08086,-0.05994,-0.03421,2.904,-1.93472,-1.521,2.03702,1.86114,-1.31242,-0.37845,-0.51746,1.04236,-0.92162,2.03686,-2.26801,-0.90786,0.16064,0.88119,-0.09811,-0.19126,-0.36827,-0.135,-0.05752,-0.06799,0.93362,0.09101,0.20046,-0.42986,-0.14086,0.04766,0.06349
1.42,-0.0541,-0.00971,0.00689,0.33774,-0.57453,-0.03439,0.8339,-0.0051,0.06562,0.0825,-0.05841,-0.03421,2.904,-1.93494,-1.521,2.03393,1.85617,-1.3134,-0.3846,-0.53135,1.02853,-0.90276,2.02776,-2.22683,-0.85169,0.15728,0.88473,-0.1051,-0.20017,-0.38441,-0.13444,-0.05692,-0.06766,0.92985,0.08777,0.20074,-0.43183,-0.13984,0.04767,0.06344
1.44,-0.05481,-0.01086,0.00504,0.34191,-0.56987,-0.03253,0.8309,-0.00807,0.06229,0.08273,-0.05652,-0.03422,2.904,-1.92587,-1.521,2.03893,1.8637,-1.31284,-0.38085,-0.55034,1.01603,-0.88073,2.02007,-2.17483,-0.78389,0.1529,0.88984,-0.11412,-0.21161,-0.40469,-0.13362,-0.05614,-0.06722,0.92579,0.08336,0.20009,-0.43442,-0.13859,0.04782,0.06343
1.46,-0.05544,-0.01193,0.00329,0.34578,-0.56545,-0.03088,0.82801,-0.01098,0.05924,0.0835,-0.05471,-0.03423,2.904,-1.92164,-1.521,2.03965,1.86525,-1.31298,-0.38187,-0.5659,1.00325,-0.86149,2.0118,-2.13133,-0.7254,0.14941,0.89436,-0.12228,-0.22135,-0.42334,-0.13293,-0.05549,-0.06686,0.92183,0.07948,0.2003,-0.43681,-0.1374,0.04785,0.06337
1.48,-0.05612,-0.01276,0.00156,0.3494,-0.56111,-0.02972,0.82523,-0.01328,0.0561,0.08468,-0.05326,-0.03422,2.904,-1.91473,-1.521,2.0428,1.8678,-1.31301,-0.38201,-0.58629,0.98933,-0.83636,2.00332,-2.07277,-0.64987,0.14417,0.89838,-0.13025,-0.23345,-0.44103,-0.13219,-0.05466,-0.06639,0.91796,0.07561,0.19876,-0.43885,-0.13641,0.04809,0.06341
1.5,-0.05675,-0.01414,-0.00025,0.3537,-0.55648,-0.02739,0.82218,-0.01694,0.05303,0.08466,-0.05098,-0.03424,2.904,-1.91116,-1.521,2.0429,1.87131,-1.31294,-0.38153,-0.59795,0.978,-0.82261,1.99562,-2.04241,-0.60649,0.14223,0.90381,-0.13902,-0.24116,-0.46162,-0.13149,-0.05417,-0.06611,0.91387,0.07144,0.20056,-0.44177,-0.13495,0.04794,0.06326
1.52,-0.05724,-0.01701,-0.00219,0.35982,-0.55104,-0.02191,0.81818,-0.02435,0.05012,0.08187,-0.04642,-0.03436,2.904,-1.91978,-1.521,2.03202,1.87469,-1.31299,-0.38184,-0.58204,0.97362,-0.84378,1.9892,-2.09978,-0.66218,0.15064,0.91282,-0.14995,-0.23672,-0.4898,-0.1309,-0.05468,-0.06633,0.90911,0.06679,0.21251,-0.44711,-0.13219,0.04663,0.0625
1.54,-0.05768,-0.02039,-0.0042,0.36655,-0.54536,-0.01529,0.81395,-0.03309,0.04731,0.07788,-0.04106,-0.03451,2.904,-1.93197,-1.521,2.01791,1.87859,-1.31298,-0.38181,-0.55749,0.97173,-0.8761,1.98358,-2.18475,-0.74942,0.16224,0.92317,-0.16153,-0.22769,-0.52063,-0.13038,-0.05555,-0.06675,0.90419,0.06188,0.22772,-0.4533,-0.12899,0.04495,0.06155
1.56,-0.05814,-0.02351,-0.00617,0.37291,-0.5399,-0.00923,0.80999,-0.04115,0.04455,0.07428,-0.03613,-0.03464,2.904,-1.9421,-1.521,2.00566,1.88213,-1.31298,-0.38184,-0.53834,0.96856,-0.90154,1.97791,-2.25233,-0.81729,0.17172,0.93287,-0.17253,-0.22031,-0.54989,-0.12989,-0.05629,-0.06709,0.89944,0.05705,0.24099,-0.45903,-0.12605,0.04348,0.06071
1.58,-0.05862,-0.02679,-0.00816,0.37973,-0.53396,-0.00293,0.80533,-0.04958,0.04139,0.07125,-0.03088,-0.03478,2.904,-1.95379,-1.521,1.99201,1.88663,-1.31299,-0.38193,-0.51327,0.96605,-0.93435,1.97101,-2.33956,-0.90558,0.1839,0.94284,-0.18478,-0.21471,-0.58091,-0.12915,-0.05692,-0.06738,0.89425,0.05233,0.25614,-0.4651,-0.12286,0.04182,0.05976
1.6,-0.05906,-0.02984,-0.01013,0.38571,-0.52898,0.0031,0.80209,-0.05752,0.03908,0.0668,-0.02612,-0.0349,2.904,-1.96318,-1.521,1.98043,1.8891,-1.31299,-0.38195,-0.49824,0.96278,-0.95469,1.9668,-2.39307,-0.9595,0.19132,0.9525,-0.19456,-0.20445,-0.60876,-0.12892,-0.05784,-0.06783,0.88997,0.04735,0.26817,-0.47063,-0.12009,0.04046,0.05899
1.62,-0.05942,-0.03227,-0.01206,0.38926,-0.52657,0.00834,0.8028,-0.06402,0.03922,0.05846,-0.02282,-0.03492,2.904,-1.96538,-1.521,1.97515,1.88584,-1.313,-0.38197,-0.51441,0.9565,-0.9363,1.9701,-2.34256,-0.90634,0.1842,0.96137,-0.19724,-0.18093,-0.62801,-0.13019,-0.05961,-0.06875,0.88815,0.04148,0.2708,-0.47464,-0.11854,0.04003,0.05876
1.64,-0.05974,-0.03444,-0.01397,0.39191,-0.52515,0.01322,0.80497,-0.06994,0.04019,0.04879,-0.02006,-0.03492,2.904,-1.96518,-1.521,1.97206,1.88048,-1.313,-0.38196,-0.5407,0.94942,-0.90528,1.97602,-2.25799,-0.81836,0.1723,0.96981,-0.19743,-0.15316,-0.64382,-0.13195,-0.06164,-0.06983,0.88728,0.03541,0.27018,-0.47804,-0.11743,0.03992,0.0587
1.66,-0.06007,-0.03666,-0.01587,0.39492,-0.52336,0.01808,0.80648,-0.07596,0.04071,0.03991,-0.01712,-0.03493,2.904,-1.96611,-1.521,1.96806,1.87604,-1.313,-0.38196,-0.56142,0.94287,-0.8811,1.98055,-2.19183,-0.74932,0.16297,0.97819,-0.19883,-0.12832,-0.66068,-0.13343,-0.06349,-0.0708,0.88604,0.02957,0.27102,-0.4816,-0.11615,0.03967,0.05857
1.68,-0.06044,-0.0392,-0.01785,0.39817,-0.52123,0.02375,0.80795,-0.08271,0.04157,0.03018,-0.0139,-0.03493,2.904,-1.96698,-1.521,1.96358,1.87177,-1.313,-0.38196,-0.58591,0.93568,-0.85267,1.98592,-2.11432,-0.66831,0.15205,0.98772,-0.19992,-0.0991,-0.67978,-0.13518,-0.06563,-0.07194,0.88456,0.02309,0.27203,-0.48568,-0.11476,0.03938,0.05841
1.7,-0.06072,-0.04099,-0.01966,0.40071,-0.52004,0.02763,0.80985,-0.08779,0.04189,0.02192,-0.01138,-0.03494,2.904,-1.96735,-1.521,1.96067,1.86663,-1.313,-0.38196,-0.6051,0.92961,-0.82993,1.99017,-2.0519,-0.60344,0.14327,0.99472,-0.20105,-0.07805,-0.69338,-0.13646,-0.06722,-0.07277,0.88378,0.01792,0.27188,-0.48852,-0.11369,0.03926,0.05834
1.72,-0.06074,-0.04074,-0.02107,0.40146,-0.52123,0.02665,0.81261,-0.08839,0.04062,0.01798,-0.01067,-0.03494,2.904,-1.96696,-1.521,1.96157,1.85951,-1.313,-0.38197,-0.6068,0.92668,-0.82631,1.99058,-2.04018,-0.59239,0.14167,0.99487,-0.20294,-0.08065,-0.69257,-0.13634,-0.06721,-0.07271,0.88471,0.01635,0.26925,-0.48805,-0.11339,0.03959,0.05845
1.74,-0.06066,-0.03975,-0.02231,0.40153,-0.52333,0.02386,0.81574,-0.08733,0.03875,0.01556,-0.01065,-0.03495,2.904,-1.96612,-1.521,1.96399,1.85158,-1.313,-0.38197,-0.60293,0.92492,-0.82875,1.98976,-2.04456,-0.59848,0.14235,0.99248,-0.20493,-0.09161,-0.68635,-0.13573,-0.06664,-0.07234,0.88629,0.01611,0.26557,-0.48636,-0.1134,0.04008,0.05864
1.76,-0.06061,-0.03911,-0.02362,0.40194,-0.525,0.02189,0.81869,-0.08704,0.0371,0.01247,-0.0103,-0.03495,2.904,-1.96545,-1.521,1.96571,1.84407,-1.313,-0.38197,-0.6019,0.92271,-0.82818,1.98955,-2.04098,-0.59606,0.14191,0.99122,-0.20684,-0.09873,-0.68262,-0.13534,-0.06632,-0.07212,0.88755,0.01531,0.26242,-0.48525,-0.11328,0.04048,0.05879
1.78,-0.06062,-0.03839,-0.02498,0.40219,-0.52678,0.01993,0.82175,-0.08665,0.03572,0.00926,-0.01004,-0.03496,2.904,-1.96486,-1.521,1.96749,1.83629,-1.313,-0.38197,-0.59992,0.92011,-0.82825,1.98924,-2.03894,-0.59547,0.14168,0.99004,-0.20881,-0.1059,-0.67862,-0.13497,-0.06602,-0.07189,0.88893,0.01433,0.25893,-0.48401,-0.11315,0.04096,0.05897
1.8,-0.06049,-0.03766,-0.02618,0.40262,-0.52853,0.01753,0.82465,-0.08608,0.03363,0.00668,-0.00976,-0.03496,2.904,-1.964,-1.521,1.96952,1.82887,-1.313,-0.38197,-0.59845,0.9186,-0.82859,1.9888,-2.03796,-0.59558,0.14162,0.9881,-0.2107,-0.11496,-0.67395,-0.13445,-0.06554,-0.07159,0.89019,0.01402,0.25594,-0.48277,-0.1131,0.0413,0.05909
1.82,-0.05998,-0.03706,-0.02691,0.40373,-0.53,0.01429,0.82695,-0.08544,0.02964,0.00551,-0.00916,-0.03497,2.904,-1.96259,-1.521,1.9717,1.82286,-1.313,-0.38197,-0.59988,0.91987,-0.82823,1.98835,-2.036,-0.59357,0.14147,0.9846,-0.21235,-0.12758,-0.66864,-0.13358,-0.06466,-0.07115,0.89102,0.01527,0.25469,-0.48181,-0.11324,0.0412,0.05902
1.84,-0.05934,-0.03647,-0.02747,0.40504,-0.53141,0.01068,0.82906,-0.08467,0.02496,0.0049,-0.00854,-0.03497,2.904,-1.96088,-1.521,1.97413,1.81714,-1.313,-0.38197,-0.60194,0.92219,-0.82799,1.98779,-2.0347,-0.5918,0.14145,0.98043,-0.2139,-0.14177,-0.66288,-0.13258,-0.06361,-0.07064,0.8917,0.01713,0.254,-0.4809,-0.11346,0.04096,0.0589
1.86,-0.05876,-0.03589,-0.02812,0.40625,-0.53282,0.00729,0.83127,-0.08396,0.02067,0.00402,-0.00798,-0.03497,2.904,-1.95929,-1.521,1.97648,1.81118,-1.313,-0.38197,-0.60358,0.92398,-0.82776,1.98724,-2.03326,-0.59001,0.14141,0.97662,-0.21546,-0.155,-0.65743,-0.13166,-0.06266,-0.07018,0.89241,0.01868,0.253,-0.47997,-0.11363,0.04078,0.0588
1.88,-0.05818,-0.03525,-0.02871,0.40749,-0.53434,0.00365,0.83345,-0.08319,0.01612,0.00331,-0.00719,-0.03498,2.904,-1.95789,-1.521,1.97856,1.80584,-1.313,-0.38197,-0.60559,0.926,-0.82747,1.9868,-2.03171,-0.58847,0.1413,0.97248,-0.21715,-0.16955,-0.65136,-0.13062,-0.06159,-0.06965,0.8933,0.02043,0.25217,-0.47898,-0.11385,0.0406,0.0587
1.9,-0.05757,-0.03474,-0.02939,0.40873,-0.53563,0.00044,0.83564,-0.08254,0.01188,0.00231,-0.0069,-0.03498,2.904,-1.95585,-1.521,1.98148,1.79907,-1.313,-0.38198,-0.60709,0.92781,-0.82726,1.98614,-2.0303,-0.58618,0.14133,0.9689,-0.21856,-0.18163,-0.64653,-0.1298,-0.06075,-0.06924,0.89378,0.02187,0.25115,-0.47815,-0.11398,0.04039,0.05858
1.92,-0.05686,-0.03466,-0.03033,0.40979,-0.53625,-0.00145,0.83775,-0.08228,0.00924,0.0006,-0.00785,-0.03498,2.904,-1.95351,-1.52101,1.9846,1.79036,-1.313,-0.38198,-0.60673,0.92855,-0.8272,1.98493,-2.02939,-0.58232,0.14162,0.96706,-0.21911,-0.18622,-0.64531,-0.12962,-0.0606,-0.06917,0.89314,0.02226,0.24924,-0.47775,-0.11379,0.04017,0.05844
1.94,-0.05613,-0.03473,-0.03136,0.41086,-0.53665,-0.0029,0.83989,-0.08214,0.00683,-0.00147,-0.00932,-0.03499,2.90399,-1.95026,-1.52099,1.9889,1.77993,-1.313,-0.38198,-0.6059,0.92908,-0.82719,1.98352,-2.02847,-0.57753,0.14204,0.96582,-0.21939,-0.18828,-0.64536,-0.12964,-0.06069,-0.06922,0.89211,0.0223,0.24716,-0.47752,-0.11349,0.03993,0.05829
1.96,-0.05543,-0.03472,-0.03236,0.41198,-0.53717,-0.00457,0.84208,-0.08191,0.00391,-0.00356,-0.01065,-0.03499,2.90401,-1.94652,-1.52101,1.99406,1.76885,-1.313,-0.38199,-0.60551,0.92988,-0.82716,1.9822,-2.02725,-0.57268,0.14242,0.9643,-0.21986,-0.19167,-0.64481,-0.12956,-0.06065,-0.0692,0.8913,0.02252,0.24535,-0.47721,-0.11326,0.03968,0.05814
1.98,-0.05465,-0.03475,-0.03332,0.41287,-0.53759,-0.00618,0.844,-0.0818,0.00263,-0.0049,-0.01159,-0.03499,2.90401,-1.94663,-1.52101,1.99353,1.76345,-1.313,-0.38199,-0.60422,0.93,-0.82714,1.98089,-2.0273,-0.56981,0.14272,0.9628,-0.22004,-0.1944,-0.64436,-0.12953,-0.0607,-0.06922,0.89031,0.02267,0.2428,-0.47691,-0.11298,0.03951,0.05802
2,-0.05402,-0.03473,-0.03438,0.41423,-0.53818,-0.00779,0.84648,-0.08149,-0.00196,-0.00787,-0.01344,-0.035,2.90395,-1.93847,-1.52093,2.00487,1.74628,-1.31299,-0.38199,-0.60466,0.93145,-0.82711,1.97952,-2.02476,-0.56268,0.14321,0.96142,-0.22075,-0.19783,-0.64399,-0.12945,-0.06062,-0.06919,0.88961,0.02287,0.24168,-0.47663,-0.11276,0.03918,0.05783
2.02,-0.05379,-0.0345,-0.03569,0.41704,-0.53931,-0.00958,0.85045,-0.08055,-0.01612,-0.01536,-0.01785,-0.035,2.90411,-1.90812,-1.52117,2.05073,1.69277,-1.31303,-0.38201,-0.61014,0.93686,-0.82702,1.97798,-2.01466,-0.54305,0.14424,0.96017,-0.2231,-0.20421,-0.64363,-0.12917,-0.06012,-0.06895,0.88975,0.02345,0.24495,-0.47637,-0.11271,0.03839,0.05747
2.04,-0.05372,-0.03421,-0.0371,0.42028,-0.54064,-0.01138,0.85497,-0.07942,-0.03355,-0.02445,-0.0231,-0.03501,2.90387,-1.86941,-1.52081,2.10801,1.62822,-1.31296,-0.38196,-0.61733,0.94356,-0.82691,1.97641,-2.00204,-0.51934,0.14544,0.95904,-0.22597,-0.21129,-0.64328,-0.12885,-0.05948,-0.06865,0.89019,0.02408,0.24959,-0.47613,-0.11271,0.03747,0.05706
2.06,-0.05357,-0.03395,-0.03847,0.4232,-0.54189,-0.01313,0.85927,-0.0784,-0.04924,-0.03274,-0.02783,-0.03501,2.90395,-1.83425,-1.52092,2.15888,1.57156,-1.31298,-0.38197,-0.62362,0.94951,-0.82681,1.97488,-1.99085,-0.49815,0.14651,0.95788,-0.22852,-0.21779,-0.64284,-0.12856,-0.05893,-0.06838,0.89053,0.0246,0.25335,-0.47587,-0.11268,0.03664,0.05669
2.08,-0.05342,-0.03369,-0.03981,0.42665,-0.54308,-0.01506,0.86346,-0.07727,-0.06604,-0.04138,-0.03318,-0.03502,2.90461,-1.80008,-1.52192,2.21538,1.50286,-1.31318,-0.3821,-0.63045,0.95616,-0.82671,1.97321,-1.97845,-0.47415,0.14779,0.95664,-0.23138,-0.22534,-0.64278,-0.12822,-0.0583,-0.06808,0.89074,0.02548,0.25817,-0.47565,-0.11265,0.03566,0.05624
2.1,-0.05333,-0.0334,-0.04125,0.42911,-0.54444,-0.01662,0.868,-0.07633,-0.08127,-0.04965,-0.03743,-0.03502,2.90251,-1.76193,-1.51875,2.26232,1.45646,-1.31256,-0.38169,-0.63653,0.96165,-0.82661,1.97184,-1.96799,-0.45502,0.14869,0.95559,-0.23373,-0.23086,-0.64194,-0.12797,-0.0578,-0.06784,0.89128,0.02561,0.26112,-0.47534,-0.11265,0.03497,0.05593
2.12,-0.05338,-0.03305,-0.04296,0.4286,-0.54619,-0.01717,0.87344,-0.07589,-0.0917,-0.05664,-0.03862,-0.03503,2.90585,-1.71431,-1.52381,2.28477,1.47592,-1.31355,-0.38234,-0.64034,0.9637,-0.82653,1.97127,-1.96357,-0.45047,0.14853,0.95493,-0.23466,-0.23106,-0.63879,-0.12794,-0.05762,-0.06775,0.89264,0.02367,0.25856,-0.47473,-0.11269,0.03509,0.05602
2.14,-0.05348,-0.03267,-0.04477,0.42711,-0.5481,-0.01736,0.8792,-0.07564,-0.10038,-0.06317,-0.03865,-0.03503,2.90441,-1.66305,-1.52157,2.29642,1.51791,-1.31309,-0.38206,-0.64329,0.96454,-0.82648,1.97101,-1.96125,-0.45097,0.148,0.95447,-0.23503,-0.22914,-0.63488,-0.12801,-0.05759,-0.06772,0.89433,0.02099,0.25408,-0.47402,-0.11274,0.03551,0.05623
2.16,-0.05356,-0.03231,-0.04653,0.42615,-0.54995,-0.01772,0.88477,-0.07532,-0.10967,-0.06981,-0.0391,-0.03504,2.89607,-1.61382,-1.50912,2.30979,1.5486,-1.31069,-0.38047,-0.64652,0.96589,-0.8264,1.97064,-1.95786,-0.44903,0.14764,0.95399,-0.23558,-0.22789,-0.63139,-0.12806,-0.05752,-0.06768,0.89588,0.01865,0.25048,-0.47336,-0.11279,0.03579,0.05639
2.18,-0.05365,-0.03192,-0.04835,0.42485,-0.55175,-0.01804,0.89053,-0.07492,-0.11988,-0.07695,-0.04001,-0.03504,2.92425,-1.5628,-1.55153,2.33658,1.58347,-1.31898,-0.3859,-0.65035,0.96741,-0.8263,1.97018,-1.95466,-0.44743,0.14726,0.95325,-0.23648,-0.22782,-0.62758,-0.128,-0.05732,-0.06757,0.89739,0.01628,0.24687,-0.47266,-0.11285,0.03607,0.05655
2.2,-0.05373,-0.03158,-0.05005,0.42403,-0.5537,-0.01836,0.89597,-0.07474,-0.1277,-0.08289,-0.0397,-0.03505,2.87749,-1.51464,-1.48076,2.33326,1.61502,-1.30504,-0.37684,-0.65262,0.9683,-0.82633,1.96995,-1.95189,-0.44657,0.14687,0.95307,-0.23652,-0.22487,-0.62425,-0.12818,-0.05742,-0.06762,0.89907,0.01381,0.24284,-0.47203,-0.11288,0.03642,0.05673
2.22,-0.05377,-0.0314,-0.05142,0.42467,-0.55596,-0.01865,0.90046,-0.07512,-0.12927,-0.08577,-0.03623,-0.03505,2.6055,-1.47639,-1.07479,2.24473,1.63297,-1.22692,-0.32509,-0.65148,0.96748,-0.82589,1.97039,-1.94678,-0.44447,0.14616,0.95445,-0.23413,-0.21371,-0.62247,-0.12905,-0.05836,-0.06812,0.90116,0.01113,0.2378,-0.47163,-0.11281,0.03691,0.05697
2.24,-0.05379,-0.03128,-0.05266,0.42585,-0.55836,-0.01898,0.90461,-0.07572,-0.12848,-0.08742,-0.03157,-0.03506,2.26179,-1.44102,-0.55958,2.12711,1.64673,-1.1271,-0.25932,-0.6487,0.96611,-0.82569,1.97103,-1.94228,-0.44312,0.1455,0.95638,-0.23092,-0.19987,-0.6212,-0.13014,-0.05958,-0.06878,0.90342,0.00841,0.23246,-0.47131,-0.11271,0.03744,0.05722
2.26,-0.05381,-0.03113,-0.05394,0.42683,-0.56071,-0.01935,0.90891,-0.07623,-0.1288,-0.08953,-0.02748,-0.03506,1.96385,-1.40359,-0.11059,2.02581,1.6617,-1.03925,-0.20186,-0.64616,0.96518,-0.82598,1.97153,-1.93989,-0.4431,0.14509,0.95801,-0.2282,-0.18775,-0.61971,-0.1311,-0.06063,-0.06935,0.9056,0.00581,0.22749,-0.47096,-0.11262,0.03793,0.05744
2.28,-0.05387,-0.03098,-0.05529,0.42756,-0.56302,-0.01943,0.91326,-0.07669,-0.12889,-0.09206,-0.02323,-0.03506,1.61058,-1.36904,0.40807,1.91097,1.6801,-0.94232,-0.1362,-0.64558,0.96343,-0.82392,1.97227,-1.92884,-0.43715,0.14362,0.95985,-0.225,-0.17341,-0.61815,-0.1322,-0.06185,-0.07001,0.90777,0.00274,0.22151,-0.47059,-0.11253,0.03856,0.05775
2.3,-0.05385,-0.03083,-0.05647,0.42896,-0.56544,-0.02014,0.91742,-0.07729,-0.1289,-0.09343,-0.01905,-0.03507,1.35501,-1.32942,0.80817,1.81767,1.6904,-0.85936,-0.08427,-0.64072,0.96321,-0.82658,1.97254,-1.93426,-0.44246,0.14428,0.96138,-0.22259,-0.16308,-0.61686,-0.13306,-0.0628,-0.07052,0.91002,0.00064,0.21753,-0.47027,-0.11244,0.03889,0.05789
2.32,-0.05362,-0.03067,-0.05722,0.43211,-0.56814,-0.02251,0.92108,-0.07826,-0.12933,-0.09196,-0.01535,-0.03507,1.39184,-1.27354,0.848,1.79025,1.67644,-0.81876,-0.07402,-0.62299,0.96807,-0.84428,1.9715,-2.00004,-0.48947,0.15151,0.96191,-0.22264,-0.16469,-0.61614,-0.13315,-0.06291,-0.07057,0.91239,0.00127,0.21961,-0.47011,-0.11233,0.03838,0.05756
2.34,-0.0533,-0.03051,-0.0578,0.43592,-0.57095,-0.02552,0.92456,-0.07934,-0.12975,-0.08938,-0.01178,-0.03508,1.52858,-1.21279,0.76587,1.7857,1.65491,-0.79332,-0.07801,-0.60128,0.97436,-0.86637,1.96998,-2.07991,-0.54598,0.16076,0.96211,-0.22349,-0.1704,-0.61568,-0.13298,-0.06274,-0.07046,0.91484,0.00287,0.22364,-0.46999,-0.11222,0.03758,0.05707
2.36,-0.053,-0.03035,-0.05846,0.43941,-0.57372,-0.02826,0.92817,-0.08034,-0.13012,-0.08729,-0.00817,-0.03508,1.61624,-1.15528,0.74356,1.77125,1.63862,-0.76192,-0.07526,-0.5824,0.9795,-0.88506,1.96864,-2.14308,-0.59077,0.16863,0.96247,-0.22391,-0.1741,-0.6151,-0.13294,-0.06271,-0.07043,0.91729,0.00398,0.22645,-0.46985,-0.11212,0.03693,0.05666
2.38,-0.05277,-0.0302,-0.0591,0.44298,-0.57645,-0.03091,0.93157,-0.08149,-0.13062,-0.08519,-0.00443,-0.03509,1.71679,-1.09344,0.70645,1.75374,1.61453,-0.72567,-0.07313,-0.55924,0.98667,-0.90956,1.96744,-2.24839,-0.66591,0.17841,0.9628,-0.22458,-0.17831,-0.61452,-0.13286,-0.06265,-0.07037,0.91964,0.00527,0.23059,-0.46974,-0.112,0.03622,0.05621
2.4,-0.05239,-0.03001,-0.05975,0.44654,-0.57928,-0.0339,0.93535,-0.08233,-0.13088,-0.08289,-0.001,-0.0351,1.81531,-1.03953,0.66987,1.74838,1.60501,-0.70361,-0.07331,-0.54395,0.99003,-0.92315,1.96584,-2.27094,-0.68124,0.18473,0.9631,-0.22495,-0.18246,-0.61402,-0.1328,-0.06259,-0.07033,0.92218,0.00643,0.23249,-0.46958,-0.11191,0.03555,0.05582
2.42,-0.05163,-0.0297,-0.06039,0.44979,-0.58249,-0.0377,0.94029,-0.08232,-0.13039,-0.07998,0.00164,-0.0351,1.88282,-1.00789,0.6631,1.77125,1.63715,-0.71523,-0.07609,-0.55233,0.98179,-0.90404,1.96314,-2.04708,-0.5191,0.18077,0.96339,-0.22418,-0.18556,-0.61348,-0.13284,-0.06261,-0.07032,0.92536,0.00694,0.22725,-0.46926,-0.11189,0.03511,0.05565
2.44,-0.05073,-0.02935,-0.06105,0.45302,-0.58576,-0.04182,0.9456,-0.082,-0.12969,-0.07697,0.00395,-0.0351,1.94531,-0.98448,0.66069,1.80561,1.68426,-0.74087,-0.0808,-0.56859,0.96979,-0.87405,1.96005,-1.7421,-0.29829,0.1733,0.96364,-0.22311,-0.18843,-0.61306,-0.13292,-0.06265,-0.07033,0.92869,0.0073,0.21977,-0.46891,-0.11189,0.03471,0.05554
2.46,-0.04991,-0.02903,-0.06173,0.45634,-0.58892,-0.04576,0.9507,-0.0818,-0.12915,-0.07423,0.00638,-0.03511,2.01122,-0.95788,0.65681,1.83475,1.72493,-0.76159,-0.08488,-0.58056,0.95996,-0.84999,1.95719,-1.4838,-0.11091,0.16759,0.96388,-0.22224,-0.19136,-0.61273,-0.13298,-0.06268,-0.07033,0.93184,0.00776,0.21364,-0.46859,-0.11189,0.03427,0.0554
2.48,-0.04902,-0.02868,-0.0623,0.45934,-0.59245,-0.04986,0.95597,-0.08167,-0.12834,-0.07053,0.00894,-0.03511,2.07614,-0.92898,0.64698,1.86484,1.76413,-0.77741,-0.08846,-0.59531,0.94822,-0.82194,1.9541,-1.18479,0.10465,0.16123,0.96424,-0.22109,-0.19468,-0.61178,-0.13303,-0.06272,-0.07033,0.93545,0.00813,0.20618,-0.46819,-0.11188,0.03389,0.05531
2.5,-0.04824,-0.02837,-0.06309,0.46301,-0.59521,-0.05368,0.96097,-0.08131,-0.12804,-0.06879,0.01114,-0.03512,2.14018,-0.90664,0.65167,1.89517,1.80965,-0.80569,-0.09332,-0.60627,0.93955,-0.79953,1.95141,-0.95085,0.27566,0.15539,0.96436,-0.22046,-0.19701,-0.61216,-0.13312,-0.06274,-0.07034,0.93814,0.00863,0.20094,-0.46795,-0.11188,0.0334,0.05511
2.52,-0.04775,-0.02816,-0.06443,0.46835,-0.59582,-0.05684,0.96517,-0.08036,-0.12914,-0.07254,0.01257,-0.03512,2.20662,-0.90263,0.70018,1.92525,1.87239,-0.87278,-0.10142,-0.60425,0.94039,-0.79561,1.94977,-0.9189,0.3084,0.15173,0.9637,-0.22123,-0.19732,-0.61594,-0.13326,-0.06262,-0.07033,0.93825,0.00972,0.20222,-0.46808,-0.11192,0.03261,0.05463
2.54,-0.04738,-0.028,-0.06598,0.47438,-0.59565,-0.05966,0.96907,-0.07918,-0.13076,-0.07826,0.01359,-0.03513,2.27124,-0.90458,0.76294,1.95472,1.9405,-0.95061,-0.11066,-0.59825,0.94443,-0.79769,1.94857,-0.95483,0.29443,0.14872,0.96283,-0.22255,-0.19649,-0.62109,-0.13346,-0.06248,-0.07033,0.93743,0.0109,0.20583,-0.46837,-0.11198,0.0317,0.05405
2.56,-0.04699,-0.02784,-0.06747,0.4802,-0.59582,-0.06251,0.97307,-0.07811,-0.13218,-0.08305,0.0147,-0.03513,2.33375,-0.90227,0.81656,1.98312,2.00382,-1.01801,-0.11917,-0.5945,0.94695,-0.79682,1.94727,-0.95786,0.30257,0.14549,0.96216,-0.22367,-0.19575,-0.62577,-0.13367,-0.06238,-0.07035,0.93702,0.01191,0.20846,-0.46863,-0.11203,0.03083,0.05351
2.58,-0.04644,-0.02758,-0.06882,0.48561,-0.59603,-0.06593,0.97724,-0.07701,-0.13346,-0.08798,0.01625,-0.03514,2.40827,-0.90661,0.88123,2.0176,2.07711,-1.1084,-0.12857,-0.58923,0.94966,-0.79647,1.94557,-0.96623,0.3093,0.14182,0.96107,-0.22452,-0.19686,-0.62981,-0.13371,-0.06215,-0.0703,0.93663,0.0135,0.2107,-0.46872,-0.11208,0.03003,0.05296
2.6,-0.04626,-0.02756,-0.07052,0.49202,-0.59599,-0.06804,0.98097,-0.07591,-0.13512,-0.09306,0.01675,-0.03514,2.45775,-0.89866,0.92659,2.03915,2.13129,-1.15444,-0.13644,-0.58599,0.95275,-0.79664,1.94478,-0.98128,0.30675,0.13928,0.96078,-0.22611,-0.19381,-0.63549,-0.13412,-0.06219,-0.07038,0.93599,0.01386,0.21432,-0.4692,-0.11212,0.02907,0.05241
2.62,-0.04699,-0.02817,-0.07313,0.50104,-0.59542,-0.06686,0.98361,-0.07494,-0.13802,-0.09843,0.01482,-0.03515,2.43523,-0.85315,0.91187,2.02487,2.12627,-1.06527,-0.1391,-0.58994,0.95626,-0.79663,1.94649,-0.99315,0.29302,0.13965,0.96274,-0.22918,-0.17974,-0.64559,-0.13563,-0.06308,-0.07088,0.93475,0.01109,0.22143,-0.47072,-0.11215,0.02763,0.05185
2.64,-0.04808,-0.02903,-0.0761,0.51102,-0.59464,-0.06431,0.9858,-0.07398,-0.14122,-0.10382,0.01177,-0.03515,2.38817,-0.79541,0.87776,1.99759,2.10264,-0.93281,-0.14027,-0.5959,0.96,-0.79702,1.94907,-1.01063,0.27079,0.14115,0.96549,-0.23303,-0.16147,-0.65723,-0.13749,-0.06424,-0.07149,0.9333,0.00702,0.22986,-0.47265,-0.11217,0.02605,0.05129
2.66,-0.04903,-0.0298,-0.07892,0.52053,-0.59399,-0.06221,0.98817,-0.07297,-0.1441,-0.10895,0.00897,-0.03516,2.35457,-0.74465,0.85468,1.97637,2.09096,-0.82691,-0.14257,-0.6005,0.96353,-0.7974,1.95118,-1.0294,0.2501,0.14218,0.96787,-0.23678,-0.14499,-0.66804,-0.13911,-0.06522,-0.07202,0.93202,0.00333,0.23753,-0.47441,-0.11217,0.0246,0.05075
2.68,-0.04988,-0.03047,-0.08171,0.53021,-0.59314,-0.06086,0.99065,-0.07215,-0.1478,-0.11521,0.00727,-0.03516,2.3113,-0.68818,0.82293,1.95445,2.06512,-0.69281,-0.14307,-0.60687,0.96765,-0.79727,1.95361,-1.03478,0.23733,0.14308,0.97029,-0.23949,-0.12902,-0.67951,-0.14108,-0.06645,-0.07269,0.93038,0.00052,0.24585,-0.47609,-0.11224,0.02292,0.05014
2.7,-0.05104,-0.03142,-0.08463,0.53975,-0.59268,-0.0576,0.99279,-0.07093,-0.14983,-0.11909,0.003,-0.03517,2.28218,-0.64053,0.80422,1.93095,2.0638,-0.60641,-0.1469,-0.61005,0.97054,-0.79821,1.95556,-1.06789,0.20702,0.14448,0.9728,-0.24453,-0.11095,-0.68989,-0.14239,-0.0672,-0.07309,0.92946,-0.0044,0.25321,-0.47804,-0.11218,0.02166,0.04967
2.72,-0.05298,-0.0331,-0.08784,0.54873,-0.5933,-0.04949,0.99404,-0.06869,-0.14752,-0.11644,-0.00794,-0.03517,2.29979,-0.62107,0.8282,1.90605,2.13874,-0.66742,-0.16075,-0.60425,0.97016,-0.80224,1.95605,-1.18123,0.12724,0.14715,0.97565,-0.25591,-0.08869,-0.69752,-0.1418,-0.06656,-0.07272,0.93067,-0.01502,0.25661,-0.48072,-0.11174,0.02171,0.04967
2.74,-0.05521,-0.03505,-0.09117,0.55751,-0.59432,-0.03949,0.99498,-0.06605,-0.14346,-0.11139,-0.02144,-0.03518,2.33221,-0.61075,0.86556,1.88005,2.23823,-0.77693,-0.17792,-0.59513,0.96848,-0.80727,1.956,-1.32105,0.03092,0.15023,0.97853,-0.26959,-0.06438,-0.70389,-0.14053,-0.06541,-0.07207,0.93263,-0.02768,0.25916,-0.48365,-0.11117,0.02218,0.04981
2.76,-0.0573,-0.03687,-0.09443,0.56634,-0.59518,-0.0303,0.9961,-0.06354,-0.13999,-0.10741,-0.03386,-0.03519,2.3568,-0.59568,0.89547,1.85466,2.32385,-0.8608,-0.19326,-0.58733,0.96728,-0.81165,1.95615,-1.44509,-0.05552,0.15299,0.98121,-0.28215,-0.04061,-0.71044,-0.13956,-0.06449,-0.07155,0.93423,-0.03928,0.26276,-0.48644,-0.1107,0.02239,0.04986
2.78,-0.05948,-0.03874,-0.09777,0.5754,-0.59593,-0.02124,0.99702,-0.06124,-0.13742,-0.10353,-0.046,-0.0352,2.38519,-0.58268,0.93045,1.82833,2.42031,-0.95828,-0.20989,-0.58037,0.96658,-0.81685,1.95653,-1.58507,-0.15226,0.15637,0.98467,-0.29506,-0.01825,-0.71872,-0.13863,-0.06359,-0.07104,0.93591,-0.0515,0.26366,-0.48938,-0.11009,0.02288,0.05003
2.8,-0.06152,-0.04057,-0.10096,0.58391,-0.59701,-0.01149,0.9983,-0.05841,-0.13252,-0.09887,-0.05929,-0.0352,2.40948,-0.56774,0.95833,1.80389,2.50024,-1.03958,-0.22464,-0.57086,0.9645,-0.82059,1.95627,-1.6982,-0.23139,0.15854,0.98652,-0.30778,0.00734,-0.72305,-0.13746,-0.06252,-0.07044,0.93759,-0.06289,0.26988,-0.49205,-0.10973,0.02289,0.04998
2.82,-0.06315,-0.04227,-0.10377,0.59109,-0.59893,-0.00023,1.00057,-0.05418,-0.12183,-0.0925,-0.07537,-0.03521,2.419,-0.54483,0.96313,1.78488,2.52853,-1.0638,-0.23353,-0.55508,0.95931,-0.82004,1.9546,-1.72937,-0.25726,0.15713,0.98394,-0.31922,0.04242,-0.71684,-0.13578,-0.06115,-0.06969,0.93913,-0.07151,0.2916,-0.49391,-0.11014,0.02141,0.04929
2.84,-0.06462,-0.04393,-0.10642,0.5977,-0.60116,0.01163,1.00322,-0.04945,-0.10884,-0.08546,-0.09246,-0.03522,2.42397,-0.51979,0.96043,1.7679,2.53933,-1.07029,-0.24036,-0.53684,0.95272,-0.81799,1.95227,-1.7328,-0.26488,0.1545,0.97975,-0.33041,0.08043,-0.70667,-0.13388,-0.05963,-0.06885,0.94065,-0.07921,0.31857,-0.49548,-0.11081,0.01945,0.04839
2.86,-0.06612,-0.04559,-0.10912,0.60449,-0.60325,0.02317,1.00574,-0.04498,-0.09677,-0.07881,-0.10894,-0.03523,2.43108,-0.49604,0.96143,1.75009,2.55838,-1.08564,-0.24806,-0.51971,0.9465,-0.81662,1.95009,-1.74984,-0.28124,0.15251,0.97631,-0.34185,0.11635,-0.69824,-0.13207,-0.05814,-0.06804,0.94218,-0.08734,0.34274,-0.49717,-0.11135,0.01775,0.0476
2.88,-0.0678,-0.04731,-0.11192,0.61159,-0.60538,0.03502,1.00807,-0.04035,-0.08512,-0.07166,-0.1262,-0.03524,2.43845,-0.47124,0.96177,1.73181,2.57744,-1.09973,-0.25624,-0.50245,0.94131,-0.81526,1.94851,-1.76368,-0.29638,0.15016,0.9728,-0.35285,0.15557,-0.69001,-0.13026,-0.0568,-0.06729,0.94373,-0.09554,0.36865,-0.49893,-0.11193,0.01589,0.04674
2.9,-0.06907,-0.04889,-0.11446,0.61792,-0.60747,0.0463,1.01088,-0.03595,-0.07211,-0.06547,-0.14198,-0.03525,2.44391,-0.448,0.9614,1.71506,2.59148,-1.11102,-0.26278,-0.48499,0.93372,-0.81353,1.94557,-1.7771,-0.30942,0.14826,0.96904,-0.36462,0.18855,-0.68045,-0.12842,-0.05512,-0.06638,0.9452,-0.1033,0.39215,-0.50048,-0.11249,0.01423,0.04597
2.92,-0.06926,-0.05014,-0.11637,0.62228,-0.60954,0.05621,1.01505,-0.03222,-0.05554,-0.0618,-0.15378,-0.03525,2.44611,-0.42955,0.96193,1.70163,2.60034,-1.12378,-0.2662,-0.46699,0.91932,-0.81114,1.93862,-1.79734,-0.32186,0.14786,0.96524,-0.3792,0.20378,-0.66798,-0.12648,-0.05235,-0.06494,0.94665,-0.11027,0.40816,-0.50159,-0.11288,0.01321,0.04551
2.94,-0.06903,-0.05123,-0.118,0.62588,-0.61154,0.06544,1.01968,-0.02876,-0.03775,-0.05918,-0.16396,-0.03526,2.44633,-0.41273,0.96176,1.68977,2.60391,-1.13326,-0.26788,-0.44899,0.90268,-0.80844,1.9304,-1.81774,-0.33261,0.14794,0.96122,-0.39444,0.21255,-0.65434,-0.12453,-0.04928,-0.06334,0.948,-0.11674,0.42149,-0.5025,-0.11324,0.01241,0.04516
2.96,-0.06898,-0.05235,-0.11972,0.62981,-0.61346,0.07475,1.024,-0.02525,-0.02073,-0.05628,-0.17462,-0.03527,2.44677,-0.39513,0.96112,1.67748,2.60676,-1.14067,-0.26974,-0.43138,0.88742,-0.80588,1.92303,-1.83713,-0.34358,0.14779,0.95714,-0.40896,0.22415,-0.64137,-0.12264,-0.04645,-0.06186,0.94927,-0.12328,0.43579,-0.50346,-0.11361,0.01151,0.04476
2.98,-0.06895,-0.05362,-0.12161,0.63379,-0.61584,0.08506,1.02873,-0.02144,-0.00271,-0.05252,-0.18643,-0.03528,2.44985,-0.37753,0.96345,1.66405,2.62181,-1.16213,-0.27404,-0.41204,0.87054,-0.80327,1.9145,-1.85952,-0.35621,0.14767,0.95365,-0.42526,0.23637,-0.62768,-0.12053,-0.04317,-0.06015,0.95103,-0.13051,0.45132,-0.50456,-0.11399,0.01057,0.04435
3,-0.06879,-0.05456,-0.12308,0.6375,-0.61726,0.0931,1.03273,-0.01831,0.01345,-0.05081,-0.19542,-0.03529,2.44714,-0.36044,0.95967,1.65334,2.6109,-1.15429,-0.27295,-0.39634,0.85656,-0.80072,1.90807,-1.87609,-0.36524,0.14762,0.94892,-0.43799,0.24565,-0.61526,-0.11887,-0.04076,-0.0589,0.95177,-0.13616,0.46355,-0.50534,-0.11434,0.00977,0.04399
3.02,-0.06838,-0.05468,-0.1235,0.64066,-0.61593,0.09531,1.03453,-0.01694,0.02442,-0.0546,-0.19713,-0.0353,2.4279,-0.34347,0.93798,1.64963,2.5251,-1.06151,-0.25653,-0.39064,0.85096,-0.79827,1.90785,-1.87639,-0.36463,0.14768,0.94062,-0.44071,0.2491,-0.60661,-0.11846,-0.04093,-0.05902,0.94953,-0.13771,0.46774,-0.50536,-0.11467,0.00924,0.04376
3.04,-0.06786,-0.05447,-0.1235,0.64358,-0.61366,0.09522,1.03559,-0.01624,0.03339,-0.06041,-0.19605,-0.0353,2.4031,-0.32711,0.9104,1.6486,2.41399,-0.94006,-0.2349,-0.38862,0.84842,-0.79594,1.90977,-1.87108,-0.36062,0.14782,0.93112,-0.4398,0.24967,-0.59931,-0.11851,-0.04199,-0.0596,0.9463,-0.13766,0.46861,-0.50507,-0.11497,0.00885,0.04359
3.06,-0.06739,-0.05438,-0.12366,0.64659,-0.6119,0.09602,1.03704,-0.01525,0.04308,-0.06526,-0.19619,-0.03531,2.38155,-0.31106,0.88637,1.6464,2.31786,-0.83532,-0.21624,-0.38499,0.84462,-0.79363,1.91061,-1.86846,-0.35824,0.14791,0.92229,-0.44054,0.25106,-0.59143,-0.11834,-0.04258,-0.05994,0.94363,-0.13826,0.4707,-0.50488,-0.11528,0.00842,0.04341
3.08,-0.0669,-0.05441,-0.12395,0.64964,-0.60978,0.09745,1.03831,-0.01421,0.05364,-0.07036,-0.19648,-0.03531,2.35692,-0.29264,0.85873,1.64403,2.208,-0.71602,-0.19502,-0.38114,0.84018,-0.79091,1.91183,-1.86487,-0.35516,0.14802,0.91288,-0.44133,0.25429,-0.58333,-0.1182,-0.0434,-0.0604,0.94049,-0.13918,0.47389,-0.50484,-0.11562,0.00791,0.04318
3.1,-0.06643,-0.05413,-0.12386,0.65257,-0.60819,0.09703,1.03975,-0.01344,0.06188,-0.07537,-0.19582,-0.03532,2.33736,-0.27923,0.83712,1.64265,2.11936,-0.61893,-0.17788,-0.37854,0.83785,-0.78918,1.9128,-1.86243,-0.35308,0.14816,0.90442,-0.44112,0.25311,-0.57606,-0.1181,-0.04398,-0.06073,0.93809,-0.13906,0.47404,-0.50441,-0.11588,0.00759,0.04305
3.12,-0.06601,-0.05305,-0.12285,0.65515,-0.6083,0.09199,1.04189,-0.01311,0.06438,-0.07973,-0.19323,-0.03532,2.33367,-0.28002,0.83443,1.64332,2.10842,-0.6024,-0.17367,-0.37915,0.8405,-0.78935,1.91245,-1.86032,-0.35189,0.14782,0.89888,-0.43922,0.24015,-0.57071,-0.11799,-0.04365,-0.06055,0.93794,-0.13652,0.46658,-0.50292,-0.11587,0.00781,0.04316
3.14,-0.06561,-0.05169,-0.12147,0.65763,-0.60898,0.08518,1.04419,-0.01306,0.06458,-0.08391,-0.18979,-0.03533,2.3352,-0.28574,0.83788,1.64491,2.11765,-0.60728,-0.1737,-0.38077,0.8452,-0.79066,1.91179,-1.86024,-0.35226,0.1476,0.89435,-0.43643,0.22294,-0.56618,-0.1179,-0.04307,-0.06023,0.93857,-0.13298,0.4562,-0.50104,-0.11579,0.00822,0.04335
3.16,-0.0652,-0.05048,-0.12024,0.66022,-0.6094,0.07919,1.04639,-0.01295,0.06572,-0.08809,-0.18674,-0.03533,2.33401,-0.28887,0.83797,1.6461,2.10879,-0.59399,-0.17155,-0.38147,0.84908,-0.792,1.91132,-1.86214,-0.35378,0.14769,0.88936,-0.43394,0.2079,-0.56133,-0.11781,-0.04264,-0.05999,0.93887,-0.12986,0.44721,-0.49937,-0.11575,0.00853,0.0435
3.18,-0.06478,-0.04917,-0.11907,0.66254,-0.60977,0.07302,1.04872,-0.01257,0.06724,-0.09265,-0.1836,-0.03533,2.33407,-0.29347,0.84018,1.64731,2.13538,-0.61409,-0.17028,-0.38418,0.85266,-0.79109,1.91071,-1.85203,-0.34766,0.1463,0.88434,-0.43173,0.19175,-0.5563,-0.1177,-0.04209,-0.0597,0.93905,-0.12682,0.43782,-0.49755,-0.11567,0.00891,0.04368
3.2,-0.06439,-0.048,-0.1177,0.66539,-0.61039,0.06687,1.0508,-0.01282,0.06745,-0.09637,-0.18047,-0.03534,2.33289,-0.29623,0.83959,1.64865,2.09491,-0.57169,-0.16829,-0.38296,0.85725,-0.79504,1.91029,-1.86692,-0.35746,0.14796,0.87965,-0.42878,0.17695,-0.55184,-0.11763,-0.0417,-0.05948,0.93967,-0.12341,0.42863,-0.49595,-0.11567,0.00918,0.04381
3.22,-0.06406,-0.04727,-0.11591,0.66985,-0.61161,0.0611,1.05229,-0.0148,0.06443,-0.09785,-0.17749,-0.03534,2.32641,-0.29232,0.82914,1.65005,1.85009,-0.33795,-0.16303,-0.37011,0.86449,-0.81294,1.91046,-1.9553,-0.41441,0.15855,0.87541,-0.42393,0.16686,-0.54859,-0.11768,-0.04182,-0.05952,0.94131,-0.11916,0.42074,-0.49498,-0.11596,0.0091,0.04377
3.24,-0.06376,-0.0467,-0.11393,0.67482,-0.61305,0.05546,1.0535,-0.0174,0.06022,-0.09849,-0.17456,-0.03535,2.31862,-0.28646,0.81582,1.65153,1.53981,-0.04323,-0.15699,-0.35336,0.8726,-0.83555,1.91081,-2.06788,-0.48671,0.1721,0.8715,-0.41839,0.1583,-0.54592,-0.11777,-0.0421,-0.05965,0.94336,-0.1146,0.41317,-0.49425,-0.11635,0.00891,0.04369
3.26,-0.06346,-0.04607,-0.11203,0.67949,-0.61435,0.04987,1.05475,-0.01972,0.05668,-0.09951,-0.17167,-0.03535,2.31183,-0.28174,0.80426,1.653,1.26901,0.21449,-0.15151,-0.33873,0.88007,-0.85548,1.91109,-2.16615,-0.54963,0.18394,0.86758,-0.41325,0.14909,-0.54309,-0.11784,-0.0423,-0.05973,0.94524,-0.11027,0.40544,-0.49344,-0.11668,0.00878,0.04363
3.28,-0.06309,-0.04538,-0.11016,0.68447,-0.61586,0.04373,1.05636,-0.02206,0.0525,-0.10052,-0.16851,-0.03535,2.30353,-0.27611,0.79097,1.65442,0.95804,0.51058,-0.14531,-0.32266,0.88867,-0.87771,1.91133,-2.27841,-0.62264,0.19731,0.86313,-0.40773,0.13954,-0.53979,-0.11793,-0.04252,-0.05982,0.9471,-0.10555,0.39767,-0.49251,-0.11706,0.00861,0.04355
3.3,-0.06287,-0.04486,-0.10818,0.68892,-0.61697,0.0388,1.05716,-0.02448,0.04941,-0.10136,-0.16592,-0.03536,2.29799,-0.27187,0.78052,1.65593,0.71463,0.74167,-0.14038,-0.30864,0.89508,-0.89626,1.91167,-2.36733,-0.67839,0.2082,0.85985,-0.40283,0.13113,-0.53764,-0.11797,-0.04275,-0.05993,0.94907,-0.10156,0.39011,-0.49188,-0.11737,0.0085,0.04351
3.32,-0.06301,-0.04482,-0.10595,0.69185,-0.61695,0.0372,1.05584,-0.02701,0.04966,-0.10191,-0.16488,-0.03536,2.30039,-0.27177,0.77874,1.65761,0.6764,0.77687,-0.13905,-0.30118,0.89521,-0.90338,1.91237,-2.38508,-0.68163,0.21156,0.85955,-0.39996,0.12524,-0.53824,-0.11783,-0.04294,-0.06001,0.95124,-0.09972,0.38282,-0.49204,-0.11745,0.0086,0.04355
3.34,-0.06331,-0.04495,-0.1036,0.69422,-0.61651,0.03682,1.05369,-0.02957,0.05105,-0.10233,-0.16442,-0.03536,2.30561,-0.27315,0.77989,1.65931,0.70778,0.74494,-0.13905,-0.2959,0.8931,-0.90663,1.91315,-2.37863,-0.66718,0.21233,0.86044,-0.39771,0.12049,-0.54001,-0.11763,-0.04316,-0.06011,0.95348,-0.0986,0.37579,-0.49248,-0.11746,0.00876,0.04362
3.36,-0.06354,-0.045,-0.10128,0.69684,-0.61625,0.03588,1.05188,-0.03206,0.05192,-0.10284,-0.16371,-0.03536,2.30946,-0.27389,0.77956,1.6611,0.70555,0.74482,-0.13846,-0.28961,0.89203,-0.91173,1.91382,-2.3838,-0.66155,0.21426,0.86088,-0.39507,0.11546,-0.54141,-0.11747,-0.04339,-0.06022,0.95565,-0.09711,0.36883,-0.49279,-0.11751,0.00888,0.04368
3.38,-0.06375,-0.04508,-0.09905,0.69953,-0.61608,0.03496,1.05024,-0.03481,0.05276,-0.10319,-0.16293,-0.03536,2.31349,-0.27434,0.77968,1.66272,0.70964,0.7413,-0.1377,-0.28325,0.89093,-0.91664,1.91481,-2.38728,-0.65313,0.21635,0.86096,-0.39286,0.10958,-0.54213,-0.11725,-0.04351,-0.06027,0.95799,-0.09581,0.36111,-0.49315,-0.11751,0.00906,0.04376
3.4,-0.06404,-0.04512,-0.09662,0.7019,-0.6156,0.03427,1.04803,-0.03701,0.05396,-0.10383,-0.16242,-0.03537,2.31803,-0.27586,0.77971,1.6644,0.71766,0.72817,-0.13772,-0.27761,0.88932,-0.92094,1.91514,-2.38813,-0.64614,0.21746,0.86207,-0.38991,0.10561,-0.54454,-0.11713,-0.04387,-0.06044,0.96,-0.09428,0.35499,-0.49347,-0.1176,0.00913,0.04379
3.42,-0.0645,-0.04506,-0.09373,0.7037,-0.61435,0.03407,1.04446,-0.03776,0.05572,-0.1055,-0.16263,-0.03545,2.32161,-0.27932,0.77768,1.66863,0.72291,0.70396,-0.13851,-0.27342,0.88695,-0.9245,1.9137,-2.38798,-0.64723,0.21655,0.86571,-0.38499,0.10753,-0.55143,-0.11731,-0.04502,-0.06099,0.96103,-0.09206,0.35361,-0.49369,-0.11797,0.00885,0.04369
3.44,-0.06503,-0.04494,-0.09064,0.70516,-0.6128,0.03401,1.04034,-0.03793,0.05783,-0.10744,-0.16306,-0.03554,2.32588,-0.28391,0.77565,1.67243,0.72985,0.67201,-0.14017,-0.26993,0.88412,-0.92752,1.91159,-2.38575,-0.65026,0.2147,0.87034,-0.37928,0.11117,-0.55993,-0.11759,-0.04641,-0.06166,0.96174,-0.08956,0.35375,-0.49386,-0.11843,0.00847,0.04356
3.46,-0.06552,-0.04482,-0.0876,0.70664,-0.61141,0.03377,1.03645,-0.0383,0.05989,-0.10912,-0.16331,-0.03563,2.33099,-0.28845,0.77438,1.67492,0.73359,0.64433,-0.14219,-0.26611,0.88145,-0.9308,1.90973,-2.38423,-0.65253,0.21325,0.87454,-0.37381,0.11342,-0.56762,-0.1178,-0.04763,-0.06224,0.96266,-0.0871,0.35293,-0.49402,-0.11885,0.00816,0.04344
3.48,-0.06606,-0.04483,-0.08475,0.70863,-0.60991,0.03408,1.03258,-0.03894,0.06154,-0.11136,-0.16393,-0.03571,2.33152,-0.29116,0.77012,1.68398,0.74824,0.61233,-0.14131,-0.2623,0.87894,-0.93403,1.90809,-2.38322,-0.65398,0.21188,0.87872,-0.36888,0.11825,-0.57575,-0.1181,-0.04909,-0.06294,0.96331,-0.08506,0.35326,-0.49434,-0.11926,0.00775,0.04329
3.5,-0.06651,-0.04456,-0.08145,0.70952,-0.60857,0.03325,1.02856,-0.03888,0.06407,-0.11252,-0.16382,-0.0358,2.34148,-0.29783,0.77192,1.67899,0.74185,0.58691,-0.14636,-0.25876,0.87598,-0.93712,1.90585,-2.38052,-0.65747,0.21012,0.88312,-0.36261,0.11813,-0.58327,-0.11823,-0.05011,-0.06343,0.96443,-0.08206,0.35153,-0.49429,-0.11971,0.00752,0.04322
3.52,-0.06671,-0.04353,-0.07704,0.7074,-0.60796,0.02935,1.02439,-0.03701,0.06927,-0.11056,-0.16168,-0.03588,2.37915,-0.31595,0.79168,1.63762,0.65742,0.59463,-0.17026,-0.25452,0.87221,-0.9412,1.90188,-2.37765,-0.66929,0.20797,0.88832,-0.35293,0.10361,-0.5891,-0.11783,-0.04999,-0.06334,0.96704,-0.0766,0.34386,-0.49321,-0.12021,0.00779,0.04336
3.54,-0.0668,-0.04221,-0.07216,0.70421,-0.60749,0.02427,1.02007,-0.03445,0.07528,-0.10752,-0.15879,-0.03596,2.42585,-0.33788,0.81734,1.58176,0.55468,0.60747,-0.19966,-0.25077,0.86797,-0.94495,1.89736,-2.3726,-0.68264,0.20542,0.89361,-0.3419,0.08412,-0.59416,-0.11726,-0.0494,-0.06303,0.97009,-0.07017,0.33405,-0.49174,-0.12074,0.00826,0.0436
3.56,-0.06693,-0.04103,-0.06743,0.70154,-0.60684,0.01967,1.01574,-0.03223,0.08072,-0.10501,-0.15623,-0.03604,2.46728,-0.3575,0.83949,1.53089,0.47324,0.60931,-0.22473,-0.24768,0.86371,-0.948,1.89323,-2.36591,-0.6932,0.20276,0.89858,-0.33143,0.06706,-0.5993,-0.11677,-0.04894,-0.06278,0.97285,-0.06412,0.3251,-0.49045,-0.12125,0.00866,0.0438
3.58,-0.06713,-0.03985,-0.06297,0.69868,-0.60669,0.01532,1.01171,-0.02989,0.08706,-0.10231,-0.15374,-0.03612,2.51395,-0.3795,0.86507,1.4864,0.33863,0.64609,-0.25732,-0.24096,0.86033,-0.95452,1.88848,-2.36988,-0.71243,0.20124,0.90479,-0.32119,0.04924,-0.60564,-0.11627,-0.04884,-0.0627,0.97602,-0.05831,0.31661,-0.48917,-0.12177,0.00897,0.04396
3.6,-0.06715,-0.03858,-0.05785,0.69601,-0.60551,0.01017,1.00702,-0.02763,0.09167,-0.09978,-0.1509,-0.03619,2.55147,-0.39758,0.88499,1.4256,0.30851,0.61316,-0.27581,-0.2418,0.85513,-0.95389,1.88491,-2.35164,-0.71423,0.19734,0.90837,-0.31012,0.03191,-0.60925,-0.11575,-0.04791,-0.06223,0.97842,-0.05176,0.3067,-0.48776,-0.1223,0.0095,0.04423
3.62,-0.06676,-0.03713,-0.05104,0.69381,-0.60159,0.00316,1.00055,-0.02575,0.09156,-0.09784,-0.14726,-0.03625,2.56442,-0.40285,0.88701,1.32014,0.58733,0.37168,-0.25177,-0.2642,0.84411,-0.93236,1.88456,-2.26835,-0.66497,0.1864,0.90508,-0.29739,0.01627,-0.60587,-0.11523,-0.04452,-0.06058,0.97877,-0.04356,0.29287,-0.4861,-0.1228,0.01068,0.04481
3.64,-0.06619,-0.03559,-0.04359,0.69192,-0.59661,-0.00463,0.99341,-0.02395,0.08963,-0.09612,-0.14328,-0.0363,2.56715,-0.40432,0.88321,1.19955,0.96883,0.06279,-0.21372,-0.29405,0.83145,-0.90388,1.88545,-2.16346,-0.59849,0.17321,0.89905,-0.28383,0.00142,-0.5997,-0.11471,-0.04037,-0.05858,0.9783,-0.03461,0.27775,-0.48431,-0.12333,0.01204,0.04548
3.66,-0.06568,-0.03408,-0.03643,0.6901,-0.59202,-0.01211,0.98656,-0.0221,0.08837,-0.09438,-0.13946,-0.03635,2.57282,-0.4081,0.8827,1.08773,1.29306,-0.20561,-0.18359,-0.31996,0.82015,-0.87941,1.88588,-2.07142,-0.54168,0.16145,0.89399,-0.27045,-0.01317,-0.59457,-0.11421,-0.03676,-0.05683,0.97808,-0.02588,0.26355,-0.48255,-0.1239,0.01325,0.04609
3.68,-0.06525,-0.03259,-0.02925,0.68731,-0.58781,-0.01945,0.97976,-0.0203,0.08779,-0.09228,-0.13558,-0.03641,2.58655,-0.40918,0.87994,0.9666,1.662,-0.51592,-0.14726,-0.34819,0.80626,-0.85134,1.88586,-1.96706,-0.47751,0.14797,0.8901,-0.25779,-0.0304,-0.59034,-0.1136,-0.0323,-0.05467,0.97839,-0.01758,0.24791,-0.48087,-0.12427,0.01476,0.04683
3.7,-0.06462,-0.03104,-0.02196,0.68666,-0.58255,-0.02725,0.97268,-0.01842,0.08537,-0.09099,-0.13177,-0.03646,2.58024,-0.41539,0.88009,0.86248,1.96171,-0.75444,-0.12026,-0.37337,0.79735,-0.8291,1.88708,-1.88257,-0.42412,0.13754,0.88313,-0.24351,-0.04204,-0.58361,-0.11323,-0.02944,-0.05328,0.97741,-0.00826,0.23493,-0.47901,-0.12505,0.01568,0.0473
3.72,-0.06347,-0.02934,-0.01454,0.69163,-0.57459,-0.03622,0.96525,-0.01632,0.07807,-0.09198,-0.12811,-0.0365,2.52723,-0.43309,0.89258,0.80026,2.05191,-0.78351,-0.12387,-0.38806,0.80277,-0.825,1.89143,-1.86412,-0.40841,0.136,0.86813,-0.22449,-0.03703,-0.57046,-0.11359,-0.03134,-0.0542,0.97285,0.00389,0.23018,-0.47661,-0.12695,0.01492,0.04701
3.74,-0.06213,-0.02761,-0.00701,0.69882,-0.56561,-0.04563,0.95753,-0.01413,0.06903,-0.09374,-0.12455,-0.03654,2.45318,-0.45684,0.90774,0.75731,2.0681,-0.73752,-0.13707,-0.39944,0.81322,-0.82696,1.89697,-1.8653,-0.40342,0.13764,0.85016,-0.20395,-0.02663,-0.55492,-0.1142,-0.03485,-0.0559,0.96708,0.01699,0.22808,-0.47407,-0.12927,0.01357,0.04646
3.76,-0.06089,-0.02592,0.0005,0.70514,-0.55712,-0.05478,0.9498,-0.01197,0.06095,-0.09509,-0.12103,-0.03658,2.38476,-0.48009,0.91965,0.71142,2.11332,-0.72188,-0.14486,-0.41252,0.82124,-0.82589,1.90194,-1.8537,-0.39108,0.13784,0.83367,-0.18443,-0.01962,-0.5406,-0.11467,-0.0375,-0.05718,0.962,0.0295,0.22439,-0.47165,-0.13141,0.01252,0.04604
3.78,-0.05957,-0.02409,0.00789,0.71084,-0.54848,-0.0642,0.94264,-0.00987,0.05208,-0.09676,-0.11713,-0.03662,2.33279,-0.49335,0.93958,0.64068,2.17999,-0.72255,-0.1565,-0.42513,0.82977,-0.82565,1.9071,-1.85777,-0.38865,0.13786,0.81651,-0.16355,-0.00871,-0.5256,-0.11523,-0.04067,-0.05871,0.95624,0.0427,0.2222,-0.46894,-0.13352,0.01136,0.04557
3.8,-0.05837,-0.02255,0.01555,0.7184,-0.53995,-0.07316,0.93423,-0.00763,0.04449,-0.0979,-0.11405,-0.03666,2.24144,-0.52933,0.94398,0.62618,2.18503,-0.67292,-0.16274,-0.4377,0.83849,-0.82535,1.91211,-1.83398,-0.36828,0.13912,0.80011,-0.14511,-0.00452,-0.51152,-0.11567,-0.04316,-0.05991,0.95168,0.05469,0.21762,-0.46687,-0.13579,0.01028,0.04514
3.82,-0.05752,-0.02174,0.02389,0.73003,-0.53174,-0.0807,0.92255,-0.00506,0.04042,-0.09771,-0.11321,-0.03669,2.04883,-0.62242,0.9009,0.76502,2.02014,-0.48166,-0.15045,-0.4523,0.84627,-0.82199,1.91657,-1.73018,-0.29662,0.14224,0.7862,-0.13401,-0.02133,-0.50028,-0.11566,-0.0432,-0.05993,0.95009,0.06308,0.20515,-0.46604,-0.13828,0.00964,0.04493
3.84,-0.05681,-0.02122,0.0325,0.74355,-0.52373,-0.08777,0.90961,-0.00235,0.03776,-0.0969,-0.11319,-0.03672,1.8171,-0.73865,0.84283,0.95929,1.79832,-0.24569,-0.13271,-0.46674,0.85408,-0.81859,1.92081,-1.59771,-0.20661,0.1466,0.77325,-0.12539,-0.0449,-0.49011,-0.11552,-0.04252,-0.05962,0.94988,0.07022,0.19031,-0.46598,-0.14093,0.00908,0.04476
3.86,-0.05604,-0.02062,0.041,0.75654,-0.51577,-0.09509,0.89714,0.00031,0.03473,-0.09615,-0.11277,-0.03674,1.60158,-0.84739,0.79424,1.12656,1.61406,-0.04401,-0.1184,-0.48027,0.86206,-0.81624,1.92503,-1.47699,-0.12432,0.15097,0.76008,-0.11548,-0.06461,-0.47964,-0.11546,-0.04228,-0.05951,0.94943,0.07798,0.17699,-0.46592,-0.14357,0.00842,0.04454
3.88,-0.05521,-0.01982,0.04942,0.76821,-0.50714,-0.10232,0.88504,0.00292,0.03054,-0.09633,-0.11245,-0.03677,1.39122,-0.94476,0.73455,1.30246,1.37899,0.21811,-0.10042,-0.49761,0.86954,-0.81001,1.92979,-1.36124,-0.04436,0.15322,0.74582,-0.10616,-0.08738,-0.46827,-0.11533,-0.04163,-0.0592,0.94723,0.08558,0.16191,-0.46431,-0.14594,0.00801,0.04444
3.9,-0.05456,-0.0195,0.05808,0.78306,-0.49999,-0.10958,0.87192,0.00566,0.02907,-0.09445,-0.11213,-0.0368,1.162,-1.06972,0.69428,1.4729,1.23588,0.36542,-0.08866,-0.50732,0.87789,-0.81146,1.93335,-1.22945,0.04417,0.1599,0.73416,-0.09628,-0.10557,-0.4591,-0.1153,-0.04164,-0.05921,0.94909,0.09318,0.14991,-0.46617,-0.1489,0.00711,0.04412
3.92,-0.05441,-0.02039,0.06734,0.80622,-0.49667,-0.11712,0.85597,0.00869,0.03524,-0.0867,-0.11142,-0.03681,0.88277,-1.27822,0.71226,1.61812,1.37202,0.17234,-0.09544,-0.49335,0.88944,-0.83693,1.93378,-1.04807,0.15859,0.18052,0.72912,-0.08376,-0.10837,-0.45546,-0.11563,-0.04379,-0.06026,0.96123,0.10123,0.14683,-0.47695,-0.15349,0.00477,0.04318
3.94,-0.05443,-0.02175,0.07681,0.83251,-0.49486,-0.12467,0.83911,0.01186,0.04401,-0.07696,-0.11071,-0.03683,0.58744,-1.51126,0.75004,1.75517,1.60094,-0.13582,-0.10861,-0.47217,0.90169,-0.86967,1.93298,-0.85347,0.27993,0.20524,0.72673,-0.0707,-0.10655,-0.45405,-0.11606,-0.04662,-0.06163,0.9775,0.10929,0.14696,-0.49126,-0.15866,0.00196,0.04204
3.96,-0.05438,-0.0229,0.08618,0.8574,-0.49248,-0.13212,0.82287,0.01498,0.0513,-0.06835,-0.11014,-0.03685,0.30449,-1.72443,0.77819,1.89365,1.78021,-0.38355,-0.11882,-0.4561,0.91302,-0.89717,1.93265,-0.67321,0.39361,0.22666,0.72335,-0.05822,-0.10762,-0.45181,-0.11642,-0.04905,-0.06281,0.99227,0.11725,0.14572,-0.5043,-0.16352,-0.00057,0.04103
3.98,-0.05434,-0.02404,0.0956,0.88233,-0.48964,-0.13993,0.80565,0.01803,0.05994,-0.05876,-0.10906,-0.03686,-0.00131,-1.97504,0.80872,2.04382,1.98889,-0.66415,-0.12918,-0.4325,0.92683,-0.93258,1.93269,-0.45786,0.52647,0.2539,0.71913,-0.04439,-0.10564,-0.44885,-0.11687,-0.05182,-0.06416,1.00557,0.12556,0.14405,-0.51608,-0.16856,-0.0034,0.03987
4,-0.0543,-0.02531,0.10494,0.90782,-0.48811,-0.14701,0.79033,0.02127,0.06633,-0.05077,-0.10899,-0.03688,-0.2627,-2.15339,0.83887,2.16686,2.15932,-0.90401,-0.1407,-0.42261,0.93574,-0.95358,1.93168,-0.31149,0.62146,0.27032,0.71727,-0.03323,-0.10879,-0.44789,-0.11716,-0.05406,-0.06524,1.02282,0.13317,0.14403,-0.53116,-0.17336,-0.00567,0.03897
4.02,-0.05422,-0.0269,0.11414,0.93477,-0.48986,-0.15215,0.78011,0.02506,0.06602,-0.04743,-0.1119,-0.03688,-0.3983,-2.12452,0.86614,2.21765,2.19969,-1.00521,-0.15491,-0.45484,0.92989,-0.92986,1.92791,-0.37073,0.60425,0.25298,0.72135,-0.02953,-0.12763,-0.4521,-0.11703,-0.05468,-0.06553,1.05066,0.13882,0.14813,-0.55559,-0.17743,-0.00658,0.03869
4.04,-0.05411,-0.02859,0.12322,0.96202,-0.49287,-0.15655,0.77191,0.02906,0.0633,-0.04583,-0.11578,-0.03689,-0.48822,-2.0223,0.89192,2.241,2.19898,-1.06131,-0.16992,-0.5007,0.91927,-0.89193,1.92316,-0.49795,0.54963,0.22508,0.72769,-0.02853,-0.15169,-0.4582,-0.11674,-0.05474,-0.06555,1.08218,0.14379,0.15372,-0.58299,-0.18124,-0.00684,0.0387
4.06,-0.054,-0.0302,0.13226,0.98869,-0.4953,-0.16125,0.76307,0.03293,0.06156,-0.04359,-0.11909,-0.0369,-0.59849,-1.95462,0.91638,2.27624,2.21851,-1.13697,-0.18389,-0.53866,0.91154,-0.86267,1.91898,-0.58614,0.51604,0.20399,0.73295,-0.02633,-0.17311,-0.46333,-0.11651,-0.05502,-0.06567,1.11158,0.14909,0.15845,-0.6083,-0.1851,-0.00718,0.03868
4.08,-0.05399,-0.03198,0.14172,1.0174,-0.49785,-0.16609,0.75306,0.0369,0.06039,-0.04062,-0.12297,-0.0369,-0.71148,-1.88264,0.94965,2.31379,2.23461,-1.22051,-0.20087,-0.58343,0.90084,-0.82458,1.91425,-0.70739,0.46605,0.17483,0.73856,-0.02406,-0.19554,-0.46907,-0.11633,-0.05545,-0.06587,1.14309,0.15424,0.16415,-0.6369,-0.1892,-0.00842,0.03823
4.1,-0.05375,-0.03341,0.15025,1.04183,-0.50038,-0.17048,0.74595,0.04075,0.05744,-0.03963,-0.12588,-0.03691,-0.80726,-1.80197,0.96432,2.33998,2.24691,-1.2755,-0.21176,-0.61753,0.89512,-0.80108,1.91045,-0.77713,0.4408,0.1596,0.74388,-0.02252,-0.21713,-0.47391,-0.11601,-0.05544,-0.06585,1.17095,0.1596,0.16802,-0.65926,-0.19284,-0.00764,0.03875
4.12,-0.0529,-0.03381,0.15639,1.05498,-0.50291,-0.17348,0.74644,0.04396,0.05008,-0.04355,-0.12587,-0.03691,-0.87058,-1.71417,0.92486,2.34261,2.25832,-1.2617,-0.20474,-0.61737,0.90485,-0.82407,1.90949,-0.67919,0.49679,0.18811,0.74845,-0.0228,-0.23535,-0.47618,-0.11541,-0.05433,-0.06531,1.18837,0.1652,0.16763,-0.66399,-0.19417,-0.00122,0.04197
4.14,-0.05182,-0.03385,0.16158,1.06371,-0.5053,-0.17608,0.74979,0.0471,0.04102,-0.04942,-0.12485,-0.03691,-0.91734,-1.62027,0.86719,2.3346,2.26691,-1.22035,-0.19167,-0.60631,0.91964,-0.86169,1.9095,-0.52872,0.57823,0.23051,0.75253,-0.02364,-0.2525,-0.4774,-0.11467,-0.05281,-0.06456,1.20185,0.17111,0.16514,-0.66227,-0.1952,0.00718,0.04616
4.16,-0.05083,-0.03406,0.1671,1.07404,-0.50746,-0.17908,0.75176,0.05045,0.03281,-0.05449,-0.12428,-0.03691,-0.96905,-1.52973,0.81981,2.33077,2.27667,-1.19167,-0.18193,-0.60121,0.93176,-0.8908,1.90904,-0.40819,0.64552,0.26477,0.75639,-0.02389,-0.27,-0.47884,-0.11397,-0.05149,-0.06392,1.21675,0.17722,0.1628,-0.66326,-0.1971,0.01456,0.04989
4.18,-0.04988,-0.03424,0.17303,1.08606,-0.51086,-0.18118,0.75406,0.05308,0.02423,-0.05927,-0.12378,-0.03691,-1.03006,-1.43407,0.76397,2.32869,2.28568,-1.16078,-0.16982,-0.59232,0.94533,-0.92728,1.90867,-0.26462,0.72244,0.3063,0.76216,-0.02563,-0.28828,-0.48143,-0.11338,-0.0501,-0.06324,1.23338,0.18193,0.1638,-0.66528,-0.19601,0.02249,0.05373
4.2,-0.04881,-0.0344,0.17787,1.09355,-0.51168,-0.18503,0.75641,0.05716,0.01601,-0.06508,-0.12287,-0.03691,-1.06838,-1.34869,0.72136,2.32088,2.29595,-1.1286,-0.16113,-0.58857,0.95706,-0.95205,1.90836,-0.15543,0.78581,0.33623,0.76388,-0.02441,-0.3046,-0.48138,-0.11253,-0.04876,-0.06258,1.2454,0.18959,0.15747,-0.6636,-0.20093,0.02972,0.05755
4.22,-0.04743,-0.0346,0.18002,1.08928,-0.50486,-0.19394,0.75748,0.06548,0.00948,-0.0733,-0.12132,-0.03691,-1.0481,-1.2926,0.72024,2.29938,2.31164,-1.09898,-0.16381,-0.60151,0.96314,-0.94131,1.90797,-0.15606,0.80581,0.32972,0.75384,-0.01457,-0.31584,-0.47388,-0.11094,-0.04765,-0.06198,1.24562,0.20564,0.13012,-0.6531,-0.22371,0.03465,0.06124
4.24,-0.04595,-0.03481,0.18107,1.08067,-0.49555,-0.2046,0.75862,0.07521,0.00334,-0.08246,-0.11935,-0.03691,-1.00582,-1.24755,0.73294,2.2727,2.32867,-1.06934,-0.17007,-0.61995,0.9671,-0.91829,1.90763,-0.19247,0.81136,0.31128,0.73988,-0.00181,-0.3251,-0.46383,-0.10911,-0.0466,-0.0614,1.24132,0.2246,0.09569,-0.63912,-0.25231,0.03878,0.06484
4.26,-0.04452,-0.03501,0.18255,1.07425,-0.48775,-0.21436,0.76018,0.08415,-0.00314,-0.09113,-0.11745,-0.03692,-0.97381,-1.19822,0.73901,2.24882,2.34448,-1.04035,-0.1744,-0.63594,0.97164,-0.90069,1.9073,-0.2107,0.82367,0.29906,0.72818,0.00939,-0.33519,-0.45522,-0.10742,-0.04553,-0.06081,1.23907,0.24203,0.06532,-0.62681,-0.27746,0.04316,0.06839
4.28,-0.04305,-0.0352,0.1843,1.06671,-0.47832,-0.22452,0.75992,0.09371,-0.00901,-0.1001,-0.11606,-0.03692,-0.93996,-1.14551,0.74602,2.22266,2.36273,-1.00772,-0.17978,-0.65145,0.97796,-0.88422,1.90689,-0.23484,0.83639,0.28407,0.71444,0.02157,-0.34553,-0.4454,-0.10558,-0.04442,-0.0602,1.23667,0.26036,0.0313,-0.61389,-0.30599,0.04807,0.07238
4.3,-0.04165,-0.03543,0.18524,1.06056,-0.47171,-0.23428,0.76344,0.1023,-0.016,-0.10868,-0.11347,-0.03692,-0.90506,-1.10255,0.75444,2.20018,2.37627,-0.98295,-0.18392,-0.66928,0.98001,-0.86238,1.90662,-0.25636,0.84406,0.27171,0.70401,0.03242,-0.35489,-0.4375,-0.104,-0.04342,-0.05965,1.23359,0.27748,0.00325,-0.60153,-0.32887,0.05168,0.07541
4.32,-0.04041,-0.03578,0.18426,1.05927,-0.4736,-0.24258,0.77741,0.10806,-0.02643,-0.11572,-0.10798,-0.03692,-0.87156,-1.08422,0.7648,2.18905,2.37635,-0.98071,-0.18375,-0.69324,0.97063,-0.82784,1.90679,-0.25716,0.84515,0.27056,0.70388,0.03889,-0.36206,-0.43564,-0.1032,-0.04273,-0.05929,1.22952,0.29095,-0.00656,-0.59122,-0.33472,0.0518,0.07577
4.34,-0.03926,-0.03618,0.1825,1.05957,-0.47841,-0.25041,0.79515,0.11275,-0.03794,-0.12236,-0.10122,-0.03692,-0.83804,-1.0753,0.77595,2.18186,2.37168,-0.9864,-0.18227,-0.71919,0.95702,-0.78841,1.90709,-0.25501,0.84099,0.27227,0.70718,0.04392,-0.3683,-0.43578,-0.10268,-0.04217,-0.05901,1.22499,0.30305,-0.01008,-0.58169,-0.33467,0.05064,0.07518
4.36,-0.03808,-0.03656,0.18106,1.05921,-0.48184,-0.25845,0.81114,0.11783,-0.04879,-0.1293,-0.09485,-0.03692,-0.80533,-1.06184,0.78589,2.17294,2.36926,-0.98802,-0.18146,-0.74357,0.94542,-0.75172,1.90727,-0.25781,0.83638,0.27189,0.70878,0.0496,-0.37497,-0.43491,-0.10203,-0.04156,-0.0587,1.22084,0.31552,-0.01648,-0.57206,-0.33732,0.05012,0.07505
4.38,-0.03683,-0.03694,0.17972,1.05846,-0.48539,-0.26659,0.82734,0.12339,-0.06034,-0.13579,-0.08933,-0.03692,-0.76849,-1.04985,0.79984,2.16359,2.36647,-0.99148,-0.18045,-0.77092,0.93335,-0.71243,1.90767,-0.24742,0.84257,0.27427,0.71085,0.05542,-0.38158,-0.43435,-0.10137,-0.04091,-0.05836,1.21579,0.32915,-0.02307,-0.56122,-0.34011,0.04933,0.07479
4.4,-0.03576,-0.03734,0.17801,1.05893,-0.48941,-0.27436,0.84396,0.12766,-0.07068,-0.1431,-0.08168,-0.03692,-0.74051,-1.03694,0.80552,2.15614,2.36336,-0.99312,-0.17951,-0.79253,0.9213,-0.67757,1.90767,-0.26228,0.82607,0.27192,0.71281,0.06057,-0.38808,-0.43367,-0.1008,-0.04038,-0.05809,1.21256,0.34002,-0.02766,-0.55314,-0.34112,0.0488,0.07457
4.42,-0.03516,-0.03777,0.17542,1.06245,-0.49426,-0.28125,0.8612,0.12881,-0.0776,-0.15289,-0.06904,-0.03692,-0.73717,-1.0188,0.78752,2.15308,2.35998,-0.98676,-0.17891,-0.79744,0.91018,-0.65607,1.90628,-0.35672,0.7406,0.25415,0.71377,0.06415,-0.39492,-0.43215,-0.10041,-0.04015,-0.05792,1.21459,0.34346,-0.0285,-0.5524,-0.33862,0.04936,0.07471
4.44,-0.03475,-0.03823,0.1725,1.06715,-0.49945,-0.28775,0.87867,0.12865,-0.08323,-0.16349,-0.0542,-0.03692,-0.74281,-0.99944,0.76123,2.15181,2.3565,-0.97845,-0.17843,-0.79655,0.89925,-0.63929,1.90453,-0.4749,0.63387,0.23187,0.71451,0.06711,-0.40161,-0.43048,-0.10009,-0.04004,-0.05782,1.21848,0.34418,-0.02749,-0.55444,-0.3345,0.05022,0.07493
4.46,-0.03424,-0.03867,0.16977,1.07131,-0.50436,-0.29439,0.89577,0.12895,-0.08932,-0.17367,-0.03996,-0.03692,-0.74435,-0.98083,0.73905,2.1497,2.35345,-0.97173,-0.17797,-0.79854,0.88832,-0.62046,1.90311,-0.57588,0.54208,0.21283,0.71528,0.0704,-0.40813,-0.42892,-0.09974,-0.03989,-0.0577,1.22147,0.34622,-0.02714,-0.55526,-0.33113,0.05091,0.0751
4.48,-0.03377,-0.03912,0.16688,1.07558,-0.50991,-0.30119,0.91412,0.12978,-0.09599,-0.1841,-0.02733,-0.03692,-0.74599,-0.96166,0.71539,2.14785,2.34875,-0.96243,-0.17716,-0.79957,0.87689,-0.60103,1.90102,-0.70334,0.42827,0.18891,0.71645,0.07344,-0.41564,-0.42721,-0.09938,-0.03966,-0.05752,1.22465,0.34788,-0.02729,-0.5559,-0.32752,0.05168,0.07529
4.5,-0.03327,-0.03957,0.16424,1.07985,-0.51416,-0.30755,0.92987,0.12922,-0.10113,-0.19415,-0.01088,-0.03692,-0.74952,-0.94332,0.69292,2.14583,2.34737,-0.95781,-0.17709,-0.80119,0.86659,-0.58405,1.90022,-0.78196,0.35477,0.17397,0.71671,0.07685,-0.42105,-0.42578,-0.09907,-0.03964,-0.05747,1.22788,0.34968,-0.02609,-0.55758,-0.32409,0.05238,0.07546
4.52,-0.03261,-0.04007,0.16237,1.08393,-0.5147,-0.31285,0.93851,0.12512,-0.10236,-0.20326,0.01576,-0.03692,-0.75651,-0.92671,0.67507,2.14286,2.35656,-0.96776,-0.17932,-0.80584,0.85944,-0.57265,1.90315,-0.71465,0.4024,0.18553,0.71439,0.08155,-0.42059,-0.42516,-0.09891,-0.04018,-0.05774,1.23084,0.35257,-0.02135,-0.56149,-0.32154,0.05287,0.07557
4.54,-0.03191,-0.04057,0.16077,1.08793,-0.5139,-0.3177,0.9445,0.11968,-0.10209,-0.21188,0.04611,-0.03692,-0.76501,-0.91108,0.65882,2.13965,2.36884,-0.98221,-0.18223,-0.81126,0.85346,-0.5636,1.90736,-0.59868,0.49027,0.20612,0.71115,0.08662,-0.41803,-0.42485,-0.0988,-0.04093,-0.05812,1.23378,0.35567,-0.0154,-0.56634,-0.31926,0.05328,0.07565
4.56,-0.03123,-0.04107,0.15906,1.09186,-0.51371,-0.32269,0.95162,0.11488,-0.10249,-0.22049,0.07464,-0.03692,-0.77254,-0.89551,0.64229,2.13656,2.37889,-0.99385,-0.18463,-0.81637,0.84692,-0.5535,1.91094,-0.50802,0.55701,0.22221,0.70838,0.09146,-0.41647,-0.4244,-0.09867,-0.04157,-0.05845,1.23668,0.35863,-0.01023,-0.57075,-0.31687,0.05372,0.07575
4.58,-0.03055,-0.04159,0.15729,1.0963,-0.51352,-0.32793,0.95906,0.10989,-0.1029,-0.23009,0.10389,-0.03692,-0.78159,-0.87778,0.62359,2.1335,2.39253,-1.00878,-0.18788,-0.82119,0.84044,-0.54342,1.91476,-0.40335,0.63593,0.23998,0.70541,0.09656,-0.41468,-0.42391,-0.09853,-0.04227,-0.05881,1.23984,0.3617,-0.00407,-0.57534,-0.31436,0.05419,0.07585
4.6,-0.02987,-0.04205,0.15572,1.09964,-0.51301,-0.33254,0.9652,0.105,-0.10296,-0.23751,0.13242,-0.03692,-0.78771,-0.86478,0.60991,2.13029,2.39928,-1.0178,-0.18952,-0.82677,0.83417,-0.5339,1.91836,-0.31768,0.69816,0.25626,0.70264,0.10121,-0.4129,-0.42359,-0.09842,-0.0429,-0.05912,1.24242,0.36461,0.00034,-0.57972,-0.31219,0.05458,0.07593
4.62,-0.02922,-0.04236,0.15464,1.09999,-0.51186,-0.3356,0.96837,0.10071,-0.1024,-0.23901,0.1585,-0.03692,-0.78548,-0.86463,0.60964,2.12667,2.38756,-1.01075,-0.18663,-0.83526,0.82767,-0.5244,1.92126,-0.28141,0.71459,0.26786,0.70065,0.10467,-0.4116,-0.42369,-0.09833,-0.04331,-0.05931,1.24339,0.36706,-0.00064,-0.58338,-0.31087,0.05478,0.07596
4.64,-0.02858,-0.04261,0.15376,1.09924,-0.51042,-0.33803,0.97032,0.09658,-0.10155,-0.23834,0.18362,-0.03692,-0.78019,-0.86922,0.61444,2.12291,2.36861,-0.99741,-0.18208,-0.84436,0.82143,-0.51552,1.92387,-0.2683,0.71128,0.2774,0.6989,0.10765,-0.41041,-0.42395,-0.09825,-0.04365,-0.05945,1.24376,0.36933,-0.00338,-0.58677,-0.30989,0.05491,0.07598
4.66,-0.02794,-0.04288,0.1528,1.099,-0.50914,-0.34069,0.97283,0.09236,-0.10084,-0.23868,0.20889,-0.03693,-0.77621,-0.87163,0.61699,2.11922,2.35201,-0.986,-0.17821,-0.85257,0.8154,-0.50698,1.9265,-0.25471,0.71019,0.28674,0.69707,0.11078,-0.40921,-0.42413,-0.09816,-0.04401,-0.05961,1.2444,0.37168,-0.00509,-0.59022,-0.30875,0.05508,0.076
4.68,-0.02728,-0.04317,0.15181,1.09872,-0.5077,-0.34354,0.97522,0.08813,-0.10002,-0.23889,0.23555,-0.03693,-0.77266,-0.87415,0.61931,2.11545,2.33923,-0.97843,-0.17463,-0.86336,0.80803,-0.49597,1.92963,-0.19836,0.73804,0.301,0.6951,0.11421,-0.40775,-0.42435,-0.09808,-0.04442,-0.05979,1.24507,0.37407,-0.00766,-0.59395,-0.30762,0.05523,0.07602
4.7,-0.02668,-0.04341,0.15092,1.09824,-0.50655,-0.34586,0.9776,0.08402,-0.09939,-0.23888,0.25898,-0.03693,-0.76745,-0.87757,0.62333,2.11185,2.31705,-0.96158,-0.17009,-0.86896,0.80348,-0.49016,1.93165,-0.23551,0.70157,0.30466,0.69348,0.1169,-0.40691,-0.42453,-0.09799,-0.04471,-0.05991,1.24553,0.37631,-0.00898,-0.59703,-0.30655,0.05539,0.07605
4.72,-0.02623,-0.04353,0.15019,1.09762,-0.50631,-0.34688,0.98041,0.07998,-0.09934,-0.23872,0.2741,-0.03693,-0.75838,-0.88219,0.63069,2.10863,2.26812,-0.91823,-0.16295,-0.85956,0.80682,-0.49896,1.93063,-0.53971,0.48217,0.2773,0.69278,0.11766,-0.4077,-0.42454,-0.0979,-0.04475,-0.05989,1.24558,0.37837,-0.00559,-0.59842,-0.30545,0.05558,0.07608
4.74,-0.02585,-0.0436,0.14955,1.09681,-0.50636,-0.3474,0.98323,0.07609,-0.0995,-0.23844,0.28589,-0.03693,-0.74773,-0.88757,0.63961,2.10561,2.2105,-0.86622,-0.15496,-0.845,0.81296,-0.51288,1.92851,-0.93466,0.20046,0.23969,0.69244,0.11769,-0.40915,-0.42452,-0.09781,-0.04467,-0.05981,1.24544,0.38025,-0.00103,-0.59916,-0.30441,0.05578,0.07612
4.76,-0.02545,-0.0437,0.1489,1.09599,-0.50623,-0.34817,0.98596,0.07228,-0.09959,-0.2383,0.29891,-0.03693,-0.73781,-0.89269,0.6479,2.10258,2.15848,-0.81966,-0.14757,-0.83314,0.8177,-0.52415,1.92691,-1.27885,-0.04634,0.20822,0.69193,0.11807,-0.41037,-0.42453,-0.09771,-0.04462,-0.05975,1.24536,0.3821,0.00239,-0.60017,-0.3034,0.05597,0.07617
4.78,-0.02501,-0.04379,0.14814,1.09556,-0.50628,-0.34881,0.98902,0.06787,-0.09956,-0.23776,0.31308,-0.03693,-0.72774,-0.89761,0.65603,2.09918,2.09907,-0.76631,-0.1392,-0.81981,0.82296,-0.53678,1.92519,-1.66428,-0.32185,0.17055,0.69142,0.11836,-0.41132,-0.42447,-0.09762,-0.04465,-0.05972,1.24536,0.38441,0.00822,-0.60126,-0.30217,0.05614,0.07618
4.8,-0.02466,-0.04388,0.14762,1.09428,-0.50604,-0.3496,0.99141,0.06475,-0.09984,-0.23802,0.32408,-0.03693,-0.71765,-0.90305,0.6648,2.0966,2.0533,-0.72536,-0.13272,-0.80832,0.82783,-0.54781,1.92347,-1.9847,-0.5518,0.14323,0.69101,0.11867,-0.41298,-0.42456,-0.09752,-0.04449,-0.05961,1.24517,0.38574,0.00943,-0.60204,-0.3014,0.05637,0.07626
4.82,-0.02456,-0.044,0.14774,1.09063,-0.50488,-0.351,0.99207,0.06519,-0.10092,-0.24063,0.3273,-0.03693,-0.70774,-0.90986,0.67501,2.09626,2.04541,-0.7185,-0.13137,-0.80311,0.83071,-0.55301,1.92195,-2.10667,-0.64333,0.14841,0.69073,0.11927,-0.41664,-0.42509,-0.09738,-0.04383,-0.05929,1.24452,0.38428,-0.0032,-0.6022,-0.30192,0.05675,0.07651
4.84,-0.02456,-0.04412,0.1481,1.08614,-0.50343,-0.35254,0.99205,0.06693,-0.10231,-0.24403,0.32743,-0.03693,-0.6979,-0.9171,0.68574,2.09674,2.05182,-0.72475,-0.13199,-0.79993,0.83313,-0.55644,1.92047,-2.1595,-0.68637,0.16412,0.69055,0.11992,-0.42097,-0.42576,-0.09724,-0.04298,-0.0589,1.2437,0.38186,-0.02036,-0.60207,-0.3029,0.05719,0.07682
4.86,-0.02452,-0.04424,0.14836,1.08208,-0.50214,-0.35396,0.99227,0.06803,-0.10357,-0.24698,0.3289,-0.03693,-0.68811,-0.92404,0.69617,2.09684,2.05312,-0.7267,-0.13194,-0.79586,0.8359,-0.56078,1.91904,-2.24155,-0.74964,0.17406,0.69036,0.12051,-0.42488,-0.42636,-0.09711,-0.04223,-0.05855,1.24297,0.37998,-0.03492,-0.60205,-0.30364,0.05759,0.07709
4.88,-0.02445,-0.04437,0.14858,1.07779,-0.50074,-0.35563,0.99276,0.06931,-0.10477,-0.25029,0.33052,-0.03693,-0.67786,-0.93149,0.70702,2.09698,2.04874,-0.72186,-0.13101,-0.79149,0.83822,-0.56487,1.91731,-2.33548,-0.82228,0.18772,0.69005,0.12123,-0.42929,-0.42702,-0.09696,-0.04142,-0.05817,1.24219,0.37767,-0.05172,-0.60211,-0.30448,0.05804,0.0774
4.9,-0.02446,-0.04448,0.14894,1.07377,-0.49951,-0.35681,0.99255,0.07054,-0.10617,-0.25305,0.33113,-0.03693,-0.66867,-0.93793,0.71702,2.09722,2.05911,-0.73372,-0.13229,-0.78829,0.84129,-0.56896,1.91621,-2.3878,-0.86362,0.1964,0.69002,0.1217,-0.43281,-0.42758,-0.09684,-0.0407,-0.05783,1.24148,0.37603,-0.06494,-0.60195,-0.30524,0.0584,0.07765
4.92,-0.02466,-0.04454,0.14964,1.07072,-0.49879,-0.35658,0.99053,0.07134,-0.10804,-0.25404,0.32977,-0.03693,-0.66186,-0.94172,0.72516,2.09753,2.11201,-0.79464,-0.13994,-0.78782,0.84697,-0.57371,1.91701,-2.33507,-0.82502,0.18751,0.69067,0.12153,-0.43367,-0.42784,-0.0968,-0.04026,-0.05763,1.24094,0.37649,-0.06722,-0.60131,-0.30571,0.05846,0.0777
4.94,-0.02493,-0.04458,0.15047,1.06795,-0.49828,-0.35585,0.98783,0.07205,-0.11011,-0.25446,0.3275,-0.03693,-0.6562,-0.94442,0.73233,2.09791,2.17845,-0.87097,-0.14963,-0.78848,0.85334,-0.57846,1.91843,-2.24353,-0.75713,0.1735,0.69163,0.1211,-0.4336,-0.42799,-0.09681,-0.03992,-0.05748,1.24047,0.37766,-0.06575,-0.60046,-0.30609,0.05842,0.07768
4.96,-0.02517,-0.04462,0.15124,1.06502,-0.49772,-0.35535,0.98547,0.0728,-0.11209,-0.25519,0.32562,-0.03693,-0.65036,-0.94745,0.73954,2.09825,2.23511,-0.93607,-0.15786,-0.78862,0.8591,-0.58303,1.91947,-2.17419,-0.70602,0.16271,0.69249,0.12078,-0.43397,-0.42818,-0.09679,-0.03953,-0.0573,1.23999,0.3785,-0.06596,-0.59968,-0.3065,0.05843,0.0777
4.98,-0.02539,-0.04467,0.15204,1.06219,-0.49697,-0.35481,0.98298,0.07357,-0.11407,-0.25575,0.32372,-0.03693,-0.64311,-0.95118,0.74842,2.09863,2.30706,-1.01884,-0.16833,-0.78884,0.86607,-0.5883,1.92092,-2.08401,-0.6392,0.14862,0.69317,0.1205,-0.43427,-0.42842,-0.09678,-0.03915,-0.05713,1.23943,0.37932,-0.06636,-0.59902,-0.30698,0.05843,0.07771
5,-0.02567,-0.0447,0.15279,1.05922,-0.49667,-0.35425,0.98061,0.07428,-0.11609,-0.2565,0.3217,-0.03693,-0.63903,-0.95321,0.75362,2.09895,2.35086,-1.06906,-0.17471,-0.78914,0.87072,-0.59215,1.92168,-2.02794,-0.59804,0.13993,0.6943,0.12008,-0.43449,-0.42853,-0.09678,-0.03878,-0.05696,1.23906,0.38037,-0.06548,-0.59806,-0.3073,0.05843,0.07772
5.02,-0.0261,-0.04469,0.15337,1.05595,-0.49754,-0.35368,0.97876,0.07482,-0.1182,-0.25789,0.31959,-0.03693,-0.64368,-0.95066,0.7486,2.09901,2.30737,-1.01866,-0.16838,-0.78947,0.86843,-0.59184,1.92029,-2.08413,-0.64148,0.14856,0.6965,0.11925,-0.43484,-0.42827,-0.09681,-0.03837,-0.05676,1.23907,0.38195,-0.06142,-0.59624,-0.30718,0.05847,0.07772
5.04,-0.0266,-0.04466,0.1539,1.05249,-0.49888,-0.35311,0.97705,0.07532,-0.12033,-0.25947,0.31739,-0.03693,-0.65142,-0.94646,0.73995,2.099,2.23601,-0.93602,-0.15802,-0.78982,0.86385,-0.59015,1.9182,-2.17484,-0.71083,0.16257,0.69915,0.11829,-0.43511,-0.42788,-0.09687,-0.03796,-0.05656,1.2393,0.38373,-0.05628,-0.59414,-0.30692,0.05852,0.07772
5.06,-0.02707,-0.04464,0.15445,1.04902,-0.50003,-0.35257,0.97527,0.07589,-0.12242,-0.26096,0.31523,-0.03693,-0.65753,-0.94309,0.73318,2.09905,2.1816,-0.87282,-0.15014,-0.79012,0.86054,-0.58924,1.91647,-2.24436,-0.76414,0.17331,0.70165,0.11744,-0.43533,-0.42756,-0.09692,-0.03756,-0.05637,1.23951,0.38537,-0.05197,-0.59223,-0.30675,0.05856,0.07773
5.08,-0.02753,-0.0446,0.15499,1.046,-0.50108,-0.35185,0.97353,0.07623,-0.12463,-0.26248,0.31307,-0.03693,-0.66458,-0.93934,0.72547,2.09898,2.11017,-0.79065,-0.13972,-0.79063,0.85626,-0.5877,1.91456,-2.33529,-0.8341,0.18731,0.70392,0.11638,-0.43591,-0.42722,-0.09696,-0.03715,-0.05617,1.23937,0.38722,-0.04611,-0.59006,-0.30646,0.05859,0.07772
5.1,-0.02803,-0.0446,0.15555,1.04199,-0.50244,-0.35153,0.97173,0.07703,-0.12661,-0.26397,0.31089,-0.03693,-0.67046,-0.936,0.71878,2.09914,2.06665,-0.73928,-0.13347,-0.79071,0.85348,-0.58714,1.91287,-2.39087,-0.8763,0.19595,0.70679,0.11573,-0.43573,-0.42688,-0.09701,-0.03675,-0.05598,1.24001,0.3887,-0.04325,-0.58837,-0.30637,0.05865,0.07774
5.12,-0.0286,-0.04472,0.15622,1.03542,-0.50445,-0.35233,0.96983,0.07907,-0.12777,-0.26536,0.30876,-0.03693,-0.67186,-0.93443,0.71648,2.09986,2.11343,-0.78803,-0.14068,-0.78954,0.85528,-0.5897,1.91191,-2.33598,-0.83233,0.18779,0.71113,0.11632,-0.43355,-0.42653,-0.09706,-0.0364,-0.05579,1.24263,0.38897,-0.04929,-0.58793,-0.30691,0.0588,0.07787
5.14,-0.0292,-0.04489,0.15691,1.02785,-0.50674,-0.35352,0.96784,0.08155,-0.12873,-0.2667,0.30659,-0.03693,-0.67203,-0.93332,0.71521,2.10081,2.18806,-0.86754,-0.15205,-0.78796,0.85874,-0.59327,1.91121,-2.24528,-0.76021,0.17422,0.71608,0.11733,-0.4306,-0.42617,-0.09711,-0.03605,-0.0556,1.24602,0.38888,-0.05835,-0.58801,-0.30762,0.05897,0.07804
5.16,-0.0298,-0.04503,0.15759,1.02068,-0.50893,-0.35453,0.96582,0.08384,-0.12989,-0.26806,0.30439,-0.03693,-0.67311,-0.93184,0.71303,2.10169,2.24557,-0.92809,-0.16087,-0.78662,0.86148,-0.59634,1.9104,-2.1741,-0.70328,0.16361,0.72081,0.11813,-0.42796,-0.42582,-0.09715,-0.0357,-0.05541,1.24911,0.38903,-0.06583,-0.58794,-0.30822,0.05913,0.07818
5.18,-0.03034,-0.04518,0.15828,1.01375,-0.51102,-0.35557,0.96412,0.08612,-0.1306,-0.26944,0.30244,-0.03693,-0.67292,-0.93088,0.71261,2.10245,2.32065,-1.00826,-0.17227,-0.78503,0.86383,-0.5996,1.90949,-2.0906,-0.63736,0.15105,0.72536,0.11902,-0.42549,-0.42544,-0.09719,-0.03537,-0.05523,1.25205,0.38885,-0.07414,-0.58751,-0.30897,0.05931,0.07835
5.2,-0.03102,-0.04533,0.15895,1.00607,-0.51339,-0.35662,0.96172,0.08851,-0.1322,-0.27076,0.29993,-0.03693,-0.67493,-0.92908,0.70878,2.10348,2.36651,-1.05564,-0.1794,-0.7839,0.8676,-0.60264,1.90891,-2.02356,-0.58287,0.1412,0.7304,0.1198,-0.42249,-0.42513,-0.09725,-0.03499,-0.05503,1.25543,0.38927,-0.08145,-0.58796,-0.30943,0.05944,0.07847
5.22,-0.03194,-0.04552,0.15955,0.99676,-0.51646,-0.35774,0.95768,0.09109,-0.13618,-0.27204,0.29616,-0.03693,-0.68412,-0.92396,0.69558,2.10539,2.32167,-1.00221,-0.17308,-0.78379,0.87353,-0.60564,1.90865,-2.01303,-0.56909,0.14019,0.73665,0.12041,-0.41822,-0.42501,-0.09735,-0.03448,-0.0548,1.26021,0.39144,-0.08527,-0.59074,-0.30921,0.05948,0.07846
5.24,-0.03302,-0.04572,0.16011,0.98669,-0.51979,-0.3588,0.9529,0.09377,-0.14107,-0.27322,0.29177,-0.03694,-0.69535,-0.91815,0.67891,2.10749,2.24722,-0.91544,-0.16244,-0.78421,0.88111,-0.60824,1.90879,-2.01974,-0.56726,0.14205,0.74339,0.12086,-0.41343,-0.42496,-0.09747,-0.03392,-0.05454,1.26532,0.39421,-0.08799,-0.59438,-0.30866,0.05947,0.07839
5.26,-0.03409,-0.04592,0.16069,0.97687,-0.52298,-0.35979,0.94831,0.09642,-0.14564,-0.27441,0.2875,-0.03694,-0.70518,-0.91325,0.66364,2.10944,2.18853,-0.84589,-0.1542,-0.78463,0.88886,-0.61056,1.90915,-2.01688,-0.55828,0.14255,0.74989,0.12125,-0.40891,-0.42486,-0.09759,-0.03335,-0.05428,1.27005,0.39669,-0.09118,-0.59761,-0.30814,0.05945,0.07833
5.28,-0.0349,-0.04612,0.1613,0.96746,-0.52628,-0.36128,0.94439,0.09905,-0.14984,-0.27584,0.28396,-0.03694,-0.71719,-0.90586,0.64907,2.11187,2.12096,-0.76854,-0.14428,-0.78411,0.89281,-0.61498,1.90796,-2.02003,-0.55544,0.14315,0.75643,0.12224,-0.40427,-0.42485,-0.09765,-0.03289,-0.05406,1.27584,0.39927,-0.09453,-0.60098,-0.30815,0.05956,0.07836
5.3,-0.03629,-0.0463,0.16183,0.95698,-0.52941,-0.36164,0.93883,0.10172,-0.15496,-0.27664,0.2787,-0.03695,-0.72489,-0.90345,0.63228,2.11308,2.06464,-0.69925,-0.13677,-0.78559,0.90502,-0.61478,1.9099,-2.01533,-0.54323,0.14426,0.76304,0.12191,-0.39968,-0.42465,-0.09786,-0.03221,-0.05375,1.27943,0.40173,-0.09733,-0.60422,-0.30696,0.05939,0.07818
5.32,-0.03906,-0.04645,0.16222,0.94401,-0.53201,-0.35934,0.92934,0.10446,-0.16289,-0.27648,0.26924,-0.03695,-0.72245,-0.91525,0.60963,2.11298,2.0453,-0.65919,-0.13686,-0.79289,0.93987,-0.603,1.92207,-1.9841,-0.50055,0.14631,0.76955,0.11828,-0.39615,-0.42401,-0.09842,-0.03089,-0.05318,1.27732,0.40419,-0.09832,-0.60714,-0.30257,0.05849,0.07746
5.34,-0.04244,-0.04658,0.16253,0.92992,-0.53443,-0.35581,0.91814,0.10723,-0.1716,-0.27553,0.258,-0.03695,-0.71516,-0.93196,0.58499,2.11121,2.03829,-0.62841,-0.1395,-0.80201,0.98287,-0.58642,1.93702,-1.9447,-0.44853,0.14877,0.77617,0.11327,-0.39252,-0.42317,-0.09914,-0.02935,-0.05252,1.2729,0.40642,-0.09889,-0.60985,-0.29697,0.0573,0.07653
5.36,-0.04565,-0.0467,0.16284,0.91615,-0.53691,-0.35255,0.90744,0.10999,-0.17962,-0.27449,0.24733,-0.03695,-0.70867,-0.9463,0.56161,2.10887,2.02655,-0.59407,-0.14104,-0.81009,1.02208,-0.57125,1.94968,-1.90964,-0.40199,0.15094,0.78281,0.10869,-0.38844,-0.42236,-0.09981,-0.02793,-0.05191,1.26921,0.40844,-0.10007,-0.61253,-0.29188,0.05622,0.07567
5.38,-0.04841,-0.04689,0.16331,0.90318,-0.53944,-0.35055,0.89787,0.11272,-0.1891,-0.27541,0.23764,-0.03696,-0.70833,-0.96146,0.53653,2.11229,2.01066,-0.556,-0.14226,-0.81942,1.062,-0.55913,1.96691,-1.87247,-0.3505,0.15365,0.78907,0.10493,-0.38651,-0.42177,-0.1004,-0.02642,-0.05126,1.26686,0.41179,-0.09955,-0.6158,-0.28695,0.05525,0.07488
5.4,-0.05226,-0.04694,0.16341,0.88824,-0.54188,-0.3456,0.88557,0.11552,-0.19569,-0.27197,0.22548,-0.03696,-0.69384,-0.97579,0.51468,2.1031,2.00606,-0.5281,-0.1447,-0.82618,1.10198,-0.53977,1.97497,-1.83758,-0.3071,0.15528,0.79625,0.09913,-0.38,-0.42072,-0.10119,-0.02506,-0.05068,1.26122,0.41234,-0.10233,-0.61776,-0.28141,0.05396,0.0739
5.42,-0.05888,-0.04662,0.1626,0.8686,-0.54368,-0.33307,0.86613,0.11863,-0.19449,-0.25755,0.20717,-0.03696,-0.64282,-0.98911,0.50107,2.06135,2.03568,-0.52803,-0.15079,-0.8287,1.14346,-0.49917,1.95954,-1.81065,-0.28695,0.15413,0.80497,0.08817,-0.36155,-0.41814,-0.10246,-0.02414,-0.05031,1.24655,0.40502,-0.11565,-0.61617,-0.27443,0.05195,0.07248
5.44,-0.0666,-0.04618,0.16139,0.84692,-0.54548,-0.31758,0.84402,0.12177,-0.1903,-0.23861,0.18641,-0.03696,-0.5775,-1.00094,0.49095,2.00662,2.07539,-0.53771,-0.15787,-0.82796,1.18406,-0.45182,1.93429,-1.78624,-0.27544,0.15182,0.81479,0.07516,-0.33841,-0.41516,-0.10395,-0.02337,-0.05002,1.22877,0.39493,-0.13206,-0.61326,-0.26689,0.04961,0.07087
5.46,-0.07388,-0.04579,0.16031,0.82587,-0.54756,-0.30328,0.82316,0.12481,-0.18724,-0.22122,0.16662,-0.03697,-0.51775,-1.01184,0.4801,1.95663,2.10651,-0.5417,-0.16388,-0.82653,1.22294,-0.40922,1.91193,-1.76085,-0.26082,0.14984,0.8247,0.06301,-0.31692,-0.41257,-0.10537,-0.02254,-0.04969,1.21275,0.38626,-0.14618,-0.61092,-0.25961,0.04735,0.06932
5.48,-0.08089,-0.04538,0.15948,0.80604,-0.54844,-0.28958,0.80212,0.12824,-0.18518,-0.20598,0.14735,-0.03697,-0.46157,-1.02979,0.46584,1.91149,2.15444,-0.55109,-0.17252,-0.8343,1.27124,-0.35964,1.89641,-1.7346,-0.24251,0.14868,0.8321,0.05115,-0.29731,-0.4091,-0.10664,-0.0217,-0.04936,1.19514,0.37693,-0.16402,-0.60866,-0.25224,0.04534,0.06788
5.5,-0.08874,-0.04501,0.15801,0.78321,-0.55186,-0.27397,0.78082,0.13085,-0.18031,-0.18511,0.12646,-0.03697,-0.39483,-1.03252,0.4592,1.85317,2.17023,-0.5517,-0.17598,-0.82217,1.29938,-0.32269,1.86416,-1.71073,-0.23395,0.14556,0.84503,0.0382,-0.27285,-0.40735,-0.10829,-0.02089,-0.04905,1.18022,0.36829,-0.17486,-0.60596,-0.24495,0.04277,0.06616
5.52,-0.09861,-0.04474,0.15492,0.7526,-0.56202,-0.25368,0.7594,0.1314,-0.1684,-0.15052,0.10156,-0.03697,-0.30083,-0.99474,0.47568,1.76164,2.08948,-0.52337,-0.16411,-0.75552,1.27401,-0.32557,1.78918,-1.69387,-0.25117,0.13723,0.87271,0.02286,-0.23448,-0.41071,-0.11081,-0.02028,-0.04885,1.17284,0.36246,-0.16542,-0.60214,-0.23789,0.03854,0.0636
5.54,-0.1093,-0.04455,0.15117,0.71906,-0.5748,-0.2316,0.73782,0.13108,-0.15378,-0.11031,0.07515,-0.03697,-0.19703,-0.9415,0.49916,1.6573,1.97699,-0.48624,-0.14713,-0.66908,1.22803,-0.34088,1.69757,-1.67916,-0.27777,0.12697,0.90597,0.00648,-0.19169,-0.41575,-0.11371,-0.01969,-0.04866,1.16842,0.35737,-0.14884,-0.59799,-0.23095,0.03381,0.06079
5.56,-0.11965,-0.04437,0.1477,0.68685,-0.58656,-0.21044,0.71631,0.13101,-0.14039,-0.0722,0.04953,-0.03698,-0.09877,-0.89456,0.51753,1.55878,1.88249,-0.45464,-0.13297,-0.59189,1.19012,-0.34831,1.61279,-1.66278,-0.29953,0.11764,0.93687,-0.00949,-0.15203,-0.41987,-0.11652,-0.019,-0.04843,1.16308,0.35178,-0.13569,-0.59413,-0.22404,0.02944,0.05817
5.58,-0.12988,-0.04397,0.14434,0.65455,-0.59757,-0.18873,0.69467,0.13156,-0.12681,-0.0358,0.02339,-0.03698,0.00466,-0.85052,0.54421,1.45975,1.7733,-0.41703,-0.11672,-0.51331,1.15749,-0.36468,1.53047,-1.64936,-0.32409,0.10806,0.96711,-0.02527,-0.10751,-0.42467,-0.11902,-0.01867,-0.04835,1.1558,0.34677,-0.12199,-0.58956,-0.21678,0.02447,0.05521
5.6,-0.14054,-0.04405,0.14056,0.62182,-0.61079,-0.16778,0.67334,0.13062,-0.11311,0.00538,-0.00199,-0.03698,0.09937,-0.79691,0.55515,1.35899,1.68702,-0.3896,-0.10362,-0.43321,1.10918,-0.36574,1.43956,-1.63035,-0.34483,0.09855,1.00001,-0.04165,-0.07207,-0.42842,-0.12222,-0.01765,-0.04797,1.15336,0.34077,-0.10756,-0.58647,-0.21026,0.02066,0.05291
5.62,-0.15216,-0.04537,0.13588,0.58809,-0.62942,-0.14923,0.6527,0.12579,-0.09911,0.05897,-0.02504,-0.03698,0.16825,-0.71965,0.5211,1.25593,1.67179,-0.39345,-0.1003,-0.35166,1.02081,-0.31945,1.32595,-1.59468,-0.35364,0.08967,1.03903,-0.05944,-0.06321,-0.42911,-0.12731,-0.01428,-0.04653,1.16309,0.33186,-0.09389,-0.58714,-0.20579,0.02007,0.05246
5.64,-0.16417,-0.04719,0.13077,0.55415,-0.65019,-0.13153,0.63243,0.11949,-0.0852,0.11705,-0.04723,-0.03698,0.22777,-0.63351,0.47094,1.15183,1.68064,-0.40759,-0.10034,-0.26965,0.91773,-0.25783,1.20491,-1.55348,-0.35807,0.08094,1.08051,-0.07777,-0.06358,-0.42864,-0.13307,-0.01031,-0.04482,1.17768,0.32193,-0.07955,-0.5894,-0.20204,0.02067,0.05269
5.66,-0.176,-0.0488,0.12577,0.52069,-0.67002,-0.11353,0.61214,0.11387,-0.07168,0.17271,-0.06969,-0.03699,0.29116,-0.55206,0.42797,1.0486,1.67843,-0.41635,-0.09892,-0.18922,0.82251,-0.20446,1.08931,-1.51519,-0.36388,0.07212,1.12076,-0.09583,-0.05945,-0.42851,-0.13847,-0.00691,-0.04338,1.19036,0.31247,-0.0648,-0.59119,-0.19793,0.02078,0.05263
5.68,-0.18788,-0.05032,0.12109,0.48551,-0.68985,-0.0951,0.59121,0.10817,-0.05628,0.23021,-0.0927,-0.03699,0.35676,-0.46715,0.38568,0.94291,1.67567,-0.42789,-0.09701,-0.10233,0.7215,-0.14568,0.96435,-1.4751,-0.37262,0.06324,1.16167,-0.11406,-0.05643,-0.4292,-0.14411,-0.00226,-0.04133,1.20188,0.30301,-0.05274,-0.59186,-0.19397,0.02066,0.05247
5.7,-0.19972,-0.05216,0.11564,0.4539,-0.71013,-0.07779,0.57171,0.10227,-0.0448,0.2848,-0.11438,-0.03699,0.41511,-0.38772,0.33822,0.84266,1.68009,-0.43609,-0.09701,-0.02904,0.62945,-0.09489,0.8574,-1.43768,-0.37408,0.05465,1.20171,-0.13204,-0.0534,-0.42791,-0.14941,-6e-05,-0.04047,1.21692,0.29332,-0.03509,-0.5953,-0.18987,0.0213,0.05268
5.72,-0.21143,-0.05475,0.10821,0.43217,-0.73136,-0.06352,0.55604,0.09636,-0.04468,0.33086,-0.1324,-0.03699,0.45806,-0.32422,0.27925,0.75458,1.69935,-0.43338,-0.10137,0.00646,0.565,-0.06553,0.80182,-1.40672,-0.35638,0.04608,1.23885,-0.14931,-0.04764,-0.42124,-0.15336,-0.00488,-0.04301,1.24059,0.28313,-0.00139,-0.60567,-0.1852,0.02381,0.05374
5.74,-0.22307,-0.05767,0.10002,0.41408,-0.75293,-0.05035,0.54179,0.09025,-0.04843,0.37367,-0.14916,-0.03699,0.49353,-0.26692,0.21595,0.67269,1.72492,-0.42683,-0.10755,0.02815,0.51034,-0.04546,0.76483,-1.37901,-0.33144,0.03794,1.27499,-0.1663,-0.04166,-0.41262,-0.15698,-0.01216,-0.04675,1.26761,0.27277,0.03774,-0.61882,-0.18038,0.02705,0.05514
5.76,-0.23469,-0.06047,0.09216,0.39435,-0.7742,-0.03662,0.5269,0.0841,-0.05005,0.41758,-0.16664,-0.03699,0.53087,-0.20768,0.15523,0.59,1.74724,-0.42151,-0.11298,0.0562,0.45178,-0.02404,0.71947,-1.35137,-0.30989,0.03011,1.31154,-0.18336,-0.03611,-0.40502,-0.16089,-0.01824,-0.04992,1.29305,0.26256,0.07386,-0.63091,-0.17566,0.02993,0.05638
5.78,-0.24657,-0.06317,0.08434,0.37448,-0.79617,-0.0232,0.51198,0.07843,-0.05319,0.46333,-0.1835,-0.03699,0.57445,-0.14419,0.09086,0.49858,1.77227,-0.41874,-0.11827,0.08408,0.39031,0.00982,0.67324,-1.31724,-0.28791,0.02018,1.34842,-0.20067,-0.0295,-0.39689,-0.16424,-0.02469,-0.05322,1.31892,0.25202,0.1123,-0.64223,-0.17085,0.03296,0.05769
5.8,-0.25788,-0.06614,0.07626,0.35586,-0.81671,-0.00934,0.49749,0.07176,-0.05413,0.50431,-0.20135,-0.03699,0.60326,-0.09141,0.0339,0.42708,1.7925,-0.40958,-0.12414,0.10885,0.33753,0.01561,0.63368,-1.2972,-0.26499,0.01469,1.38428,-0.21739,-0.02493,-0.38935,-0.16866,-0.03093,-0.05651,1.34463,0.24213,0.14717,-0.65578,-0.16617,0.03584,0.05892
5.82,-0.26769,-0.06969,0.06761,0.33887,-0.83333,0.00564,0.48353,0.06231,-0.04759,0.53375,-0.22227,-0.03699,0.59411,-0.06459,-0.00691,0.40692,1.80088,-0.38395,-0.13208,0.12982,0.30558,-0.05601,0.60509,-1.31761,-0.24273,0.02174,1.41787,-0.23244,-0.02594,-0.38435,-0.17598,-0.03617,-0.0595,1.36895,0.2343,0.17091,-0.67482,-0.1618,0.03817,0.05986
5.84,-0.27691,-0.07349,0.05873,0.32318,-0.84845,0.02115,0.47001,0.05188,-0.03879,0.5583,-0.24422,-0.03699,0.57021,-0.04879,-0.03909,0.40699,1.80361,-0.35196,-0.14034,0.14786,0.2823,-0.15522,0.58317,-1.3517,-0.21956,0.03318,1.45039,-0.24692,-0.02897,-0.37993,-0.18441,-0.04109,-0.06241,1.39299,0.22711,0.19086,-0.69598,-0.15758,0.04032,0.06071
5.86,-0.28637,-0.07719,0.04999,0.30749,-0.86419,0.03666,0.45648,0.04194,-0.03133,0.58453,-0.26569,-0.03699,0.55243,-0.02939,-0.07152,0.39922,1.80678,-0.32267,-0.14779,0.16629,0.25558,-0.24043,0.56014,-1.37803,-0.19577,0.04236,1.48321,-0.26174,-0.03112,-0.37498,-0.19242,-0.04607,-0.06533,1.41724,0.2195,0.2125,-0.71613,-0.15335,0.04253,0.0616
5.88,-0.29597,-0.08083,0.04106,0.28943,-0.88024,0.05116,0.44221,0.0318,-0.02267,0.61301,-0.28721,-0.03699,0.53679,-0.00422,-0.11932,0.38598,1.81886,-0.29395,-0.15806,0.18819,0.22693,-0.33211,0.52962,-1.41093,-0.17586,0.05267,1.51682,-0.27624,-0.03319,-0.37112,-0.20005,-0.05149,-0.06844,1.44128,0.21243,0.23446,-0.73657,-0.14885,0.04484,0.06252
5.9,-0.30514,-0.08467,0.03248,0.27657,-0.89524,0.06788,0.42955,0.02186,-0.01593,0.63562,-0.30887,-0.03699,0.51338,0.00636,-0.13337,0.38883,1.81135,-0.26271,-0.16259,0.20238,0.20442,-0.41677,0.51604,-1.4334,-0.14802,0.06167,1.5485,-0.29124,-0.03582,-0.36514,-0.20873,-0.05588,-0.07109,1.46564,0.20442,0.25478,-0.75687,-0.14496,0.0469,0.06334
5.92,-0.31329,-0.08896,0.0249,0.27755,-0.9079,0.09072,0.42127,0.01263,-0.01488,0.6437,-0.3309,-0.03699,0.47145,-0.02051,-0.05315,0.43132,1.74762,-0.22495,-0.15057,0.1958,0.19524,-0.47499,0.54769,-1.42326,-0.09632,0.06583,1.57529,-0.30804,-0.04005,-0.35316,-0.22016,-0.05752,-0.07251,1.49107,0.19349,0.27142,-0.77635,-0.14274,0.04838,0.06394
5.94,-0.32102,-0.09344,0.0177,0.28374,-0.9195,0.11577,0.41456,0.00366,-0.01586,0.64593,-0.35301,-0.03699,0.42239,-0.06166,0.06016,0.48923,1.66496,-0.18508,-0.13288,0.18166,0.19217,-0.52512,0.59604,-1.40221,-0.0371,0.06855,1.60013,-0.32532,-0.04466,-0.33905,-0.23259,-0.05812,-0.07346,1.51678,0.18164,0.28653,-0.79557,-0.14114,0.04961,0.06445
5.96,-0.32892,-0.09784,0.01037,0.28764,-0.93146,0.13976,0.4071,-0.00536,-0.01601,0.65054,-0.37495,-0.03699,0.37706,-0.09637,0.15626,0.53998,1.59324,-0.14691,-0.11818,0.1712,0.18729,-0.57917,0.63661,-1.38642,0.01715,0.07204,1.62572,-0.34221,-0.04869,-0.32595,-0.24445,-0.05914,-0.07459,1.54226,0.17034,0.30239,-0.81482,-0.13925,0.05094,0.06499
5.98,-0.33688,-0.10222,0.00286,0.29123,-0.94391,0.16404,0.39984,-0.01474,-0.01571,0.65621,-0.3975,-0.03699,0.32905,-0.13137,0.26186,0.59215,1.51157,-0.10539,-0.10169,0.15966,0.17873,-0.63343,0.67824,-1.36982,0.07788,0.0752,1.65184,-0.35983,-0.05444,-0.31272,-0.25677,-0.06033,-0.07583,1.56819,0.15851,0.31792,-0.8345,-0.1374,0.05233,0.06557
6,-0.34463,-0.10669,-0.00419,0.2967,-0.95507,0.18819,0.39251,-0.02327,-0.01684,0.65827,-0.41877,-0.03699,0.28522,-0.16891,0.35536,0.64468,1.44608,-0.07043,-0.08763,0.14855,0.17907,-0.68463,0.72155,-1.35217,0.12704,0.07862,1.6764,-0.37604,-0.05676,-0.29922,-0.26846,-0.06095,-0.07677,1.59325,0.14758,0.33378,-0.8532,-0.1356,0.05353,0.06605
6.02,-0.35192,-0.11137,-0.01017,0.30607,-0.96307,0.21159,0.38474,-0.02951,-0.02145,0.65253,-0.43669,-0.03699,0.2541,-0.21059,0.40791,0.69497,1.43089,-0.054,-0.08125,0.14101,0.20324,-0.73232,0.76522,-1.33385,0.14104,0.08342,1.6973,-0.38837,-0.04885,-0.2855,-0.27711,-0.05995,-0.0767,1.61578,0.1391,0.35118,-0.86909,-0.1337,0.05426,0.06631
6.04,-0.35902,-0.11614,-0.01567,0.31715,-0.96977,0.23472,0.37683,-0.03488,-0.02743,0.64324,-0.45329,-0.03699,0.22762,-0.25414,0.44698,0.74486,1.43244,-0.04423,-0.07758,0.13409,0.23599,-0.77656,0.81001,-1.31484,0.14336,0.08847,1.71666,-0.39926,-0.03758,-0.27159,-0.28523,-0.05845,-0.07639,1.63742,0.1316,0.36892,-0.884,-0.13183,0.05481,0.06648
6.06,-0.3662,-0.12089,-0.02132,0.32749,-0.97696,0.25787,0.3689,-0.04063,-0.03274,0.63512,-0.47039,-0.037,0.19945,-0.2964,0.49183,0.79449,1.42577,-0.03156,-0.07295,0.12654,0.26428,-0.82025,0.8544,-1.29642,0.15194,0.09316,1.73662,-0.41074,-0.02828,-0.25777,-0.29437,-0.0574,-0.07641,1.6595,0.12379,0.38636,-0.89945,-0.12999,0.05543,0.06668
6.08,-0.37339,-0.12557,-0.02727,0.33792,-0.98454,0.28158,0.36138,-0.04646,-0.03829,0.6287,-0.48792,-0.037,0.16922,-0.34114,0.53934,0.84664,1.42121,-0.01846,-0.06703,0.12014,0.29509,-0.87247,0.89897,-1.2766,0.15688,0.09878,1.75696,-0.42253,-0.01714,-0.24385,-0.30049,-0.05542,-0.07553,1.68148,0.11536,0.40438,-0.9145,-0.128,0.05608,0.0669
6.1,-0.38052,-0.13041,-0.03248,0.34845,-0.991,0.30397,0.35293,-0.05189,-0.04367,0.61795,-0.50421,-0.037,0.14455,-0.38085,0.57763,0.89311,1.41627,-0.00762,-0.06447,0.11163,0.32268,-0.90639,0.94318,-1.25952,0.1664,0.10259,1.77612,-0.43328,-0.009,-0.23012,-0.31247,-0.0552,-0.07641,1.70342,0.1085,0.42125,-0.93014,-0.12632,0.05664,0.06708
6.12,-0.38758,-0.13564,-0.03586,0.35926,-0.99472,0.32333,0.3421,-0.0565,-0.04808,0.59629,-0.5177,-0.037,0.13335,-0.40719,0.59396,0.92489,1.40817,-0.0036,-0.07084,0.09681,0.33857,-0.88898,0.98609,-1.25158,0.19239,0.10094,1.79274,-0.44195,-0.01037,-0.21693,-0.34349,-0.06068,-0.0829,1.72555,0.10549,0.4352,-0.94772,-0.12544,0.05697,0.06719
6.14,-0.39458,-0.14102,-0.03852,0.37001,-0.99736,0.34126,0.33031,-0.06071,-0.0523,0.57042,-0.52994,-0.037,0.12774,-0.42817,0.60127,0.95071,1.39889,-0.00125,-0.08047,0.07992,0.351,-0.85359,1.0285,-1.24623,0.22316,0.09753,1.80816,-0.44956,-0.01487,-0.20394,-0.38002,-0.06783,-0.09104,1.74763,0.10408,0.44792,-0.96591,-0.12488,0.05721,0.06728
6.16,-0.40158,-0.14633,-0.04147,0.38047,-1.00046,0.35947,0.31883,-0.06503,-0.0567,0.54638,-0.54258,-0.037,0.12008,-0.45091,0.61241,0.97862,1.3889,0.00336,-0.08844,0.06421,0.36544,-0.82755,1.07107,-1.23878,0.2511,0.09519,1.82392,-0.45738,-0.01756,-0.19091,-0.41213,-0.07373,-0.09794,1.76965,0.10211,0.46098,-0.98379,-0.12419,0.0575,0.06739
6.18,-0.40868,-0.15167,-0.04454,0.39232,-1.00362,0.37923,0.30783,-0.06962,-0.06074,0.52252,-0.55589,-0.037,0.11052,-0.47655,0.62425,1.00916,1.38459,0.00157,-0.09727,0.04753,0.37837,-0.79644,1.11402,-1.23509,0.28148,0.09174,1.84049,-0.46626,-0.02145,-0.1777,-0.45192,-0.08166,-0.10686,1.79203,0.09946,0.47495,-1.00182,-0.12345,0.05776,0.06747
6.2,-0.41555,-0.15696,-0.04719,0.40128,-1.00643,0.39545,0.29564,-0.07357,-0.06548,0.49738,-0.56751,-0.037,0.10619,-0.49487,0.63264,1.03278,1.36816,0.0126,-0.10504,0.03235,0.39347,-0.77162,1.15599,-1.22432,0.308,0.09015,1.85508,-0.47273,-0.02402,-0.16488,-0.47753,-0.08582,-0.11205,1.81361,0.0986,0.48674,-1.01965,-0.12289,0.05806,0.06759
6.22,-0.42194,-0.16213,-0.04889,0.40189,-1.00852,0.40204,0.28005,-0.07585,-0.07197,0.46949,-0.57498,-0.037,0.11486,-0.49432,0.63394,1.03905,1.3166,0.06116,-0.10909,0.02205,0.41574,-0.7691,1.1959,-1.19237,0.32322,0.09421,1.86477,-0.47267,-0.01875,-0.15342,-0.45828,-0.07874,-0.10566,1.83318,0.10241,0.4928,-1.0371,-0.12276,0.05847,0.06778
6.24,-0.42809,-0.16721,-0.05018,0.39965,-1.01029,0.40516,0.26335,-0.0775,-0.0792,0.44055,-0.58077,-0.037,0.1286,-0.48662,0.63215,1.03851,1.25307,0.12241,-0.11196,0.01331,0.4402,-0.77345,1.23473,-1.15339,0.33436,0.10017,1.87245,-0.47026,-0.0126,-0.1423,-0.42531,-0.06789,-0.09561,1.8519,0.10793,0.49671,-1.05428,-0.1228,0.05891,0.068
6.26,-0.43429,-0.1723,-0.05164,0.39897,-1.01221,0.41,0.24735,-0.07944,-0.08624,0.41225,-0.58721,-0.037,0.14005,-0.48218,0.6316,1.04089,1.19635,0.17678,-0.11532,0.00371,0.46342,-0.77431,1.27374,-1.11827,0.34706,0.10517,1.88087,-0.46905,-0.00922,-0.13078,-0.4016,-0.05903,-0.08781,1.8709,0.11258,0.5016,-1.07141,-0.12278,0.05934,0.0682
6.28,-0.44073,-0.17755,-0.05317,0.39723,-1.01408,0.41417,0.23049,-0.08138,-0.09269,0.38302,-0.59407,-0.037,0.15162,-0.47745,0.63116,1.0438,1.13424,0.23575,-0.11889,-0.00537,0.48758,-0.77609,1.31413,-1.08044,0.36114,0.11051,1.88999,-0.46726,0.00369,-0.12024,-0.36567,-0.04907,-0.07763,1.8904,0.11771,0.5064,-1.08935,-0.12274,0.05979,0.06841
6.3,-0.4466,-0.18242,-0.05445,0.39698,-1.01598,0.41891,0.21519,-0.08317,-0.1005,0.35563,-0.59968,-0.037,0.16412,-0.47179,0.63018,1.04405,1.08001,0.28821,-0.12181,-0.01509,0.5103,-0.77784,1.35129,-1.04656,0.37135,0.11561,1.8972,-0.46611,-0.00257,-0.10783,-0.35144,-0.04049,-0.07144,1.90859,0.12221,0.51091,-1.10547,-0.12276,0.06019,0.06861
6.32,-0.45104,-0.18633,-0.05516,0.40176,-1.01818,0.42622,0.20415,-0.08467,-0.11239,0.33295,-0.60228,-0.037,0.17736,-0.46431,0.62563,1.03867,1.05526,0.31917,-0.12202,-0.02738,0.52888,-0.77789,1.38057,-1.02508,0.37159,0.11966,1.89947,-0.46736,-0.06559,-0.08924,-0.40398,-0.03673,-0.07774,1.92388,0.12465,0.51516,-1.11699,-0.12294,0.06045,0.06874
6.34,-0.45489,-0.18984,-0.05565,0.4081,-1.0204,0.43418,0.19477,-0.08603,-0.12553,0.31232,-0.60369,-0.037,0.1914,-0.45632,0.62107,1.03086,1.03822,0.34317,-0.12176,-0.04026,0.54588,-0.77781,1.40647,-1.00777,0.36814,0.12341,1.8999,-0.46931,-0.14725,-0.06891,-0.47816,-0.03448,-0.08805,1.93779,0.12637,0.51919,-1.12662,-0.12318,0.06066,0.06884
6.36,-0.45895,-0.19347,-0.05624,0.41359,-1.02252,0.44175,0.18485,-0.08746,-0.13777,0.2912,-0.60566,-0.037,0.20549,-0.44929,0.61858,1.02415,1.01419,0.37071,-0.12254,-0.05261,0.56339,-0.77782,1.43341,-0.98877,0.36652,0.12723,1.90129,-0.4709,-0.21795,-0.04996,-0.54009,-0.03148,-0.09612,1.95202,0.12837,0.52331,-1.13691,-0.12338,0.06089,0.06896
6.38,-0.46325,-0.19735,-0.0568,0.41961,-1.025,0.44965,0.174,-0.08886,-0.15147,0.26817,-0.60752,-0.037,0.2182,-0.4391,0.60782,1.0172,1.00342,0.39735,-0.12001,-0.0661,0.58188,-0.77778,1.46243,-0.96893,0.36401,0.13133,1.90216,-0.47261,-0.29906,-0.02854,-0.61171,-0.02861,-0.1058,1.96757,0.13064,0.52741,-1.14805,-0.12365,0.06111,0.06907
6.4,-0.46689,-0.2006,-0.05738,0.42488,-1.02673,0.45702,0.16551,-0.09029,-0.16239,0.24963,-0.60933,-0.037,0.23366,-0.43523,0.61362,1.01028,0.96832,0.42373,-0.124,-0.07726,0.59789,-0.77788,1.48627,-0.95156,0.36263,0.13483,1.90363,-0.47425,-0.363,-0.01184,-0.66853,-0.0259,-0.11315,1.98,0.13214,0.53151,-1.15696,-0.12377,0.06134,0.06918
6.42,-0.4689,-0.20223,-0.05809,0.42812,-1.02657,0.46329,0.16309,-0.09189,-0.16549,0.24296,-0.61146,-0.037,0.25886,-0.45112,0.67147,1.0041,0.85277,0.45381,-0.14862,-0.08299,0.60757,-0.77713,1.49721,-0.94341,0.36442,0.13606,1.90777,-0.47558,-0.37428,-0.00875,-0.67861,-0.02323,-0.11295,1.98446,0.13171,0.53598,-1.16025,-0.12348,0.06157,0.06928
6.44,-0.47025,-0.20323,-0.05885,0.4305,-1.02563,0.46895,0.16301,-0.09351,-0.16573,0.24076,-0.61355,-0.037,0.28641,-0.47305,0.74499,0.99806,0.71438,0.48336,-0.17941,-0.08617,0.61478,-0.77672,1.50294,-0.93707,0.36763,0.1368,1.91249,-0.47683,-0.36775,-0.01044,-0.67323,-0.02071,-0.11032,1.98576,0.13051,0.54042,-1.16135,-0.12303,0.06179,0.06937
6.46,-0.47188,-0.20449,-0.0596,0.43301,-1.02494,0.47458,0.16191,-0.09509,-0.16717,0.23656,-0.61554,-0.037,0.31128,-0.49076,0.807,0.99196,0.59433,0.51122,-0.20566,-0.08974,0.62304,-0.777,1.51068,-0.92758,0.37081,0.13822,1.91659,-0.47809,-0.36982,-0.00984,-0.67538,-0.01818,-0.1089,1.9883,0.12963,0.54471,-1.1634,-0.12265,0.06201,0.06946
6.48,-0.4736,-0.20586,-0.06027,0.43664,-1.02467,0.48155,0.16069,-0.09683,-0.16906,0.2323,-0.61801,-0.037,0.34273,-0.51449,0.88688,0.98578,0.44207,0.54676,-0.23899,-0.09647,0.63156,-0.77381,1.51984,-0.92774,0.37137,0.13776,1.92208,-0.47948,-0.37042,-0.00965,-0.67616,-0.01545,-0.10715,1.99162,0.12883,0.54969,-1.16558,-0.12229,0.06227,0.06956
6.5,-0.47496,-0.20684,-0.06112,0.43776,-1.02335,0.48557,0.16027,-0.09822,-0.16933,0.22921,-0.61948,-0.037,0.36133,-0.52737,0.93407,0.97981,0.34996,0.56655,-0.25935,-0.09613,0.63894,-0.77779,1.52484,-0.90858,0.37764,0.14103,1.92487,-0.48058,-0.36956,-0.00979,-0.67584,-0.01316,-0.10549,1.9926,0.1277,0.55323,-1.167,-0.12185,0.06245,0.06963
6.52,-0.4755,-0.2069,-0.06245,0.43189,-1.01928,0.48141,0.16143,-0.09868,-0.16565,0.22804,-0.61814,-0.037,0.34121,-0.50659,0.88002,0.97455,0.4422,0.54048,-0.23949,-0.07597,0.64416,-0.80267,1.51964,-0.83221,0.40049,0.15524,1.9199,-0.48082,-0.36948,-0.00964,-0.67609,-0.01189,-0.10447,1.98782,0.12586,0.55277,-1.1669,-0.12119,0.06241,0.06959
6.54,-0.47568,-0.2066,-0.06394,0.42359,-1.01419,0.47433,0.16332,-0.09878,-0.16049,0.22793,-0.61582,-0.037,0.30851,-0.47506,0.79371,0.96948,0.59366,0.49903,-0.20683,-0.04897,0.64825,-0.83451,1.51045,-0.73708,0.4288,0.17308,1.91223,-0.48079,-0.36838,-0.00968,-0.67567,-0.01107,-0.10366,1.98082,0.1237,0.55088,-1.16614,-0.12047,0.06231,0.0695
6.56,-0.47601,-0.20647,-0.06535,0.41659,-1.00958,0.46871,0.16491,-0.09903,-0.15614,0.22747,-0.61399,-0.037,0.28339,-0.44998,0.7271,0.96424,0.70928,0.46633,-0.18202,-0.02569,0.65263,-0.86245,1.50309,-0.65263,0.45389,0.18896,1.90591,-0.48095,-0.36736,-0.00968,-0.67557,-0.01011,-0.10287,1.97489,0.12166,0.54968,-1.16568,-0.11981,0.06224,0.06944
6.58,-0.47638,-0.20628,-0.06682,0.4087,-1.00484,0.46251,0.16647,-0.09932,-0.15109,0.22659,-0.61198,-0.037,0.25075,-0.4187,0.64047,0.95937,0.86057,0.42636,-0.14914,0.00035,0.65791,-0.89365,1.49546,-0.55867,0.48228,0.20626,1.89911,-0.48081,-0.36733,-0.00965,-0.67492,-0.00888,-0.10152,1.96854,0.11969,0.54832,-1.16513,-0.11901,0.06215,0.06936
6.6,-0.47659,-0.20615,-0.06819,0.40212,-1.00015,0.45683,0.16823,-0.09944,-0.14717,0.22678,-0.61011,-0.037,0.23044,-0.39744,0.58678,0.95378,0.95349,0.39764,-0.12957,0.02213,0.66101,-0.91954,1.48755,-0.48065,0.50491,0.22133,1.89266,-0.48123,-0.36525,-0.00966,-0.67542,-0.00832,-0.1014,1.96262,0.11751,0.54695,-1.16464,-0.11849,0.06208,0.0693
6.62,-0.4764,-0.2063,-0.06926,0.39968,-0.99575,0.45324,0.17048,-0.09919,-0.14677,0.2297,-0.60892,-0.037,0.24986,-0.40872,0.63957,0.9459,0.85706,0.40602,-0.15304,0.03138,0.65889,-0.9307,1.4797,-0.44575,0.51182,0.23057,1.88769,-0.48327,-0.35774,-0.00965,-0.67946,-0.00956,-0.10473,1.95825,0.11476,0.54581,-1.16442,-0.11881,0.06208,0.06933
6.64,-0.47606,-0.20653,-0.07024,0.39867,-0.99147,0.45028,0.17289,-0.09879,-0.14755,0.23363,-0.60792,-0.037,0.28166,-0.43003,0.72523,0.93732,0.70233,0.42587,-0.18977,0.03596,0.65456,-0.93603,1.47178,-0.42841,0.51251,0.23723,1.88319,-0.48588,-0.3483,-0.00965,-0.68471,-0.01145,-0.10928,1.95444,0.11182,0.5447,-1.16429,-0.11942,0.0621,0.06939
6.66,-0.4758,-0.20673,-0.07125,0.39706,-0.98721,0.44706,0.17517,-0.09845,-0.14776,0.23705,-0.60682,-0.037,0.30601,-0.44519,0.79063,0.92919,0.58362,0.43896,-0.21828,0.04205,0.65091,-0.94292,1.46404,-0.40679,0.51498,0.24422,1.87856,-0.48824,-0.33984,-0.00964,-0.68934,-0.013,-0.11322,1.95048,0.10901,0.54362,-1.16416,-0.11988,0.06211,0.06943
6.68,-0.47547,-0.2069,-0.07227,0.39514,-0.98258,0.4436,0.17771,-0.09814,-0.14807,0.24075,-0.60572,-0.037,0.33748,-0.46657,0.87695,0.92051,0.42752,0.45793,-0.25543,0.05085,0.64852,-0.95446,1.45552,-0.36946,0.52187,0.25476,1.87347,-0.49058,-0.33088,-0.00964,-0.69424,-0.01476,-0.11742,1.94599,0.10603,0.54233,-1.16385,-0.12041,0.06211,0.06947
6.7,-0.47527,-0.20716,-0.07327,0.39424,-0.97876,0.44083,0.17974,-0.09773,-0.14846,0.24408,-0.60467,-0.037,0.35741,-0.4777,0.92846,0.91281,0.33373,0.46773,-0.27813,0.05294,0.64307,-0.95506,1.44867,-0.36854,0.51824,0.2574,1.86949,-0.49309,-0.32256,-0.00963,-0.69885,-0.01624,-0.12135,1.94276,0.10335,0.5415,-1.16393,-0.12087,0.06214,0.06952
6.72,-0.47546,-0.2077,-0.0742,0.3958,-0.97713,0.43978,0.18039,-0.09704,-0.14885,0.24616,-0.60376,-0.037,0.34102,-0.45648,0.87128,0.90798,0.43436,0.44797,-0.25586,0.03661,0.62913,-0.92504,1.4465,-0.47005,0.4851,0.23756,1.86845,-0.49599,-0.31611,-0.00962,-0.70258,-0.01683,-0.12442,1.94288,0.10157,0.54189,-1.16512,-0.1211,0.06225,0.06958
6.74,-0.47579,-0.20833,-0.07511,0.39835,-0.97632,0.43941,0.18052,-0.09625,-0.14928,0.24784,-0.60288,-0.037,0.31292,-0.42494,0.77892,0.90416,0.59796,0.41891,-0.21899,0.01388,0.61231,-0.88453,1.44603,-0.60648,0.44194,0.21008,1.86851,-0.49906,-0.31044,-0.0096,-0.70594,-0.01712,-0.12716,1.94426,0.10009,0.54275,-1.16669,-0.12126,0.06238,0.06964
6.76,-0.47608,-0.20892,-0.07602,0.40047,-0.97516,0.43877,0.18087,-0.09553,-0.14966,0.2497,-0.60195,-0.037,0.29117,-0.39925,0.70582,0.89993,0.7271,0.3951,-0.19008,-0.00529,0.59721,-0.84998,1.44482,-0.72302,0.40466,0.18688,1.86811,-0.50204,-0.30464,-0.00958,-0.70937,-0.01752,-0.12995,1.94508,0.09846,0.54341,-1.16805,-0.12145,0.0625,0.06969
6.78,-0.47629,-0.20952,-0.07694,0.40258,-0.97393,0.43798,0.18128,-0.09471,-0.15022,0.25156,-0.60118,-0.037,0.26552,-0.36905,0.62013,0.89553,0.87876,0.36737,-0.15609,-0.02744,0.58028,-0.81016,1.44352,-0.85731,0.36156,0.16014,1.86761,-0.50507,-0.29777,-0.00957,-0.71328,-0.01806,-0.1332,1.94587,0.09686,0.54401,-1.16957,-0.12164,0.06263,0.06975
6.8,-0.47668,-0.21011,-0.07786,0.4049,-0.97302,0.43764,0.18145,-0.09407,-0.15039,0.25335,-0.60006,-0.037,0.24502,-0.34559,0.55175,0.89166,0.99942,0.34541,-0.12899,-0.04477,0.56651,-0.77897,1.44275,-0.96249,0.32829,0.13904,1.86754,-0.50802,-0.29338,-0.00955,-0.71605,-0.01824,-0.1354,1.94699,0.09528,0.54484,-1.17084,-0.12181,0.06274,0.0698
6.82,-0.47758,-0.21069,-0.07878,0.40779,-0.97296,0.43859,0.1809,-0.09398,-0.14966,0.25486,-0.59809,-0.037,0.24184,-0.34396,0.54095,0.88966,1.01743,0.3421,-0.12482,-0.04791,0.56209,-0.77343,1.44358,-0.98056,0.32438,0.13507,1.86874,-0.51077,-0.29537,-0.00951,-0.71606,-0.01717,-0.13483,1.94898,0.09365,0.54636,-1.1714,-0.12191,0.06279,0.06984
6.84,-0.47864,-0.21126,-0.07969,0.4108,-0.97316,0.43991,0.18014,-0.09405,-0.14851,0.25636,-0.59574,-0.037,0.24415,-0.34929,0.5484,0.88803,1.00267,0.34477,-0.12797,-0.04586,0.56093,-0.77706,1.44476,-0.96788,0.33071,0.13708,1.87026,-0.51343,-0.29989,-0.00948,-0.71486,-0.01579,-0.13323,1.95119,0.09203,0.54806,-1.17167,-0.12197,0.06281,0.06986
6.86,-0.47961,-0.21181,-0.08061,0.41364,-0.97316,0.44092,0.17957,-0.09402,-0.14744,0.25798,-0.59349,-0.037,0.24373,-0.35095,0.54656,0.88584,1.00424,0.34436,-0.12749,-0.0457,0.55839,-0.77708,1.44546,-0.96774,0.33258,0.13663,1.87143,-0.51611,-0.30344,-0.00944,-0.71401,-0.01473,-0.13208,1.95315,0.0904,0.54959,-1.17203,-0.12205,0.06284,0.06989
6.88,-0.48066,-0.21245,-0.08153,0.41707,-0.97356,0.44263,0.17858,-0.09411,-0.14683,0.25907,-0.59156,-0.037,0.24389,-0.35442,0.54773,0.88538,1.00185,0.34519,-0.12776,-0.04762,0.5555,-0.77461,1.44768,-0.9741,0.33348,0.13497,1.87356,-0.5189,-0.30623,-0.0094,-0.71403,-0.01287,-0.13096,1.95586,0.0888,0.55154,-1.17261,-0.12213,0.06288,0.06992
6.9,-0.48157,-0.2129,-0.08244,0.41923,-0.97314,0.44289,0.17846,-0.09398,-0.14515,0.2613,-0.58884,-0.037,0.2443,-0.35588,0.5474,0.88136,0.99916,0.34494,-0.12841,-0.04402,0.55396,-0.77935,1.44665,-0.96014,0.3387,0.13719,1.87368,-0.5214,-0.31121,-0.00937,-0.7119,-0.01265,-0.12957,1.95695,0.08714,0.55262,-1.17261,-0.12221,0.06289,0.06993
6.92,-0.4821,-0.21294,-0.08328,0.41835,-0.97067,0.43951,0.18059,-0.09325,-0.14082,0.26647,-0.58423,-0.037,0.24407,-0.35044,0.53879,0.86774,1.00301,0.34062,-0.12841,-0.02537,0.55708,-0.80437,1.43769,-0.88892,0.35583,0.15014,1.86888,-0.52333,-0.3215,-0.00932,-0.70467,-0.01655,-0.1274,1.95416,0.08543,0.55154,-1.17151,-0.12227,0.0628,0.06988
6.94,-0.48247,-0.21276,-0.0841,0.41609,-0.9673,0.43458,0.18367,-0.0923,-0.13537,0.27284,-0.57881,-0.037,0.24394,-0.34272,0.52819,0.85047,1.00752,0.33496,-0.12859,-0.00148,0.56116,-0.83597,1.42519,-0.79961,0.37658,0.16658,1.86191,-0.52493,-0.33387,-0.00929,-0.69523,-0.02216,-0.12502,1.94958,0.08366,0.54951,-1.16976,-0.12233,0.06268,0.06981
6.96,-0.48288,-0.21262,-0.08493,0.41415,-0.96414,0.43007,0.18646,-0.09144,-0.1303,0.27882,-0.57365,-0.037,0.24383,-0.33588,0.51846,0.83463,1.01182,0.32975,-0.12871,0.01931,0.56367,-0.86282,1.41356,-0.72428,0.39405,0.18046,1.85546,-0.52655,-0.34546,-0.00924,-0.68647,-0.02731,-0.12293,1.94539,0.08185,0.54769,-1.16805,-0.1224,0.06258,0.06976
6.98,-0.48346,-0.21277,-0.08577,0.41353,-0.96184,0.42679,0.18864,-0.09061,-0.1258,0.28416,-0.56895,-0.037,0.24367,-0.32994,0.50941,0.81975,1.01457,0.3255,-0.12898,0.04318,0.57098,-0.89715,1.40516,-0.62419,0.41865,0.19856,1.85098,-0.52872,-0.35673,-0.00915,-0.67905,-0.0312,-0.12005,1.94308,0.08026,0.5468,-1.16741,-0.12244,0.06245,0.06968
7,-0.48363,-0.21223,-0.08658,0.40981,-0.95751,0.42054,0.19235,-0.08966,-0.11982,0.2911,-0.56306,-0.037,0.24354,-0.3215,0.49833,0.80206,1.02121,0.31872,-0.12888,0.06197,0.56857,-0.91767,1.38908,-0.57102,0.42927,0.20876,1.84188,-0.52965,-0.36876,-0.00926,-0.66832,-0.03801,-0.11871,1.93632,0.07826,0.54376,-1.16436,-0.12254,0.06238,0.06964
7.02,-0.48287,-0.20991,-0.08743,0.39804,-0.94799,0.4067,0.19977,-0.08843,-0.11007,0.30221,-0.55446,-0.037,0.24362,-0.3065,0.48133,0.77708,1.03759,0.30636,-0.12774,0.06396,0.53835,-0.89543,1.35362,-0.65865,0.39897,0.195,1.82073,-0.52749,-0.38566,-0.00912,-0.64911,-0.05336,-0.12209,1.91848,0.07484,0.53473,-1.15526,-0.12281,0.06252,0.06972
7.04,-0.48169,-0.20687,-0.08824,0.38318,-0.9364,0.38988,0.20875,-0.08708,-0.09887,0.31484,-0.54462,-0.037,0.24367,-0.28905,0.46241,0.74952,1.05813,0.29128,-0.12616,0.06087,0.49843,-0.85953,1.31041,-0.7931,0.35466,0.17337,1.79499,-0.52405,-0.40268,-0.00934,-0.62663,-0.0714,-0.12694,1.89607,0.07107,0.52358,-1.14366,-0.12313,0.06272,0.06983
7.06,-0.48063,-0.20408,-0.08901,0.36961,-0.92562,0.37429,0.21721,-0.0858,-0.08828,0.32675,-0.53513,-0.037,0.2436,-0.2728,0.44481,0.7234,1.07752,0.27668,-0.12473,0.06106,0.46341,-0.83186,1.27007,-0.90169,0.31766,0.15622,1.77126,-0.52105,-0.41742,-0.00989,-0.6056,-0.08761,-0.13084,1.87525,0.06769,0.5136,-1.1329,-0.1234,0.06287,0.06991
7.08,-0.47989,-0.20162,-0.09002,0.35644,-0.9154,0.35917,0.22489,-0.08445,-0.07779,0.33895,-0.52656,-0.037,0.24413,-0.25612,0.42527,0.69592,1.09398,0.26515,-0.12356,0.05745,0.42634,-0.79607,1.23221,-1.02856,0.27685,0.13551,1.74779,-0.51867,-0.4414,-0.00829,-0.58468,-0.10646,-0.13595,1.85646,0.06335,0.50281,-1.12338,-0.12376,0.06313,0.07005
7.1,-0.47837,-0.1983,-0.09051,0.34175,-0.90351,0.34239,0.23459,-0.0832,-0.06681,0.35077,-0.51576,-0.037,0.24337,-0.23979,0.40935,0.67084,1.11729,0.2467,-0.12168,0.06033,0.39123,-0.77365,1.18758,-1.12923,0.24053,0.12011,1.72271,-0.51466,-0.44643,-0.01134,-0.56274,-0.12041,-0.13886,1.83236,0.06092,0.4931,-1.11066,-0.12397,0.06317,0.07007
7.12,-0.47495,-0.19286,-0.08966,0.32342,-0.8875,0.32177,0.24916,-0.08243,-0.05456,0.36205,-0.49921,-0.037,0.23911,-0.22486,0.40357,0.65199,1.16029,0.20904,-0.11832,0.08374,0.36395,-0.79326,1.12467,-1.14178,0.22055,0.12299,1.69421,-0.50682,-0.39666,-0.02641,-0.53915,-0.12033,-0.13543,1.79477,0.06403,0.4878,-1.09009,-0.12368,0.0625,0.06974
7.14,-0.47075,-0.18657,-0.08826,0.30375,-0.86987,0.29958,0.26577,-0.08171,-0.04194,0.37273,-0.48045,-0.037,0.23351,-0.21042,0.40154,0.63587,1.20968,0.16468,-0.11416,0.1136,0.33898,-0.82645,1.05553,-1.12716,0.20545,0.13114,1.66426,-0.49733,-0.32825,-0.04628,-0.5146,-0.11517,-0.12971,1.75201,0.06903,0.48348,-1.06633,-0.12326,0.06162,0.0693
7.16,-0.46683,-0.18062,-0.08706,0.28483,-0.85296,0.27808,0.28164,-0.08083,-0.02968,0.38314,-0.46263,-0.037,0.22848,-0.19584,0.39803,0.61918,1.25498,0.12384,-0.11012,0.1396,0.31292,-0.85221,0.99022,-1.12803,0.18774,0.13572,1.63504,-0.48835,-0.26996,-0.06446,-0.49022,-0.1122,-0.12496,1.7116,0.07303,0.47812,-1.04378,-0.12296,0.06088,0.06894
7.18,-0.46321,-0.17483,-0.08611,0.26513,-0.83603,0.25655,0.29675,-0.08056,-0.0165,0.39594,-0.44504,-0.037,0.22366,-0.18077,0.39358,0.59953,1.3055,0.08081,-0.10715,0.16935,0.28665,-0.88274,0.92032,-1.1176,0.17116,0.14496,1.60538,-0.48032,-0.20473,-0.0806,-0.46677,-0.10983,-0.12053,1.67103,0.07761,0.47521,-1.02213,-0.12239,0.05997,0.06848
7.2,-0.45879,-0.16851,-0.08448,0.24685,-0.8188,0.23476,0.31393,-0.07901,-0.00521,0.40352,-0.42646,-0.037,0.21803,-0.16693,0.39192,0.58679,1.34652,0.04092,-0.1017,0.1929,0.26157,-0.90681,0.8587,-1.12321,0.15362,0.1459,1.57632,-0.46996,-0.14955,-0.10209,-0.4413,-0.10499,-0.11492,1.62964,0.08144,0.46743,-0.9979,-0.12235,0.05936,0.06818
7.22,-0.45242,-0.16091,-0.08117,0.23219,-0.80113,0.21256,0.33614,-0.074,0.00101,0.39755,-0.40571,-0.037,0.21087,-0.15595,0.39771,0.59197,1.36052,0.01022,-0.09022,0.19737,0.23868,-0.9091,0.82089,-1.18316,0.13195,0.1223,1.54973,-0.45347,-0.12648,-0.13754,-0.40974,-0.09423,-0.1063,1.58717,0.08264,0.44628,-0.96724,-0.12382,0.05967,0.06838
7.24,-0.44525,-0.15283,-0.07718,0.21915,-0.78323,0.19018,0.36039,-0.06766,0.00525,0.38621,-0.38403,-0.037,0.20284,-0.14631,0.40608,0.60413,1.36459,-0.01688,-0.07621,0.19542,0.21708,-0.90454,0.79184,-1.25923,0.10926,0.0903,1.52375,-0.43475,-0.1142,-0.17813,-0.37634,-0.0812,-0.09662,1.54412,0.08305,0.42019,-0.93413,-0.12583,0.06028,0.06876
7.26,-0.43839,-0.145,-0.07345,0.20575,-0.76547,0.16794,0.38383,-0.06185,0.01025,0.37686,-0.36273,-0.037,0.19495,-0.13633,0.41282,0.61341,1.37262,-0.04485,-0.06289,0.1967,0.19527,-0.90364,0.75913,-1.32554,0.08736,0.06237,1.49724,-0.41713,-0.09712,-0.21617,-0.3443,-0.06942,-0.0876,1.50141,0.08386,0.39609,-0.9022,-0.12762,0.06074,0.06905
7.28,-0.43175,-0.13699,-0.0699,0.19064,-0.74752,0.14537,0.40688,-0.05636,0.01588,0.36941,-0.34151,-0.037,0.18815,-0.12516,0.42155,0.62149,1.38307,-0.07622,-0.05125,0.19702,0.17187,-0.90108,0.72461,-1.40157,0.06438,0.03344,1.47174,-0.39904,-0.07897,-0.25538,-0.31,-0.05656,-0.07775,1.45814,0.08448,0.37291,-0.86984,-0.12934,0.06125,0.06935
7.3,-0.42446,-0.12927,-0.06581,0.17961,-0.72993,0.12348,0.43117,-0.04991,0.01969,0.35674,-0.31994,-0.037,0.17883,-0.11685,0.42679,0.63377,1.3862,-0.09965,-0.03581,0.19757,0.15215,-0.89992,0.6963,-1.46108,0.04318,0.00469,1.44427,-0.38145,-0.06582,-0.29319,-0.28,-0.04547,-0.0694,1.416,0.08536,0.34685,-0.83789,-0.1313,0.06172,0.06967
7.32,-0.4157,-0.12241,-0.06051,0.17845,-0.71334,0.10328,0.45857,-0.04095,0.01921,0.33085,-0.2977,-0.037,0.16329,-0.11543,0.42105,0.65528,1.37001,-0.10101,-0.00808,0.20172,0.14169,-0.90647,0.68066,-1.47521,0.02871,-0.02304,1.41151,-0.36566,-0.06437,-0.3268,-0.26236,-0.03981,-0.06542,1.37681,0.08647,0.31219,-0.80725,-0.13397,0.06225,0.07009
7.34,-0.4063,-0.11588,-0.05468,0.18154,-0.69715,0.08383,0.4871,-0.03109,0.01692,0.29994,-0.27515,-0.037,0.14511,-0.11701,0.41181,0.68094,1.34704,-0.09459,0.02297,0.20603,0.13505,-0.91421,0.6715,-1.47176,0.0159,-0.05005,1.3767,-0.35049,-0.06759,-0.35862,-0.24912,-0.03604,-0.063,1.33886,0.08797,0.27513,-0.77721,-0.13684,0.0627,0.0705
7.36,-0.39714,-0.10925,-0.04905,0.18338,-0.68082,0.06417,0.51499,-0.02173,0.01524,0.27143,-0.25269,-0.037,0.12783,-0.11758,0.40465,0.70506,1.32812,-0.09247,0.05086,0.20931,0.12696,-0.91986,0.66087,-1.47345,0.00111,-0.07641,1.3426,-0.33514,-0.06842,-0.39065,-0.23387,-0.03144,-0.05988,1.30053,0.08971,0.24045,-0.74716,-0.13952,0.06304,0.07084
7.38,-0.38817,-0.10235,-0.04359,0.18243,-0.66428,0.04389,0.54349,-0.01193,0.0143,0.24223,-0.23033,-0.037,0.11193,-0.11646,0.3956,0.72777,1.30476,-0.08727,0.08565,0.21639,0.11746,-0.93169,0.64407,-1.48668,-0.00915,-0.10717,1.30939,-0.31926,-0.07069,-0.42547,-0.21858,-0.02662,-0.05667,1.26131,0.08968,0.2003,-0.71585,-0.14263,0.06401,0.07151
7.4,-0.37866,-0.09612,-0.03765,0.18826,-0.64832,0.02513,0.57096,-0.00287,0.01151,0.21336,-0.2078,-0.037,0.0924,-0.11984,0.3895,0.75457,1.28919,-0.08633,0.107,0.21569,0.11211,-0.93119,0.64186,-1.47276,-0.0277,-0.12851,1.27392,-0.30468,-0.071,-0.45392,-0.20449,-0.02277,-0.05405,1.22436,0.09339,0.17087,-0.68742,-0.1449,0.06365,0.07148
7.42,-0.36773,-0.09158,-0.03046,0.2117,-0.63346,0.01004,0.59539,0.00403,0.00345,0.18654,-0.18391,-0.037,0.06452,-0.13249,0.39327,0.78916,1.29658,-0.10209,0.08885,0.19344,0.11463,-0.89483,0.6756,-1.37708,-0.07596,-0.12387,1.23203,-0.29339,-0.06401,-0.46576,-0.19231,-0.02099,-0.05261,1.19238,0.10787,0.17291,-0.66622,-0.14474,0.05949,0.06946
7.44,-0.35628,-0.08774,-0.0228,0.24177,-0.61926,-0.00346,0.61872,0.01014,-0.00628,0.16029,-0.16003,-0.037,0.03287,-0.14999,0.39982,0.82811,1.31212,-0.12183,0.05734,0.16336,0.12172,-0.84623,0.72423,-1.25647,-0.13147,-0.10977,1.18808,-0.28341,-0.05496,-0.47113,-0.18128,-0.02017,-0.05175,1.16283,0.12601,0.18561,-0.64803,-0.14374,0.05402,0.06674
7.46,-0.34509,-0.08365,-0.01537,0.26884,-0.60504,-0.01746,0.64251,0.01656,-0.01483,0.13389,-0.13675,-0.037,0.00229,-0.16685,0.40465,0.86673,1.32416,-0.13777,0.03299,0.13701,0.1284,-0.80444,0.76788,-1.1547,-0.17939,-0.10005,1.1455,-0.27295,-0.04727,-0.47909,-0.16996,-0.01904,-0.05069,1.13281,0.1421,0.19256,-0.62887,-0.14316,0.04924,0.06439
7.48,-0.33378,-0.07927,-0.00789,0.29612,-0.58963,-0.0324,0.66653,0.02322,-0.02523,0.10687,-0.1109,-0.037,-0.02561,-0.17725,0.41181,0.89872,1.33519,-0.16192,0.0042,0.11013,0.12805,-0.75796,0.8044,-1.0214,-0.24518,-0.08996,1.10098,-0.26209,-0.03795,-0.48845,-0.1578,-0.01746,-0.04939,1.10014,0.15979,0.20318,-0.60806,-0.14241,0.04406,0.06183
7.5,-0.32262,-0.07564,-0.00039,0.32438,-0.57685,-0.04501,0.68976,0.02919,-0.03214,0.08132,-0.09042,-0.037,-0.06003,-0.20218,0.4142,0.94527,1.35025,-0.16994,-0.01862,0.08223,0.14355,-0.71767,0.859,-0.94707,-0.27573,-0.07841,1.0601,-0.25232,-0.03149,-0.49339,-0.14761,-0.01701,-0.04872,1.07357,0.17505,0.20878,-0.59138,-0.14182,0.0394,0.05953
7.52,-0.31189,-0.07391,0.00699,0.3546,-0.57112,-0.05157,0.71135,0.03319,-0.02915,0.05977,-0.08468,-0.037,-0.1105,-0.26624,0.40814,1.03262,1.37524,-0.13329,-0.02106,0.05576,0.20014,-0.70313,0.96146,-1.05063,-0.20522,-0.06506,1.0292,-0.24557,-0.0334,-0.48755,-0.14247,-0.01949,-0.04969,1.06323,0.18242,0.1973,-0.58556,-0.14185,0.03649,0.05811
7.54,-0.30137,-0.0729,0.01438,0.38541,-0.56801,-0.05585,0.73213,0.03654,-0.02257,0.0397,-0.08435,-0.037,-0.16746,-0.34467,0.39621,1.13401,1.4039,-0.08021,-0.01715,0.02816,0.27273,-0.69415,1.0811,-1.21287,-0.09936,-0.05058,1.00218,-0.2398,-0.03825,-0.47752,-0.13927,-0.02304,-0.05127,1.05895,0.18727,0.18049,-0.58376,-0.14209,0.03418,0.05698
7.56,-0.29084,-0.07154,0.02179,0.41536,-0.56373,-0.06117,0.7531,0.04035,-0.01751,0.01893,-0.0816,-0.037,-0.22221,-0.41638,0.38343,1.22803,1.4304,-0.03411,-0.01656,-0.00049,0.3391,-0.67898,1.19197,-1.34236,-0.01099,-0.03665,0.97379,-0.23337,-0.04179,-0.46952,-0.13522,-0.02604,-0.05255,1.0519,0.1935,0.16657,-0.57998,-0.14225,0.03162,0.05574
7.58,-0.27992,-0.07027,0.02914,0.44804,-0.55938,-0.06641,0.77478,0.04349,-0.01294,-0.00174,-0.07871,-0.037,-0.27438,-0.48914,0.38557,1.32693,1.45926,0.00995,-0.01462,-0.02299,0.40149,-0.67904,1.30806,-1.49635,0.08309,-0.0222,0.94363,-0.2279,-0.0452,-0.46075,-0.13104,-0.02933,-0.05396,1.04498,0.19892,0.15115,-0.57691,-0.14228,0.02888,0.05439
7.6,-0.26989,-0.06898,0.03661,0.47511,-0.55581,-0.07129,0.79481,0.04784,-0.00655,-0.02225,-0.07738,-0.037,-0.33291,-0.56298,0.35523,1.41827,1.48395,0.06203,-0.01378,-0.05823,0.47556,-0.64865,1.41637,-1.61393,0.17381,-0.00873,0.91814,-0.22064,-0.04953,-0.45267,-0.12759,-0.03227,-0.05523,1.03923,0.20533,0.1373,-0.5733,-0.14266,0.02671,0.05335
7.62,-0.26228,-0.06736,0.04444,0.48635,-0.55362,-0.07583,0.81034,0.05592,0.00464,-0.04282,-0.07898,-0.037,-0.41151,-0.63697,0.23673,1.49065,1.49613,0.13357,-0.01774,-0.13005,0.581,-0.53531,1.50573,-1.6137,0.24598,0.002,0.90439,-0.20811,-0.0564,-0.44755,-0.12558,-0.03392,-0.05596,1.03496,0.21541,0.13031,-0.56704,-0.14384,0.02569,0.0529
7.64,-0.25558,-0.06568,0.05239,0.49192,-0.55215,-0.08008,0.82425,0.0652,0.01742,-0.06326,-0.08195,-0.037,-0.49538,-0.71148,0.086,1.55382,1.50386,0.21224,-0.02294,-0.2141,0.69716,-0.3912,1.58527,-1.57534,0.31353,0.0116,0.89524,-0.19373,-0.06402,-0.44329,-0.12423,-0.03517,-0.05653,1.0317,0.22651,0.12482,-0.56012,-0.14542,0.02529,0.05278
7.66,-0.24846,-0.06406,0.06029,0.50021,-0.55045,-0.08442,0.83902,0.07378,0.02905,-0.08368,-0.08431,-0.037,-0.57427,-0.78516,-0.05043,1.6178,1.51375,0.28694,-0.02736,-0.29166,0.80623,-0.259,1.66494,-1.55661,0.38386,0.02147,0.88411,-0.18021,-0.07077,-0.43863,-0.12261,-0.03665,-0.05719,1.02817,0.23688,0.11772,-0.55357,-0.14689,0.02481,0.05261
7.68,-0.24138,-0.06235,0.0682,0.50796,-0.54847,-0.08885,0.85333,0.08301,0.04265,-0.10441,-0.08681,-0.037,-0.66477,-0.86148,-0.18681,1.69691,1.52359,0.36582,-0.03242,-0.37401,0.92475,-0.13382,1.76384,-1.53069,0.45325,0.03238,0.87268,-0.16664,-0.07963,-0.43386,-0.12093,-0.038,-0.05779,1.02409,0.24821,0.1142,-0.54682,-0.148,0.02352,0.05202
7.7,-0.23443,-0.06079,0.0761,0.51544,-0.54717,-0.09308,0.86815,0.09118,0.05246,-0.12446,-0.08926,-0.037,-0.73165,-0.9327,-0.32934,1.74162,1.53191,0.43681,-0.0366,-0.44827,1.02651,0.01096,1.81972,-1.50932,0.52215,0.04092,0.86288,-0.15275,-0.08451,-0.42959,-0.11951,-0.03949,-0.05846,1.02129,0.2579,0.10385,-0.54032,-0.15002,0.02402,0.05237
7.72,-0.22756,-0.05962,0.08406,0.52382,-0.54799,-0.09658,0.88539,0.0959,0.05137,-0.14295,-0.0914,-0.037,-0.73756,-0.98556,-0.49474,1.69816,1.54167,0.48993,-0.03719,-0.50594,1.07404,0.22334,1.76277,-1.51517,0.59827,0.04248,0.85685,-0.13821,-0.0758,-0.42654,-0.11871,-0.04169,-0.05947,1.02189,0.26206,0.07248,-0.53432,-0.15366,0.02956,0.05526
7.74,-0.22081,-0.05859,0.09198,0.53206,-0.54939,-0.09994,0.90309,0.09953,0.0464,-0.16072,-0.09339,-0.037,-0.71863,-1.03384,-0.66306,1.61961,1.54934,0.53374,-0.037,-0.55362,1.1051,0.45073,1.66224,-1.52583,0.67253,0.04177,0.85222,-0.12344,-0.06345,-0.424,-0.11813,-0.04401,-0.06054,1.02368,0.26467,0.03452,-0.52864,-0.15831,0.03684,0.05907
7.76,-0.21405,-0.05752,0.09985,0.54018,-0.55023,-0.10356,0.9202,0.10381,0.04321,-0.17866,-0.09532,-0.037,-0.70716,-1.08703,-0.82043,1.55392,1.5548,0.57799,-0.03781,-0.59984,1.14731,0.65721,1.57907,-1.53022,0.74253,0.04265,0.84667,-0.10892,-0.0544,-0.42124,-0.1174,-0.04611,-0.0615,1.02481,0.26852,0.00078,-0.52305,-0.16302,0.04319,0.06242
7.78,-0.20713,-0.05636,0.10803,0.54887,-0.55231,-0.1064,0.93889,0.10753,0.04003,-0.1973,-0.09782,-0.037,-0.71127,-1.12884,-1.01778,1.50044,1.57284,0.63845,-0.0361,-0.67093,1.17506,0.92331,1.50539,-1.54971,0.83378,0.0414,0.84245,-0.09375,-0.03863,-0.41846,-0.11688,-0.04887,-0.06279,1.02648,0.27018,-0.03802,-0.51648,-0.16564,0.05015,0.06596
7.8,-0.20056,-0.05543,0.11555,0.55642,-0.55199,-0.11079,0.9544,0.1121,0.03589,-0.21425,-0.0991,-0.037,-0.67795,-1.1926,-1.13438,1.41395,1.56501,0.6629,-0.03922,-0.68881,1.22808,1.06958,1.40236,-1.54043,0.8806,0.04374,0.8358,-0.0799,-0.03576,-0.41584,-0.11599,-0.05033,-0.06343,1.0273,0.27595,-0.06795,-0.51199,-0.17275,0.05622,0.06932
7.82,-0.19485,-0.05508,0.12133,0.56064,-0.54465,-0.11974,0.96123,0.11948,0.02987,-0.22746,-0.09695,-0.037,-0.53852,-1.32355,-1.0072,1.23933,1.47941,0.58974,-0.0579,-0.55207,1.36161,0.87164,1.22336,-1.44139,0.80316,0.05937,0.82154,-0.06977,-0.07131,-0.41336,-0.11392,-0.04793,-0.0622,1.02548,0.29417,-0.07093,-0.51353,-0.19276,0.0595,0.07207
7.84,-0.1895,-0.05497,0.12644,0.56376,-0.53494,-0.13022,0.96484,0.1277,0.02304,-0.23888,-0.09359,-0.037,-0.3638,-1.4757,-0.80193,1.0338,1.36904,0.48075,-0.08111,-0.36381,1.51981,0.55477,1.01745,-1.315,0.68145,0.07827,0.80487,-0.06098,-0.11961,-0.41105,-0.11149,-0.04426,-0.06035,1.02277,0.31644,-0.0649,-0.51711,-0.2171,0.0618,0.07458
7.86,-0.18403,-0.05477,0.13181,0.56754,-0.5265,-0.13985,0.9698,0.13539,0.0167,-0.25064,-0.09082,-0.037,-0.21113,-1.61456,-0.64584,0.84604,1.27466,0.38839,-0.10087,-0.20589,1.66225,0.29785,0.82751,-1.20747,0.58133,0.09375,0.78962,-0.05157,-0.1608,-0.40881,-0.10929,-0.04132,-0.05885,1.02046,0.33637,-0.06353,-0.51952,-0.23894,0.06447,0.07714
7.88,-0.17836,-0.0545,0.13734,0.57065,-0.51726,-0.15013,0.97522,0.1437,0.00975,-0.26433,-0.08784,-0.037,-0.03263,-1.76876,-0.43337,0.64118,1.16069,0.2941,-0.12636,-0.01894,1.82337,0.01439,0.62011,-1.0734,0.47494,0.11698,0.773,-0.04221,-0.20742,-0.40599,-0.10685,-0.03778,-0.05706,1.0182,0.35831,-0.05999,-0.52293,-0.26305,0.06751,0.08001
7.9,-0.17319,-0.05444,0.14239,0.57486,-0.50913,-0.15942,0.97893,0.15091,0.0039,-0.27363,-0.08503,-0.037,0.10065,-1.89603,-0.3181,0.46527,1.08109,0.1956,-0.14114,0.12037,1.95162,-0.23951,0.44344,-0.98747,0.3711,0.12528,0.75869,-0.03306,-0.24583,-0.40439,-0.1048,-0.03516,-0.05573,1.01563,0.37708,-0.05875,-0.52475,-0.28346,0.06952,0.08216
7.92,-0.16923,-0.05493,0.14633,0.5828,-0.50456,-0.1655,0.97862,0.15486,0.00141,-0.27088,-0.08293,-0.037,0.09571,-1.94446,-0.50451,0.37536,1.1076,0.09308,-0.12399,0.10918,1.98339,-0.40708,0.35697,-1.04645,0.28549,0.08789,0.7511,-0.02415,-0.25818,-0.40613,-0.10392,-0.03546,-0.05585,1.01211,0.38591,-0.06587,-0.5216,-0.29263,0.0689,0.08235
7.94,-0.16577,-0.05562,0.14981,0.5918,-0.50123,-0.17054,0.97671,0.15768,5e-05,-0.26384,-0.08104,-0.037,0.04477,-1.96493,-0.78884,0.31612,1.16871,-0.0121,-0.09614,0.04937,1.98127,-0.5369,0.30282,-1.15385,0.20396,0.03602,0.74596,-0.01539,-0.2619,-0.40906,-0.10344,-0.03672,-0.05644,1.00835,0.39144,-0.0756,-0.51681,-0.2979,0.06727,0.08182
7.96,-0.16213,-0.05622,0.1535,0.60004,-0.49741,-0.17612,0.97557,0.16105,-0.0019,-0.259,-0.07912,-0.037,0.01787,-1.99779,-1.01894,0.24401,1.2105,-0.11531,-0.074,0.01597,1.99451,-0.6674,0.23494,-1.23557,0.12029,-0.00674,0.73986,-0.00656,-0.26976,-0.41141,-0.10277,-0.03749,-0.05679,1.00487,0.39859,-0.08421,-0.51285,-0.30492,0.06612,0.08163
7.98,-0.15832,-0.05685,0.15716,0.60942,-0.49318,-0.18148,0.97413,0.16433,-0.00355,-0.25306,-0.07696,-0.037,-0.02097,-2.03285,-1.28714,0.16627,1.2662,-0.22322,-0.04843,-0.0337,2.00868,-0.86932,0.16205,-1.33177,0.03613,-0.05988,0.73301,0.0022,-0.27713,-0.41395,-0.1021,-0.03844,-0.05723,1.00062,0.40539,-0.09223,-0.50861,-0.3122,0.06483,0.08138
8,-0.15497,-0.05745,0.16079,0.61669,-0.49014,-0.18703,0.97298,0.16748,-0.00553,-0.2484,-0.07527,-0.037,-0.04642,-2.05627,-1.50057,0.10796,1.30196,-0.32123,-0.02741,-0.06187,2.01267,-0.91484,0.10762,-1.40979,-0.04526,-0.09512,0.72837,0.01109,-0.28333,-0.41638,-0.10154,-0.03926,-0.0576,0.99795,0.41206,-0.10224,-0.50453,-0.31796,0.06362,0.08109
8.02,-0.15272,-0.05793,0.16448,0.61796,-0.48995,-0.19327,0.97296,0.17067,-0.00883,-0.24859,-0.07566,-0.037,-0.02301,-2.05532,-1.53649,0.09607,1.27005,-0.39332,-0.02151,-0.01757,1.99563,-0.51221,0.09638,-1.42486,-0.12143,-0.0754,0.72903,0.02042,-0.28797,-0.41828,-0.10117,-0.03954,-0.05768,0.99953,0.41924,-0.11698,-0.5013,-0.32045,0.0629,0.08085
8.04,-0.15092,-0.05837,0.16814,0.61705,-0.49095,-0.19974,0.97329,0.17373,-0.01247,-0.25019,-0.07639,-0.037,0.01516,-2.04336,-1.51473,0.1028,1.21777,-0.45477,-0.02055,0.04952,1.9696,0.04249,0.10271,-1.42029,-0.19445,-0.03754,0.73188,0.02988,-0.29172,-0.42002,-0.1009,-0.03966,-0.05767,1.00274,0.42636,-0.13371,-0.49827,-0.32157,0.06232,0.08059
8.06,-0.14893,-0.05882,0.1718,0.61709,-0.4915,-0.20617,0.97349,0.17672,-0.0159,-0.25101,-0.0764,-0.037,0.04598,-2.03572,-1.52129,0.101,1.17767,-0.51955,-0.01734,0.10514,1.94837,0.51131,0.10102,-1.42542,-0.2678,-0.00931,0.73386,0.03926,-0.29608,-0.42182,-0.10059,-0.03984,-0.05769,1.00532,0.43346,-0.14969,-0.49513,-0.32328,0.06166,0.08034
8.08,-0.14688,-0.05928,0.17552,0.61736,-0.4917,-0.21231,0.97351,0.1802,-0.01956,-0.25228,-0.07871,-0.037,0.07792,-2.02993,-1.52238,0.10051,1.12649,-0.5908,-0.01377,0.16393,1.92303,1.05167,0.10054,-1.42888,-0.34577,0.0242,0.73539,0.04876,-0.29931,-0.42374,-0.10027,-0.04013,-0.05777,1.00742,0.44066,-0.16512,-0.49201,-0.32485,0.06097,0.08005
8.1,-0.14506,-0.05972,0.17911,0.61662,-0.49291,-0.21911,0.97404,0.18266,-0.02281,-0.25299,-0.0764,-0.037,0.11162,-2.01812,-1.51984,0.10137,1.09302,-0.64602,-0.01226,0.22198,1.90446,1.47928,0.10135,-1.4306,-0.41329,0.05126,0.73835,0.058,-0.30477,-0.42535,-0.09999,-0.04013,-0.05771,1.01092,0.44766,-0.1821,-0.48892,-0.3266,0.06046,0.07989
8.12,-0.14378,-0.0601,0.18244,0.61353,-0.49656,-0.22794,0.9758,0.18219,-0.02494,-0.25185,-0.06054,-0.037,0.14686,-1.99181,-1.52147,0.10086,1.11385,-0.65945,-0.01532,0.274,1.9079,1.55285,0.10087,-1.43147,-0.45368,0.05566,0.74466,0.06675,-0.31686,-0.42615,-0.09981,-0.03934,-0.05731,1.01791,0.45429,-0.20339,-0.48585,-0.32781,0.05975,0.07957
8.14,-0.14272,-0.06046,0.18565,0.60951,-0.5012,-0.2374,0.97809,0.18071,-0.02664,-0.25012,-0.04015,-0.037,0.18351,-1.96006,-1.52095,0.10101,1.15293,-0.65712,-0.02032,0.32444,1.91842,1.50852,0.10101,-1.43118,-0.48348,0.05309,0.75232,0.07518,-0.3312,-0.42664,-0.09968,-0.03826,-0.05678,1.02626,0.4607,-0.22607,-0.48281,-0.32948,0.05932,0.07946
8.16,-0.14157,-0.06084,0.18887,0.60597,-0.50543,-0.24645,0.98022,0.17976,-0.02848,-0.24865,-0.02228,-0.037,0.21958,-1.9313,-1.52089,0.10104,1.18325,-0.66209,-0.02444,0.37482,1.92514,1.52164,0.10103,-1.43174,-0.51754,0.05405,0.75938,0.0836,-0.34441,-0.42728,-0.09953,-0.03731,-0.05631,1.03397,0.46712,-0.2478,-0.47977,-0.33197,0.05925,0.07964
8.18,-0.1404,-0.0612,0.19227,0.60211,-0.50953,-0.25605,0.98205,0.17849,-0.03054,-0.24723,-0.00245,-0.037,0.256,-1.89995,-1.52107,0.10097,1.21495,-0.66613,-0.02873,0.42926,1.93399,1.52389,0.10098,-1.43028,-0.55391,0.05407,0.76649,0.09267,-0.35808,-0.42787,-0.09938,-0.03635,-0.05583,1.04181,0.47392,-0.27097,-0.47665,-0.33033,0.05725,0.07831
8.2,-0.13933,-0.06158,0.19526,0.59874,-0.5141,-0.26463,0.98462,0.17766,-0.03206,-0.24556,0.01433,-0.037,0.29168,-1.87289,-1.52095,0.10101,1.24823,-0.66847,-0.03307,0.47458,1.94022,1.51863,0.10101,-1.43297,-0.58291,0.05418,0.77377,0.1003,-0.37128,-0.4285,-0.09925,-0.03536,-0.05535,1.04969,0.47987,-0.29141,-0.47374,-0.33706,0.05918,0.08003
8.22,-0.13849,-0.06201,0.19719,0.59693,-0.51977,-0.27039,0.98921,0.17822,-0.03208,-0.24341,0.02207,-0.037,0.32636,-1.85877,-1.52099,0.101,1.28291,-0.67023,-0.03712,0.49505,1.93743,1.52194,0.101,-1.44762,-0.5947,0.0562,0.78125,0.10407,-0.38305,-0.42934,-0.09918,-0.03436,-0.05488,1.05742,0.48366,-0.30413,-0.47127,-0.37007,0.07336,0.09126
8.24,-0.13776,-0.06247,0.19871,0.59566,-0.52585,-0.27507,0.99449,0.17927,-0.03159,-0.24101,0.0265,-0.037,0.35992,-1.84927,-1.521,0.101,1.31839,-0.67081,-0.04112,0.50628,1.93182,1.52089,0.101,-1.46651,-0.59935,0.05846,0.78881,0.10638,-0.3942,-0.43023,-0.09914,-0.03337,-0.05443,1.06513,0.48658,-0.31399,-0.46905,-0.41096,0.09125,0.10535
8.26,-0.13699,-0.06291,0.2004,0.59417,-0.53169,-0.28015,0.99939,0.18013,-0.03139,-0.23867,0.03213,-0.037,0.39302,-1.83788,-1.52099,0.101,1.35262,-0.67181,-0.04508,0.52167,1.92757,1.52076,0.10101,-1.48339,-0.60692,0.06055,0.79628,0.10932,-0.40534,-0.4311,-0.09908,-0.0324,-0.05398,1.07283,0.48981,-0.32503,-0.46681,-0.44597,0.10643,0.11733
8.28,-0.1362,-0.06338,0.20216,0.59255,-0.53781,-0.28565,1.00463,0.18081,-0.03093,-0.23653,0.03916,-0.037,0.43028,-1.82544,-1.521,0.101,1.39117,-0.67277,-0.04937,0.53727,1.9232,1.52113,0.10101,-1.50063,-0.6155,0.0627,0.80408,0.11237,-0.41776,-0.43198,-0.09905,-0.03129,-0.05347,1.08072,0.49338,-0.33662,-0.46417,-0.49036,0.12579,0.13261
8.3,-0.13547,-0.0638,0.20367,0.59135,-0.5434,-0.29,1.00929,0.182,-0.03089,-0.23393,0.04248,-0.037,0.45858,-1.81633,-1.521,0.101,1.42074,-0.67372,-0.05293,0.55014,1.91836,1.52087,0.10101,-1.51806,-0.62042,0.06481,0.81115,0.11486,-0.42735,-0.43283,-0.09898,-0.03048,-0.0531,1.08814,0.49605,-0.34635,-0.46243,-0.51749,0.1375,0.14184
8.32,-0.13483,-0.06411,0.20467,0.5913,-0.54764,-0.29143,1.01234,0.18459,-0.03222,-0.22995,0.03593,-0.037,0.46245,-1.81545,-1.52099,0.101,1.42483,-0.67533,-0.0545,0.55862,1.91253,1.52096,0.10101,-1.53571,-0.61691,0.06726,0.8164,0.1162,-0.4291,-0.43358,-0.09879,-0.03049,-0.05312,1.09452,0.49642,-0.35178,-0.46314,-0.49135,0.1256,0.13238
8.34,-0.13424,-0.06438,0.20543,0.59165,-0.5513,-0.29174,1.01477,0.18767,-0.03398,-0.22555,0.02581,-0.037,0.45734,-1.81777,-1.52099,0.101,1.41984,-0.677,-0.05532,0.56451,1.90637,1.52098,0.101,-1.55326,-0.61003,0.0696,0.82088,0.11703,-0.42802,-0.43428,-0.09857,-0.03079,-0.05326,1.10039,0.49591,-0.35541,-0.46476,-0.44816,0.10611,0.11693
8.36,-0.13364,-0.06466,0.20628,0.59176,-0.55511,-0.29256,1.01739,0.19046,-0.03551,-0.22146,0.0176,-0.037,0.45632,-1.81853,-1.52099,0.101,1.41924,-0.67848,-0.05646,0.571,1.90057,1.52096,0.101,-1.57038,-0.6048,0.07166,0.82557,0.11809,-0.42832,-0.43499,-0.09837,-0.03094,-0.05334,1.10633,0.49584,-0.35979,-0.46596,-0.41529,0.09117,0.1051
8.38,-0.13301,-0.06496,0.20719,0.59211,-0.5594,-0.29334,1.0204,0.19353,-0.03717,-0.21685,0.00809,-0.037,0.45521,-1.81984,-1.52099,0.101,1.41761,-0.68056,-0.05767,0.57959,1.89379,1.52098,0.101,-1.58969,-0.59882,0.07506,0.83083,0.11916,-0.42821,-0.43575,-0.09814,-0.03115,-0.05345,1.11294,0.49559,-0.3644,-0.4672,-0.37221,0.07187,0.08971
8.4,-0.13245,-0.06521,0.20791,0.59207,-0.56257,-0.29393,1.02246,0.19614,-0.03867,-0.21323,0.00047,-0.037,0.45217,-1.82074,-1.52098,0.101,1.41592,-0.68145,-0.05856,0.58332,1.88901,1.52099,0.101,-1.6043,-0.59367,0.07573,0.83474,0.12008,-0.4283,-0.43639,-0.09796,-0.03131,-0.05354,1.11803,0.4955,-0.3681,-0.46856,-0.3458,0.05963,0.08013
8.42,-0.13202,-0.06533,0.20821,0.5908,-0.56269,-0.29438,1.02202,0.19739,-0.03968,-0.21246,-0.00102,-0.037,0.44607,-1.81952,-1.52099,0.101,1.41653,-0.67897,-0.05885,0.57424,1.89002,1.52099,0.101,-1.60643,-0.59201,0.06815,0.83504,0.12087,-0.42973,-0.43675,-0.09793,-0.03128,-0.05351,1.11909,0.49615,-0.37,-0.47003,-0.37341,0.07024,0.08937
8.44,-0.13167,-0.06539,0.20832,0.58911,-0.56171,-0.29467,1.02066,0.19815,-0.04051,-0.2127,-0.00049,-0.037,0.43836,-1.81778,-1.52098,0.101,1.41735,-0.6753,-0.05884,0.56042,1.89304,1.52099,0.101,-1.60374,-0.59128,0.05797,0.83401,0.12151,-0.43144,-0.43698,-0.09795,-0.0312,-0.05346,1.11864,0.49697,-0.37102,-0.47158,-0.41769,0.08793,0.10444
8.46,-0.1313,-0.06547,0.20848,0.58764,-0.56129,-0.29497,1.01976,0.19912,-0.0414,-0.21246,-0.00091,-0.037,0.43129,-1.8164,-1.52099,0.101,1.41789,-0.67226,-0.0589,0.54882,1.89505,1.52098,0.101,-1.6029,-0.58996,0.04948,0.83362,0.12213,-0.433,-0.43725,-0.09794,-0.03114,-0.05342,1.11889,0.49764,-0.37231,-0.47308,-0.45172,0.10132,0.11595
8.48,-0.13085,-0.06558,0.20877,0.5861,-0.56062,-0.29547,1.01867,0.20018,-0.04241,-0.21228,-0.0013,-0.037,0.42414,-1.81464,-1.52099,0.101,1.41886,-0.66891,-0.05919,0.53681,1.89747,1.52098,0.101,-1.60344,-0.58927,0.03886,0.83304,0.12312,-0.43462,-0.4376,-0.09793,-0.03111,-0.05339,1.11907,0.4986,-0.37409,-0.47467,-0.49625,0.11891,0.13101
8.5,-0.13059,-0.06562,0.20875,0.58458,-0.56023,-0.29554,1.01775,0.20092,-0.04312,-0.21222,-0.00123,-0.037,0.41709,-1.81346,-1.52094,0.10101,1.41913,-0.66584,-0.05898,0.52461,1.89952,1.52098,0.101,-1.60004,-0.58748,0.03201,0.83256,0.12331,-0.43617,-0.43776,-0.09795,-0.031,-0.05333,1.11904,0.49901,-0.37465,-0.4761,-0.52334,0.12966,0.14022
8.52,-0.13082,-0.0655,0.20791,0.58331,-0.56086,-0.29444,1.01754,0.20094,-0.04305,-0.21228,-0.00031,-0.037,0.40983,-1.81429,-1.52107,0.10099,1.41717,-0.6642,-0.05705,0.51269,1.90017,1.52098,0.101,-1.58621,-0.58262,0.03658,0.83254,0.12127,-0.43784,-0.43742,-0.09807,-0.03061,-0.05316,1.11868,0.49788,-0.37218,-0.47699,-0.49605,0.11891,0.13111
8.54,-0.13125,-0.06532,0.20676,0.58205,-0.56183,-0.29292,1.01753,0.20065,-0.04267,-0.21244,0.00103,-0.037,0.40341,-1.81561,-1.52088,0.10101,1.41453,-0.66267,-0.05473,0.5009,1.90036,1.52098,0.101,-1.5687,-0.57653,0.04497,0.83269,0.11845,-0.43937,-0.4369,-0.09823,-0.03014,-0.05297,1.11818,0.49619,-0.36851,-0.47774,-0.45109,0.10123,0.11608
8.56,-0.13159,-0.06516,0.20576,0.58074,-0.56268,-0.2916,1.01742,0.20049,-0.0424,-0.21253,0.00216,-0.037,0.3967,-1.81659,-1.52093,0.10101,1.41246,-0.66099,-0.05285,0.48917,1.90071,1.52098,0.101,-1.5534,-0.57099,0.05134,0.83283,0.11603,-0.44069,-0.43646,-0.09837,-0.02973,-0.05279,1.11781,0.49477,-0.36531,-0.47862,-0.41573,0.08734,0.10429
8.58,-0.13188,-0.065,0.20474,0.57964,-0.56337,-0.29023,1.01733,0.20039,-0.04225,-0.21273,0.00341,-0.037,0.38772,-1.81826,-1.52149,0.10095,1.4095,-0.66025,-0.04979,0.47642,1.90139,1.52098,0.101,-1.53577,-0.5658,0.05876,0.83263,0.11343,-0.44315,-0.43602,-0.09853,-0.02922,-0.05257,1.11711,0.49333,-0.36237,-0.4792,-0.37438,0.07101,0.09042
8.6,-0.13235,-0.06484,0.20368,0.57808,-0.56447,-0.28885,1.01723,0.20005,-0.04179,-0.21273,0.00451,-0.037,0.38599,-1.81838,-1.51976,0.10112,1.40795,-0.6569,-0.04915,0.46634,1.90119,1.52098,0.101,-1.52203,-0.55923,0.06499,0.8332,0.11101,-0.44324,-0.43553,-0.09866,-0.0289,-0.05244,1.11706,0.49178,-0.35862,-0.4804,-0.34103,0.05802,0.07937
8.62,-0.13323,-0.06468,0.20254,0.57542,-0.56664,-0.28757,1.0172,0.19936,-0.04055,-0.21213,0.00501,-0.037,0.38367,-1.81636,-1.52246,0.10086,1.41288,-0.6527,-0.05466,0.45994,1.89914,1.52098,0.101,-1.52132,-0.55236,0.06643,0.83593,0.10948,-0.43659,-0.43494,-0.09868,-0.02918,-0.05259,1.11904,0.49026,-0.35293,-0.48314,-0.33463,0.05608,0.07765
8.64,-0.1343,-0.06451,0.20137,0.57228,-0.56921,-0.28627,1.01711,0.19838,-0.03901,-0.21133,0.00537,-0.037,0.39189,-1.81248,-1.52141,0.10096,1.41877,-0.64502,-0.06265,0.45715,1.89616,1.52099,0.101,-1.52434,-0.54367,0.0666,0.83944,0.10814,-0.4276,-0.43429,-0.09869,-0.02965,-0.05282,1.12165,0.48861,-0.34646,-0.48654,-0.3367,0.05768,0.07892
8.66,-0.1353,-0.06434,0.20022,0.56927,-0.57157,-0.28492,1.01693,0.19738,-0.03761,-0.21067,0.00587,-0.037,0.40936,-1.80781,-1.51442,0.10163,1.42271,-0.63432,-0.06999,0.45483,1.89326,1.52099,0.101,-1.52487,-0.53352,0.06783,0.84257,0.10662,-0.41987,-0.43365,-0.09871,-0.03,-0.053,1.12387,0.48691,-0.3404,-0.48977,-0.33449,0.05756,0.07872
8.68,-0.13621,-0.06418,0.19903,0.56663,-0.57405,-0.28381,1.01727,0.19704,-0.03622,-0.20984,0.00607,-0.037,0.36981,-1.80952,-1.53751,0.09941,1.43321,-0.64163,-0.07558,0.44269,1.89167,1.52099,0.101,-1.52894,-0.53242,0.06744,0.84582,0.10548,-0.41138,-0.4331,-0.09868,-0.03051,-0.05325,1.12653,0.48568,-0.33419,-0.49244,-0.33356,0.05769,0.0788
8.7,-0.13737,-0.06401,0.19792,0.5631,-0.57638,-0.28218,1.01651,0.19522,-0.0347,-0.20927,0.00686,-0.037,0.44874,-1.7982,-1.49976,0.10305,1.43003,-0.61237,-0.08505,0.45301,1.88727,1.521,0.101,-1.52618,-0.51274,0.06973,0.849,0.10359,-0.40384,-0.43233,-0.09877,-0.03073,-0.05337,1.1284,0.48343,-0.32797,-0.49643,-0.33214,0.05822,0.07908
8.72,-0.13906,-0.06383,0.19711,0.55731,-0.57818,-0.27942,1.01286,0.18955,-0.03319,-0.20991,0.00934,-0.037,0.87631,-1.74516,-1.27122,0.12507,1.39128,-0.46765,-0.108,0.51428,1.87432,1.52099,0.101,-1.50762,-0.43644,0.08261,0.85171,0.0997,-0.40022,-0.43099,-0.09918,-0.03004,-0.05305,1.12827,0.47841,-0.32333,-0.50398,-0.32786,0.05902,0.07923
8.74,-0.141,-0.06365,0.19637,0.55062,-0.57982,-0.27608,1.0081,0.18235,-0.0315,-0.21073,0.01242,-0.037,1.41834,-1.68017,-0.98564,0.1526,1.33851,-0.28899,-0.13429,0.59965,1.85888,1.52099,0.101,-1.48166,-0.34266,0.09777,0.85435,0.09502,-0.3975,-0.42942,-0.09972,-0.02905,-0.05259,1.12727,0.47234,-0.3185,-0.51281,-0.32279,0.06011,0.07949
8.76,-0.14287,-0.06348,0.19557,0.54429,-0.58153,-0.27281,1.00376,0.17574,-0.02969,-0.21121,0.01524,-0.037,1.89208,-1.62477,-0.74218,0.17606,1.29028,-0.13609,-0.15666,0.68101,1.84511,1.52099,0.101,-1.45612,-0.26053,0.10984,0.85709,0.09061,-0.3939,-0.42794,-0.1002,-0.02824,-0.05222,1.12647,0.46673,-0.3128,-0.52099,-0.31779,0.06108,0.07969
8.78,-0.14454,-0.0633,0.19491,0.53817,-0.58327,-0.27035,0.99975,0.16958,-0.02869,-0.21286,0.01806,-0.037,2.43455,-1.55194,-0.4317,0.20598,1.24888,0.06007,-0.18866,0.7343,1.82857,1.52099,0.101,-1.44187,-0.16234,0.13013,0.85956,0.0866,-0.39223,-0.42655,-0.10067,-0.02729,-0.05178,1.12654,0.46125,-0.31094,-0.52952,-0.31427,0.06216,0.08003
8.8,-0.14671,-0.06312,0.19395,0.53138,-0.5849,-0.26607,0.99481,0.16212,-0.02601,-0.21203,0.02095,-0.037,2.86133,-1.51235,-0.24542,0.22395,1.19108,0.17478,-0.2021,0.85034,1.81778,1.52099,0.101,-1.40391,-0.09391,0.13439,0.86257,0.08156,-0.38677,-0.4249,-0.1012,-0.02653,-0.05143,1.12454,0.45519,-0.30125,-0.53758,-0.30741,0.06301,0.08008
8.82,-0.15013,-0.06295,0.19227,0.52324,-0.58634,-0.25702,0.98752,0.15133,-0.01854,-0.20501,0.02444,-0.037,2.93632,-1.56922,-0.43187,0.20594,1.08135,0.05127,-0.15682,1.14572,1.81887,1.52099,0.101,-1.28778,-0.10818,0.08913,0.86712,0.07402,-0.37075,-0.42258,-0.10183,-0.02636,-0.05138,1.1173,0.44846,-0.26827,-0.54418,-0.29129,0.06327,0.07932
8.84,-0.15404,-0.06278,0.19025,0.5144,-0.58766,-0.24616,0.97933,0.13932,-0.00946,-0.19537,0.02786,-0.037,2.8913,-1.65932,-0.74196,0.17612,0.95739,-0.15406,-0.09381,1.50115,1.8267,1.52099,0.10101,-1.15036,-0.15364,0.02854,0.87221,0.06545,-0.35088,-0.42001,-0.10252,-0.02638,-0.05142,1.10795,0.44109,-0.22772,-0.55023,-0.27186,0.06326,0.07825
8.86,-0.15777,-0.06261,0.1883,0.5057,-0.58899,-0.23605,0.97157,0.12796,-0.00124,-0.18646,0.03094,-0.037,2.90449,-1.73349,-0.98557,0.15262,0.84667,-0.31913,-0.04348,1.82127,1.83455,1.52099,0.10099,-1.03266,-0.18745,-0.02194,0.87705,0.05726,-0.33268,-0.41757,-0.10319,-0.02629,-0.05141,1.09939,0.43359,-0.19177,-0.55644,-0.25407,0.06329,0.07728
8.88,-0.16137,-0.06242,0.18672,0.49771,-0.59053,-0.22619,0.96368,0.11615,0.00759,-0.17945,0.03565,-0.037,2.90773,-1.81209,-1.27219,0.1248,0.70727,-0.49759,0.02555,2.1762,1.82942,1.521,0.10099,-0.87385,-0.21037,-0.08558,0.8819,0.04939,-0.31481,-0.41504,-0.10381,-0.02628,-0.05144,1.09151,0.42776,-0.15097,-0.56309,-0.23566,0.06368,0.07647
8.9,-0.16534,-0.06227,0.18427,0.48809,-0.59158,-0.21541,0.95588,0.10501,0.01545,-0.16794,0.03691,-0.037,2.89974,-1.88781,-1.49739,0.1037,0.62393,-0.66606,0.06078,2.47245,1.85277,1.521,0.10106,-0.79379,-0.26312,-0.12553,0.88686,0.04063,-0.29538,-0.41266,-0.10456,-0.02615,-0.05141,1.08174,0.41841,-0.11841,-0.56868,-0.21781,0.06324,0.07527
8.92,-0.17017,-0.06218,0.17965,0.47421,-0.59158,-0.20232,0.94855,0.09594,0.02097,-0.14406,0.02877,-0.037,2.90728,-1.96235,-1.54048,0.09861,0.70296,-0.80434,-0.00945,2.59288,1.9545,1.521,0.10086,-0.95305,-0.39477,-0.09607,0.89217,0.02977,-0.27208,-0.4107,-0.10558,-0.02571,-0.05124,1.06716,0.39866,-0.11102,-0.57147,-0.20179,0.06068,0.07313
8.94,-0.17536,-0.06212,0.17414,0.4587,-0.59105,-0.18841,0.94136,0.0876,0.02533,-0.11587,0.01714,-0.037,2.90447,-2.03038,-1.51501,0.10143,0.83813,-0.92697,-0.11292,2.65189,2.08426,1.521,0.10117,-1.18944,-0.55465,-0.04237,0.89756,0.01803,-0.24744,-0.40893,-0.10674,-0.02512,-0.05101,1.05078,0.37553,-0.11211,-0.5732,-0.18653,0.05727,0.07062
8.96,-0.18042,-0.06207,0.16895,0.44388,-0.59058,-0.17503,0.9341,0.07901,0.02974,-0.09001,0.00702,-0.037,2.8938,-2.09137,-1.50893,0.10444,0.94511,-1.04511,-0.1959,2.73832,2.20048,1.521,0.10106,-1.3794,-0.69901,0.0001,0.9028,0.00662,-0.22377,-0.40712,-0.10788,-0.02454,-0.05078,1.03529,0.35453,-0.10891,-0.57544,-0.17126,0.05417,0.06826
8.98,-0.18537,-0.06194,0.16414,0.42924,-0.59084,-0.16096,0.9268,0.07008,0.03619,-0.06244,-0.00281,-0.037,2.9296,-2.19469,-1.55462,0.09204,1.06323,-1.21378,-0.30058,2.82898,2.32092,1.521,0.10022,-1.61583,-0.85594,0.04315,0.90853,-0.00452,-0.19844,-0.40508,-0.10886,-0.02419,-0.05066,1.0194,0.3311,-0.1072,-0.57759,-0.15449,0.05135,0.06594
9,-0.19063,-0.06198,0.1583,0.41388,-0.58949,-0.14812,0.91968,0.06201,0.03813,-0.03752,-0.01405,-0.037,2.87078,-2.20914,-1.47734,0.11255,1.17121,-1.27404,-0.36871,2.89542,2.43837,1.521,0.10292,-1.77509,-0.9928,0.09069,0.91328,-0.01644,-0.17628,-0.40359,-0.1102,-0.02334,-0.05031,1.00395,0.31182,-0.10459,-0.57962,-0.14105,0.0478,0.06347
9.02,-0.19666,-0.06254,0.14989,0.39667,-0.58353,-0.13916,0.91262,0.05634,0.02772,-0.02026,-0.02852,-0.037,2.52704,-1.96867,-1.05309,0.2328,1.24172,-1.02451,-0.32319,2.90993,2.54764,1.521,0.0986,-1.69366,-1.06884,0.14706,0.91494,-0.02999,-0.16339,-0.40357,-0.11248,-0.02106,-0.04928,0.99025,0.30587,-0.09672,-0.58226,-0.13664,0.04217,0.06051
9.04,-0.203,-0.06326,0.14046,0.37886,-0.57602,-0.13142,0.90582,0.05148,0.01286,-0.00598,-0.04427,-0.037,2.09374,-1.64089,-0.51124,0.38405,1.29951,-0.66871,-0.24064,2.9019,2.65176,1.521,0.10055,-1.53363,-1.12328,0.20676,0.91566,-0.04432,-0.1537,-0.4041,-0.11513,-0.01828,-0.04803,0.97708,0.30404,-0.08781,-0.5847,-0.13556,0.03589,0.05743
9.06,-0.20921,-0.06386,0.13145,0.36154,-0.56938,-0.12294,0.89917,0.04612,0.00015,0.00917,-0.05932,-0.037,1.71943,-1.36022,-0.03861,0.514,1.36021,-0.37043,-0.17819,2.90396,2.75348,1.521,0.11108,-1.41544,-1.18649,0.26346,0.91703,-0.05848,-0.14245,-0.40438,-0.11765,-0.01577,-0.04691,0.96361,0.29965,-0.07992,-0.58675,-0.13294,0.03011,0.0545
9.08,-0.21537,-0.06466,0.1226,0.34326,-0.562,-0.11523,0.89142,0.04134,-0.01317,0.02655,-0.07498,-0.037,1.2682,-1.04799,0.50249,0.67429,1.43437,-0.0325,-0.10325,2.9046,2.8756,1.521,0.07498,-1.27416,-1.25513,0.32722,0.91747,-0.07195,-0.13164,-0.40468,-0.12002,-0.01309,-0.04568,0.95023,0.29802,-0.07012,-0.59075,-0.13045,0.02346,0.05116
9.1,-0.22171,-0.06508,0.11318,0.32685,-0.55582,-0.10622,0.88599,0.03553,-0.02622,0.0385,-0.08961,-0.037,0.95516,-0.78081,0.92858,0.77912,1.4775,0.2476,-0.04489,2.90356,2.95438,1.521,0.13546,-1.16122,-1.30696,0.37681,0.91964,-0.08699,-0.12063,-0.40507,-0.12278,-0.01065,-0.04461,0.9369,0.29171,-0.06381,-0.5907,-0.12849,0.01846,0.04864
9.12,-0.2284,-0.06431,0.10237,0.31573,-0.55326,-0.09336,0.88699,0.02665,-0.03788,0.03622,-0.10127,-0.037,1.05365,-0.65971,1.00315,0.71909,1.43119,0.34472,-0.04305,2.90416,2.90812,1.521,0.47857,-1.14629,-1.31732,0.38585,0.92653,-0.10651,-0.10898,-0.4056,-0.12652,-0.00885,-0.04396,0.92294,0.27118,-0.06827,-0.57904,-0.12713,0.01824,0.04848
9.14,-0.23527,-0.06316,0.09103,0.3065,-0.552,-0.07917,0.89028,0.01671,-0.04903,0.02856,-0.11179,-0.037,1.29287,-0.58695,0.95847,0.60293,1.355,0.37948,-0.05869,2.904,2.81942,1.521,0.91542,-1.16209,-1.31141,0.3805,0.93525,-0.12751,-0.09692,-0.40622,-0.13062,-0.00734,-0.04348,0.90914,0.2459,-0.07605,-0.5634,-0.12622,0.01968,0.04916
9.16,-0.24208,-0.06222,0.07997,0.2964,-0.5502,-0.06559,0.89244,0.00727,-0.06012,0.02331,-0.12267,-0.037,1.46244,-0.49184,0.97158,0.51511,1.29687,0.4409,-0.06506,2.90396,2.75449,1.521,1.29784,-1.16315,-1.31301,0.38201,0.94334,-0.14761,-0.08454,-0.40682,-0.13456,-0.00577,-0.04295,0.89567,0.22299,-0.08171,-0.54988,-0.12516,0.02032,0.04943
9.18,-0.2488,-0.0611,0.06869,0.28632,-0.5481,-0.05198,0.89499,-0.00226,-0.0726,0.01806,-0.13423,-0.037,1.65285,-0.39518,0.97406,0.41631,1.21986,0.5129,-0.07574,2.90403,2.6709,1.521,1.7303,-1.16491,-1.31342,0.38231,0.95057,-0.16871,-0.07426,-0.40736,-0.13851,-0.00385,-0.04227,0.8805,0.19926,-0.08999,-0.53501,-0.12396,0.02115,0.04979
9.2,-0.25575,-0.06028,0.05776,0.27667,-0.54698,-0.03815,0.89728,-0.01182,-0.08201,0.01164,-0.14414,-0.037,1.83453,-0.31453,0.96833,0.32677,1.17466,0.54693,-0.08211,2.90399,2.61564,1.521,2.08086,-1.1734,-1.31267,0.38165,0.96,-0.18807,-0.05968,-0.40799,-0.1425,-0.00275,-0.04196,0.86895,0.17613,-0.09354,-0.52204,-0.12313,0.02196,0.05016
9.22,-0.26338,-0.06037,0.04785,0.26757,-0.54801,-0.02378,0.89814,-0.02142,-0.08304,0.0028,-0.14948,-0.037,1.95751,-0.26529,0.97234,0.27546,1.22952,0.48866,-0.07196,2.904,2.65336,1.521,2.18089,-1.19436,-1.31312,0.38206,0.97525,-0.20219,-0.03127,-0.40943,-0.1467,-0.00375,-0.0426,0.86701,0.1553,-0.0839,-0.5152,-0.12325,0.02237,0.05037
9.24,-0.27123,-0.06078,0.03832,0.25886,-0.55005,-0.00927,0.89868,-0.03096,-0.081,-0.00691,-0.15326,-0.037,2.06729,-0.2311,0.97091,0.2355,1.31658,0.39431,-0.05713,2.904,2.72025,1.521,2.19537,-1.22115,-1.31299,0.38195,0.99262,-0.21453,0.00113,-0.41086,-0.15091,-0.00558,-0.04362,0.86877,0.13531,-0.06927,-0.51043,-0.12372,0.02269,0.05054
9.26,-0.27892,-0.06105,0.02866,0.25007,-0.55181,0.00501,0.89945,-0.04037,-0.08035,-0.01588,-0.15795,-0.037,2.18374,-0.19107,0.96936,0.19083,1.3857,0.31772,-0.0448,2.904,2.77096,1.521,2.25012,-1.24476,-1.31297,0.38194,1.00888,-0.22772,0.03037,-0.41194,-0.15498,-0.00707,-0.04448,0.86907,0.11526,-0.05647,-0.50475,-0.12403,0.02299,0.0507
9.28,-0.28686,-0.06125,0.01877,0.24092,-0.55281,0.02001,0.89995,-0.05048,-0.07968,-0.0265,-0.16176,-0.037,2.3024,-0.14844,0.97506,0.14212,1.46763,0.23321,-0.03134,2.904,2.83259,1.521,2.30283,-1.27168,-1.31302,0.38199,1.02577,-0.24078,0.0652,-0.41451,-0.15957,-0.00837,-0.04527,0.86845,0.09369,-0.04564,-0.49877,-0.12437,0.02358,0.051
9.3,-0.29433,-0.06169,0.00947,0.23261,-0.55564,0.03355,0.90092,-0.05911,-0.07835,-0.0338,-0.16705,-0.037,2.41126,-0.1142,0.96542,0.10549,1.53104,0.1575,-0.01908,2.904,2.87891,1.521,2.33757,-1.29267,-1.31299,0.38197,1.04186,-0.25367,0.08945,-0.414,-0.16313,-0.01029,-0.04632,0.87064,0.07555,-0.02948,-0.49398,-0.12472,0.02355,0.051
9.32,-0.30054,-0.06271,0.00164,0.22636,-0.56319,0.04284,0.90311,-0.0637,-0.0759,-0.0319,-0.17659,-0.037,2.49783,-0.09926,0.9194,0.0976,1.53457,0.11451,-0.00977,2.904,2.87668,1.521,2.34852,-1.29612,-1.313,0.38198,1.05502,-0.2665,0.08258,-0.4047,-0.16337,-0.01348,-0.04786,0.87963,0.06679,0.0004,-0.49191,-0.12502,0.02179,0.05018
9.34,-0.30625,-0.06396,-0.00561,0.22096,-0.57254,0.05068,0.90579,-0.0668,-0.07294,-0.0266,-0.1877,-0.037,2.57399,-0.09206,0.858,0.10209,1.51867,0.082,-0.00198,2.904,2.85823,1.521,2.34275,-1.29322,-1.313,0.38199,1.06733,-0.27924,0.06511,-0.39236,-0.16268,-0.01732,-0.04967,0.89133,0.06146,0.03546,-0.49101,-0.12532,0.01941,0.04906
9.36,-0.31213,-0.0651,-0.01309,0.21525,-0.58112,0.05927,0.90833,-0.07054,-0.07027,-0.02271,-0.19822,-0.037,2.65325,-0.08118,0.80096,0.10242,1.51238,0.04526,0.00558,2.904,2.84674,1.521,2.34123,-1.2929,-1.313,0.38199,1.08016,-0.29205,0.05309,-0.38162,-0.16268,-0.02098,-0.05143,0.90184,0.05451,0.06805,-0.48963,-0.1256,0.01735,0.0481
9.38,-0.31826,-0.06627,-0.0207,0.20917,-0.58957,0.06745,0.91054,-0.0744,-0.06721,-0.01937,-0.20814,-0.037,2.73913,-0.07148,0.75408,0.09697,1.50388,0.00498,0.01704,2.904,2.83748,1.521,2.35177,-1.29404,-1.313,0.382,1.09252,-0.30467,0.03851,-0.36994,-0.16143,-0.0241,-0.05285,0.91231,0.04787,0.10133,-0.48806,-0.12594,0.01516,0.04707
9.4,-0.32375,-0.06745,-0.02791,0.20413,-0.59867,0.07617,0.91356,-0.07768,-0.06492,-0.01412,-0.21973,-0.037,2.8088,-0.06105,0.68334,0.10627,1.49497,-0.02496,0.02011,2.904,2.81995,1.521,2.33328,-1.29061,-1.31299,0.38198,1.10558,-0.31769,0.02676,-0.3595,-0.16272,-0.02857,-0.0551,0.92345,0.04137,0.13429,-0.48716,-0.12617,0.01309,0.0461
9.42,-0.32773,-0.06861,-0.03424,0.20129,-0.60936,0.08663,0.91853,-0.07947,-0.06445,-0.00399,-0.23536,-0.037,2.83683,-0.04575,0.54326,0.15401,1.48951,-0.0286,-0.00104,2.904,2.77808,1.521,2.24835,-1.27541,-1.31301,0.38201,1.12114,-0.33174,0.0249,-0.35339,-0.16977,-0.03596,-0.05913,0.93588,0.03452,0.1655,-0.48777,-0.12608,0.01154,0.04537
9.44,-0.33108,-0.06978,-0.04018,0.19955,-0.62058,0.09771,0.92433,-0.08077,-0.06484,0.00785,-0.25263,-0.037,2.84884,-0.02958,0.38105,0.21594,1.48416,-0.02207,-0.03036,2.904,2.72919,1.521,2.13374,-1.25596,-1.31298,0.38195,1.13736,-0.34621,0.02635,-0.34862,-0.17961,-0.04475,-0.06405,0.94883,0.02766,0.1961,-0.48903,-0.12589,0.01014,0.04472
9.46,-0.33465,-0.07096,-0.04625,0.19761,-0.63142,0.10861,0.92986,-0.08245,-0.06514,0.01862,-0.26928,-0.037,2.86784,-0.01436,0.23381,0.27087,1.4787,-0.02023,-0.05503,2.904,2.68708,1.521,2.0264,-1.23884,-1.31299,0.38196,1.15305,-0.36057,0.02656,-0.34312,-0.18919,-0.05339,-0.0689,0.96145,0.02071,0.2267,-0.49005,-0.12576,0.00868,0.04403
9.48,-0.33845,-0.0721,-0.0525,0.19448,-0.64297,0.11904,0.93496,-0.08343,-0.06422,0.03078,-0.2855,-0.037,2.88772,0.00297,0.06546,0.32873,1.47287,-0.01775,-0.08366,2.904,2.62975,1.521,1.94332,-1.21969,-1.31308,0.38209,1.1697,-0.37464,0.02519,-0.338,-0.19472,-0.06023,-0.07246,0.97461,0.01426,0.25866,-0.49087,-0.12559,0.00718,0.04333
9.5,-0.34164,-0.07332,-0.05829,0.19402,-0.65309,0.13061,0.94112,-0.08575,-0.06599,0.04036,-0.30294,-0.037,2.90208,0.01617,-0.06419,0.38352,1.46807,-0.01434,-0.106,2.904,2.60206,1.521,1.80458,-1.20401,-1.31279,0.38164,1.18449,-0.38936,0.02818,-0.33246,-0.20904,-0.07087,-0.07876,0.98669,0.00674,0.28755,-0.49225,-0.12546,0.0058,0.04268
9.52,-0.34343,-0.07476,-0.06292,0.20113,-0.65941,0.1453,0.95014,-0.09196,-0.07544,0.04285,-0.32372,-0.037,2.90531,0.01819,-0.07952,0.42757,1.4663,-0.01076,-0.10873,2.904,2.66328,1.521,1.50493,-1.19729,-1.31326,0.38234,1.19419,-0.40614,0.04118,-0.3254,-0.24991,-0.09395,-0.09388,0.99599,-0.00375,0.30831,-0.49499,-0.12551,0.00465,0.04215
9.54,-0.34462,-0.07627,-0.06709,0.2108,-0.6642,0.1611,0.96015,-0.09951,-0.08748,0.0426,-0.34559,-0.037,2.90354,0.01598,-0.05542,0.46773,1.46562,-0.00667,-0.10487,2.904,2.75368,1.521,1.15302,-1.19449,-1.31302,0.38203,1.20196,-0.42349,0.05872,-0.31791,-0.29902,-0.12042,-0.11149,1.00412,-0.0153,0.32592,-0.49827,-0.12558,0.00363,0.04168
9.56,-0.34604,-0.07775,-0.07145,0.21899,-0.66952,0.17635,0.96961,-0.10641,-0.09804,0.0433,-0.36673,-0.037,2.90398,0.01546,-0.05066,0.50882,1.46441,-0.0029,-0.10417,2.904,2.82727,1.521,0.83466,-1.19105,-1.31195,0.3803,1.21048,-0.44036,0.07509,-0.31066,-0.34238,-0.14379,-0.12698,1.01255,-0.02636,0.34481,-0.50132,-0.1256,0.0026,0.04121
9.58,-0.34762,-0.07923,-0.07587,0.22857,-0.67559,0.19185,0.97953,-0.11349,-0.10994,0.04533,-0.38895,-0.037,2.90413,0.01592,-0.04075,0.55401,1.46333,0.00164,-0.10308,2.904,2.91548,1.521,0.47408,-1.18284,-1.31575,0.38619,1.21957,-0.4582,0.08792,-0.30326,-0.39416,-0.17365,-0.14656,1.02197,-0.03748,0.36435,-0.50432,-0.12575,0.0014,0.04066
9.6,-0.34873,-0.08072,-0.08005,0.23584,-0.6797,0.20704,0.98869,-0.12049,-0.11961,0.04391,-0.40909,-0.037,2.9039,0.01335,-0.03185,0.5895,1.46224,0.00451,-0.10113,2.904,2.98041,1.521,0.18916,-1.18528,-1.30926,0.37634,1.22698,-0.47412,0.109,-0.29606,-0.4305,-0.19097,-0.15833,1.02903,-0.04871,0.38176,-0.50754,-0.12566,0.00056,0.04027
9.62,-0.3487,-0.08229,-0.08368,0.23625,-0.6788,0.22151,0.99567,-0.1272,-0.12305,0.03356,-0.42371,-0.037,2.90403,0.00332,-0.03559,0.59933,1.46081,0.003,-0.09852,2.904,2.97269,1.521,0.12837,-1.21875,-1.2744,0.32022,1.23036,-0.48484,0.15319,-0.28945,-0.42069,-0.17132,-0.14696,1.02998,-0.0602,0.3943,-0.51132,-0.12486,0.00065,0.04029
9.64,-0.34822,-0.08386,-0.08707,0.23424,-0.67597,0.23554,1.0018,-0.13373,-0.12407,0.01985,-0.43608,-0.037,2.904,-0.00959,-0.04154,0.59941,1.45934,-0.0003,-0.09521,2.904,2.94081,1.521,0.14526,-1.26238,-1.22929,0.24888,1.23207,-0.49357,0.20524,-0.28307,-0.39541,-0.13925,-0.12785,1.02857,-0.07171,0.40474,-0.51527,-0.12381,0.0011,0.04046
9.66,-0.34795,-0.0854,-0.09056,0.23323,-0.67399,0.24951,1.00821,-0.14016,-0.12582,0.00771,-0.44918,-0.037,2.90399,-0.02111,-0.04623,0.60374,1.4579,-0.00309,-0.09211,2.904,2.92084,1.521,0.12511,-1.29967,-1.18886,0.18654,1.23445,-0.50306,0.25274,-0.27666,-0.37811,-0.11386,-0.11288,1.02816,-0.08306,0.41596,-0.51907,-0.12289,0.00139,0.04057
9.68,-0.34765,-0.08708,-0.09409,0.23267,-0.67205,0.26463,1.01514,-0.14738,-0.12916,-0.00475,-0.4636,-0.037,2.90401,-0.03312,-0.05068,0.60874,1.45643,-0.00465,-0.08926,2.904,2.89795,1.521,0.11034,-1.34425,-1.14805,0.11537,1.23716,-0.51319,0.30454,-0.26994,-0.35678,-0.08415,-0.09528,1.02801,-0.09511,0.4278,-0.5232,-0.12192,0.00167,0.04067
9.7,-0.34731,-0.08846,-0.09747,0.23063,-0.66961,0.27721,1.02075,-0.15292,-0.12866,-0.01726,-0.47466,-0.037,2.904,-0.04473,-0.0566,0.61002,1.455,-0.00913,-0.08582,2.904,2.87504,1.521,0.10363,-1.37614,-1.10594,0.05898,1.23878,-0.52151,0.34917,-0.26392,-0.34042,-0.06052,-0.08142,1.02677,-0.10566,0.4379,-0.52666,-0.121,0.00204,0.04081
9.72,-0.34699,-0.08902,-0.10056,0.22461,-0.66621,0.28313,1.02298,-0.15367,-0.11747,-0.02968,-0.47744,-0.037,2.904,-0.05465,-0.06675,0.60388,1.45359,-0.02186,-0.08079,2.904,2.85762,1.521,0.09957,-1.36929,-1.06008,0.04726,1.23807,-0.52531,0.37217,-0.25974,-0.33833,-0.05594,-0.07854,1.02303,-0.11222,0.44377,-0.52823,-0.12024,0.00264,0.04104
9.74,-0.34664,-0.08928,-0.1035,0.21726,-0.66238,0.28647,1.0239,-0.15274,-0.10259,-0.04193,-0.47683,-0.037,2.904,-0.06402,-0.07838,0.59428,1.45223,-0.03736,-0.07525,2.904,2.84092,1.521,0.10135,-1.34954,-1.01379,0.0509,1.23629,-0.52735,0.38764,-0.25627,-0.3422,-0.058,-0.07987,1.01829,-0.11722,0.44797,-0.52909,-0.11954,0.00331,0.04129
9.76,-0.34631,-0.08967,-0.10647,0.21082,-0.65879,0.29083,1.02537,-0.15268,-0.08983,-0.05387,-0.47744,-0.037,2.904,-0.07356,-0.08908,0.58598,1.45087,-0.0512,-0.07007,2.904,2.82395,1.521,0.10113,-1.33649,-0.96945,0.04743,1.23484,-0.5302,0.40647,-0.25251,-0.34555,-0.05757,-0.08018,1.01404,-0.12281,0.45292,-0.53025,-0.11885,0.00391,0.04152
9.78,-0.34594,-0.09007,-0.1096,0.20299,-0.65496,0.2958,1.02702,-0.1522,-0.07514,-0.0676,-0.47927,-0.037,2.904,-0.08356,-0.10092,0.57843,1.44939,-0.06681,-0.06431,2.904,2.80588,1.521,0.10081,-1.32024,-0.91731,0.04403,1.23397,-0.53298,0.4258,-0.24863,-0.33963,-0.05465,-0.07666,1.00952,-0.12891,0.45783,-0.53151,-0.11802,0.00467,0.04181
9.8,-0.34564,-0.09038,-0.11237,0.19779,-0.65155,0.29891,1.02799,-0.15217,-0.0636,-0.07751,-0.47786,-0.037,2.904,-0.09238,-0.11071,0.56868,1.44818,-0.07936,-0.05965,2.904,2.79063,1.52099,0.10111,-1.30748,-0.88147,0.04426,1.23167,-0.53549,0.44224,-0.24516,-0.35399,-0.05844,-0.08193,1.00538,-0.13358,0.46242,-0.53239,-0.1175,0.00512,0.04198
9.82,-0.34553,-0.09052,-0.11423,0.20008,-0.64928,0.29751,1.02731,-0.15396,-0.06188,-0.07676,-0.46771,-0.037,2.904,-0.09863,-0.11452,0.55331,1.44772,-0.08267,-0.05819,2.904,2.78284,1.52099,0.10098,-1.30724,-0.89064,0.05138,1.2257,-0.53775,0.45214,-0.24254,-0.42858,-0.08108,-0.11315,1.00245,-0.1347,0.46676,-0.53241,-0.11785,0.0047,0.0418
9.84,-0.34547,-0.09057,-0.11574,0.2051,-0.64745,0.29434,1.026,-0.15623,-0.06343,-0.07219,-0.45454,-0.037,2.904,-0.10359,-0.11622,0.53597,1.44753,-0.08282,-0.05785,2.904,2.77802,1.52099,0.101,-1.31094,-0.91628,0.06159,1.21836,-0.53979,0.45941,-0.24031,-0.52244,-0.10996,-0.15264,0.99997,-0.13445,0.47079,-0.53207,-0.11852,0.00398,0.0415
9.86,-0.34538,-0.09065,-0.11739,0.20893,-0.64549,0.292,1.02503,-0.15817,-0.06335,-0.06945,-0.44316,-0.037,2.904,-0.10875,-0.11885,0.51983,1.44721,-0.08448,-0.05696,2.904,2.77206,1.52099,0.10102,-1.31298,-0.93452,0.07004,1.21167,-0.5419,0.46814,-0.23794,-0.60375,-0.13475,-0.18655,0.99736,-0.13485,0.4748,-0.53189,-0.11904,0.00341,0.04126
9.88,-0.34535,-0.09077,-0.11912,0.21249,-0.64323,0.28945,1.02377,-0.1605,-0.06373,-0.06633,-0.4299,-0.037,2.904,-0.11551,-0.12162,0.50227,1.44691,-0.08591,-0.05622,2.904,2.76521,1.52099,0.101,-1.31409,-0.95243,0.0805,1.20481,-0.54409,0.47559,-0.23545,-0.70103,-0.16498,-0.22816,0.9944,-0.13511,0.47939,-0.53171,-0.11958,0.00279,0.041
9.9,-0.34519,-0.09079,-0.12059,0.21727,-0.6417,0.28696,1.023,-0.16217,-0.064,-0.0631,-0.41988,-0.037,2.904,-0.11865,-0.12359,0.48724,1.44664,-0.08704,-0.05545,2.904,2.76092,1.52099,0.10101,-1.31818,-0.97487,0.08735,1.19801,-0.54607,0.48508,-0.2333,-0.76984,-0.18538,-0.25581,0.99228,-0.13533,0.48274,-0.53144,-0.12014,0.00219,0.04075
9.92,-0.34465,-0.09058,-0.12153,0.22489,-0.64205,0.28512,1.02373,-0.16191,-0.06315,-0.06048,-0.41963,-0.037,2.904,-0.11197,-0.12382,0.47981,1.44639,-0.08819,-0.05428,2.904,2.76278,1.52099,0.10101,-1.3302,-1.00657,0.08293,1.1916,-0.54761,0.50167,-0.23193,-0.75281,-0.17612,-0.24139,0.99245,-0.1359,0.48276,-0.53101,-0.1207,0.00173,0.04053
9.94,-0.34396,-0.09028,-0.12221,0.23361,-0.64311,0.28342,1.02497,-0.161,-0.0621,-0.0579,-0.42275,-0.037,2.904,-0.10172,-0.1233,0.47499,1.44616,-0.08913,-0.05304,2.904,2.76714,1.52099,0.101,-1.34505,-1.04211,0.07479,1.18533,-0.54894,0.52029,-0.23091,-0.70685,-0.15689,-0.21286,0.99346,-0.13648,0.48155,-0.53051,-0.12126,0.00131,0.04032
9.96,-0.34332,-0.09002,-0.12298,0.24175,-0.64385,0.28164,1.02598,-0.16041,-0.06119,-0.05534,-0.42429,-0.037,2.904,-0.0932,-0.12315,0.46891,1.44592,-0.09014,-0.05186,2.904,2.77046,1.52099,0.10101,-1.35824,-1.07539,0.06864,1.17905,-0.55033,0.5375,-0.22978,-0.67585,-0.14287,-0.19177,0.99405,-0.137,0.48091,-0.53005,-0.12182,0.00087,0.0401
9.98,-0.34276,-0.08976,-0.12386,0.25036,-0.6446,0.27984,1.02697,-0.15972,-0.0602,-0.05248,-0.42591,-0.037,2.904,-0.08416,-0.12281,0.46305,1.44568,-0.09117,-0.05062,2.904,2.77345,1.52099,0.10101,-1.37313,-1.11144,0.06134,1.17248,-0.55186,0.55673,-0.22842,-0.63812,-0.12624,-0.16673,0.99478,-0.1377,0.48024,-0.52954,-0.1224,0.00042,0.03987
10,-0.34201,-0.08947,-0.12446,0.2582,-0.64549,0.27814,1.02812,-0.15907,-0.05929,-0.05029,-0.4282,-0.037,2.904,-0.0754,-0.12272,0.4574,1.44546,-0.09213,-0.04946,2.904,2.77769,1.52099,0.10101,-1.38511,-1.14238,0.05551,1.16659,-0.55305,0.57222,-0.22764,-0.60698,-0.11252,-0.14636,0.99543,-0.13805,0.47931,-0.52912,-0.12293,1e-05,0.03967
10.02,-0.34073,-0.08914,-0.12434,0.26384,-0.64652,0.27663,1.02971,-0.15872,-0.05861,-0.05005,-0.43164,-0.037,2.904,-0.06811,-0.12352,0.45161,1.44526,-0.09298,-0.04854,2.904,2.78485,1.52099,0.10101,-1.38818,-1.1585,0.05462,1.16238,-0.55344,0.57728,-0.22832,-0.60371,-0.10988,-0.14316,0.99564,-0.13748,0.47802,-0.52898,-0.12328,-0.00027,0.03954
10.04,-0.33927,-0.08878,-0.12395,0.26863,-0.64766,0.27523,1.03143,-0.15842,-0.05802,-0.05048,-0.43565,-0.037,2.904,-0.06125,-0.1246,0.44597,1.44507,-0.09376,-0.04771,2.904,2.79315,1.52099,0.10101,-1.38823,-1.16924,0.05531,1.15891,-0.55349,0.57843,-0.22957,-0.60753,-0.11037,-0.14496,0.99575,-0.13657,0.47647,-0.52893,-0.12356,-0.0005,0.03943
10.06,-0.33791,-0.08843,-0.12367,0.27367,-0.64878,0.2738,1.03304,-0.15808,-0.05739,-0.05055,-0.43935,-0.037,2.904,-0.0543,-0.12553,0.44032,1.44488,-0.09456,-0.04684,2.904,2.80089,1.52099,0.10101,-1.38976,-1.18223,0.05527,1.15525,-0.55366,0.58112,-0.23056,-0.60622,-0.10898,-0.14387,0.99594,-0.13582,0.475,-0.52884,-0.12386,-0.00075,0.03932
10.08,-0.33648,-0.08808,-0.12343,0.27934,-0.64984,0.27227,1.03488,-0.15778,-0.05672,-0.05085,-0.44338,-0.037,2.904,-0.04676,-0.12652,0.43451,1.44469,-0.09542,-0.04596,2.904,2.80892,1.52099,0.10101,-1.39093,-1.19618,0.05519,1.15098,-0.55396,0.58492,-0.23157,-0.61174,-0.10914,-0.14484,0.99602,-0.13507,0.47369,-0.52876,-0.1242,-0.00104,0.03919
10.1,-0.33516,-0.08772,-0.12305,0.28348,-0.65102,0.27098,1.03624,-0.15742,-0.05619,-0.05082,-0.44681,-0.037,2.904,-0.04063,-0.12746,0.42906,1.44451,-0.09612,-0.04513,2.904,2.81656,1.52099,0.10101,-1.39209,-1.2068,0.05559,1.14814,-0.5539,0.58543,-0.23268,-0.60539,-0.10701,-0.14297,0.99629,-0.13422,0.47197,-0.52867,-0.12444,-0.00122,0.03911
10.12,-0.3342,-0.08731,-0.12236,0.28364,-0.65257,0.27045,1.03642,-0.15699,-0.05589,-0.04975,-0.44849,-0.037,2.904,-0.03815,-0.1283,0.42447,1.44437,-0.09645,-0.04444,2.904,2.82294,1.52099,0.10101,-1.39407,-1.20958,0.05702,1.14925,-0.55294,0.57787,-0.2339,-0.56223,-0.09726,-0.13137,0.99717,-0.13324,0.46926,-0.52855,-0.12443,-0.00114,0.03916
10.14,-0.33336,-0.08688,-0.12154,0.28226,-0.65422,0.27014,1.03608,-0.15648,-0.05575,-0.04831,-0.44953,-0.037,2.904,-0.03715,-0.12908,0.42026,1.44426,-0.09662,-0.04381,2.904,2.82884,1.52099,0.10101,-1.39611,-1.2092,0.05889,1.15174,-0.55161,0.56709,-0.23522,-0.50747,-0.08527,-0.11692,0.99822,-0.13215,0.46613,-0.5284,-0.12433,-0.00097,0.03927
10.16,-0.33249,-0.08646,-0.12079,0.28155,-0.65578,0.26968,1.03586,-0.15596,-0.05561,-0.04699,-0.45086,-0.037,2.904,-0.03557,-0.12981,0.41595,1.44414,-0.09684,-0.04314,2.904,2.83487,1.521,0.101,-1.39804,-1.21021,0.06052,1.15351,-0.55044,0.55774,-0.23654,-0.45965,-0.07469,-0.10426,0.99914,-0.13109,0.46314,-0.52826,-0.12427,-0.00083,0.03936
10.18,-0.33155,-0.08606,-0.12002,0.28097,-0.65754,0.26945,1.03613,-0.15565,-0.05516,-0.04588,-0.45227,-0.037,2.904,-0.03353,-0.13083,0.41135,1.44402,-0.09716,-0.0425,2.904,2.84131,1.521,0.101,-1.4002,-1.21115,0.06237,1.15573,-0.5493,0.54846,-0.23768,-0.40494,-0.06249,-0.08967,1.00027,-0.13014,0.46038,-0.52817,-0.12419,-0.0007,0.03944
10.2,-0.33077,-0.0856,-0.11923,0.27976,-0.65891,0.26877,1.03526,-0.15489,-0.05541,-0.04425,-0.45328,-0.037,2.904,-0.03289,-0.13126,0.40743,1.44389,-0.09723,-0.04184,2.904,2.84675,1.521,0.101,-1.40193,-1.21163,0.06385,1.15731,-0.54799,0.53825,-0.23921,-0.36184,-0.05317,-0.07839,1.00102,-0.12891,0.45699,-0.52794,-0.12413,-0.00054,0.03954
10.22,-0.3304,-0.08504,-0.11849,0.27706,-0.65915,0.26709,1.03141,-0.15288,-0.05748,-0.04123,-0.45387,-0.037,2.904,-0.0349,-0.12993,0.40549,1.44377,-0.09674,-0.04106,2.904,2.84971,1.521,0.101,-1.40259,-1.21121,0.06403,1.15705,-0.54641,0.52679,-0.24164,-0.35277,-0.05175,-0.07645,1.0006,-0.12714,0.45234,-0.52742,-0.1241,-0.00032,0.03965
10.24,-0.33021,-0.08441,-0.11771,0.27379,-0.65902,0.2649,1.02643,-0.15042,-0.06027,-0.0377,-0.45396,-0.037,2.904,-0.03845,-0.12805,0.40419,1.44363,-0.09599,-0.04027,2.904,2.85162,1.521,0.101,-1.40275,-1.21055,0.06388,1.15606,-0.54462,0.51441,-0.24447,-0.35587,-0.05339,-0.07795,0.99981,-0.12506,0.447,-0.52674,-0.12409,-7e-05,0.03977
10.26,-0.32995,-0.08379,-0.1169,0.27085,-0.65909,0.26277,1.02195,-0.1482,-0.06277,-0.03446,-0.45393,-0.037,2.904,-0.04178,-0.1265,0.40248,1.44348,-0.0953,-0.03952,2.904,2.85389,1.521,0.101,-1.40314,-1.21034,0.06389,1.15524,-0.54286,0.50213,-0.24719,-0.35403,-0.05408,-0.0782,0.99924,-0.12302,0.44173,-0.52606,-0.12408,0.00016,0.03989
10.28,-0.32963,-0.08327,-0.11628,0.26756,-0.659,0.26142,1.01751,-0.14585,-0.0651,-0.03101,-0.45538,-0.037,2.904,-0.04299,-0.12457,0.40129,1.44343,-0.09486,-0.03864,2.904,2.85669,1.521,0.101,-1.40378,-1.20863,0.06365,1.15511,-0.54143,0.49112,-0.24957,-0.34955,-0.05295,-0.07718,0.99842,-0.12145,0.43748,-0.52565,-0.12401,0.0004,0.04001
10.3,-0.32948,-0.08252,-0.11526,0.26487,-0.65918,0.25825,1.01272,-0.14365,-0.06795,-0.02785,-0.45358,-0.037,2.904,-0.04915,-0.12335,0.39913,1.44316,-0.09383,-0.03803,2.904,2.85811,1.521,0.101,-1.40347,-1.20999,0.06414,1.15338,-0.53921,0.47722,-0.25278,-0.35327,-0.0562,-0.0795,0.99807,-0.11878,0.43094,-0.52467,-0.12408,0.00063,0.04013
10.32,-0.32973,-0.08121,-0.11329,0.26407,-0.66015,0.25069,1.00737,-0.14203,-0.07199,-0.02585,-0.44346,-0.037,2.904,-0.06694,-0.12394,0.39454,1.44228,-0.09138,-0.03809,2.904,2.85609,1.521,0.101,-1.40323,-1.22016,0.0642,1.14733,-0.53527,0.45626,-0.25812,-0.37989,-0.07242,-0.09142,0.99884,-0.11369,0.41829,-0.52204,-0.12453,0.00084,0.04025
10.34,-0.33016,-0.07968,-0.11088,0.26388,-0.66144,0.24122,1.00168,-0.14057,-0.07652,-0.02413,-0.43001,-0.037,2.904,-0.08998,-0.12533,0.38887,1.44118,-0.08833,-0.03842,2.904,2.85271,1.521,0.101,-1.40164,-1.2334,0.06543,1.13971,-0.53047,0.43234,-0.26432,-0.41385,-0.09267,-0.10638,1.00016,-0.10743,0.40334,-0.51889,-0.12512,0.00105,0.04036
10.36,-0.33054,-0.07823,-0.10858,0.26333,-0.66264,0.23229,0.99606,-0.13903,-0.08086,-0.02215,-0.41775,-0.037,2.904,-0.11161,-0.12654,0.38339,1.44019,-0.08547,-0.03868,2.904,2.84989,1.521,0.101,-1.39886,-1.24509,0.06788,1.13284,-0.52581,0.40934,-0.2702,-0.44234,-0.11,-0.11913,1.00136,-0.10137,0.38946,-0.51607,-0.12567,0.00125,0.04048
10.38,-0.33081,-0.07683,-0.10669,0.26311,-0.66359,0.22472,0.99078,-0.13752,-0.08509,-0.0207,-0.4068,-0.037,2.904,-0.12899,-0.12693,0.37915,1.43916,-0.08294,-0.03875,2.904,2.84729,1.52099,0.10101,-1.40336,-1.25746,0.06318,1.1258,-0.52223,0.38802,-0.2758,-0.48007,-0.13196,-0.13541,1.00193,-0.09668,0.37552,-0.51281,-0.12614,0.00147,0.04061
10.4,-0.33135,-0.0753,-0.10384,0.26236,-0.66515,0.21385,0.98471,-0.13595,-0.08963,-0.0182,-0.39239,-0.037,2.904,-0.15667,-0.12928,0.37212,1.43815,-0.0796,-0.03926,2.904,2.84393,1.52099,0.10101,-1.39278,-1.26912,0.0733,1.11877,-0.51617,0.36259,-0.28219,-0.50039,-0.14529,-0.14512,1.00402,-0.08887,0.36109,-0.51041,-0.1268,0.00166,0.04072
10.42,-0.33251,-0.07344,-0.09855,0.2601,-0.6682,0.19471,0.97681,-0.13449,-0.09526,-0.01296,-0.36888,-0.037,2.904,-0.20986,-0.13661,0.35726,1.43727,-0.07404,-0.04118,2.904,2.83867,1.52099,0.10101,-1.33745,-1.27837,0.12707,1.11182,-0.50361,0.32603,-0.29036,-0.46871,-0.13289,-0.13522,1.00957,-0.07286,0.34657,-0.51012,-0.12799,0.00166,0.04077
10.44,-0.33395,-0.07149,-0.0923,0.2573,-0.67188,0.17228,0.96809,-0.13291,-0.10109,-0.0066,-0.34211,-0.037,2.904,-0.27359,-0.14616,0.33967,1.43633,-0.06776,-0.04349,2.904,2.83274,1.52099,0.10101,-1.26763,-1.28676,0.19517,1.10499,-0.48855,0.28558,-0.29933,-0.41957,-0.11183,-0.11873,1.01675,-0.05375,0.33151,-0.5108,-0.12937,0.00163,0.04081
10.46,-0.33531,-0.06961,-0.08643,0.25468,-0.67538,0.15113,0.95959,-0.13119,-0.10657,-0.00058,-0.31709,-0.037,2.904,-0.33356,-0.15458,0.32359,1.43546,-0.0618,-0.04542,2.904,2.82722,1.52099,0.10101,-1.20675,-1.29534,0.25471,1.09835,-0.47451,0.24722,-0.30804,-0.37977,-0.09533,-0.10573,1.02362,-0.03596,0.31626,-0.51131,-0.13065,0.00166,0.04087
10.48,-0.33646,-0.06757,-0.0808,0.25228,-0.67848,0.13078,0.95174,-0.1303,-0.11317,0.00474,-0.29076,-0.037,2.904,-0.38924,-0.16259,0.30642,1.43467,-0.05558,-0.0482,2.904,2.82116,1.52099,0.10101,-1.13597,-1.30486,0.32288,1.09067,-0.46091,0.20728,-0.31635,-0.33438,-0.07634,-0.09076,1.02871,-0.01846,0.30278,-0.51066,-0.132,0.00153,0.04086
10.5,-0.33811,-0.06586,-0.07444,0.24937,-0.68251,0.10805,0.94233,-0.12766,-0.11747,0.01177,-0.26649,-0.037,2.904,-0.45645,-0.17314,0.29079,1.43338,-0.05009,-0.04934,2.904,2.81613,1.52099,0.10101,-1.08228,-1.31219,0.37652,1.08513,-0.44586,0.16987,-0.32565,-0.29632,-0.0604,-0.07828,1.03788,0.00031,0.28553,-0.51269,-0.13324,0.00172,0.041
10.52,-0.34111,-0.06496,-0.06641,0.24458,-0.68919,0.07914,0.9289,-0.12018,-0.1155,0.02332,-0.24834,-0.037,2.904,-0.55139,-0.17971,0.28101,1.43366,-0.04388,-0.04555,2.904,2.81376,1.52099,0.101,-1.08005,-1.31357,0.38594,1.08598,-0.42698,0.13927,-0.33767,-0.2832,-0.05515,-0.07449,1.05798,0.02223,0.25798,-0.52162,-0.13414,0.00283,0.04156
10.54,-0.34457,-0.06441,-0.05767,0.23941,-0.69672,0.04806,0.91392,-0.11096,-0.11114,0.03654,-0.23248,-0.037,2.904,-0.65783,-0.1904,0.27275,1.433,-0.03909,-0.04024,2.904,2.81251,1.521,0.10101,-1.09537,-1.31277,0.38034,1.08888,-0.40683,0.11157,-0.35063,-0.27795,-0.0532,-0.0734,1.0821,0.04523,0.22672,-0.53325,-0.13492,0.00426,0.04227
10.56,-0.34779,-0.06378,-0.04921,0.23478,-0.70369,0.01826,0.8996,-0.10255,-0.1078,0.04895,-0.21584,-0.037,2.904,-0.75995,-0.20639,0.26314,1.43076,-0.03541,-0.03577,2.904,2.81097,1.521,0.101,-1.10219,-1.313,0.38201,1.09049,-0.38755,0.08331,-0.36303,-0.26879,-0.04957,-0.07095,1.10434,0.06746,0.19714,-0.54382,-0.13576,0.00553,0.04291
10.58,-0.35117,-0.06282,-0.0409,0.22856,-0.71139,-0.01297,0.88545,-0.09401,-0.10484,0.06162,-0.19798,-0.037,2.904,-0.85859,-0.19334,0.25603,1.43663,-0.02381,-0.03042,2.904,2.80849,1.521,0.101,-1.11074,-1.31305,0.38234,1.09356,-0.36689,0.05175,-0.37597,-0.26045,-0.04635,-0.0688,1.1269,0.09096,0.16743,-0.55379,-0.1366,0.00685,0.04357
10.6,-0.35432,-0.06264,-0.03211,0.2256,-0.71777,-0.04159,0.87059,-0.08538,-0.10041,0.07414,-0.18326,-0.037,2.904,-0.96711,-0.24027,0.24435,1.42582,-0.02963,-0.02685,2.904,2.80824,1.521,0.10104,-1.12003,-1.31295,0.38168,1.09414,-0.3489,0.02774,-0.38804,-0.25249,-0.04323,-0.06678,1.14968,0.11202,0.13729,-0.56557,-0.1374,0.00813,0.04421
10.62,-0.35682,-0.06444,-0.02226,0.2316,-0.72029,-0.06338,0.85418,-0.07667,-0.09354,0.08583,-0.17664,-0.037,2.904,-1.09953,-0.46431,0.21799,1.36566,-0.07792,-0.02565,2.904,2.81379,1.521,0.10092,-1.12715,-1.31302,0.3821,1.0869,-0.33823,0.02446,-0.39715,-0.24356,-0.03925,-0.06431,1.1726,0.1261,0.10524,-0.58225,-0.13818,0.00928,0.04477
10.64,-0.35907,-0.06703,-0.01193,0.24093,-0.72144,-0.08229,0.83711,-0.06797,-0.0851,0.09731,-0.17313,-0.037,2.904,-1.24141,-0.74627,0.18755,1.28941,-0.14448,-0.02674,2.904,2.82145,1.521,0.10112,-1.13446,-1.313,0.38196,1.07719,-0.33036,0.02859,-0.40542,-0.23484,-0.03535,-0.06194,1.19552,0.13766,0.07317,-0.60054,-0.13894,0.01035,0.0453
10.66,-0.36139,-0.06929,-0.00176,0.24885,-0.72319,-0.10191,0.82036,-0.05943,-0.0767,0.10888,-0.16824,-0.037,2.904,-1.37948,-0.99344,0.15976,1.22287,-0.20638,-0.02877,2.904,2.82832,1.521,0.10106,-1.1417,-1.31299,0.38194,1.06888,-0.32147,0.02893,-0.41429,-0.22617,-0.03166,-0.05966,1.2181,0.15032,0.0422,-0.61775,-0.13968,0.0114,0.04582
10.68,-0.3639,-0.07143,0.00815,0.25634,-0.72505,-0.12414,0.80351,-0.05013,-0.07102,0.12051,-0.16327,-0.037,2.904,-1.5165,-1.27631,0.12765,1.14624,-0.25374,-0.02273,2.904,2.83493,1.52099,0.10055,-1.14947,-1.313,0.38198,1.0594,-0.31152,0.0311,-0.42227,-0.21713,-0.02706,-0.0569,1.24224,0.16319,0.00656,-0.63657,-0.1405,0.01269,0.04645
10.7,-0.36596,-0.07401,0.01872,0.26551,-0.72636,-0.14023,0.78669,-0.04244,-0.05936,0.13196,-0.15919,-0.037,2.904,-1.65707,-1.49878,0.10484,1.08677,-0.33468,-0.03365,2.904,2.84204,1.52099,0.1022,-1.15595,-1.31299,0.38194,1.05182,-0.30441,0.03124,-0.43191,-0.20882,-0.02431,-0.05512,1.26309,0.17501,-0.0194,-0.65233,-0.14116,0.01346,0.04684
10.72,-0.36675,-0.07766,0.03088,0.27859,-0.72642,-0.14009,0.77045,-0.03927,-0.03133,0.14285,-0.15666,-0.037,2.904,-1.81137,-1.53781,0.09743,1.07895,-0.51286,-0.09423,2.904,2.85447,1.52099,0.09956,-1.15893,-1.31299,0.38195,1.04936,-0.3049,0.02347,-0.44606,-0.2025,-0.02669,-0.05602,1.27468,0.18472,-0.01793,-0.65959,-0.14126,0.01284,0.04654
10.74,-0.36712,-0.08173,0.04369,0.29324,-0.72598,-0.13386,0.7542,-0.0377,0.00257,0.15355,-0.15495,-0.037,2.904,-1.96775,-1.51447,0.10147,1.08891,-0.72256,-0.17118,2.904,2.86655,1.52099,0.10079,-1.16051,-1.313,0.38195,1.04902,-0.30807,0.01346,-0.46197,-0.19687,-0.0309,-0.05788,1.28296,0.19344,-0.00684,-0.66361,-0.14121,0.0117,0.04598
10.76,-0.36775,-0.08561,0.05627,0.30713,-0.72581,-0.1304,0.73773,-0.03534,0.03363,0.16439,-0.15293,-0.037,2.904,-2.11895,-1.5213,0.10788,1.09051,-0.9119,-0.23839,2.904,2.87576,1.52099,0.10715,-1.16256,-1.31299,0.38195,1.04816,-0.3097,0.00482,-0.47726,-0.1909,-0.03424,-0.05928,1.29286,0.20252,-0.00061,-0.66888,-0.1413,0.0108,0.04555
10.78,-0.36806,-0.08953,0.06859,0.32131,-0.72539,-0.12682,0.72218,-0.03325,0.06559,0.17503,-0.15071,-0.037,2.904,-2.28812,-1.52255,0.08282,1.09271,-1.12724,-0.31535,2.904,2.89755,1.52099,0.08521,-1.16528,-1.31299,0.38195,1.04529,-0.31273,-0.00497,-0.49176,-0.18506,-0.03777,-0.06079,1.30231,0.21189,0.00766,-0.67522,-0.14108,0.00987,0.04509
10.8,-0.36895,-0.09345,0.08161,0.33522,-0.7254,-0.1221,0.70475,-0.03099,0.09691,0.18602,-0.1491,-0.037,2.904,-2.42053,-1.51975,0.12524,1.09809,-1.29585,-0.37592,2.904,2.89339,1.52099,0.12214,-1.16632,-1.313,0.38195,1.04719,-0.3135,-0.01307,-0.50833,-0.17911,-0.04131,-0.06228,1.31188,0.22045,0.014,-0.67844,-0.14149,0.00888,0.04463
10.82,-0.37155,-0.09728,0.09632,0.34807,-0.72646,-0.11572,0.68185,-0.02783,0.12608,0.19822,-0.14874,-0.037,2.904,-2.44824,-1.5215,0.35843,1.10813,-1.32588,-0.38654,2.904,2.81444,1.521,0.32923,-1.16254,-1.313,0.38196,1.06127,-0.307,-0.0152,-0.53009,-0.1725,-0.04458,-0.06355,1.32268,0.22698,0.01241,-0.67462,-0.14354,0.00781,0.04419
10.84,-0.37475,-0.10109,0.11173,0.36056,-0.728,-0.10843,0.65713,-0.02444,0.15419,0.21073,-0.14899,-0.037,2.904,-2.43927,-1.52096,0.65773,1.1208,-1.30803,-0.38018,2.904,2.70996,1.521,0.59382,-1.1572,-1.313,0.38197,1.08016,-0.29818,-0.01569,-0.55389,-0.16578,-0.04778,-0.06476,1.33368,0.23275,0.00857,-0.66763,-0.14625,0.00669,0.04375
10.86,-0.37768,-0.10488,0.12686,0.37317,-0.72948,-0.10158,0.63343,-0.02119,0.18208,0.22296,-0.1491,-0.037,2.904,-2.44886,-1.52089,0.92212,1.13217,-1.3132,-0.38205,2.904,2.61927,1.521,0.82651,-1.15291,-1.313,0.38198,1.09713,-0.2907,-0.0175,-0.57682,-0.15919,-0.05091,-0.06595,1.34453,0.2389,0.00592,-0.66154,-0.14872,0.00558,0.04331
10.88,-0.38061,-0.1088,0.14184,0.38604,-0.73028,-0.09436,0.60889,-0.01787,0.21316,0.23575,-0.1487,-0.037,2.904,-2.45081,-1.52109,1.20774,1.14451,-1.3142,-0.38244,2.904,2.51939,1.521,1.08379,-1.14714,-1.313,0.38199,1.11305,-0.2822,-0.01707,-0.59956,-0.15225,-0.05452,-0.06736,1.35553,0.24484,0.00295,-0.65756,-0.15092,0.00448,0.04286
10.9,-0.38368,-0.11246,0.15727,0.39821,-0.73262,-0.08782,0.58569,-0.01461,0.23722,0.24745,-0.14947,-0.037,2.904,-2.45964,-1.52096,1.46434,1.15535,-1.31204,-0.38154,2.904,2.43253,1.521,1.30334,-1.14409,-1.313,0.382,1.13228,-0.27514,-0.02076,-0.62316,-0.14603,-0.05711,-0.0683,1.3663,0.25108,-9e-05,-0.64853,-0.15385,0.0034,0.04245
10.92,-0.38705,-0.11537,0.17382,0.40918,-0.73915,-0.08291,0.56655,-0.01171,0.24264,0.25613,-0.15346,-0.037,2.904,-2.49883,-1.521,1.6276,1.16029,-1.3134,-0.38226,2.904,2.38835,1.521,1.40555,-1.14897,-1.313,0.38198,1.15948,-0.27355,-0.03735,-0.64855,-0.14167,-0.05678,-0.0679,1.37634,0.25805,-0.00191,-0.62602,-0.15852,0.00209,0.04198
10.94,-0.39055,-0.11803,0.19077,0.41934,-0.74719,-0.07882,0.54886,-0.00885,0.24091,0.26369,-0.15858,-0.037,2.904,-2.54567,-1.52101,1.75873,1.16373,-1.31297,-0.38201,2.904,2.35807,1.521,1.4676,-1.15663,-1.313,0.38197,1.18984,-0.27335,-0.05797,-0.67473,-0.13806,-0.05546,-0.06704,1.38617,0.26541,-0.00391,-0.59863,-0.16393,0.00087,0.04158
10.96,-0.39397,-0.12085,0.2075,0.42946,-0.75448,-0.07471,0.53059,-0.00589,0.24213,0.2717,-0.16307,-0.037,2.904,-2.58756,-1.52099,1.90258,1.1685,-1.31286,-0.38141,2.904,2.32107,1.521,1.54747,-1.16299,-1.31299,0.38195,1.21878,-0.27186,-0.07593,-0.70057,-0.13418,-0.05468,-0.06643,1.39613,0.27278,-0.00646,-0.57365,-0.16908,-0.00016,0.04128
10.98,-0.39751,-0.1235,0.22442,0.44129,-0.76205,-0.06909,0.51193,-0.00327,0.24461,0.27994,-0.16807,-0.037,2.904,-2.63478,-1.521,2.05676,1.17067,-1.31321,-0.38344,2.904,2.28484,1.521,1.63127,-1.16945,-1.31299,0.38193,1.24785,-0.27293,-0.09717,-0.72639,-0.13,-0.05353,-0.06562,1.4059,0.27932,-0.00648,-0.54767,-0.17395,-0.00216,0.04047
11,-0.40082,-0.12644,0.24101,0.44939,-0.76941,-0.06682,0.49444,5e-05,0.24275,0.28747,-0.17228,-0.037,2.904,-2.67272,-1.521,2.18083,1.17783,-1.31279,-0.38011,2.904,2.2507,1.521,1.69649,-1.17639,-1.31299,0.38192,1.27732,-0.26919,-0.11277,-0.75241,-0.1266,-0.0529,-0.06512,1.41609,0.2877,-0.01169,-0.52277,-0.17956,-0.00216,0.0407
11.02,-0.40341,-0.13018,0.25667,0.44725,-0.77577,-0.07367,0.48002,0.00536,0.23086,0.29296,-0.17396,-0.037,2.904,-2.68742,-1.521,2.23013,1.19931,-1.31099,-0.3611,2.904,2.21848,1.521,1.72064,-1.18402,-1.31299,0.38193,1.3072,-0.25062,-0.10976,-0.77874,-0.12524,-0.05415,-0.06568,1.42695,0.30116,-0.03215,-0.50122,-0.18715,0.00363,0.0439
11.04,-0.40576,-0.13423,0.27195,0.44138,-0.78187,-0.08386,0.46671,0.01137,0.21483,0.29782,-0.17482,-0.037,2.904,-2.69194,-1.521,2.24978,1.22576,-1.30868,-0.33701,2.904,2.18808,1.521,1.72713,-1.19204,-1.31299,0.38194,1.33734,-0.22741,-0.10129,-0.80522,-0.12461,-0.05593,-0.06655,1.43835,0.31644,-0.05768,-0.48116,-0.19543,0.01136,0.04811
11.06,-0.40824,-0.13817,0.28733,0.43731,-0.78813,-0.09248,0.45278,0.01705,0.20056,0.30319,-0.17611,-0.037,2.904,-2.6985,-1.521,2.28233,1.24989,-1.30665,-0.31604,2.904,2.15728,1.521,1.74111,-1.19989,-1.31299,0.38195,1.3673,-0.20717,-0.09671,-0.83163,-0.12359,-0.05734,-0.0672,1.44985,0.33085,-0.08023,-0.46094,-0.20333,0.018,0.05175
11.08,-0.41063,-0.14196,0.30305,0.43284,-0.79429,-0.10135,0.43937,0.02278,0.18653,0.30761,-0.1772,-0.037,2.904,-2.71614,-1.521,2.3163,1.27449,-1.30431,-0.29156,2.904,2.12518,1.521,1.75589,-1.20784,-1.313,0.38196,1.39764,-0.18339,-0.08646,-0.85807,-0.12284,-0.05923,-0.06812,1.45983,0.34552,-0.10554,-0.43817,-0.21157,0.02553,0.05585
11.1,-0.41316,-0.14616,0.31795,0.42828,-0.80057,-0.11047,0.42514,0.02856,0.17116,0.31385,-0.17849,-0.037,2.904,-2.7083,-1.521,2.34059,1.29899,-1.30254,-0.27324,2.904,2.09602,1.521,1.76543,-1.2156,-1.313,0.38197,1.42722,-0.1658,-0.08648,-0.88448,-0.12171,-0.06028,-0.06859,1.47317,0.36,-0.12641,-0.42138,-0.21923,0.03166,0.05923
11.12,-0.41606,-0.15136,0.33088,0.42473,-0.80725,-0.11955,0.40823,0.03462,0.15276,0.32549,-0.18064,-0.037,2.904,-2.63178,-1.521,2.34626,1.32463,-1.30243,-0.27278,2.904,2.0746,1.521,1.7641,-1.22298,-1.313,0.38197,1.4544,-0.16695,-0.1178,-0.91078,-0.11923,-0.05873,-0.06769,1.4951,0.37401,-0.13297,-0.41854,-0.22544,0.03344,0.06041
11.14,-0.41912,-0.15697,0.34296,0.42115,-0.81404,-0.12873,0.39047,0.04066,0.13327,0.33894,-0.18299,-0.037,2.904,-2.53014,-1.521,2.3432,1.34956,-1.30293,-0.27875,2.904,2.05599,1.521,1.75842,-1.23009,-1.313,0.38197,1.48083,-0.17439,-0.1593,-0.93703,-0.11636,-0.05634,-0.06635,1.52048,0.38766,-0.13504,-0.42208,-0.23099,0.03375,0.06083
11.16,-0.42214,-0.16242,0.3553,0.41735,-0.82075,-0.1378,0.37315,0.04655,0.11454,0.35143,-0.18517,-0.037,2.904,-2.44044,-1.521,2.34372,1.37307,-1.30318,-0.28206,2.904,2.03597,1.521,1.7554,-1.23716,-1.313,0.38197,1.50772,-0.1786,-0.19504,-0.96327,-0.11374,-0.0544,-0.06525,1.54467,0.40114,-0.13973,-0.42413,-0.23666,0.03472,0.06159
11.18,-0.42503,-0.16778,0.36816,0.41443,-0.82756,-0.14728,0.35563,0.05316,0.09452,0.36447,-0.18763,-0.037,2.904,-2.348,-1.521,2.34483,1.40394,-1.3033,-0.28419,2.904,2.01659,1.521,1.74889,-1.24496,-1.313,0.38197,1.53411,-0.18422,-0.2354,-0.98962,-0.11083,-0.05219,-0.064,1.56735,0.41612,-0.14216,-0.42028,-0.24314,0.03574,0.06241
11.2,-0.42822,-0.17343,0.37973,0.40971,-0.8342,-0.15585,0.33832,0.05824,0.077,0.37679,-0.18961,-0.037,2.904,-2.25567,-1.521,2.343,1.41948,-1.30383,-0.29027,2.904,1.99651,1.521,1.74884,-1.25117,-1.313,0.38197,1.56137,-0.18847,-0.26861,-1.01577,-0.10843,-0.05033,-0.06295,1.59392,0.42784,-0.14813,-0.43022,-0.24773,0.03631,0.06292
11.22,-0.4322,-0.17971,0.38821,0.39993,-0.84037,-0.16209,0.32164,0.0591,0.06669,0.38683,-0.18986,-0.037,2.904,-2.16768,-1.521,2.33557,1.39078,-1.30544,-0.30653,2.904,1.97385,1.521,1.768,-1.25298,-1.313,0.38197,1.59116,-0.18718,-0.2799,-1.04118,-0.10754,-0.04964,-0.0626,1.63078,0.43095,-0.16519,-0.4767,-0.24762,0.03592,0.06274
11.24,-0.43647,-0.18629,0.39538,0.38837,-0.84636,-0.16736,0.30523,0.05841,0.05897,0.39603,-0.1897,-0.037,2.904,-2.08112,-1.521,2.3256,1.34703,-1.30744,-0.32642,2.904,1.95038,1.521,1.79385,-1.25319,-1.313,0.38198,1.62186,-0.18434,-0.28363,-1.06643,-0.10719,-0.04932,-0.06246,1.67134,0.43076,-0.18589,-0.53682,-0.24555,0.03512,0.06227
11.26,-0.44059,-0.19278,0.403,0.37773,-0.85243,-0.17291,0.28879,0.05843,0.05009,0.40551,-0.18995,-0.037,2.904,-1.99531,-1.521,2.31666,1.31152,-1.30921,-0.34413,2.904,1.92722,1.521,1.81652,-1.25415,-1.313,0.38198,1.6522,-0.18237,-0.29065,-1.09189,-0.10658,-0.04884,-0.06223,1.70992,0.43188,-0.20471,-0.59072,-0.24411,0.03456,0.06194
11.28,-0.44479,-0.19909,0.41121,0.36667,-0.85852,-0.1791,0.27193,0.05844,0.04107,0.41552,-0.18921,-0.037,2.904,-1.90265,-1.521,2.30779,1.2701,-1.31123,-0.3643,2.904,1.90437,1.521,1.83962,-1.25501,-1.313,0.38199,1.68234,-0.17995,-0.29862,-1.11679,-0.10599,-0.04834,-0.06199,1.74989,0.43376,-0.22429,-0.64499,-0.24375,0.03376,0.06156
11.3,-0.4489,-0.20584,0.41789,0.356,-0.8645,-0.18376,0.25602,0.05811,0.03301,0.42414,-0.1905,-0.037,2.904,-1.82498,-1.521,2.29842,1.2374,-1.31281,-0.38015,2.904,1.88071,1.521,1.86346,-1.25573,-1.313,0.38199,1.71309,-0.17802,-0.3027,-1.14282,-0.1055,-0.04796,-0.06181,1.78779,0.4333,-0.24328,-0.70155,-0.24071,0.03336,0.06123
11.32,-0.4527,-0.21366,0.42086,0.34735,-0.87049,-0.18418,0.24261,0.05718,0.02664,0.42973,-0.19689,-0.037,2.904,-1.78802,-1.521,2.28712,1.23281,-1.3131,-0.38299,2.904,1.85428,1.521,1.88779,-1.2562,-1.313,0.38199,1.74554,-0.17786,-0.29764,-1.17183,-0.10514,-0.04786,-0.06174,1.81927,0.42694,-0.25928,-0.76187,-0.23038,0.0342,0.06114
11.34,-0.45639,-0.22193,0.42233,0.33906,-0.87631,-0.18315,0.23015,0.05597,0.0212,0.43383,-0.20545,-0.037,2.904,-1.76629,-1.521,2.27564,1.23748,-1.31294,-0.38138,2.904,1.82719,1.521,1.91262,-1.25663,-1.313,0.38198,1.77853,-0.17824,-0.28892,-1.202,-0.10485,-0.04787,-0.06171,1.8485,0.4184,-0.27468,-0.82384,-0.21749,0.03547,0.06113
11.36,-0.46011,-0.23006,0.42439,0.33028,-0.88204,-0.18294,0.21729,0.05492,0.01557,0.43825,-0.21345,-0.037,2.904,-1.73792,-1.521,2.26506,1.23769,-1.31299,-0.38191,2.904,1.80087,1.521,1.9372,-1.25726,-1.313,0.38198,1.81116,-0.17831,-0.28198,-1.23174,-0.10452,-0.04781,-0.06165,1.87864,0.41103,-0.2907,-0.8845,-0.20603,0.03653,0.06109
11.38,-0.46394,-0.23792,0.42677,0.32279,-0.88847,-0.182,0.20431,0.05369,0.00906,0.44418,-0.21967,-0.037,2.904,-1.70833,-1.521,2.25098,1.23838,-1.31301,-0.38206,2.904,1.77252,1.521,1.96214,-1.2571,-1.313,0.38197,1.84435,-0.17855,-0.27428,-1.26108,-0.10424,-0.04785,-0.06164,1.90941,0.40275,-0.30542,-0.94799,-0.19341,0.03763,0.06101
11.4,-0.46751,-0.24644,0.42814,0.31276,-0.89339,-0.18225,0.1918,0.0528,0.00453,0.4466,-0.23005,-0.037,2.904,-1.68495,-1.521,2.24409,1.24055,-1.31299,-0.3819,2.904,1.74825,1.521,1.98631,-1.25858,-1.313,0.38197,1.87643,-0.17864,-0.26743,-1.29152,-0.10388,-0.04769,-0.06154,1.93825,0.39592,-0.32263,-1.0058,-0.18258,0.03874,0.06102
11.42,-0.47047,-0.25663,0.42714,0.29544,-0.89438,-0.18616,0.18028,0.05286,0.0056,0.44,-0.25188,-0.037,2.904,-1.67463,-1.521,2.25801,1.24387,-1.313,-0.38202,2.904,1.73543,1.521,2.00862,-1.26463,-1.313,0.38197,1.90574,-0.1778,-0.26348,-1.32477,-0.10325,-0.04697,-0.06116,1.96257,0.39334,-0.34708,-1.04752,-0.17767,0.03994,0.0614
11.44,-0.47315,-0.26745,0.42517,0.2756,-0.89381,-0.19132,0.16921,0.05329,0.00854,0.42988,-0.27772,-0.037,2.904,-1.67011,-1.521,2.27901,1.24854,-1.313,-0.38197,2.904,1.72674,1.521,2.03001,-1.27233,-1.313,0.38197,1.93382,-0.17688,-0.26063,-1.35907,-0.10253,-0.04603,-0.06068,1.98497,0.39236,-0.374,-1.08337,-0.17453,0.04114,0.06185
11.46,-0.4759,-0.278,0.42361,0.25705,-0.89382,-0.19591,0.15798,0.05357,0.01038,0.42119,-0.30139,-0.037,2.904,-1.66318,-1.521,2.29619,1.25311,-1.313,-0.38196,2.904,1.71616,1.521,2.05154,-1.27926,-1.313,0.38197,1.96218,-0.17627,-0.25754,-1.39287,-0.10186,-0.04517,-0.06024,2.00809,0.39087,-0.39964,-1.12186,-0.17049,0.04223,0.06221
11.48,-0.47887,-0.28852,0.42212,0.23791,-0.89436,-0.20044,0.14659,0.05373,0.01331,0.41318,-0.32661,-0.037,2.904,-1.65581,-1.521,2.31589,1.25588,-1.313,-0.38197,2.904,1.70561,1.521,2.07431,-1.28628,-1.313,0.38197,1.99175,-0.17454,-0.25319,-1.42683,-0.10117,-0.04441,-0.05984,2.03178,0.38841,-0.42593,-1.16063,-0.16714,0.04373,0.06282
11.5,-0.48133,-0.29924,0.42027,0.2194,-0.89342,-0.20543,0.13564,0.05428,0.01439,0.40292,-0.3495,-0.037,2.904,-1.65057,-1.521,2.33204,1.26256,-1.31299,-0.38195,2.904,1.69598,1.521,2.09419,-1.2935,-1.313,0.38197,2.01847,-0.17509,-0.2518,-1.46066,-0.10051,-0.0434,-0.05933,2.05383,0.38836,-0.45144,-1.19731,-0.16236,0.04444,0.06289
11.52,-0.48249,-0.31048,0.41763,0.20319,-0.88881,-0.21108,0.12553,0.05558,0.01,0.38742,-0.36507,-0.037,2.904,-1.6496,-1.521,2.33653,1.27998,-1.313,-0.38196,2.904,1.68798,1.521,2.10686,-1.30095,-1.313,0.38196,2.03803,-0.18203,-0.2582,-1.49425,-0.0999,-0.04173,-0.05851,2.07198,0.39464,-0.47439,-1.23017,-0.15712,0.04263,0.0619
11.54,-0.48314,-0.32188,0.41467,0.18771,-0.88275,-0.21718,0.11588,0.05731,0.00365,0.36979,-0.37812,-0.037,2.904,-1.65055,-1.521,2.33722,1.3012,-1.313,-0.38197,2.904,1.68075,1.521,2.11654,-1.30853,-1.31299,0.38195,2.0547,-0.19124,-0.26758,-1.52759,-0.09933,-0.03983,-0.05759,2.08851,0.40329,-0.49642,-1.26101,-0.14978,0.04017,0.06027
11.56,-0.48399,-0.33314,0.41188,0.17191,-0.87731,-0.22327,0.10616,0.05902,-0.00188,0.35305,-0.39225,-0.037,2.904,-1.65068,-1.521,2.33972,1.32046,-1.313,-0.38198,2.904,1.67307,1.521,2.12721,-1.316,-1.31299,0.38193,2.07244,-0.19934,-0.27566,-1.5608,-0.09876,-0.03806,-0.05672,2.10572,0.4108,-0.51876,-1.29244,-0.14071,0.03817,0.05863
11.58,-0.48496,-0.34475,0.40897,0.15592,-0.87199,-0.22863,0.09584,0.06003,-0.00704,0.33644,-0.40679,-0.037,2.904,-1.65078,-1.521,2.34211,1.34075,-1.313,-0.38199,2.904,1.66591,1.521,2.13938,-1.32375,-1.31299,0.38192,2.09119,-0.20774,-0.28354,-1.5951,-0.09812,-0.03618,-0.05581,2.12318,0.41858,-0.5417,-1.32513,-0.14261,0.03518,0.05827
11.6,-0.48556,-0.35562,0.40623,0.14058,-0.8661,-0.23557,0.0869,0.06256,-0.01345,0.31919,-0.41981,-0.037,2.904,-1.65134,-1.521,2.34373,1.35976,-1.313,-0.38199,2.904,1.65786,1.521,2.14773,-1.33092,-1.31299,0.38191,2.10713,-0.21608,-0.29254,-1.62701,-0.09763,-0.03447,-0.05497,2.13967,0.42637,-0.56306,-1.35471,-0.12169,0.03448,0.05511
11.62,-0.48528,-0.36456,0.40401,0.12662,-0.85893,-0.24704,0.08158,0.06949,-0.02282,0.29991,-0.42938,-0.037,2.904,-1.65244,-1.521,2.34417,1.3746,-1.313,-0.38199,2.904,1.64671,1.521,2.14643,-1.3364,-1.31299,0.38191,2.11635,-0.22361,-0.30394,-1.65284,-0.09753,-0.03326,-0.05439,2.15453,0.43351,-0.58101,-1.3769,-0.03347,0.03684,0.04398
11.64,-0.48465,-0.37271,0.40198,0.11334,-0.85127,-0.26002,0.07766,0.07789,-0.03335,0.28022,-0.43744,-0.037,2.904,-1.65395,-1.521,2.34394,1.38796,-1.313,-0.38199,2.904,1.6347,1.521,2.14137,-1.34128,-1.31299,0.38191,2.1228,-0.23102,-0.31635,-1.67618,-0.09757,-0.03223,-0.0539,2.16836,0.44059,-0.59727,-1.39594,0.07677,0.04212,0.03011
11.66,-0.48416,-0.38113,0.39988,0.09991,-0.8439,-0.27211,0.07317,0.08541,-0.04335,0.26126,-0.44608,-0.037,2.904,-1.6554,-1.521,2.34399,1.40178,-1.313,-0.38199,2.904,1.62335,1.521,2.13792,-1.34646,-1.31299,0.38191,2.13031,-0.23853,-0.32829,-1.70037,-0.09755,-0.03112,-0.05336,2.18226,0.44778,-0.61384,-1.416,0.17375,0.04841,0.01771
11.68,-0.48372,-0.38998,0.39767,0.08584,-0.83617,-0.28511,0.0684,0.09381,-0.0535,0.23993,-0.45512,-0.037,2.904,-1.65638,-1.521,2.34402,1.41663,-1.313,-0.382,2.904,1.61086,1.521,2.13472,-1.35155,-1.31299,0.3819,2.13855,-0.24593,-0.34042,-1.72579,-0.09752,-0.03001,-0.05282,2.19777,0.45475,-0.63229,-1.43773,0.28447,0.04507,0.00432
11.7,-0.48311,-0.39771,0.39576,0.07327,-0.82912,-0.29655,0.06456,0.10073,-0.06353,0.22346,-0.46297,-0.037,2.904,-1.6584,-1.521,2.34399,1.42891,-1.313,-0.38199,2.904,1.60056,1.521,2.1302,-1.35665,-1.31299,0.38191,2.14465,-0.25349,-0.35232,-1.74802,-0.09755,-0.02895,-0.05231,2.20971,0.46208,-0.64645,-1.45527,0.37187,0.06213,-0.00761
11.72,-0.48213,-0.40262,0.39466,0.0645,-0.82397,-0.30344,0.06278,0.10323,-0.07339,0.22072,-0.46809,-0.037,2.904,-1.66325,-1.521,2.344,1.4346,-1.313,-0.38197,2.904,1.59638,1.521,2.12255,-1.36225,-1.31299,0.38192,2.14549,-0.26185,-0.36374,-1.76231,-0.09775,-0.02794,-0.05184,2.21195,0.47069,-0.64913,-1.46192,0.38865,0.13794,-0.01523
11.74,-0.481,-0.40641,0.39387,0.05726,-0.81956,-0.30868,0.0619,0.10419,-0.083,0.22286,-0.47203,-0.037,2.904,-1.66911,-1.521,2.344,1.43769,-1.31299,-0.38195,2.904,1.59446,1.521,2.11377,-1.36782,-1.31299,0.38194,2.14428,-0.27032,-0.37482,-1.77343,-0.09802,-0.02697,-0.05139,2.21064,0.47961,-0.64757,-1.46448,0.38135,0.23359,-0.0212
11.76,-0.47993,-0.41064,0.39294,0.04943,-0.81489,-0.31461,0.06071,0.10584,-0.09244,0.22264,-0.47639,-0.037,2.904,-1.67446,-1.521,2.344,1.44183,-1.31299,-0.38193,2.904,1.59158,1.521,2.10579,-1.3732,-1.313,0.38196,2.14403,-0.27852,-0.38581,-1.78582,-0.09824,-0.026,-0.05094,2.21101,0.4882,-0.64801,-1.46895,0.38564,0.31813,-0.02764
11.78,-0.47886,-0.41512,0.39202,0.04115,-0.80987,-0.32088,0.05916,0.10759,-0.10313,0.223,-0.4812,-0.037,2.904,-1.68006,-1.521,2.344,1.44645,-1.31299,-0.3819,2.904,1.58836,1.521,2.09649,-1.37942,-1.313,0.38198,2.14355,-0.28762,-0.39789,-1.79885,-0.0985,-0.02495,-0.05045,2.21109,0.49758,-0.64811,-1.47308,0.38799,0.41166,-0.03531
11.8,-0.47777,-0.41883,0.39114,0.03419,-0.80577,-0.32601,0.05855,0.10875,-0.11113,0.22332,-0.4848,-0.037,2.904,-1.68537,-1.521,2.344,1.44949,-1.31299,-0.38188,2.904,1.58642,1.521,2.08971,-1.3839,-1.313,0.38199,2.14309,-0.29489,-0.40758,-1.80982,-0.09871,-0.02409,-0.05005,2.21093,0.50538,-0.64792,-1.47699,0.38835,0.49108,-0.04003
11.82,-0.47669,-0.42073,0.39027,0.03039,-0.80408,-0.32841,0.06033,0.10864,-0.11174,0.22227,-0.48546,-0.037,2.904,-1.68974,-1.521,2.344,1.44886,-1.31299,-0.3819,2.904,1.58744,1.521,2.09027,-1.38354,-1.313,0.382,2.14324,-0.29711,-0.41085,-1.816,-0.09877,-0.02376,-0.04991,2.21103,0.5088,-0.64803,-1.48144,0.38929,0.52716,-0.03686
11.84,-0.4756,-0.42188,0.38942,0.0279,-0.80329,-0.3297,0.063,0.108,-0.10964,0.22103,-0.48493,-0.037,2.904,-1.69376,-1.521,2.344,1.44674,-1.31299,-0.38193,2.904,1.58967,1.521,2.09339,-1.38143,-1.313,0.38199,2.14346,-0.29748,-0.4117,-1.8202,-0.09877,-0.02364,-0.04985,2.211,0.51061,-0.648,-1.48582,0.38893,0.54825,-0.0308
11.86,-0.47451,-0.42336,0.38856,0.02489,-0.80207,-0.33146,0.06524,0.10761,-0.10878,0.21993,-0.4849,-0.037,2.904,-1.69788,-1.521,2.344,1.44529,-1.31299,-0.38195,2.904,1.59135,1.521,2.09528,-1.38014,-1.313,0.38199,2.1436,-0.29867,-0.41359,-1.82524,-0.0988,-0.02343,-0.04976,2.21099,0.51313,-0.64799,-1.49017,0.38895,0.57589,-0.02616
11.88,-0.4734,-0.42489,0.3877,0.02162,-0.80095,-0.3333,0.06765,0.1071,-0.10789,0.21876,-0.485,-0.037,2.904,-1.70229,-1.521,2.344,1.44376,-1.313,-0.38197,2.904,1.59313,1.521,2.09746,-1.37878,-1.313,0.38199,2.14389,-0.29994,-0.41572,-1.83044,-0.09884,-0.0232,-0.04966,2.21101,0.51577,-0.64801,-1.49462,0.38904,0.60533,-0.02099
11.9,-0.47235,-0.42613,0.38685,0.0192,-0.79984,-0.33473,0.06989,0.10674,-0.10641,0.21764,-0.48457,-0.037,2.904,-1.70602,-1.521,2.344,1.4421,-1.313,-0.38199,2.904,1.59495,1.521,2.09963,-1.37714,-1.313,0.38199,2.14392,-0.30061,-0.41678,-1.83486,-0.09884,-0.02305,-0.04959,2.211,0.51776,-0.648,-1.49889,0.38897,0.6272,-0.01628
11.92,-0.47141,-0.42678,0.38604,0.01873,-0.79845,-0.33535,0.0714,0.10691,-0.10389,0.2167,-0.48285,-0.037,2.904,-1.70787,-1.521,2.344,1.44043,-1.313,-0.38199,2.904,1.5965,1.521,2.10127,-1.37511,-1.313,0.38199,2.14315,-0.30018,-0.41564,-1.8377,-0.09876,-0.02309,-0.04961,2.211,0.51851,-0.648,-1.50277,0.389,0.63176,-0.01346
11.94,-0.47052,-0.42717,0.38525,0.0191,-0.79705,-0.3356,0.07269,0.10727,-0.10087,0.21579,-0.48065,-0.037,2.904,-1.70906,-1.521,2.344,1.43871,-1.313,-0.38199,2.904,1.59803,1.521,2.10279,-1.37288,-1.313,0.38199,2.14214,-0.2992,-0.4135,-1.83981,-0.09865,-0.02321,-0.04966,2.211,0.51865,-0.648,-1.50647,0.389,0.62914,-0.0112
11.96,-0.46962,-0.42766,0.38445,0.01914,-0.7957,-0.33602,0.07409,0.10758,-0.09814,0.21483,-0.47874,-0.037,2.904,-1.71059,-1.521,2.344,1.43704,-1.313,-0.38199,2.904,1.5996,1.521,2.10429,-1.37076,-1.313,0.38199,2.14128,-0.29843,-0.41173,-1.84221,-0.09855,-0.0233,-0.0497,2.211,0.51899,-0.648,-1.51019,0.38899,0.62978,-0.00873
11.98,-0.46867,-0.4282,0.38362,0.019,-0.79419,-0.33641,0.07548,0.10772,-0.09507,0.21401,-0.4765,-0.037,2.904,-1.71192,-1.521,2.344,1.4352,-1.313,-0.38199,2.904,1.60111,1.521,2.10621,-1.36849,-1.313,0.38199,2.14024,-0.29777,-0.41023,-1.84474,-0.09845,-0.02337,-0.04973,2.211,0.51956,-0.648,-1.51417,0.38899,0.62993,-0.006
12,-0.46783,-0.42859,0.38286,0.01942,-0.79299,-0.33678,0.07682,0.10827,-0.09262,0.21292,-0.47485,-0.037,2.904,-1.71353,-1.521,2.344,1.43373,-1.313,-0.38199,2.904,1.60271,1.521,2.1072,-1.36652,-1.313,0.38199,2.13952,-0.29677,-0.40796,-1.84685,-0.09834,-0.0235,-0.04979,2.211,0.51954,-0.648,-1.51755,0.38899,0.62957,-0.00397
12.02,-0.46726,-0.42866,0.38228,0.02113,-0.79261,-0.33711,0.07806,0.10989,-0.09203,0.21098,-0.475,-0.037,2.904,-1.71595,-1.521,2.344,1.4333,-1.313,-0.38199,2.904,1.60452,1.521,2.10563,-1.36545,-1.313,0.38199,2.13981,-0.29483,-0.40376,-1.84804,-0.09819,-0.02378,-0.04992,2.211,0.51811,-0.648,-1.51936,0.38899,0.62976,-0.00384
12.04,-0.4668,-0.42859,0.38177,0.02337,-0.79255,-0.33744,0.07924,0.11191,-0.0921,0.20878,-0.47576,-0.037,2.904,-1.71871,-1.521,2.344,1.43325,-1.313,-0.38199,2.904,1.60642,1.521,2.10315,-1.36469,-1.313,0.38199,2.14042,-0.29259,-0.39883,-1.84882,-0.09802,-0.02412,-0.05007,2.211,0.51611,-0.648,-1.52054,0.38899,0.6297,-0.0044
12.06,-0.46629,-0.42857,0.38123,0.02539,-0.79236,-0.33779,0.08044,0.11376,-0.09187,0.20678,-0.47622,-0.037,2.904,-1.7214,-1.521,2.344,1.43303,-1.313,-0.38199,2.904,1.60831,1.521,2.1011,-1.36379,-1.313,0.38199,2.14086,-0.29057,-0.39431,-1.84975,-0.09787,-0.02442,-0.05021,2.211,0.51433,-0.648,-1.52197,0.38899,0.62969,-0.00461
12.08,-0.46576,-0.42859,0.38068,0.02738,-0.79209,-0.33803,0.08169,0.11558,-0.09164,0.20447,-0.47675,-0.037,2.904,-1.72369,-1.521,2.344,1.4328,-1.313,-0.38199,2.904,1.61008,1.521,2.09894,-1.3629,-1.313,0.38199,2.14141,-0.28818,-0.38946,-1.8508,-0.0977,-0.02477,-0.05037,2.211,0.51267,-0.648,-1.52356,0.38899,0.62972,-0.00498
12.1,-0.4653,-0.4285,0.38015,0.02953,-0.79205,-0.3385,0.0828,0.11756,-0.09156,0.20272,-0.47729,-0.037,2.904,-1.72691,-1.521,2.344,1.43269,-1.313,-0.38199,2.904,1.61211,1.521,2.09682,-1.36206,-1.313,0.38199,2.1418,-0.28647,-0.38511,-1.85151,-0.09756,-0.02504,-0.05049,2.211,0.51064,-0.648,-1.52466,0.38899,0.62968,-0.00518
12.12,-0.46499,-0.42817,0.37965,0.03196,-0.79262,-0.33958,0.08357,0.1199,-0.09174,0.20259,-0.47772,-0.037,2.904,-1.7326,-1.521,2.344,1.43283,-1.313,-0.38199,2.904,1.61486,1.521,2.0949,-1.36131,-1.313,0.38199,2.14158,-0.28686,-0.38243,-1.85141,-0.09755,-0.02509,-0.0505,2.211,0.50776,-0.648,-1.52455,0.38898,0.62955,-0.00474
12.14,-0.46474,-0.42773,0.37915,0.03451,-0.79341,-0.34089,0.08419,0.12238,-0.09203,0.20302,-0.47814,-0.037,2.904,-1.73921,-1.521,2.344,1.43309,-1.313,-0.38199,2.904,1.61784,1.521,2.09308,-1.3606,-1.313,0.38198,2.14118,-0.28791,-0.38025,-1.85098,-0.09757,-0.02507,-0.05047,2.211,0.50453,-0.648,-1.52396,0.38897,0.62938,-0.00411
12.16,-0.46448,-0.42734,0.37864,0.03699,-0.79408,-0.34211,0.08486,0.1248,-0.09225,0.20317,-0.47857,-0.037,2.904,-1.74541,-1.521,2.344,1.43329,-1.313,-0.38199,2.904,1.62068,1.521,2.09132,-1.35985,-1.313,0.38198,2.14089,-0.28859,-0.37776,-1.85068,-0.09758,-0.02507,-0.05046,2.211,0.50145,-0.648,-1.5236,0.38896,0.62924,-0.00357
12.18,-0.46416,-0.42695,0.37817,0.03957,-0.79482,-0.34329,0.08562,0.12725,-0.09258,0.20343,-0.479,-0.037,2.904,-1.75159,-1.521,2.344,1.4335,-1.313,-0.38199,2.904,1.6237,1.521,2.0891,-1.35918,-1.313,0.38197,2.14051,-0.28958,-0.37561,-1.85047,-0.09759,-0.02509,-0.05045,2.211,0.49838,-0.648,-1.52319,0.38895,0.62905,-0.003
12.2,-0.46397,-0.42654,0.37761,0.04197,-0.79546,-0.34459,0.08615,0.12964,-0.0927,0.2036,-0.47941,-0.037,2.904,-1.75799,-1.521,2.344,1.43372,-1.313,-0.38199,2.904,1.62639,1.521,2.08786,-1.35836,-1.313,0.38197,2.14026,-0.29006,-0.37285,-1.84998,-0.09761,-0.02507,-0.05044,2.211,0.49523,-0.648,-1.52277,0.38895,0.62891,-0.00248
12.22,-0.46413,-0.4261,0.3768,0.04379,-0.79583,-0.3462,0.08609,0.13184,-0.09219,0.2034,-0.47968,-0.037,2.904,-1.76501,-1.521,2.344,1.43403,-1.313,-0.38199,2.904,1.62822,1.521,2.0894,-1.35705,-1.313,0.38197,2.14048,-0.28918,-0.36845,-1.84889,-0.09769,-0.02497,-0.05041,2.211,0.49192,-0.648,-1.5224,0.38896,0.6291,-0.0018
12.24,-0.46441,-0.42563,0.3759,0.04545,-0.79606,-0.34791,0.08579,0.13395,-0.09145,0.20309,-0.47991,-0.037,2.904,-1.77216,-1.521,2.344,1.43432,-1.313,-0.38199,2.904,1.6297,1.521,2.09191,-1.35559,-1.313,0.38198,2.14081,-0.28772,-0.36336,-1.84753,-0.09778,-0.02484,-0.05037,2.211,0.48855,-0.648,-1.52204,0.38896,0.6292,-0.00122
12.26,-0.46465,-0.42517,0.37504,0.04721,-0.7963,-0.34954,0.08559,0.13607,-0.09081,0.2028,-0.48019,-0.037,2.904,-1.77908,-1.521,2.344,1.43457,-1.313,-0.38199,2.904,1.63126,1.521,2.09393,-1.35422,-1.313,0.38198,2.14105,-0.28641,-0.35848,-1.84627,-0.09786,-0.02474,-0.05035,2.211,0.48523,-0.648,-1.5217,0.38897,0.62938,-0.00081
12.28,-0.46486,-0.42472,0.37418,0.04882,-0.79677,-0.35133,0.08543,0.13837,-0.09021,0.20263,-0.48039,-0.037,2.904,-1.78674,-1.521,2.344,1.43508,-1.313,-0.38199,2.904,1.63312,1.521,2.09616,-1.35278,-1.313,0.38199,2.14147,-0.28567,-0.35409,-1.84511,-0.09797,-0.02455,-0.05029,2.211,0.4818,-0.648,-1.52123,0.38898,0.62985,0.00048
12.3,-0.46514,-0.42425,0.3733,0.05074,-0.79672,-0.35279,0.08515,0.14024,-0.08944,0.2022,-0.48072,-0.037,2.904,-1.7929,-1.521,2.344,1.43499,-1.313,-0.38199,2.904,1.63431,1.521,2.09819,-1.35143,-1.313,0.38199,2.14151,-0.28353,-0.34845,-1.84366,-0.09802,-0.02454,-0.0503,2.211,0.47858,-0.648,-1.52104,0.38897,0.62911,-6e-05
12.32,-0.46561,-0.42381,0.37238,0.05324,-0.79529,-0.35341,0.08435,0.14103,-0.0884,0.20087,-0.48167,-0.037,2.904,-1.79479,-1.521,2.344,1.43374,-1.313,-0.38199,2.904,1.63342,1.521,2.09942,-1.35048,-1.313,0.38197,2.14066,-0.27824,-0.34013,-1.84167,-0.09787,-0.02498,-0.05051,2.211,0.47595,-0.648,-1.52181,0.38902,0.63023,-0.00595
12.34,-0.46613,-0.42334,0.37144,0.05613,-0.79333,-0.35365,0.08349,0.14136,-0.08714,0.19931,-0.48269,-0.037,2.904,-1.79519,-1.521,2.34399,1.43179,-1.313,-0.38199,2.904,1.63194,1.521,2.10042,-1.34959,-1.31299,0.38194,2.13937,-0.27147,-0.33045,-1.83936,-0.09765,-0.0256,-0.0508,2.21099,0.47353,-0.64799,-1.52284,0.38894,0.62931,-0.01361
12.36,-0.46661,-0.42283,0.37052,0.05904,-0.7916,-0.354,0.0828,0.14185,-0.08588,0.19798,-0.48353,-0.037,2.904,-1.79632,-1.521,2.344,1.42987,-1.313,-0.38199,2.904,1.63092,1.521,2.10155,-1.34857,-1.31299,0.38192,2.13818,-0.26497,-0.32097,-1.83709,-0.09746,-0.02617,-0.05106,2.211,0.471,-0.648,-1.52366,0.38897,0.62576,-0.02028
12.38,-0.46719,-0.42255,0.36956,0.06107,-0.7899,-0.35466,0.08148,0.14257,-0.08506,0.19611,-0.48507,-0.037,2.904,-1.7972,-1.521,2.34402,1.4292,-1.313,-0.38199,2.904,1.62903,1.521,2.10261,-1.34797,-1.31299,0.38189,2.13749,-0.26008,-0.31325,-1.8353,-0.09729,-0.0266,-0.05126,2.21102,0.46853,-0.64802,-1.52487,0.38918,0.63663,-0.02781
12.4,-0.46755,-0.42176,0.36869,0.06507,-0.78802,-0.35456,0.08148,0.14268,-0.08325,0.19532,-0.48508,-0.037,2.904,-1.7983,-1.521,2.34394,1.42573,-1.313,-0.38199,2.904,1.62887,1.521,2.10375,-1.3465,-1.31299,0.38187,2.13555,-0.25158,-0.30156,-1.83238,-0.09706,-0.02737,-0.05162,2.21095,0.46596,-0.64794,-1.52531,0.3885,0.6177,-0.03389
12.42,-0.46731,-0.41968,0.36806,0.07387,-0.78581,-0.35263,0.08489,0.14136,-0.07904,0.19745,-0.48171,-0.037,2.904,-1.80004,-1.521,2.34409,1.41506,-1.313,-0.38199,2.904,1.63304,1.521,2.10523,-1.34269,-1.31299,0.38189,2.1311,-0.23266,-0.27896,-1.82678,-0.09671,-0.02914,-0.05244,2.21107,0.46319,-0.64808,-1.52383,0.38958,0.51087,-0.03626
12.44,-0.46682,-0.41705,0.36753,0.08473,-0.78342,-0.34992,0.08966,0.1394,-0.07379,0.2007,-0.47662,-0.037,2.904,-1.80214,-1.521,2.34398,1.40156,-1.313,-0.38198,2.904,1.63908,1.521,2.10677,-1.33798,-1.31299,0.38192,2.12522,-0.21032,-0.25246,-1.81997,-0.0963,-0.03125,-0.05341,2.211,0.46026,-0.648,-1.52151,0.38908,0.37523,-0.03701
12.46,-0.4664,-0.41457,0.36695,0.09497,-0.78108,-0.34747,0.09395,0.13764,-0.06885,0.20352,-0.47177,-0.037,2.904,-1.80426,-1.521,2.34372,1.38912,-1.313,-0.38197,2.904,1.6446,1.521,2.10828,-1.33362,-1.31299,0.38194,2.11946,-0.19006,-0.22791,-1.81346,-0.09593,-0.03314,-0.05429,2.21074,0.4573,-0.64771,-1.51942,0.38642,0.25683,-0.038
12.48,-0.46615,-0.41249,0.36637,0.10383,-0.7789,-0.34539,0.09763,0.13626,-0.0646,0.20599,-0.46926,-0.037,2.904,-1.80544,-1.521,2.34485,1.37752,-1.313,-0.38197,2.904,1.64861,1.521,2.10988,-1.32951,-1.313,0.38197,2.116,-0.16747,-0.20253,-1.80802,-0.09552,-0.03528,-0.05528,2.21172,0.4548,-0.64879,-1.51803,0.39547,0.121,-0.04105
12.5,-0.46549,-0.40945,0.36581,0.11612,-0.77633,-0.34237,0.10294,0.13394,-0.05865,0.20949,-0.4614,-0.037,2.904,-1.80883,-1.521,2.34269,1.36362,-1.313,-0.38196,2.904,1.65633,1.521,2.11123,-1.32466,-1.313,0.38199,2.10733,-0.14899,-0.178,-1.80002,-0.09518,-0.037,-0.05607,2.20998,0.4513,-0.64689,-1.51489,0.38032,0.01449,-0.0395
12.52,-0.46381,-0.40405,0.3653,0.13682,-0.77274,-0.33694,0.11223,0.1292,-0.04835,0.21537,-0.43987,-0.037,2.904,-1.81709,-1.521,2.33424,1.34297,-1.31299,-0.38194,2.904,1.67303,1.521,2.11258,-1.31799,-1.313,0.38199,2.08528,-0.14237,-0.15663,-1.78575,-0.095,-0.03747,-0.05627,2.20138,0.44497,-0.63757,-1.5079,0.29397,-0.00266,-0.02476
12.54,-0.46172,-0.39767,0.36479,0.16101,-0.76878,-0.33059,0.12314,0.12353,-0.03637,0.22229,-0.4129,-0.037,2.904,-1.82778,-1.521,2.32194,1.3203,-1.31299,-0.38192,2.904,1.69355,1.521,2.11354,-1.3106,-1.313,0.38199,2.05791,-0.14007,-0.13631,-1.76886,-0.09489,-0.03751,-0.05627,2.18993,0.43764,-0.62512,-1.49902,0.18421,0.01046,-0.00559
12.56,-0.45979,-0.39164,0.36426,0.18394,-0.76497,-0.32463,0.13341,0.11825,-0.0251,0.22886,-0.38796,-0.037,2.904,-1.83809,-1.521,2.30964,1.29926,-1.31299,-0.3819,2.904,1.71286,1.521,2.11425,-1.30352,-1.313,0.38199,2.03254,-0.136,-0.11562,-1.75284,-0.09474,-0.03775,-0.05636,2.17938,0.43082,-0.61363,-1.4905,0.08833,0.00884,0.01097
12.58,-0.45798,-0.38597,0.36382,0.20552,-0.76121,-0.31875,0.1433,0.11309,-0.01401,0.23495,-0.36479,-0.037,2.904,-1.84533,-1.521,2.30481,1.27512,-1.31299,-0.38188,2.904,1.73004,1.521,2.11682,-1.29647,-1.313,0.38199,2.00887,-0.13099,-0.09432,-1.73814,-0.0946,-0.03796,-0.05644,2.17048,0.42378,-0.60409,-1.48408,-0.0212,0.01031,0.03007
12.6,-0.4558,-0.37934,0.36319,0.23077,-0.75727,-0.31251,0.15438,0.10748,-0.00216,0.24226,-0.33672,-0.037,2.904,-1.85956,-1.521,2.2834,1.25696,-1.31299,-0.38187,2.904,1.75252,1.521,2.11537,-1.28922,-1.313,0.38199,1.9804,-0.12902,-0.0746,-1.72006,-0.09448,-0.03814,-0.0565,2.15749,0.41695,-0.58974,-1.47282,-0.10795,0.01296,0.04495
12.62,-0.45277,-0.37031,0.36208,0.26478,-0.75281,-0.30549,0.16807,0.10074,0.01145,0.25281,-0.296,-0.037,2.904,-1.89233,-1.521,2.21797,1.25605,-1.31299,-0.38189,2.904,1.78886,1.521,2.10335,-1.28162,-1.313,0.38199,1.94026,-0.13409,-0.05878,-1.6935,-0.09438,-0.0384,-0.05662,2.13382,0.41115,-0.56307,-1.44878,-0.12502,0.01123,0.04694
12.64,-0.44939,-0.36036,0.36076,0.30245,-0.74821,-0.29816,0.18294,0.09361,0.02574,0.26452,-0.25064,-0.037,2.904,-1.93209,-1.521,2.1358,1.26118,-1.31299,-0.38192,2.904,1.83035,1.521,2.08722,-1.27386,-1.313,0.38199,1.89541,-0.14213,-0.04457,-1.66359,-0.09429,-0.03864,-0.05674,2.10616,0.40555,-0.53163,-1.41991,-0.11852,0.00984,0.04457
12.66,-0.44614,-0.35082,0.35949,0.33879,-0.74372,-0.29101,0.19742,0.08675,0.03966,0.27562,-0.2077,-0.037,2.904,-1.96875,-1.521,2.06078,1.26338,-1.31299,-0.38194,2.904,1.86936,1.521,2.07266,-1.26618,-1.313,0.38199,1.85252,-0.14902,-0.02975,-1.63509,-0.09421,-0.03887,-0.05684,2.08038,0.39972,-0.50226,-1.39314,-0.1235,0.00857,0.04431
12.68,-0.44297,-0.34126,0.35841,0.37386,-0.73899,-0.28364,0.21134,0.07947,0.05392,0.28713,-0.16323,-0.037,2.904,-2.00512,-1.521,1.98764,1.26632,-1.313,-0.38197,2.904,1.90914,1.521,2.0593,-1.25842,-1.313,0.38199,1.8102,-0.15524,-0.01443,-1.60699,-0.0941,-0.03917,-0.05698,2.0542,0.39445,-0.47321,-1.36667,-0.1261,0.00715,0.04366
12.7,-0.43956,-0.33154,0.35687,0.4124,-0.73475,-0.2767,0.22671,0.073,0.0676,0.298,-0.12095,-0.037,2.904,-2.04379,-1.521,1.90655,1.26917,-1.313,-0.38199,2.904,1.94842,1.521,2.04254,-1.25082,-1.313,0.38199,1.76564,-0.16347,-0.00057,-1.57729,-0.09404,-0.03932,-0.05706,2.02797,0.38809,-0.44241,-1.33849,-0.12772,0.00577,0.04274
12.72,-0.43557,-0.32147,0.35422,0.4595,-0.7318,-0.27071,0.24569,0.06878,0.07947,0.30718,-0.08562,-0.037,2.904,-2.08656,-1.521,1.80851,1.27043,-1.313,-0.38199,2.904,1.98571,1.521,2.01665,-1.24371,-1.313,0.38199,1.7163,-0.17673,0.01022,-1.54406,-0.09407,-0.03904,-0.05693,2.00237,0.37865,-0.4079,-1.30648,-0.13259,0.00404,0.04213
12.74,-0.43135,-0.3113,0.35109,0.50995,-0.72935,-0.26521,0.26612,0.06541,0.09073,0.31558,-0.05274,-0.037,2.904,-2.13147,-1.521,1.70293,1.2714,-1.313,-0.38197,2.904,2.02218,1.521,1.98763,-1.23677,-1.313,0.38199,1.66484,-0.19185,0.01947,-1.50935,-0.09414,-0.03861,-0.05675,1.97692,0.36811,-0.37184,-1.27299,-0.13714,0.00226,0.04139
12.76,-0.42723,-0.30124,0.3481,0.55891,-0.72672,-0.25966,0.28595,0.06171,0.10231,0.32409,-0.01893,-0.037,2.904,-2.17579,-1.521,1.60013,1.27245,-1.313,-0.38196,2.904,2.05861,1.521,1.96055,-1.22976,-1.313,0.38199,1.6142,-0.20598,0.02905,-1.4753,-0.0942,-0.03828,-0.0566,1.95157,0.35809,-0.33654,-1.24034,-0.14162,0.00059,0.04071
12.78,-0.42313,-0.29083,0.34544,0.6079,-0.72389,-0.25336,0.30555,0.05778,0.11375,0.33369,0.01585,-0.037,2.904,-2.21884,-1.521,1.49925,1.27391,-1.31299,-0.38195,2.904,2.09699,1.521,1.93113,-1.22271,-1.313,0.38199,1.56401,-0.22087,0.04016,-1.44119,-0.09426,-0.03783,-0.0564,1.92537,0.348,-0.30081,-1.20675,-0.14624,-0.00142,0.03989
12.8,-0.41894,-0.28117,0.34196,0.65756,-0.72161,-0.24876,0.32598,0.05454,0.12531,0.3408,0.04792,-0.037,2.904,-2.26484,-1.521,1.39306,1.27437,-1.31299,-0.38194,2.904,2.13101,1.521,1.90589,-1.2158,-1.313,0.38199,1.51244,-0.23454,0.04772,-1.40688,-0.09431,-0.03759,-0.05629,1.90105,0.33777,-0.26571,-1.17492,-0.15076,-0.00273,0.03939
12.82,-0.4145,-0.27348,0.33647,0.70817,-0.72069,-0.24883,0.34827,0.05302,0.13757,0.34151,0.07355,-0.037,2.904,-2.31918,-1.521,1.2721,1.27223,-1.31299,-0.38194,2.904,2.15356,1.521,1.89302,-1.20909,-1.313,0.38199,1.4577,-0.24457,0.04592,-1.37243,-0.09429,-0.03796,-0.05645,1.88165,0.32771,-0.23224,-1.14748,-0.1554,-0.00217,0.03986
12.84,-0.40999,-0.26658,0.33013,0.75934,-0.72033,-0.25059,0.37135,0.05217,0.14992,0.33969,0.09641,-0.037,2.904,-2.37618,-1.521,1.14662,1.26907,-1.31299,-0.38194,2.904,2.17165,1.521,1.88447,-1.20254,-1.313,0.38199,1.40164,-0.25325,0.04059,-1.33783,-0.09425,-0.03852,-0.05669,1.86422,0.3175,-0.19955,-1.12203,-0.16,-0.00089,0.04068
12.86,-0.40554,-0.25942,0.32408,0.81028,-0.71976,-0.25153,0.39412,0.05101,0.1621,0.33888,0.12024,-0.037,2.904,-2.43157,-1.521,1.02438,1.2663,-1.31299,-0.38194,2.904,2.19157,1.521,1.8739,-1.19602,-1.313,0.38199,1.34612,-0.26243,0.03681,-1.30331,-0.09422,-0.03897,-0.05688,1.84605,0.30716,-0.16684,-1.09621,-0.16452,9e-05,0.04135
12.88,-0.40097,-0.25186,0.31842,0.86124,-0.71901,-0.25271,0.41675,0.04991,0.17484,0.33867,0.14525,-0.037,2.904,-2.48902,-1.521,0.89634,1.26383,-1.31299,-0.38194,2.904,2.21238,1.521,1.86343,-1.18908,-1.313,0.38199,1.29078,-0.27218,0.03317,-1.26872,-0.09419,-0.03953,-0.05712,1.8272,0.29757,-0.13271,-1.06805,-0.16943,0.00095,0.04198
12.9,-0.39664,-0.24532,0.31175,0.91224,-0.71876,-0.25379,0.43984,0.04884,0.1864,0.33655,0.16713,-0.037,2.904,-2.54244,-1.521,0.78007,1.26048,-1.31299,-0.38195,2.904,2.23017,1.521,1.85386,-1.18306,-1.313,0.38199,1.23477,-0.28035,0.02845,-1.23424,-0.09416,-0.0399,-0.05728,1.81026,0.28645,-0.10169,-1.04531,-0.17351,0.00224,0.04278
12.92,-0.39287,-0.24132,0.30257,0.96333,-0.71966,-0.2542,0.46391,0.04767,0.19508,0.33041,0.18138,-0.037,2.904,-2.58683,-1.521,0.69173,1.25503,-1.31299,-0.38195,2.904,2.2416,1.521,1.8455,-1.17938,-1.313,0.38199,1.17725,-0.2849,0.0214,-1.20033,-0.09407,-0.03974,-0.05722,1.79794,0.27075,-0.07961,-1.03646,-0.17548,0.00458,0.04401
12.94,-0.38936,-0.23834,0.29239,1.01441,-0.72104,-0.25447,0.48844,0.04651,0.2025,0.32232,0.19252,-0.037,2.904,-2.6265,-1.521,0.61655,1.24873,-1.31299,-0.38195,2.904,2.24995,1.521,1.83798,-1.17665,-1.313,0.38199,1.11911,-0.28782,0.01341,-1.1665,-0.09398,-0.03938,-0.05706,1.7875,0.25361,-0.06056,-1.0331,-0.1766,0.00734,0.04539
12.96,-0.38581,-0.23496,0.28259,1.06544,-0.72223,-0.2548,0.51285,0.04537,0.21025,0.31471,0.20491,-0.037,2.904,-2.66655,-1.521,0.53903,1.24274,-1.31299,-0.38195,2.904,2.25919,1.521,1.83021,-1.17357,-1.313,0.38199,1.06121,-0.29121,0.00599,-1.1325,-0.0939,-0.0391,-0.05694,1.7763,0.23739,-0.03976,-1.02759,-0.17802,0.00987,0.04669
12.98,-0.38196,-0.23131,0.27305,1.11676,-0.72334,-0.25517,0.53694,0.04418,0.21905,0.30873,0.21794,-0.037,2.904,-2.71429,-1.521,0.44574,1.23696,-1.31299,-0.38195,2.904,2.27055,1.521,1.82192,-1.17013,-1.313,0.38199,1.00339,-0.2957,-0.00212,-1.09906,-0.09378,-0.0389,-0.05685,1.76475,0.22003,-0.02047,-1.02067,-0.1798,0.01256,0.04807
13,-0.37879,-0.22846,0.26276,1.1674,-0.72473,-0.25541,0.56176,0.04306,0.22534,0.29893,0.2289,-0.037,2.904,-2.74467,-1.521,0.38879,1.23065,-1.31299,-0.38195,2.904,2.27665,1.521,1.81499,-1.16771,-1.313,0.38199,0.94534,-0.29752,-0.00898,-1.0645,-0.09375,-0.03846,-0.05666,1.75437,0.20471,0.00116,-1.01799,-0.18062,0.01502,0.0493
13.02,-0.37735,-0.22746,0.25064,1.21668,-0.72676,-0.25533,0.5886,0.04225,0.22514,0.27914,0.23512,-0.037,2.904,-2.72992,-1.521,0.42634,1.22233,-1.313,-0.38195,2.904,2.27049,1.521,1.81056,-1.16762,-1.313,0.382,0.88623,-0.29245,-0.01218,-1.02667,-0.09394,-0.03745,-0.05619,1.74664,0.19545,0.0308,-1.02543,-0.17903,0.01674,0.05007
13.04,-0.37661,-0.22723,0.23782,1.26517,-0.72908,-0.25513,0.61614,0.04149,0.22243,0.25559,0.23934,-0.037,2.904,-2.69753,-1.521,0.50048,1.21368,-1.31299,-0.38195,2.904,2.25885,1.521,1.80767,-1.1686,-1.313,0.38199,0.82706,-0.28473,-0.01408,-0.98776,-0.09423,-0.0362,-0.0556,1.74005,0.18827,0.06275,-1.03698,-0.17649,0.01821,0.05069
13.06,-0.3756,-0.2267,0.22533,1.31372,-0.7313,-0.25498,0.64329,0.04064,0.22076,0.23374,0.24434,-0.037,2.904,-2.67215,-1.521,0.55967,1.2056,-1.313,-0.38195,2.904,2.24876,1.521,1.80474,-1.16926,-1.313,0.382,0.76826,-0.27817,-0.01657,-0.94942,-0.09449,-0.03503,-0.05506,1.73301,0.18009,0.09312,-1.04682,-0.17433,0.01981,0.05139
13.08,-0.37436,-0.226,0.21273,1.36362,-0.73338,-0.25484,0.67075,0.04007,0.21944,0.21185,0.24979,-0.037,2.904,-2.65094,-1.521,0.6124,1.19553,-1.313,-0.38195,2.904,2.24261,1.521,1.79897,-1.1692,-1.313,0.382,0.70785,-0.27173,-0.01909,-0.91069,-0.09466,-0.03397,-0.05456,1.72571,0.17209,0.12564,-1.05622,-0.17232,0.02138,0.05207
13.1,-0.37379,-0.22582,0.20022,1.41042,-0.73584,-0.25465,0.69771,0.03893,0.21686,0.1892,0.25385,-0.037,2.904,-2.6168,-1.521,0.68689,1.18979,-1.31299,-0.38195,2.904,2.22691,1.521,1.79955,-1.17096,-1.313,0.38199,0.65095,-0.26445,-0.02122,-0.8726,-0.09506,-0.03264,-0.05395,1.71926,0.16423,0.15423,-1.06742,-0.16981,0.02293,0.05273
13.12,-0.37484,-0.22686,0.18798,1.44976,-0.73898,-0.25441,0.72315,0.03617,0.21092,0.16512,0.25462,-0.037,2.904,-2.55234,-1.521,0.81444,1.194,-1.31301,-0.38197,2.904,2.18685,1.521,1.81667,-1.17697,-1.313,0.38201,0.60243,-0.25519,-0.02257,-0.8358,-0.09608,-0.03061,-0.05304,1.71445,0.15622,0.17183,-1.08269,-0.16612,0.02457,0.05339
13.14,-0.37655,-0.2284,0.17588,1.48582,-0.74253,-0.25412,0.74804,0.03284,0.2039,0.14046,0.25406,-0.037,2.904,-2.47539,-1.521,0.96218,1.20299,-1.31298,-0.38194,2.904,2.1373,1.521,1.84022,-1.18497,-1.313,0.38198,0.55769,-0.24525,-0.02355,-0.79982,-0.09734,-0.02832,-0.05202,1.71053,0.1483,0.18533,-1.0996,-0.16197,0.02617,0.05401
13.16,-0.378,-0.22971,0.16382,1.52281,-0.74607,-0.25384,0.77316,0.02978,0.19771,0.11625,0.25406,-0.037,2.904,-2.40338,-1.521,1.09937,1.2111,-1.31299,-0.38195,2.904,2.09156,1.521,1.86126,-1.19229,-1.313,0.38199,0.51208,-0.23583,-0.02467,-0.76395,-0.09849,-0.02617,-0.05107,1.70647,0.14036,0.20048,-1.11568,-0.15805,0.02772,0.05462
13.18,-0.37931,-0.23104,0.1513,1.56221,-0.7489,-0.25361,0.79842,0.02665,0.19,0.09113,0.25414,-0.037,2.904,-2.33354,-1.521,1.24377,1.21362,-1.31308,-0.38207,2.904,2.04752,1.521,1.88068,-1.19832,-1.31301,0.38207,0.46288,-0.2254,-0.02584,-0.726,-0.09963,-0.02395,-0.05008,1.70134,0.13236,0.21664,-1.13225,-0.15399,0.02954,0.05535
13.2,-0.38106,-0.23245,0.13979,1.59575,-0.75328,-0.25327,0.82322,0.02355,0.18523,0.06783,0.25378,-0.037,2.904,-2.25685,-1.521,1.37733,1.2291,-1.3128,-0.38171,2.904,1.99804,1.521,1.90486,-1.20796,-1.31298,0.38181,0.42204,-0.21697,-0.02688,-0.69259,-0.10085,-0.02181,-0.04913,1.69863,0.1245,0.22967,-1.14814,-0.15014,0.03081,0.05582
13.22,-0.38388,-0.23394,0.13099,1.61428,-0.76209,-0.2526,0.84713,0.0205,0.18889,0.04964,0.25252,-0.037,2.904,-2.16088,-1.521,1.47711,1.27757,-1.31324,-0.38229,2.904,1.93371,1.521,1.94179,-1.22276,-1.31303,0.38222,0.40348,-0.2142,-0.02738,-0.67161,-0.10229,-0.01992,-0.04831,1.70243,0.11696,0.2354,-1.16165,-0.14698,0.03052,0.05554
13.24,-0.38711,-0.2355,0.12323,1.62694,-0.7724,-0.25183,0.87053,0.01753,0.19555,0.03333,0.25088,-0.037,2.904,-2.05924,-1.521,1.56488,1.3391,-1.31306,-0.38204,2.904,1.86474,1.521,1.98304,-1.24172,-1.31301,0.38206,0.39318,-0.21348,-0.02781,-0.65518,-0.1038,-0.01814,-0.04753,1.70862,0.10956,0.23808,-1.1744,-0.14405,0.02971,0.055
13.26,-0.39015,-0.23705,0.11505,1.64204,-0.78184,-0.25112,0.89399,0.01461,0.20082,0.0162,0.24944,-0.037,2.904,-1.96247,-1.521,1.65732,1.3959,-1.31192,-0.38063,2.904,1.79926,1.521,2.02153,-1.26181,-1.31287,0.381,0.37901,-0.21187,-0.02847,-0.63661,-0.10525,-0.01633,-0.04675,1.71368,0.1021,0.24194,-1.18753,-0.14104,0.02918,0.05461
13.28,-0.39323,-0.23852,0.10664,1.658,-0.79209,-0.25031,0.91821,0.01129,0.20619,-0.0011,0.24784,-0.037,2.904,-1.85534,-1.521,1.75399,1.4483,-1.31571,-0.38546,2.904,1.72732,1.521,2.06364,-1.26996,-1.31332,0.38451,0.36546,-0.21009,-0.02834,-0.61834,-0.10681,-0.01441,-0.04591,1.71897,0.09458,0.2465,-1.20056,-0.13794,0.02846,0.05411
13.3,-0.3963,-0.24018,0.09896,1.6708,-0.80101,-0.24971,0.94069,0.00884,0.21205,-0.01757,0.24649,-0.037,2.90399,-1.76889,-1.52099,1.8385,1.51224,-1.30949,-0.37742,2.904,1.66823,1.521,2.09911,-1.30302,-1.31259,0.37877,0.35254,-0.20915,-0.02977,-0.60056,-0.10816,-0.01276,-0.0452,1.72434,0.08726,0.24895,-1.21361,-0.13507,0.02802,0.05375
13.32,-0.39927,-0.24229,0.09292,1.67651,-0.80604,-0.24963,0.95885,0.00877,0.21864,-0.03238,0.246,-0.037,2.90401,-1.73852,-1.52101,1.89419,1.61048,-1.27228,-0.33136,2.904,1.64244,1.521,2.11558,-1.41186,-1.3082,0.34401,0.33917,-0.21022,-0.0361,-0.58273,-0.10905,-0.01178,-0.04476,1.72923,0.08015,0.24616,-1.22677,-0.13276,0.02848,0.05385
13.34,-0.40219,-0.24459,0.0876,1.67922,-0.80966,-0.24977,0.97523,0.00959,0.2256,-0.04637,0.24577,-0.037,2.904,-1.72963,-1.521,1.93759,1.71877,-1.22562,-0.27292,2.904,1.63032,1.521,2.12513,-1.54419,-1.30272,0.30057,0.32617,-0.21205,-0.04389,-0.5653,-0.10973,-0.01109,-0.04445,1.73412,0.07328,0.24139,-1.23998,-0.13069,0.02922,0.0541
13.36,-0.40509,-0.24685,0.08202,1.68319,-0.81384,-0.24985,0.99222,0.01003,0.23234,-0.06061,0.24542,-0.037,2.90394,-1.71259,-1.52096,1.98538,1.81875,-1.18561,-0.22189,2.904,1.61422,1.521,2.13759,-1.66043,-1.29805,0.26354,0.31311,-0.2134,-0.05061,-0.54788,-0.11045,-0.01032,-0.04411,1.73906,0.06652,0.23766,-1.25322,-0.12853,0.02982,0.05427
13.38,-0.40819,-0.24894,0.07615,1.68741,-0.81841,-0.24978,1.01005,0.01036,0.23942,-0.07529,0.2451,-0.037,2.90416,-1.68871,-1.52109,2.03793,1.9351,-1.13579,-0.16316,2.904,1.5888,1.521,2.1512,-1.79943,-1.29209,0.21631,0.29987,-0.21536,-0.05905,-0.52977,-0.1114,-0.00935,-0.04367,1.74385,0.05887,0.23328,-1.26621,-0.12629,0.03048,0.05447
13.4,-0.41084,-0.25141,0.07106,1.69047,-0.82183,-0.25008,1.02569,0.01112,0.24579,-0.08888,0.24476,-0.037,2.90379,-1.68407,-1.52088,2.07763,2.01945,-1.10399,-0.1177,2.904,1.58575,1.521,2.16067,-1.89686,-1.28851,0.18799,0.287,-0.21622,-0.06428,-0.51317,-0.11181,-0.00887,-0.04345,1.74894,0.05309,0.22979,-1.27975,-0.12428,0.03108,0.05465
13.42,-0.41228,-0.25486,0.06785,1.69094,-0.82231,-0.25135,1.03585,0.01294,0.25045,-0.09975,0.24436,-0.037,2.90157,-1.72873,-1.51959,2.08625,2.01406,-1.12588,-0.1103,2.904,1.64424,1.521,2.16082,-1.8712,-1.29209,0.21631,0.2748,-0.21389,-0.05999,-0.50039,-0.11079,-0.00971,-0.04384,1.75468,0.05278,0.22963,-1.29491,-0.12282,0.03143,0.05474
13.44,-0.41326,-0.25869,0.0654,1.69037,-0.82167,-0.25298,1.04384,0.01513,0.25428,-0.10954,0.24391,-0.037,2.89879,-1.79177,-1.51798,2.08216,1.97593,-1.16595,-0.11691,2.904,1.72422,1.521,2.15695,-1.80339,-1.29805,0.26354,0.26295,-0.21044,-0.05248,-0.48914,-0.10923,-0.01104,-0.04444,1.76073,0.0543,0.23039,-1.3106,-0.12158,0.03171,0.05482
13.46,-0.41442,-0.26235,0.06265,1.69037,-0.8216,-0.25444,1.05274,0.01709,0.25824,-0.11977,0.24344,-0.037,2.89641,-1.84552,-1.51661,2.08296,1.95195,-1.19664,-0.11821,2.904,1.79232,1.521,2.15463,-1.75651,-1.30272,0.30057,0.25105,-0.20749,-0.04664,-0.47732,-0.10793,-0.01215,-0.04494,1.76676,0.05473,0.23049,-1.32601,-0.12025,0.03205,0.05491
13.48,-0.41569,-0.26599,0.05973,1.6899,-0.82128,-0.25593,1.06191,0.01936,0.26327,-0.13021,0.24317,-0.037,2.89339,-1.90405,-1.51486,2.08694,1.93112,-1.23171,-0.1148,2.904,1.86976,1.521,2.15322,-1.70286,-1.3082,0.344,0.23872,-0.20457,-0.03997,-0.46496,-0.10657,-0.01329,-0.04546,1.77233,0.05621,0.23151,-1.34166,-0.11888,0.03231,0.05497
13.5,-0.41661,-0.26976,0.05735,1.69016,-0.82119,-0.25744,1.06998,0.02105,0.26586,-0.13994,0.24248,-0.037,2.89158,-1.95662,-1.51381,2.08163,1.8962,-1.26209,-0.12444,2.904,1.93275,1.521,2.14906,-1.6531,-1.31259,0.37876,0.22737,-0.20134,-0.03425,-0.45412,-0.10522,-0.01446,-0.04598,1.77887,0.056,0.23091,-1.35687,-0.11765,0.03269,0.05509
13.52,-0.41667,-0.27397,0.05624,1.69308,-0.82224,-0.25889,1.07591,0.02096,0.26179,-0.14824,0.24041,-0.037,2.89339,-1.98889,-1.51486,2.05222,1.82707,-1.27518,-0.16909,2.904,1.94996,1.521,2.13828,-1.62337,-1.31332,0.3845,0.21843,-0.19729,-0.03192,-0.44669,-0.10396,-0.01566,-0.04648,1.78849,0.05003,0.22512,-1.37106,-0.11677,0.03348,0.05541
13.54,-0.41638,-0.27829,0.05566,1.69672,-0.82351,-0.26034,1.08074,0.02028,0.25529,-0.15582,0.23795,-0.037,2.89641,-2.0143,-1.51661,2.01424,1.74545,-1.28296,-0.22601,2.904,1.95195,1.521,2.12492,-1.59906,-1.31287,0.38098,0.21052,-0.193,-0.03064,-0.44079,-0.10274,-0.01688,-0.04698,1.79898,0.04241,0.21776,-1.3847,-0.11603,0.03439,0.05578
13.56,-0.41626,-0.28248,0.05487,1.6998,-0.8245,-0.2618,1.08584,0.01991,0.24996,-0.16356,0.2358,-0.037,2.89879,-2.0423,-1.51798,1.98126,1.67167,-1.29315,-0.27577,2.904,1.96128,1.521,2.11278,-1.5728,-1.31301,0.38204,0.20227,-0.18897,-0.02893,-0.43443,-0.10153,-0.01805,-0.04747,1.80874,0.03597,0.21145,-1.39838,-0.11525,0.03522,0.05611
13.58,-0.41608,-0.28702,0.05397,1.70384,-0.82619,-0.26323,1.09185,0.01939,0.24432,-0.17197,0.23308,-0.037,2.90157,-2.07317,-1.51959,1.9432,1.58767,-1.30395,-0.33266,2.904,1.96962,1.521,2.10027,-1.54292,-1.31303,0.3822,0.19344,-0.18425,-0.027,-0.42715,-0.10018,-0.01937,-0.04802,1.81992,0.02782,0.2038,-1.41302,-0.1144,0.03617,0.0565
13.6,-0.41596,-0.29083,0.05342,1.70606,-0.82652,-0.26472,1.09573,0.01904,0.23875,-0.17881,0.23145,-0.037,2.90379,-2.0962,-1.52088,1.9138,1.52235,-1.31201,-0.37748,2.904,1.97609,1.521,2.088,-1.52241,-1.31297,0.38178,0.1861,-0.18092,-0.02571,-0.42212,-0.09913,-0.02039,-0.04843,1.82835,0.0228,0.19851,-1.42547,-0.11371,0.03688,0.05678
13.62,-0.41611,-0.29268,0.05367,1.70318,-0.82284,-0.26638,1.09384,0.01936,0.23403,-0.18165,0.23305,-0.037,2.90416,-2.09892,-1.52109,1.91106,1.51248,-1.31369,-0.38532,2.904,1.98119,1.521,2.07685,-1.52673,-1.31301,0.38205,0.1824,-0.18173,-0.0268,-0.42314,-0.0989,-0.02047,-0.04844,1.82899,0.027,0.20029,-1.43242,-0.11342,0.03684,0.05676
13.64,-0.41635,-0.29376,0.05425,1.69843,-0.81783,-0.26812,1.08986,0.01987,0.22943,-0.18293,0.23575,-0.037,2.90393,-2.09394,-1.52096,1.9173,1.52188,-1.31274,-0.38062,2.904,1.9848,1.521,2.06609,-1.54048,-1.313,0.38197,0.1802,-0.18392,-0.02837,-0.42634,-0.09895,-0.02026,-0.04832,1.82682,0.03438,0.20445,-1.4371,-0.11329,0.03654,0.05663
13.66,-0.41656,-0.29512,0.05468,1.6945,-0.81357,-0.26983,1.08694,0.02025,0.22473,-0.18484,0.23788,-0.037,2.904,-2.09261,-1.521,1.91906,1.52213,-1.31299,-0.382,2.904,1.98895,1.521,2.05528,-1.54993,-1.313,0.38197,0.17746,-0.18533,-0.02911,-0.42841,-0.09886,-0.02023,-0.04829,1.82593,0.0402,0.20743,-1.44252,-0.11308,0.03637,0.05655
13.68,-0.41672,-0.29677,0.05514,1.69075,-0.80872,-0.27148,1.08355,0.02079,0.22018,-0.18705,0.24028,-0.037,2.90401,-2.09043,-1.52101,1.92214,1.52357,-1.31306,-0.38224,2.904,1.99321,1.521,2.04382,-1.55955,-1.313,0.382,0.17418,-0.18737,-0.03231,-0.43114,-0.09884,-0.01999,-0.04815,1.82508,0.04648,0.2108,-1.44915,-0.11288,0.03617,0.05646
13.7,-0.41701,-0.29763,0.05561,1.68615,-0.80476,-0.27329,1.08063,0.02105,0.21534,-0.18828,0.24239,-0.037,2.90399,-2.08825,-1.52099,1.92476,1.52727,-1.31294,-0.38168,2.904,1.99704,1.521,2.03384,-1.57104,-1.313,0.38199,0.17237,-0.18846,-0.03067,-0.433,-0.09873,-0.02011,-0.0482,1.82345,0.05255,0.2139,-1.45273,-0.11271,0.03598,0.05637
13.72,-0.41766,-0.29655,0.05606,1.67989,-0.80371,-0.27536,1.07971,0.02051,0.20984,-0.18715,0.24337,-0.037,2.904,-2.08818,-1.521,1.92372,1.53251,-1.31301,-0.38203,2.904,2.0003,1.521,2.02795,-1.585,-1.313,0.382,0.17422,-0.18628,-0.01402,-0.43189,-0.09821,-0.0215,-0.04884,1.82028,0.05748,0.21627,-1.4484,-0.11256,0.03583,0.05631
13.74,-0.41844,-0.2947,0.05651,1.6728,-0.8036,-0.27763,1.07929,0.01969,0.20399,-0.18509,0.24405,-0.037,2.904,-2.08837,-1.521,1.92198,1.5394,-1.31299,-0.38192,2.904,2.00321,1.521,2.02353,-1.60058,-1.313,0.382,0.17749,-0.18313,0.00727,-0.42984,-0.0976,-0.02324,-0.04966,1.81641,0.06205,0.21821,-1.44108,-0.11245,0.03572,0.05626
13.76,-0.41915,-0.29319,0.05697,1.66598,-0.803,-0.27992,1.07853,0.01899,0.19819,-0.18348,0.2449,-0.037,2.904,-2.08831,-1.521,1.92071,1.54556,-1.31299,-0.38191,2.904,2.00618,1.521,2.01836,-1.61565,-1.313,0.382,0.18013,-0.18063,0.02541,-0.42824,-0.09709,-0.02472,-0.05035,1.81289,0.06664,0.21999,-1.43517,-0.11233,0.03562,0.05622
13.78,-0.41988,-0.29167,0.05741,1.65957,-0.80261,-0.28174,1.07822,0.01828,0.1929,-0.18174,0.24562,-0.037,2.904,-2.08852,-1.521,1.91909,1.55231,-1.313,-0.38195,2.904,2.00947,1.521,2.01354,-1.63007,-1.313,0.382,0.18278,-0.17735,0.04784,-0.42659,-0.09637,-0.02663,-0.05124,1.80916,0.07195,0.22335,-1.429,-0.11219,0.03539,0.05611
13.8,-0.4206,-0.29001,0.05787,1.65211,-0.80201,-0.2846,1.07708,0.01754,0.18642,-0.18005,0.24654,-0.037,2.904,-2.08833,-1.521,1.91793,1.55799,-1.31299,-0.38193,2.904,2.01207,1.521,2.00833,-1.64614,-1.313,0.38199,0.18571,-0.17541,0.06255,-0.42481,-0.09604,-0.02774,-0.05175,1.80572,0.07565,0.2233,-1.42268,-0.11209,0.03544,0.05614
13.82,-0.42123,-0.28818,0.05836,1.64208,-0.80056,-0.2902,1.0737,0.01671,0.17707,-0.17888,0.24813,-0.037,2.904,-2.08706,-1.521,1.91813,1.56016,-1.31299,-0.38194,2.904,2.01263,1.521,2.00168,-1.66593,-1.313,0.38201,0.18899,-0.1776,0.05397,-0.42284,-0.09678,-0.02652,-0.05115,1.80333,0.07472,0.21381,-1.41665,-0.11212,0.03634,0.05658
13.84,-0.42184,-0.28624,0.05886,1.63099,-0.79886,-0.29687,1.06944,0.01585,0.16648,-0.17778,0.24994,-0.037,2.904,-2.08541,-1.521,1.91881,1.56113,-1.31299,-0.38194,2.904,2.01256,1.521,1.99459,-1.68738,-1.31299,0.38198,0.1925,-0.18113,0.0376,-0.42075,-0.09791,-0.0245,-0.05016,1.80125,0.07221,0.20093,-1.41057,-0.11219,0.03752,0.05715
13.86,-0.42246,-0.28434,0.05933,1.62032,-0.79729,-0.30315,1.06547,0.01503,0.15625,-0.17655,0.25164,-0.037,2.904,-2.08394,-1.521,1.9193,1.56267,-1.31299,-0.38194,2.904,2.01292,1.521,1.98769,-1.70824,-1.313,0.38199,0.19593,-0.18388,0.02537,-0.41872,-0.09887,-0.02287,-0.04936,1.79901,0.07059,0.18968,-1.40455,-0.11224,0.03855,0.05765
13.88,-0.42305,-0.28243,0.05989,1.60992,-0.79572,-0.30906,1.06199,0.01409,0.14683,-0.17567,0.25336,-0.037,2.904,-2.08242,-1.521,1.91964,1.56419,-1.31299,-0.38194,2.904,2.01265,1.521,1.98084,-1.72832,-1.31302,0.38208,0.19929,-0.1873,0.01083,-0.41665,-0.0998,-0.02115,-0.0485,1.79684,0.06825,0.17801,-1.3983,-0.1123,0.0397,0.0582
13.9,-0.42372,-0.28053,0.06027,1.59868,-0.79404,-0.31595,1.05726,0.01341,0.13545,-0.17412,0.25509,-0.037,2.904,-2.08094,-1.521,1.9204,1.56542,-1.31299,-0.38194,2.90399,2.01356,1.52099,1.9738,-1.75057,-1.31294,0.38178,0.20284,-0.18971,-0.00087,-0.41464,-0.1009,-0.0194,-0.04767,1.79457,0.06704,0.16645,-1.3925,-0.11235,0.04066,0.05867
13.92,-0.42451,-0.27883,0.0602,1.58577,-0.79227,-0.32543,1.04936,0.01343,0.11891,-0.17068,0.25697,-0.037,2.904,-2.07966,-1.521,1.92225,1.56618,-1.31299,-0.38194,2.90401,2.01789,1.52101,1.96624,-1.777,-1.31307,0.38226,0.20662,-0.18848,-0.00223,-0.41283,-0.1022,-0.01785,-0.04707,1.7925,0.06939,0.15584,-1.38847,-0.11233,0.04092,0.05883
13.94,-0.4254,-0.27713,0.05993,1.57198,-0.79038,-0.33581,1.04023,0.01371,0.10045,-0.1666,0.25882,-0.037,2.904,-2.07844,-1.521,1.92449,1.56666,-1.31299,-0.38194,2.904,2.02343,1.521,1.95854,-1.80577,-1.31301,0.38204,0.21061,-0.18629,-0.00057,-0.4111,-0.1037,-0.01629,-0.04652,1.79023,0.07295,0.14551,-1.38478,-0.11231,0.041,0.05891
13.96,-0.42631,-0.27534,0.05969,1.55834,-0.78846,-0.34565,1.03162,0.01388,0.08289,-0.16286,0.26059,-0.037,2.904,-2.07722,-1.521,1.9265,1.56723,-1.31299,-0.38194,2.90394,2.02843,1.52097,1.95098,-1.83448,-1.31269,0.38088,0.21463,-0.1849,-0.00072,-0.40934,-0.10521,-0.01467,-0.04592,1.78774,0.07594,0.13514,-1.38063,-0.11231,0.04124,0.05905
13.98,-0.42691,-0.27393,0.05969,1.54575,-0.78686,-0.35609,1.02314,0.01401,0.06515,-0.15892,0.26279,-0.037,2.904,-2.0759,-1.521,1.92874,1.5679,-1.31299,-0.38194,2.90416,2.0334,1.52109,1.94305,-1.85927,-1.31379,0.38484,0.21809,-0.18206,0.0006,-0.40753,-0.10627,-0.01326,-0.04542,1.78662,0.07894,0.12422,-1.37785,-0.11223,0.04119,0.05907
14,-0.42819,-0.27172,0.05915,1.53076,-0.78456,-0.36545,1.01412,0.01429,0.04737,-0.15524,0.26405,-0.037,2.904,-2.07479,-1.521,1.9306,1.5683,-1.31299,-0.38194,2.90378,2.03868,1.52088,1.9359,-1.89243,-1.31195,0.37822,0.2228,-0.18197,-0.0002,-0.40586,-0.10835,-0.01146,-0.04474,1.78251,0.08225,0.11466,-1.37218,-0.11231,0.04167,0.05933
14.02,-0.4312,-0.26751,0.05731,1.50965,-0.78032,-0.37195,1.00371,0.01499,0.02964,-0.15231,0.26294,-0.037,2.904,-2.07432,-1.521,1.93112,1.56804,-1.31299,-0.38195,2.90172,2.04479,1.51972,1.93065,-1.95097,-1.30147,0.34046,0.2306,-0.18991,-0.00843,-0.40452,-0.11305,-0.0084,-0.04349,1.77096,0.08582,0.10784,-1.3594,-0.11278,0.0437,0.0603
14.04,-0.43491,-0.26247,0.05494,1.48613,-0.77536,-0.37726,0.99284,0.01582,0.01199,-0.14969,0.26084,-0.037,2.904,-2.07404,-1.521,1.93129,1.56751,-1.31299,-0.38195,2.89907,2.05112,1.51825,1.92623,-2.01733,-1.28812,0.29246,0.23973,-0.20062,-0.01872,-0.40336,-0.11879,-0.005,-0.04208,1.75628,0.0897,0.10257,-1.34351,-0.11341,0.04625,0.0615
14.06,-0.43837,-0.25766,0.05274,1.46355,-0.77075,-0.3829,0.98235,0.01654,-0.00551,-0.14701,0.25906,-0.037,2.904,-2.07359,-1.521,1.93176,1.56705,-1.31299,-0.38195,2.89672,2.05716,1.51695,1.92161,-2.07823,-1.27643,0.25053,0.24845,-0.20994,-0.02742,-0.40207,-0.12419,-0.00188,-0.04081,1.74255,0.09364,0.09728,-1.3284,-0.11398,0.0485,0.06257
14.08,-0.44155,-0.25346,0.05079,1.44162,-0.76606,-0.38949,0.97112,0.01748,-0.0239,-0.14396,0.25785,-0.037,2.904,-2.07347,-1.521,1.93164,1.56671,-1.31299,-0.38195,2.89423,2.06401,1.5155,1.91624,-2.14723,-1.26324,0.20261,0.25628,-0.21977,-0.03863,-0.40083,-0.12911,0.00177,-0.03927,1.7308,0.09686,0.08919,-1.316,-0.1145,0.05097,0.06374
14.1,-0.44548,-0.2478,0.04821,1.41774,-0.76133,-0.39376,0.9613,0.01799,-0.04036,-0.14175,0.2552,-0.037,2.904,-2.07273,-1.521,1.93264,1.56615,-1.31299,-0.38195,2.89189,2.06923,1.51429,1.91262,-2.20122,-1.25249,0.16471,0.26639,-0.22921,-0.04533,-0.39973,-0.1352,0.00439,-0.03826,1.71417,0.10154,0.08718,-1.29716,-0.11518,0.05314,0.06477
14.12,-0.45133,-0.23828,0.04389,1.38923,-0.75692,-0.39219,0.95572,0.01726,-0.05175,-0.14195,0.24904,-0.037,2.904,-2.07019,-1.521,1.93706,1.56441,-1.31299,-0.38195,2.89017,2.0698,1.51381,1.91372,-2.21158,-1.24928,0.15742,0.28152,-0.23678,-0.03736,-0.39716,-0.14474,0.0041,-0.03875,1.68511,0.11112,0.10264,-1.26171,-0.1161,0.05425,0.06533
14.14,-0.45791,-0.22732,0.03895,1.3588,-0.75245,-0.38826,0.95152,0.01609,-0.06116,-0.14295,0.24143,-0.037,2.904,-2.06703,-1.521,1.94258,1.56258,-1.31299,-0.38195,2.88863,2.06875,1.51358,1.91653,-2.2066,-1.2486,0.1605,0.2991,-0.24384,-0.02509,-0.39506,-0.15532,0.00274,-0.03977,1.65122,0.122,0.12397,-1.21982,-0.1172,0.05506,0.06576
14.16,-0.46414,-0.21704,0.03436,1.32914,-0.74782,-0.38523,0.94651,0.01512,-0.07132,-0.14345,0.23433,-0.037,2.904,-2.06417,-1.521,1.94745,1.56122,-1.31299,-0.38195,2.88698,2.06851,1.51324,1.91849,-2.20884,-1.24673,0.15856,0.31619,-0.25122,-0.01593,-0.39399,-0.16511,0.00185,-0.04055,1.61937,0.13167,0.14188,-1.18063,-0.11832,0.05608,0.06629
14.18,-0.47047,-0.20661,0.0295,1.29985,-0.74393,-0.38291,0.94225,0.01418,-0.08209,-0.14453,0.22783,-0.037,2.904,-2.06124,-1.521,1.95295,1.55806,-1.31299,-0.38195,2.8854,2.06799,1.51291,1.92079,-2.21033,-1.24496,0.15755,0.33068,-0.25846,-0.00203,-0.38777,-0.17628,0.00106,-0.04133,1.58803,0.14392,0.16297,-1.14226,-0.11902,0.05685,0.06667
14.2,-0.47676,-0.19619,0.02504,1.26937,-0.73851,-0.37854,0.9368,0.01305,-0.09114,-0.14459,0.21973,-0.037,2.904,-2.0583,-1.521,1.95737,1.55862,-1.31299,-0.38195,2.88373,2.06766,1.5126,1.92276,-2.2096,-1.24356,0.15721,0.35115,-0.26566,0.00315,-0.39223,-0.18479,-0.0002,-0.04224,1.55456,0.15113,0.17891,-1.1007,-0.12065,0.05803,0.06732
14.22,-0.4828,-0.18605,0.0219,1.23598,-0.72874,-0.3692,0.92736,0.01157,-0.0958,-0.14177,0.20773,-0.037,2.904,-2.05548,-1.521,1.95871,1.56969,-1.31299,-0.38195,2.88168,2.0681,1.51237,1.92348,-2.20694,-1.24322,0.1563,0.3875,-0.27443,-0.01784,-0.42738,-0.18594,-0.00269,-0.0435,1.51625,0.14377,0.17833,-1.05183,-0.12481,0.06051,0.06878
14.24,-0.48876,-0.17602,0.01917,1.20151,-0.71747,-0.35786,0.91674,0.0099,-0.09882,-0.13789,0.19415,-0.037,2.904,-2.05268,-1.521,1.95887,1.58448,-1.31299,-0.38195,2.87955,2.0688,1.51215,1.9238,-2.20247,-1.24309,0.15576,0.42977,-0.28289,-0.04757,-0.47299,-0.18434,-0.0056,-0.04488,1.47603,0.13134,0.17253,-1.00002,-0.12991,0.06339,0.0705
14.26,-0.4947,-0.16602,0.01623,1.16762,-0.70698,-0.34737,0.90689,0.00827,-0.10269,-0.13443,0.1812,-0.037,2.904,-2.0499,-1.521,1.95943,1.59744,-1.31299,-0.38194,2.87751,2.06947,1.51186,1.92426,-2.19851,-1.24238,0.15502,0.46938,-0.29048,-0.07261,-0.51301,-0.18385,-0.0082,-0.04614,1.43678,0.12144,0.16967,-0.94958,-0.13457,0.06603,0.07208
14.28,-0.50091,-0.15559,0.01337,1.13327,-0.69603,-0.33706,0.8961,0.00682,-0.1061,-0.13124,0.16854,-0.037,2.904,-2.04698,-1.521,1.96059,1.61101,-1.31299,-0.38194,2.87523,2.06974,1.51184,1.92497,-2.1953,-1.24365,0.15471,0.50904,-0.3023,-0.10049,-0.55671,-0.18396,-0.01128,-0.04766,1.39687,0.11063,0.16458,-0.89866,-0.13928,0.0689,0.07378
14.3,-0.50651,-0.14613,0.01046,1.09964,-0.68571,-0.3259,0.887,0.00496,-0.11004,-0.12725,0.15495,-0.037,2.904,-2.04437,-1.521,1.96023,1.62418,-1.31299,-0.38194,2.87345,2.0709,1.51127,1.92504,-2.19034,-1.24102,0.15352,0.54985,-0.30527,-0.12464,-0.59505,-0.18217,-0.01351,-0.04869,1.35802,0.10049,0.16287,-0.84823,-0.14411,0.07139,0.07529
14.32,-0.51048,-0.13911,0.0073,1.06829,-0.6774,-0.31313,0.88263,0.00199,-0.11652,-0.12115,0.13894,-0.037,2.904,-2.04255,-1.521,1.95586,1.63552,-1.31299,-0.38194,2.87296,2.07462,1.50893,1.92341,-2.18076,-1.22587,0.1494,0.59338,-0.28354,-0.13582,-0.61741,-0.17566,-0.0128,-0.04806,1.32205,0.09354,0.17128,-0.79897,-0.14917,0.07275,0.07624
14.34,-0.51382,-0.1331,0.00408,1.0377,-0.66979,-0.29954,0.88004,-0.00137,-0.12349,-0.11429,0.12209,-0.037,2.904,-2.04108,-1.521,1.95003,1.6463,-1.31299,-0.38193,2.87301,2.0792,1.50608,1.92115,-2.16958,-1.2071,0.14446,0.63766,-0.25299,-0.14304,-0.63376,-0.16735,-0.01129,-0.04696,1.28737,0.08742,0.1833,-0.75055,-0.1543,0.07372,0.077
14.36,-0.51741,-0.12676,0.00089,1.00676,-0.66192,-0.28616,0.87677,-0.00454,-0.12985,-0.10788,0.10576,-0.037,2.904,-2.0395,-1.521,1.94495,1.65724,-1.31299,-0.38193,2.8729,2.08329,1.50362,1.91921,-2.15942,-1.19111,0.14007,0.68094,-0.22665,-0.15246,-0.65193,-0.15995,-0.01048,-0.04624,1.25242,0.08083,0.194,-0.7023,-0.15931,0.07486,0.07784
14.38,-0.52114,-0.11988,-0.0023,0.97579,-0.65374,-0.27336,0.87291,-0.0078,-0.13781,-0.10103,0.0888,-0.037,2.904,-2.03767,-1.521,1.93947,1.66871,-1.31299,-0.38193,2.87243,2.08783,1.50047,1.91713,-2.14812,-1.17039,0.13479,0.72723,-0.19935,-0.16058,-0.67427,-0.15205,-0.0083,-0.04484,1.21592,0.07441,0.20331,-0.65142,-0.16472,0.07605,0.07873
14.4,-0.52445,-0.11437,-0.00551,0.94507,-0.6464,-0.25921,0.8707,-0.01092,-0.14251,-0.09491,0.07298,-0.037,2.904,-2.03648,-1.521,1.93448,1.67891,-1.31299,-0.38192,2.87283,2.09162,1.49864,1.91518,-2.13861,-1.15857,0.13137,0.7673,-0.17209,-0.17023,-0.68641,-0.14481,-0.00872,-0.04472,1.18312,0.06794,0.21625,-0.60648,-0.1693,0.07705,0.07947
14.42,-0.52671,-0.11224,-0.00874,0.9151,-0.64111,-0.24129,0.87275,-0.01389,-0.13858,-0.09112,0.06044,-0.037,2.904,-2.03666,-1.521,1.93145,1.68552,-1.31299,-0.38194,2.87555,2.09323,1.50073,1.91388,-2.13655,-1.17283,0.1314,0.79063,-0.14583,-0.18628,-0.67136,-0.13972,-0.01694,-0.04847,1.15894,0.06108,0.2398,-0.57606,-0.17144,0.07757,0.07987
14.44,-0.52859,-0.11146,-0.01198,0.88532,-0.63666,-0.2221,0.87637,-0.01663,-0.13127,-0.08809,0.04911,-0.037,2.904,-2.03753,-1.521,1.92894,1.69093,-1.31299,-0.38191,2.87912,2.09403,1.50416,1.91271,-2.13606,-1.19602,0.13359,0.80753,-0.12012,-0.20376,-0.64628,-0.13539,-0.02769,-0.05348,1.13868,0.05422,0.26662,-0.55195,-0.17276,0.07791,0.08014
14.46,-0.5307,-0.11014,-0.0152,0.8553,-0.63192,-0.20363,0.8792,-0.01925,-0.12517,-0.08463,0.03728,-0.037,2.904,-2.0383,-1.521,1.92603,1.69698,-1.31299,-0.38191,2.88228,2.09513,1.50692,1.91141,-2.13337,-1.21472,0.13613,0.82697,-0.09497,-0.21975,-0.62603,-0.13078,-0.03698,-0.05777,1.11746,0.04742,0.29098,-0.52603,-0.17455,0.07835,0.08048
14.48,-0.53259,-0.10854,-0.01849,0.82592,-0.62684,-0.18449,0.88245,-0.02282,-0.12042,-0.08149,0.0252,-0.037,2.90401,-2.03818,-1.521,1.9237,1.70246,-1.313,-0.38199,2.88555,2.09656,1.50994,1.91039,-2.1365,-1.23519,0.13338,0.8481,-0.06613,-0.23908,-0.6044,-0.1258,-0.04757,-0.06268,1.0928,0.04029,0.31955,-0.49555,-0.17595,0.07871,0.08076
14.5,-0.53483,-0.10783,-0.02164,0.79527,-0.62262,-0.16651,0.88512,-0.02434,-0.11211,-0.0779,0.01395,-0.037,2.90398,-2.04005,-1.52099,1.92037,1.70905,-1.31297,-0.38174,2.88878,2.0971,1.51271,1.90882,-2.12841,-1.25406,0.1417,0.86414,-0.04518,-0.25194,-0.58337,-0.1218,-0.05605,-0.06659,1.07623,0.03398,0.3401,-0.47623,-0.17793,0.07919,0.08114
14.52,-0.53817,-0.10927,-0.02449,0.76078,-0.62087,-0.15144,0.88632,-0.02048,-0.09415,-0.07263,0.00451,-0.037,2.90402,-2.0475,-1.52101,1.91357,1.71719,-1.31302,-0.38213,2.89189,2.09542,1.51455,1.90585,-2.08448,-1.26695,0.18405,0.86809,-0.04631,-0.24554,-0.56634,-0.12036,-0.05818,-0.06752,1.08096,0.02859,0.33762,-0.48451,-0.18202,0.08022,0.08189
14.54,-0.54187,-0.11155,-0.0272,0.72505,-0.6199,-0.13769,0.88679,-0.01454,-0.07284,-0.06693,-0.0041,-0.037,2.904,-2.05688,-1.521,1.90583,1.72678,-1.313,-0.38195,2.89488,2.09287,1.51606,1.9023,-2.02998,-1.27784,0.23677,0.86708,-0.05535,-0.23271,-0.55032,-0.11986,-0.05808,-0.0674,1.09368,0.02426,0.32695,-0.50404,-0.18667,0.08135,0.08273
14.56,-0.54541,-0.11342,-0.02994,0.69006,-0.61833,-0.12375,0.88724,-0.00942,-0.05348,-0.0616,-0.01294,-0.037,2.90388,-2.06523,-1.52096,1.89888,1.73695,-1.31287,-0.38099,2.89778,2.0907,1.51765,1.89892,-1.98337,-1.28924,0.28204,0.86807,-0.06054,-0.22356,-0.53392,-0.1189,-0.0589,-0.06771,1.10281,0.02036,0.32015,-0.51956,-0.19087,0.08234,0.08347
14.58,-0.54895,-0.11546,-0.0328,0.65433,-0.61778,-0.10806,0.88916,-0.00479,-0.03216,-0.05555,-0.02234,-0.037,2.90429,-2.07429,-1.5211,1.89045,1.74204,-1.3133,-0.38425,2.90133,2.08858,1.51957,1.8959,-1.92411,-1.30258,0.33869,0.86986,-0.06679,-0.21151,-0.51681,-0.11812,-0.06017,-0.06824,1.11199,0.01268,0.31299,-0.5309,-0.19587,0.08375,0.08446
14.6,-0.55256,-0.11732,-0.03541,0.61985,-0.61533,-0.09629,0.8879,0.0013,-0.0142,-0.05089,-0.0304,-0.037,2.90362,-2.08228,-1.52087,1.88485,1.75781,-1.31258,-0.3788,2.9035,2.08618,1.52073,1.89204,-1.88827,-1.31135,0.37437,0.86895,-0.07271,-0.20366,-0.50157,-0.11718,-0.05998,-0.06807,1.12281,0.01302,0.30442,-0.55324,-0.19935,0.08429,0.08493
14.62,-0.55631,-0.11856,-0.03725,0.58897,-0.60711,-0.09553,0.87751,0.01139,-0.00613,-0.05003,-0.03492,-0.037,2.8997,-2.0872,-1.51953,1.88747,1.80504,-1.30855,-0.34766,2.90186,2.08301,1.51984,1.88553,-1.92306,-1.30752,0.34707,0.86144,-0.07569,-0.21141,-0.49127,-0.11541,-0.05603,-0.06611,1.13686,0.03614,0.29538,-0.6055,-0.19853,0.08262,0.08403
14.64,-0.56011,-0.11958,-0.03888,0.55942,-0.59703,-0.0986,0.86405,0.02277,-0.0016,-0.0506,-0.03812,-0.037,2.89477,-2.09092,-1.51784,1.89293,1.8625,-1.30341,-0.30814,2.89885,2.07963,1.51821,1.87827,-1.98113,-1.29922,0.29879,0.8515,-0.07808,-0.22319,-0.48288,-0.11345,-0.05073,-0.06351,1.15211,0.06712,0.28496,-0.66795,-0.19614,0.08005,0.08258
14.66,-0.56385,-0.12067,-0.0407,0.52936,-0.58801,-0.09959,0.85234,0.03323,0.00442,-0.0506,-0.04193,-0.037,2.89052,-2.09496,-1.51638,1.89698,1.91377,-1.29891,-0.27359,2.89646,2.07651,1.51695,1.87167,-2.02635,-1.29324,0.26173,0.84293,-0.08078,-0.23148,-0.47365,-0.11167,-0.04621,-0.06129,1.16638,0.09393,0.27418,-0.72421,-0.19443,0.07776,0.08132
14.68,-0.56775,-0.12192,-0.04211,0.49884,-0.57808,-0.10201,0.83906,0.04517,0.01108,-0.05024,-0.04566,-0.037,2.88533,-2.10002,-1.51464,1.90152,1.97171,-1.29383,-0.23399,2.89405,2.07272,1.51552,1.86372,-2.08084,-1.28598,0.21781,0.83304,-0.08353,-0.24637,-0.46431,-0.10955,-0.04092,-0.05869,1.18284,0.12334,0.26712,-0.78756,-0.19288,0.07596,0.08031
14.7,-0.57133,-0.12278,-0.04434,0.46961,-0.56962,-0.10238,0.82837,0.05432,0.01551,-0.05098,-0.04926,-0.037,2.88185,-2.10264,-1.51338,1.90572,2.01801,-1.28971,-0.20307,2.8914,2.07024,1.51429,1.8584,-2.12163,-1.28034,0.18319,0.82543,-0.086,-0.24878,-0.45568,-0.10808,-0.03692,-0.05673,1.19484,0.14916,0.25229,-0.83826,-0.19062,0.07297,0.07866
14.72,-0.57402,-0.12255,-0.04874,0.44359,-0.56557,-0.09605,0.82538,0.05541,0.01453,-0.05443,-0.05289,-0.037,2.88344,-2.09891,-1.51349,1.90816,2.03113,-1.28831,-0.19697,2.88806,2.07172,1.51372,1.86062,-2.11956,-1.28024,0.1783,0.82452,-0.08728,-0.2137,-0.4481,-0.10843,-0.03704,-0.05679,1.19498,0.16329,0.21485,-0.85297,-0.18678,0.06665,0.07518
14.74,-0.57637,-0.12193,-0.05401,0.41885,-0.56308,-0.08754,0.82515,0.05366,0.01139,-0.05894,-0.05642,-0.037,2.88677,-2.09272,-1.51409,1.91019,2.03192,-1.28795,-0.20009,2.88459,2.07448,1.51339,1.86551,-2.10288,-1.28195,0.18361,0.82607,-0.08839,-0.16631,-0.44125,-0.10944,-0.03848,-0.05751,1.19042,0.17349,0.16996,-0.8543,-0.18228,0.05923,0.07109
14.76,-0.57887,-0.1215,-0.05898,0.39349,-0.55993,-0.08009,0.82379,0.05325,0.0093,-0.06296,-0.05996,-0.037,2.88925,-2.08761,-1.51447,1.91248,2.03737,-1.28726,-0.19982,2.88143,2.07646,1.51301,1.86911,-2.09247,-1.28289,0.18496,0.82664,-0.08992,-0.12594,-0.4343,-0.11014,-0.03917,-0.05786,1.18745,0.18541,0.12951,-0.86076,-0.17808,0.0525,0.06739
14.78,-0.58142,-0.12099,-0.06353,0.36824,-0.55653,-0.07247,0.82181,0.0527,0.00689,-0.06707,-0.06359,-0.037,2.89197,-2.08266,-1.51481,1.91455,2.0471,-1.28593,-0.19604,2.87717,2.07927,1.51238,1.873,-2.08423,-1.28347,0.18292,0.82649,-0.08995,-0.07975,-0.42636,-0.11086,-0.04045,-0.05849,1.18678,0.19795,0.08457,-0.87152,-0.17381,0.04492,0.06322
14.8,-0.58377,-0.12058,-0.06918,0.34315,-0.55403,-0.06465,0.82181,0.05171,0.00459,-0.07123,-0.06703,-0.037,2.8946,-2.07676,-1.51536,1.91695,2.04493,-1.28617,-0.20168,2.87516,2.08066,1.51231,1.87695,-2.06793,-1.28525,0.19042,0.82854,-0.09308,-0.04265,-0.42076,-0.11171,-0.04083,-0.0587,1.18025,0.20808,0.04724,-0.87013,-0.16955,0.03888,0.05989
14.82,-0.5856,-0.12053,-0.07759,0.31742,-0.55361,-0.0568,0.82671,0.05055,0.00389,-0.07523,-0.07005,-0.037,2.89657,-2.06911,-1.51638,1.92021,2.01211,-1.2907,-0.23276,2.8797,2.07781,1.51375,1.88017,-2.03104,-1.29017,0.22371,0.83553,-0.10475,-0.03421,-0.42039,-0.1127,-0.03833,-0.05753,1.15819,0.21339,0.03267,-0.83743,-0.16543,0.03732,0.059
14.84,-0.58724,-0.12061,-0.08709,0.29193,-0.55404,-0.04881,0.8335,0.04898,0.00325,-0.07922,-0.07287,-0.037,2.89837,-2.06055,-1.51759,1.92382,1.96786,-1.29672,-0.27273,2.88645,2.0735,1.51572,1.8834,-1.9868,-1.29622,0.266,0.84481,-0.11956,-0.03523,-0.42254,-0.11383,-0.03489,-0.05592,1.1305,0.21622,0.0261,-0.79313,-0.16133,0.03736,0.05899
14.86,-0.58901,-0.12065,-0.09612,0.26683,-0.55407,-0.04086,0.83938,0.04737,0.0021,-0.08325,-0.07571,-0.037,2.90021,-2.05218,-1.51869,1.9274,1.92928,-1.3019,-0.30754,2.89198,2.06986,1.5174,1.88678,-1.94704,-1.30159,0.30302,0.8534,-0.13298,-0.03157,-0.4242,-0.11495,-0.03196,-0.05455,1.10571,0.21957,0.0159,-0.7548,-0.15724,0.03672,0.0586
14.88,-0.5906,-0.12063,-0.10505,0.23967,-0.55419,-0.03292,0.84558,0.04662,0.00289,-0.08721,-0.07886,-0.037,2.90225,-2.04457,-1.51993,1.93052,1.88816,-1.30784,-0.34737,2.89841,2.06622,1.51933,1.88962,-1.90192,-1.30771,0.34536,0.8605,-0.14623,-0.02913,-0.42311,-0.11582,-0.02876,-0.05304,1.07929,0.22533,0.00524,-0.71307,-0.15308,0.03587,0.05813
14.9,-0.59253,-0.12075,-0.11445,0.21683,-0.55433,-0.02497,0.8515,0.04402,-0.00026,-0.09126,-0.08131,-0.037,2.90383,-2.0353,-1.5209,1.93458,1.84988,-1.31253,-0.37877,2.90351,2.06226,1.52085,1.89352,-1.86647,-1.31251,0.37865,0.8713,-0.16058,-0.02648,-0.42836,-0.11728,-0.02585,-0.0517,1.05503,0.22558,-0.00229,-0.67584,-0.14907,0.03583,0.05804
14.92,-0.59526,-0.12121,-0.1248,0.20593,-0.55424,-0.01701,0.85652,0.0363,-0.01467,-0.09599,-0.0818,-0.037,2.90412,-2.02067,-1.52107,1.94208,1.82155,-1.31334,-0.38427,2.90438,2.05727,1.52111,1.90063,-1.85912,-1.31336,0.38449,0.891,-0.17728,-0.02177,-0.45035,-0.11989,-0.02411,-0.05098,1.03756,0.21067,-0.00471,-0.65377,-0.14535,0.03787,0.05887
14.94,-0.59837,-0.12181,-0.13557,0.19932,-0.55416,-0.00905,0.86112,0.02675,-0.03293,-0.10071,-0.0816,-0.037,2.90395,-2.00459,-1.52097,1.95034,1.79666,-1.31285,-0.38101,2.90385,2.0521,1.52095,1.90874,-1.86191,-1.31285,0.38092,0.91445,-0.19495,-0.01647,-0.47861,-0.12316,-0.02266,-0.05043,1.02256,0.19041,-0.00398,-0.63673,-0.14178,0.04066,0.06004
14.96,-0.60142,-0.12234,-0.14617,0.19068,-0.55415,-0.00112,0.86569,0.01809,-0.04918,-0.10513,-0.08178,-0.037,2.904,-1.98984,-1.521,1.95764,1.77071,-1.313,-0.38199,2.904,2.04734,1.521,1.91622,-1.86041,-1.31298,0.38179,0.93673,-0.21213,-0.01095,-0.50416,-0.12644,-0.02096,-0.04976,1.00681,0.17298,-0.0036,-0.61754,-0.1382,0.04297,0.061
14.98,-0.60399,-0.12287,-0.15673,0.18245,-0.55389,0.00691,0.87125,0.00914,-0.06661,-0.11085,-0.08167,-0.037,2.90401,-1.97222,-1.52101,1.96752,1.74225,-1.31303,-0.38218,2.90406,2.04116,1.52101,1.92449,-1.8573,-1.31304,0.38231,0.95698,-0.22966,-0.00769,-0.52939,-0.12847,-0.0197,-0.04925,0.98932,0.15383,-0.00736,-0.59736,-0.13439,0.04589,0.06223
15,-0.60764,-0.12344,-0.16744,0.17433,-0.55411,0.01473,0.87461,0.0004,-0.08241,-0.11387,-0.08201,-0.037,2.90399,-1.96026,-1.52099,1.97222,1.71997,-1.31297,-0.38181,2.90393,2.03788,1.52098,1.93132,-1.86002,-1.3129,0.38117,0.98214,-0.24662,0.00039,-0.5565,-0.13321,-0.01765,-0.04846,0.97607,0.13698,-0.00203,-0.5806,-0.13109,0.04771,0.06296
15.02,-0.61431,-0.12406,-0.17853,0.16576,-0.55592,0.02203,0.87212,-0.00742,-0.09342,-0.10922,-0.08375,-0.037,2.904,-1.96421,-1.521,1.96231,1.71393,-1.31301,-0.38206,2.90356,2.04288,1.52093,1.93425,-1.87652,-1.31258,0.3781,1.02131,-0.26218,0.02285,-0.58947,-0.14567,-0.01301,-0.04671,0.97429,0.12808,0.02893,-0.57207,-0.12916,0.04612,0.06211
15.04,-0.62204,-0.12471,-0.18972,0.1571,-0.55817,0.02911,0.86742,-0.01493,-0.10254,-0.1019,-0.08594,-0.037,2.904,-1.97392,-1.521,1.94719,1.71404,-1.313,-0.38198,2.90302,2.05076,1.52083,1.93565,-1.8985,-1.31209,0.3736,1.065,-0.27705,0.04991,-0.62367,-0.16077,-0.00766,-0.04472,0.97666,0.12164,0.06865,-0.56689,-0.12774,0.04341,0.06074
15.06,-0.62921,-0.12538,-0.2008,0.1483,-0.56005,0.03626,0.86363,-0.02249,-0.11209,-0.09592,-0.08792,-0.037,2.904,-1.98105,-1.521,1.93451,1.71134,-1.313,-0.38197,2.90256,2.05718,1.52075,1.93756,-1.91795,-1.31164,0.36948,1.10575,-0.292,0.07414,-0.6559,-0.17438,-0.00286,-0.04293,0.9769,0.11389,0.10345,-0.56025,-0.1261,0.04134,0.05967
15.08,-0.63672,-0.12595,-0.21216,0.1404,-0.56261,0.04355,0.86018,-0.03051,-0.12358,-0.08935,-0.08995,-0.037,2.904,-1.98799,-1.521,1.92148,1.70878,-1.313,-0.38201,2.90206,2.06426,1.52068,1.9403,-1.93808,-1.31128,0.36609,1.15046,-0.30804,0.10163,-0.69441,-0.18921,0.00293,-0.04071,0.9782,0.10671,0.14231,-0.5535,-0.12444,0.03877,0.05836
15.1,-0.64375,-0.1267,-0.22295,0.13058,-0.5639,0.05049,0.85555,-0.03747,-0.13052,-0.08342,-0.09196,-0.037,2.904,-1.99667,-1.521,1.908,1.70737,-1.313,-0.38199,2.90161,2.07061,1.52058,1.94095,-1.95776,-1.31073,0.36107,1.18783,-0.32155,0.12328,-0.7199,-0.20215,0.0068,-0.03936,0.97829,0.09904,0.17477,-0.54773,-0.12293,0.03695,0.05741
15.12,-0.6494,-0.12802,-0.23226,0.11529,-0.56133,0.0565,0.84759,-0.04156,-0.1255,-0.07955,-0.09392,-0.037,2.904,-2.00925,-1.521,1.89395,1.7076,-1.313,-0.38198,2.90133,2.07445,1.52037,1.93597,-1.97658,-1.30959,0.35083,1.20474,-0.32881,0.12887,-0.71044,-0.20892,0.00544,-0.04032,0.97372,0.08925,0.18706,-0.54372,-0.12168,0.03756,0.05765
15.14,-0.6545,-0.12951,-0.24095,0.0981,-0.55753,0.06218,0.83862,-0.0446,-0.11591,-0.07646,-0.09583,-0.037,2.904,-2.02331,-1.521,1.87972,1.70878,-1.313,-0.38196,2.90112,2.07742,1.52014,1.92899,-1.99441,-1.3083,0.33921,1.21391,-0.33345,0.12814,-0.68753,-0.21377,0.00208,-0.04219,0.96783,0.07897,0.19266,-0.5406,-0.12058,0.03896,0.05827
15.16,-0.65972,-0.13086,-0.24982,0.08189,-0.55446,0.06804,0.8305,-0.04813,-0.10829,-0.07322,-0.0977,-0.037,2.904,-2.03638,-1.521,1.86596,1.70958,-1.31299,-0.38194,2.9009,2.08065,1.51993,1.92307,-2.01149,-1.30717,0.32898,1.22601,-0.3389,0.12962,-0.66988,-0.21968,-0.00054,-0.04375,0.96273,0.06906,0.20153,-0.53713,-0.11944,0.03997,0.0587
15.18,-0.66553,-0.13246,-0.25915,0.06515,-0.55065,0.07379,0.82064,-0.05157,-0.10107,-0.06901,-0.09984,-0.037,2.904,-2.05101,-1.521,1.85039,1.7104,-1.31299,-0.38191,2.90058,2.08453,1.51966,1.91645,-2.03379,-1.30568,0.31556,1.24078,-0.34588,0.13432,-0.65593,-0.22483,-0.00242,-0.04488,0.95698,0.05858,0.20973,-0.53351,-0.11818,0.0411,0.05918
15.2,-0.66997,-0.13359,-0.26737,0.04909,-0.54811,0.07968,0.81421,-0.05495,-0.09196,-0.06706,-0.10142,-0.037,2.904,-2.06266,-1.521,1.83861,1.71128,-1.31299,-0.3819,2.90049,2.08683,1.51952,1.91086,-2.04497,-1.30488,0.30838,1.24805,-0.34911,0.13042,-0.63102,-0.23112,-0.00632,-0.04712,0.95222,0.04916,0.21763,-0.53039,-0.1172,0.04216,0.05964
15.22,-0.67068,-0.13334,-0.27272,0.0352,-0.54926,0.08603,0.8174,-0.05844,-0.07863,-0.07113,-0.10135,-0.037,2.904,-2.06569,-1.521,1.83755,1.71235,-1.31299,-0.38191,2.90106,2.0849,1.51975,1.90835,-2.02504,-1.30612,0.31967,1.23668,-0.34234,0.10738,-0.57931,-0.2406,-0.0154,-0.0522,0.95026,0.04275,0.2262,-0.52839,-0.11696,0.0429,0.05997
15.24,-0.67003,-0.13263,-0.27696,0.02211,-0.55173,0.09253,0.8241,-0.06189,-0.06361,-0.07747,-0.10075,-0.037,2.904,-2.06565,-1.521,1.84031,1.71337,-1.31299,-0.38194,2.90187,2.08141,1.5201,1.90698,-1.99406,-1.30805,0.33715,1.21798,-0.33194,0.07541,-0.51705,-0.25135,-0.02642,-0.05836,0.94936,0.03744,0.23467,-0.52685,-0.117,0.04355,0.06027
15.26,-0.67002,-0.13217,-0.28165,0.00877,-0.55367,0.09898,0.82928,-0.06535,-0.04946,-0.08281,-0.10048,-0.037,2.904,-2.067,-1.521,1.84121,1.71421,-1.31299,-0.38195,2.90254,2.07868,1.52038,1.90525,-1.96852,-1.30961,0.35124,1.20247,-0.32339,0.04536,-0.45939,-0.26184,-0.03655,-0.06406,0.94812,0.03167,0.24327,-0.52514,-0.1169,0.04422,0.06057
15.28,-0.6699,-0.13156,-0.28656,-0.00514,-0.55532,0.10539,0.83414,-0.0688,-0.0347,-0.08804,-0.09984,-0.037,2.904,-2.0684,-1.521,1.84263,1.71591,-1.313,-0.38198,2.90332,2.07572,1.52071,1.9028,-1.94112,-1.31142,0.36767,1.18721,-0.31391,0.02369,-0.4018,-0.27104,-0.04687,-0.06972,0.94627,0.02572,0.25135,-0.52332,-0.11686,0.04498,0.06092
15.3,-0.66969,-0.13113,-0.29076,-0.01762,-0.55787,0.11187,0.84046,-0.07227,-0.02089,-0.09402,-0.09983,-0.037,2.904,-2.06897,-1.521,1.84387,1.71583,-1.313,-0.38199,2.90394,2.07288,1.52098,1.90211,-1.91505,-1.31286,0.38076,1.16988,-0.30556,-0.01694,-0.34206,-0.28308,-0.05713,-0.07564,0.94592,0.02041,0.26048,-0.52181,-0.11677,0.04552,0.06116
15.32,-0.66961,-0.13135,-0.29334,-0.02661,-0.56298,0.11884,0.85038,-0.07604,-0.00994,-0.10151,-0.10176,-0.037,2.904,-2.06783,-1.521,1.84356,1.71053,-1.313,-0.38199,2.90405,2.0707,1.52102,1.90635,-1.89494,-1.31311,0.38295,1.14793,-0.30114,-0.1121,-0.27629,-0.30414,-0.06767,-0.08264,0.94985,0.01646,0.27327,-0.52096,-0.11645,0.04541,0.06109
15.34,-0.66948,-0.13175,-0.29525,-0.03413,-0.56891,0.12581,0.86157,-0.0798,-7e-05,-0.10965,-0.10433,-0.037,2.904,-2.06598,-1.521,1.84295,1.7035,-1.313,-0.38199,2.90398,2.06871,1.52099,1.91228,-1.87664,-1.31296,0.38162,1.12432,-0.29802,-0.22511,-0.20931,-0.32775,-0.07791,-0.08976,0.95521,0.01313,0.287,-0.5204,-0.11607,0.04508,0.06091
15.36,-0.66934,-0.13205,-0.29745,-0.04216,-0.57423,0.13255,0.87191,-0.08342,0.01015,-0.11749,-0.10656,-0.037,2.904,-2.06455,-1.521,1.84255,1.69743,-1.313,-0.38199,2.904,2.06666,1.521,1.91723,-1.85782,-1.313,0.38202,1.10195,-0.29437,-0.32712,-0.14466,-0.34925,-0.08765,-0.09639,0.95967,0.00958,0.29986,-0.51973,-0.11574,0.04486,0.06079
15.38,-0.66928,-0.13243,-0.29969,-0.05088,-0.58056,0.14027,0.88354,-0.08765,0.02107,-0.12547,-0.10901,-0.037,2.904,-2.0626,-1.521,1.84196,1.69059,-1.313,-0.38199,2.904,2.06446,1.521,1.92312,-1.83736,-1.31301,0.38208,1.07724,-0.29036,-0.44193,-0.07201,-0.37484,-0.10007,-0.10486,0.96518,0.00579,0.3146,-0.51898,-0.11536,0.04458,0.06064
15.4,-0.66908,-0.13269,-0.3017,-0.05779,-0.585,0.14592,0.89273,-0.09059,0.03022,-0.13324,-0.11114,-0.037,2.904,-2.06157,-1.521,1.84166,1.68497,-1.313,-0.38199,2.904,2.06264,1.521,1.92744,-1.82088,-1.31299,0.38192,1.05715,-0.28743,-0.53384,-0.01601,-0.39248,-0.1069,-0.10957,0.96887,0.00267,0.32563,-0.51845,-0.11506,0.04439,0.06053
15.42,-0.66847,-0.13261,-0.30332,-0.06031,-0.58385,0.14609,0.89502,-0.09004,0.03504,-0.14051,-0.11231,-0.037,2.904,-2.06349,-1.521,1.8422,1.68282,-1.313,-0.38199,2.904,2.06181,1.521,1.92693,-1.81498,-1.313,0.38202,1.0498,-0.28738,-0.5614,-0.00522,-0.38774,-0.09765,-0.10337,0.96701,0.00108,0.32631,-0.51849,-0.115,0.04455,0.06062
15.44,-0.66775,-0.13241,-0.30472,-0.061,-0.5808,0.14413,0.89478,-0.08817,0.03806,-0.14749,-0.11313,-0.037,2.904,-2.06632,-1.521,1.84305,1.68199,-1.313,-0.38199,2.904,2.06137,1.521,1.92477,-1.81307,-1.313,0.38199,1.04728,-0.28836,-0.56473,-0.0115,-0.37488,-0.0829,-0.09345,0.96331,0.00019,0.3232,-0.51873,-0.11503,0.04482,0.06077
15.46,-0.66713,-0.13226,-0.30618,-0.06238,-0.57871,0.14301,0.89561,-0.08684,0.04171,-0.15442,-0.11406,-0.037,2.904,-2.06859,-1.521,1.84378,1.68076,-1.313,-0.38199,2.904,2.06076,1.521,1.9234,-1.80937,-1.313,0.38199,1.04288,-0.28877,-0.57689,-0.01072,-0.36561,-0.07114,-0.08555,0.9606,-0.00091,0.32173,-0.51885,-0.11503,0.04503,0.06089
15.48,-0.66633,-0.13215,-0.30782,-0.06436,-0.57625,0.14245,0.89683,-0.08576,0.04613,-0.16213,-0.11518,-0.037,2.904,-2.07147,-1.521,1.84441,1.67865,-1.313,-0.38199,2.904,2.06012,1.521,1.92194,-1.80561,-1.313,0.382,1.03711,-0.28967,-0.59856,-0.00688,-0.35682,-0.05735,-0.07631,0.9573,-0.00247,0.32065,-0.51914,-0.11499,0.04529,0.06103
15.5,-0.66587,-0.13192,-0.30901,-0.06463,-0.57409,0.1402,0.89662,-0.08384,0.04851,-0.16813,-0.11584,-0.037,2.904,-2.07329,-1.521,1.84533,1.6787,-1.313,-0.38199,2.904,2.05966,1.521,1.92025,-1.80293,-1.313,0.38199,1.03535,-0.28977,-0.59484,-0.01356,-0.34511,-0.04644,-0.06895,0.95478,-0.0029,0.31785,-0.5191,-0.11507,0.04546,0.06112
15.52,-0.6665,-0.13141,-0.30911,-0.06107,-0.5732,0.13389,0.89308,-0.07996,0.04597,-0.1696,-0.11515,-0.037,2.904,-2.07212,-1.521,1.84673,1.68457,-1.313,-0.38197,2.904,2.05956,1.521,1.91846,-1.80195,-1.313,0.382,1.04356,-0.28757,-0.52338,-0.04445,-0.32701,-0.04519,-0.06791,0.95487,-0.00054,0.31116,-0.51807,-0.11543,0.0454,0.0611
15.54,-0.66747,-0.13079,-0.30874,-0.05579,-0.57267,0.12594,0.88818,-0.07527,0.04142,-0.16932,-0.11403,-0.037,2.904,-2.06985,-1.521,1.84843,1.69255,-1.31299,-0.38195,2.904,2.05964,1.521,1.91648,-1.80196,-1.313,0.382,1.05562,-0.28451,-0.42776,-0.08541,-0.3063,-0.04699,-0.06886,0.95581,0.00296,0.30287,-0.51671,-0.11591,0.04524,0.06102
15.56,-0.66824,-0.1302,-0.30851,-0.05105,-0.572,0.11871,0.88388,-0.07096,0.03763,-0.16974,-0.11321,-0.037,2.904,-2.06799,-1.521,1.85012,1.69945,-1.31299,-0.38194,2.904,2.0597,1.521,1.91453,-1.80171,-1.313,0.382,1.06592,-0.28175,-0.34546,-0.12225,-0.28698,-0.04717,-0.06876,0.95638,0.00602,0.29538,-0.51552,-0.11636,0.04509,0.06096
15.58,-0.66919,-0.12967,-0.3086,-0.0473,-0.57118,0.11153,0.87957,-0.0666,0.0344,-0.17056,-0.11197,-0.037,2.904,-2.06652,-1.521,1.85128,1.70689,-1.31299,-0.38191,2.904,2.05957,1.521,1.91276,-1.80078,-1.313,0.382,1.07651,-0.27938,-0.2525,-0.15795,-0.26652,-0.04812,-0.06915,0.95683,0.00875,0.28749,-0.51426,-0.11676,0.0451,0.06096
15.6,-0.66984,-0.12901,-0.3079,-0.04107,-0.57076,0.10388,0.87499,-0.06213,0.02956,-0.17015,-0.11149,-0.037,2.904,-2.06399,-1.521,1.85361,1.7137,-1.31299,-0.3819,2.904,2.05984,1.521,1.91059,-1.80144,-1.313,0.382,1.08723,-0.27602,-0.17626,-0.19797,-0.24794,-0.04827,-0.06906,0.95775,0.01243,0.28008,-0.51306,-0.11727,0.04475,0.0608
15.62,-0.66969,-0.12806,-0.30522,-0.02874,-0.57147,0.0953,0.86995,-0.05773,0.02055,-0.16664,-0.11322,-0.037,2.904,-2.05843,-1.521,1.85932,1.71812,-1.31299,-0.38191,2.904,2.06123,1.521,1.90746,-1.80623,-1.313,0.382,1.09834,-0.26996,-0.15273,-0.24938,-0.23512,-0.04532,-0.06706,0.95994,0.01856,0.27468,-0.51206,-0.11806,0.04342,0.06023
15.64,-0.6692,-0.127,-0.30176,-0.01395,-0.57256,0.08634,0.86472,-0.05323,0.01004,-0.16199,-0.11573,-0.037,2.904,-2.05189,-1.521,1.86617,1.72186,-1.31299,-0.38194,2.904,2.06298,1.521,1.90394,-1.81253,-1.313,0.382,1.10925,-0.26298,-0.14689,-0.30434,-0.22435,-0.0415,-0.06454,0.96257,0.02558,0.26979,-0.51113,-0.11897,0.04174,0.0595
15.66,-0.66878,-0.12599,-0.29863,-7e-05,-0.57341,0.07759,0.85961,-0.04869,0.00033,-0.15795,-0.1179,-0.037,2.904,-2.04604,-1.521,1.87237,1.72599,-1.313,-0.38195,2.904,2.06457,1.521,1.90049,-1.81814,-1.313,0.38199,1.11959,-0.25655,-0.13264,-0.35637,-0.21274,-0.03819,-0.06233,0.9649,0.03209,0.26445,-0.51019,-0.11982,0.04023,0.05885
15.68,-0.66873,-0.12499,-0.29557,0.01305,-0.57455,0.06861,0.85426,-0.04446,-0.01,-0.15344,-0.12002,-0.037,2.904,-2.03914,-1.521,1.87912,1.72986,-1.313,-0.38198,2.904,2.06628,1.521,1.89738,-1.82388,-1.313,0.38199,1.13285,-0.24954,-0.11901,-0.41439,-0.20063,-0.0345,-0.05988,0.96768,0.03904,0.25993,-0.50912,-0.12069,0.03866,0.05818
15.7,-0.66782,-0.12394,-0.29219,0.02826,-0.5752,0.06006,0.84942,-0.03958,-0.01929,-0.14967,-0.12241,-0.037,2.904,-2.0342,-1.521,1.88501,1.73407,-1.313,-0.38199,2.904,2.06767,1.521,1.8936,-1.82959,-1.313,0.38199,1.13995,-0.2435,-0.10869,-0.46058,-0.1901,-0.03136,-0.05778,0.96963,0.04532,0.25391,-0.50836,-0.12156,0.03714,0.05751
15.72,-0.66464,-0.12276,-0.28823,0.04917,-0.57426,0.05262,0.84593,-0.03289,-0.02589,-0.14829,-0.12553,-0.037,2.904,-2.03504,-1.521,1.88819,1.73941,-1.313,-0.382,2.904,2.06924,1.521,1.88718,-1.8357,-1.313,0.38199,1.12996,-0.2406,-0.10259,-0.47373,-0.1834,-0.02986,-0.05673,0.96902,0.04932,0.24311,-0.5083,-0.12236,0.03584,0.05688
15.74,-0.6606,-0.12153,-0.28397,0.07201,-0.57287,0.04565,0.84301,-0.02556,-0.03127,-0.14771,-0.12887,-0.037,2.904,-2.03788,-1.521,1.89047,1.74508,-1.313,-0.38199,2.904,2.07023,1.521,1.88031,-1.84149,-1.313,0.38199,1.1138,-0.23866,-0.09945,-0.47471,-0.17825,-0.02896,-0.05605,0.96762,0.05267,0.23088,-0.50858,-0.12316,0.0346,0.05626
15.76,-0.65693,-0.12032,-0.2798,0.09362,-0.5718,0.03856,0.83994,-0.01852,-0.03682,-0.14674,-0.13202,-0.037,2.904,-2.03974,-1.521,1.89317,1.75057,-1.313,-0.38199,2.904,2.07074,1.521,1.87421,-1.84695,-1.313,0.38199,1.10053,-0.23614,-0.09546,-0.48085,-0.17246,-0.02784,-0.05523,0.96668,0.05647,0.21968,-0.50876,-0.12396,0.03333,0.05564
15.78,-0.6533,-0.11911,-0.27579,0.1168,-0.57021,0.03103,0.8364,-0.01146,-0.04404,-0.14585,-0.1356,-0.037,2.904,-2.0419,-1.521,1.89586,1.75622,-1.313,-0.38199,2.904,2.07451,1.521,1.86561,-1.85476,-1.313,0.38199,1.08686,-0.2342,-0.08995,-0.48862,-0.16647,-0.02645,-0.05427,0.96525,0.05966,0.20697,-0.50867,-0.12474,0.03206,0.055
15.8,-0.64942,-0.11789,-0.27138,0.13712,-0.56961,0.02457,0.83398,-0.00431,-0.04747,-0.14497,-0.13831,-0.037,2.904,-2.0439,-1.521,1.89838,1.76156,-1.313,-0.38199,2.904,2.0712,1.521,1.86222,-1.85724,-1.313,0.38199,1.07263,-0.23129,-0.08809,-0.49012,-0.16125,-0.02578,-0.05369,0.96471,0.06394,0.19698,-0.50926,-0.12558,0.03083,0.0544
15.82,-0.64498,-0.11663,-0.26599,0.14913,-0.57165,0.02083,0.8345,0.00293,-0.04068,-0.14413,-0.13867,-0.037,2.904,-2.045,-1.521,1.90044,1.76661,-1.313,-0.38199,2.904,2.04985,1.521,1.87223,-1.84806,-1.313,0.382,1.05771,-0.22544,-0.09563,-0.47687,-0.15774,-0.02697,-0.05413,0.96623,0.07157,0.19559,-0.51144,-0.12657,0.02956,0.05387
15.84,-0.64033,-0.11537,-0.26019,0.15819,-0.57474,0.01817,0.83614,0.01022,-0.03013,-0.14323,-0.13813,-0.037,2.904,-2.04587,-1.521,1.9024,1.77123,-1.313,-0.38199,2.904,2.02119,1.521,1.88767,-1.83304,-1.313,0.382,1.04257,-0.21857,-0.10663,-0.45781,-0.15496,-0.02885,-0.05493,0.96875,0.08027,0.19686,-0.51434,-0.12765,0.02835,0.05339
15.86,-0.63582,-0.11413,-0.25453,0.16856,-0.57749,0.01509,0.83731,0.01747,-0.02131,-0.14223,-0.13795,-0.037,2.904,-2.04683,-1.521,1.90456,1.77559,-1.313,-0.38199,2.904,1.99492,1.521,1.90136,-1.81862,-1.313,0.382,1.02795,-0.21216,-0.11592,-0.44168,-0.15187,-0.03038,-0.05555,0.97118,0.08833,0.19642,-0.51706,-0.12872,0.0272,0.05292
15.88,-0.63108,-0.11281,-0.24907,0.1791,-0.57964,0.01176,0.83837,0.02482,-0.01233,-0.14178,-0.13797,-0.037,2.904,-2.04792,-1.521,1.90607,1.78181,-1.313,-0.38199,2.904,1.97238,1.521,1.91209,-1.81254,-1.313,0.382,1.01134,-0.2058,-0.12594,-0.42388,-0.14873,-0.03209,-0.05625,0.97207,0.09702,0.198,-0.51915,-0.12964,0.02569,0.05229
15.9,-0.6268,-0.11166,-0.24309,0.18856,-0.58326,0.00919,0.83986,0.03196,-0.00286,-0.14017,-0.13738,-0.037,2.904,-2.04865,-1.521,1.90888,1.78415,-1.313,-0.38199,2.904,1.94056,1.521,1.93016,-1.78811,-1.313,0.382,0.99891,-0.1991,-0.13518,-0.40835,-0.14586,-0.03358,-0.05686,0.97641,0.10467,0.1961,-0.52276,-0.1309,0.02494,0.05202
15.92,-0.62375,-0.11096,-0.23585,0.19574,-0.59091,0.00839,0.84276,0.0386,0.0075,-0.13539,-0.13511,-0.037,2.904,-2.04833,-1.521,1.91564,1.77504,-1.313,-0.38199,2.904,1.88304,1.521,1.96809,-1.71096,-1.313,0.38199,0.99806,-0.19168,-0.14189,-0.40037,-0.14346,-0.03427,-0.05709,0.98991,0.10907,0.18328,-0.53001,-0.13297,0.02629,0.05275
15.94,-0.6212,-0.11045,-0.2281,0.20193,-0.59996,0.00833,0.84596,0.04503,0.01811,-0.12942,-0.13227,-0.037,2.904,-2.04764,-1.521,1.92367,1.76218,-1.313,-0.38199,2.904,1.81682,1.521,2.01303,-1.61621,-1.313,0.38199,1.00145,-0.18396,-0.14761,-0.39495,-0.14131,-0.03473,-0.05721,1.00686,0.11241,0.16701,-0.53881,-0.13539,0.02839,0.05385
15.96,-0.61849,-0.10989,-0.22056,0.2086,-0.6082,0.00796,0.84869,0.05152,0.02832,-0.12396,-0.12983,-0.037,2.904,-2.04716,-1.521,1.93093,1.7516,-1.313,-0.38199,2.904,1.75578,1.521,2.05414,-1.53175,-1.313,0.38198,1.00293,-0.17638,-0.15343,-0.38853,-0.13909,-0.03531,-0.05739,1.02231,0.1163,0.15278,-0.54716,-0.1377,0.03013,0.05477
15.98,-0.61549,-0.10917,-0.21308,0.21507,-0.61718,0.00752,0.85285,0.05816,0.03994,-0.11867,-0.12681,-0.037,2.904,-2.04654,-1.521,1.93899,1.73861,-1.313,-0.38199,2.904,1.68921,1.521,2.09816,-1.43731,-1.313,0.38197,1.00434,-0.16873,-0.16076,-0.38125,-0.13672,-0.03581,-0.05752,1.03752,0.11991,0.13664,-0.55451,-0.13983,0.03196,0.05572
16,-0.61323,-0.10883,-0.20538,0.22174,-0.62495,0.00738,0.85411,0.06443,0.04855,-0.11272,-0.12483,-0.037,2.904,-2.04609,-1.521,1.94568,1.7297,-1.313,-0.38199,2.904,1.63233,1.521,2.13771,-1.35968,-1.313,0.38197,1.0069,-0.16119,-0.16478,-0.37642,-0.13472,-0.03642,-0.05772,1.05403,0.12387,0.12364,-0.56424,-0.14241,0.03379,0.05671
16.02,-0.61284,-0.10948,-0.1972,0.22933,-0.62892,0.00805,0.8472,0.0698,0.04937,-0.10537,-0.12613,-0.037,2.904,-2.04642,-1.521,1.94828,1.73337,-1.313,-0.38199,2.904,1.60332,1.521,2.16312,-1.33187,-1.313,0.38197,1.01154,-0.15387,-0.1588,-0.37792,-0.13369,-0.03751,-0.05819,1.07316,0.12904,0.11985,-0.58052,-0.1461,0.03537,0.05766
16.04,-0.61318,-0.11049,-0.18883,0.23715,-0.63163,0.00898,0.83737,0.0748,0.04703,-0.09738,-0.12843,-0.037,2.904,-2.0469,-1.521,1.94946,1.7412,-1.313,-0.38199,2.904,1.58476,1.521,2.18376,-1.32184,-1.313,0.38197,1.0172,-0.14671,-0.1497,-0.38179,-0.13302,-0.03871,-0.05871,1.09346,0.13462,0.11937,-0.59903,-0.15025,0.03694,0.05864
16.06,-0.61322,-0.11134,-0.18057,0.24484,-0.63496,0.00972,0.8289,0.07993,0.04573,-0.08959,-0.13012,-0.037,2.904,-2.04718,-1.521,1.95131,1.74687,-1.313,-0.38199,2.904,1.56187,1.521,2.20662,-1.3042,-1.313,0.38197,1.02241,-0.13959,-0.14277,-0.3845,-0.13219,-0.03978,-0.05917,1.1133,0.14003,0.11754,-0.61628,-0.15421,0.03858,0.05965
16.08,-0.61317,-0.11219,-0.17219,0.25263,-0.63813,0.0108,0.82024,0.08518,0.04611,-0.08212,-0.1325,-0.037,2.904,-2.04801,-1.521,1.9531,1.75357,-1.313,-0.38199,2.904,1.53615,1.521,2.22955,-1.28371,-1.313,0.38197,1.02771,-0.13198,-0.13268,-0.38767,-0.13138,-0.04115,-0.05978,1.13303,0.14534,0.11492,-0.63474,-0.15807,0.04,0.06053
16.1,-0.61345,-0.11312,-0.16405,0.26024,-0.64131,0.01121,0.81135,0.0901,0.04226,-0.07388,-0.13364,-0.037,2.904,-2.04772,-1.521,1.95467,1.75911,-1.313,-0.38199,2.904,1.51987,1.521,2.25104,-1.27393,-1.313,0.38197,1.03301,-0.12542,-0.12838,-0.39039,-0.1306,-0.04193,-0.0601,1.15312,0.15097,0.11482,-0.65102,-0.16227,0.04186,0.06166
16.12,-0.61451,-0.11421,-0.15649,0.26774,-0.64474,0.00971,0.80208,0.09433,0.02733,-0.06329,-0.13146,-0.037,2.904,-2.04435,-1.521,1.95585,1.76095,-1.313,-0.38199,2.904,1.51894,1.521,2.27048,-1.28663,-1.313,0.38197,1.03807,-0.12187,-0.14149,-0.39138,-0.12978,-0.04098,-0.05961,1.17474,0.15736,0.12051,-0.6622,-0.16722,0.04501,0.06346
16.14,-0.61585,-0.11536,-0.14921,0.27497,-0.64821,0.00753,0.79276,0.09821,0.00829,-0.05202,-0.12792,-0.037,2.904,-2.03984,-1.521,1.95686,1.76141,-1.313,-0.38199,2.904,1.52858,1.521,2.28846,-1.31004,-1.313,0.38198,1.04308,-0.11935,-0.16041,-0.39181,-0.12899,-0.03944,-0.05883,1.1965,0.16408,0.1287,-0.67084,-0.17251,0.04859,0.06551
16.16,-0.61702,-0.11645,-0.1419,0.28204,-0.65169,0.00564,0.78374,0.10216,-0.00879,-0.04128,-0.12478,-0.037,2.904,-2.03583,-1.521,1.95801,1.76218,-1.313,-0.38199,2.904,1.53896,1.521,2.30656,-1.33056,-1.313,0.38199,1.04811,-0.11624,-0.17623,-0.39239,-0.12821,-0.0382,-0.05821,1.21763,0.17068,0.13605,-0.67964,-0.17771,0.05196,0.06743
16.18,-0.61838,-0.11767,-0.1342,0.29029,-0.65501,0.00382,0.77343,0.10648,-0.02642,-0.02954,-0.12264,-0.037,2.904,-2.03188,-1.521,1.95885,1.76443,-1.313,-0.38199,2.904,1.52689,1.521,2.32678,-1.34366,-1.313,0.38199,1.05318,-0.11362,-0.19389,-0.39347,-0.12734,-0.03682,-0.05751,1.24121,0.17715,0.14235,-0.69261,-0.18271,0.05543,0.0694
16.2,-0.61941,-0.11864,-0.12737,0.29602,-0.65866,0.00169,0.76585,0.10994,-0.04379,-0.01976,-0.11804,-0.037,2.904,-2.02755,-1.521,1.96032,1.76324,-1.313,-0.38199,2.904,1.5632,1.521,2.34231,-1.37413,-1.313,0.382,1.05813,-0.11023,-0.20913,-0.39336,-0.12666,-0.03559,-0.05689,1.25969,0.18395,0.15128,-0.69639,-0.18815,0.05877,0.07134
16.22,-0.61948,-0.11892,-0.1228,0.29501,-0.66345,-0.00106,0.76592,0.1112,-0.05974,-0.01517,-0.10716,-0.037,2.904,-2.02226,-1.521,1.96377,1.75255,-1.313,-0.38199,2.904,1.73701,1.521,2.34524,-1.45328,-1.313,0.38199,1.06297,-0.10452,-0.2165,-0.38987,-0.12656,-0.03491,-0.05654,1.26425,0.19173,0.16786,-0.6745,-0.19499,0.06174,0.07324
16.24,-0.6192,-0.11896,-0.11911,0.29147,-0.66853,-0.0041,0.76874,0.1116,-0.07522,-0.01263,-0.09381,-0.037,2.904,-2.01667,-1.521,1.96786,1.7385,-1.313,-0.38199,2.904,1.95784,1.521,2.34353,-1.54882,-1.313,0.38199,1.06766,-0.09801,-0.22122,-0.38522,-0.12666,-0.03442,-0.05628,1.26365,0.19979,0.18681,-0.64364,-0.20219,0.06454,0.07511
16.26,-0.61905,-0.11911,-0.11506,0.28899,-0.67334,-0.00703,0.77026,0.11235,-0.09072,-0.0094,-0.08145,-0.037,2.904,-2.01135,-1.521,1.97154,1.72621,-1.313,-0.38199,2.904,2.15285,1.521,2.34401,-1.63459,-1.313,0.38198,1.0723,-0.09183,-0.22702,-0.38124,-0.12665,-0.03385,-0.05599,1.26528,0.20761,0.20403,-0.61747,-0.20902,0.06736,0.07694
16.28,-0.61902,-0.11923,-0.11088,0.28682,-0.67875,-0.0099,0.77199,0.11329,-0.10721,-0.00514,-0.06956,-0.037,2.904,-2.00541,-1.521,1.97569,1.71287,-1.313,-0.38199,2.904,2.36713,1.521,2.34412,-1.7306,-1.313,0.38197,1.07745,-0.08578,-0.23355,-0.37664,-0.12672,-0.03321,-0.05565,1.26738,0.21593,0.2241,-0.58859,-0.21672,0.07045,0.07898
16.3,-0.61865,-0.11937,-0.10716,0.28346,-0.68296,-0.01294,0.77395,0.11361,-0.12145,-0.00351,-0.05617,-0.037,2.904,-2.0007,-1.521,1.97903,1.70092,-1.313,-0.38199,2.904,2.55216,1.521,2.34391,-1.80899,-1.313,0.38197,1.08149,-0.07929,-0.23787,-0.37307,-0.12666,-0.03277,-0.05543,1.26731,0.22326,0.23877,-0.56331,-0.22271,0.07293,0.08059
16.32,-0.61744,-0.11964,-0.10448,0.27705,-0.6838,-0.01656,0.7758,0.1124,-0.12959,-0.00867,-0.03888,-0.037,2.904,-1.99965,-1.521,1.97974,1.69375,-1.313,-0.38199,2.904,2.64611,1.521,2.34404,-1.83478,-1.313,0.38197,1.08254,-0.0715,-0.23652,-0.37258,-0.12624,-0.03281,-0.05547,1.26212,0.22784,0.23787,-0.54962,-0.2238,0.07375,0.08105
16.34,-0.6159,-0.11995,-0.10224,0.26959,-0.68343,-0.02031,0.7778,0.11059,-0.13546,-0.0164,-0.02026,-0.037,2.904,-1.99984,-1.521,1.97966,1.68808,-1.313,-0.38199,2.904,2.70868,1.521,2.344,-1.84219,-1.313,0.38198,1.08248,-0.06332,-0.23305,-0.37318,-0.1257,-0.03304,-0.05561,1.25499,0.23142,0.23146,-0.53998,-0.22316,0.07395,0.08109
16.36,-0.6145,-0.12024,-0.09979,0.26287,-0.68362,-0.02389,0.77976,0.10905,-0.14236,-0.02291,-0.00251,-0.037,2.904,-1.99934,-1.521,1.9801,1.68162,-1.313,-0.38198,2.904,2.78483,1.521,2.34399,-1.85791,-1.313,0.38198,1.08292,-0.05549,-0.23066,-0.3733,-0.12521,-0.03318,-0.0557,1.24901,0.23543,0.22758,-0.52884,-0.22336,0.07442,0.08131
16.38,-0.6131,-0.12051,-0.0974,0.255,-0.68378,-0.02791,0.7817,0.10746,-0.14927,-0.02971,0.01648,-0.037,2.904,-1.99933,-1.521,1.97988,1.67546,-1.313,-0.38198,2.904,2.86568,1.521,2.34401,-1.87442,-1.313,0.38199,1.08338,-0.04693,-0.22768,-0.37328,-0.12473,-0.03334,-0.05582,1.24173,0.23954,0.22363,-0.51591,-0.22335,0.07492,0.08154
16.4,-0.61164,-0.12083,-0.09499,0.24926,-0.6837,-0.03106,0.78367,0.10586,-0.1556,-0.03647,0.03313,-0.037,2.904,-1.99862,-1.521,1.98082,1.66914,-1.313,-0.38198,2.904,2.92847,1.521,2.344,-1.88469,-1.313,0.38199,1.08353,-0.0398,-0.22549,-0.37386,-0.12419,-0.0335,-0.05591,1.23676,0.24322,0.21854,-0.50781,-0.22335,0.07523,0.08167
16.42,-0.61009,-0.12122,-0.09243,0.25001,-0.68332,-0.03165,0.78567,0.10418,-0.16105,-0.04258,0.04341,-0.037,2.904,-1.99554,-1.521,1.9852,1.66143,-1.313,-0.38198,2.904,2.95055,1.521,2.344,-1.88225,-1.313,0.38199,1.08316,-0.03678,-0.22577,-0.37568,-0.12351,-0.03368,-0.05595,1.23885,0.24566,0.21114,-0.51196,-0.22386,0.07515,0.08166
16.44,-0.60849,-0.12165,-0.08985,0.2529,-0.68271,-0.03137,0.78769,0.10254,-0.16596,-0.04852,0.0512,-0.037,2.904,-1.99173,-1.521,1.99074,1.65365,-1.313,-0.38198,2.904,2.95501,1.521,2.344,-1.87407,-1.313,0.38199,1.0825,-0.0352,-0.22697,-0.3781,-0.12276,-0.03383,-0.05597,1.24332,0.24774,0.20284,-0.52088,-0.22443,0.07489,0.08156
16.46,-0.6069,-0.12209,-0.0873,0.25458,-0.68215,-0.03154,0.78968,0.10102,-0.171,-0.05448,0.05986,-0.037,2.904,-1.98835,-1.521,1.9957,1.64632,-1.313,-0.38198,2.904,2.96632,1.521,2.344,-1.86845,-1.313,0.38199,1.08195,-0.03293,-0.22792,-0.38034,-0.12204,-0.03397,-0.05599,1.24662,0.25019,0.1953,-0.52772,-0.22493,0.0747,0.0815
16.48,-0.60533,-0.12241,-0.08468,0.25718,-0.6818,-0.03148,0.79175,0.09889,-0.17644,-0.06081,0.06968,-0.037,2.904,-1.9846,-1.521,2.00089,1.63729,-1.313,-0.38198,2.904,2.98145,1.521,2.344,-1.86248,-1.313,0.38199,1.08148,-0.03079,-0.22813,-0.38223,-0.12136,-0.03424,-0.05607,1.25025,0.25181,0.18621,-0.53436,-0.22554,0.07452,0.08144
16.5,-0.60372,-0.12299,-0.08219,0.25842,-0.68097,-0.03169,0.79366,0.09803,-0.18097,-0.06628,0.07647,-0.037,2.904,-1.98144,-1.521,2.00587,1.63175,-1.313,-0.38198,2.904,2.98485,1.521,2.344,-1.85604,-1.313,0.38199,1.08077,-0.02874,-0.23008,-0.38496,-0.12056,-0.03422,-0.05601,1.25376,0.25501,0.18007,-0.54247,-0.22596,0.07431,0.08136
16.52,-0.60201,-0.12431,-0.08007,0.25529,-0.67891,-0.03288,0.79523,0.10069,-0.18304,-0.06943,0.07546,-0.037,2.904,-1.98008,-1.521,2.01003,1.63596,-1.313,-0.38198,2.904,2.96012,1.521,2.344,-1.85016,-1.313,0.38199,1.07955,-0.02654,-0.2369,-0.3899,-0.11942,-0.03337,-0.05554,1.25644,0.2632,0.18358,-0.55357,-0.22575,0.07404,0.0812
16.54,-0.60025,-0.12589,-0.07808,0.25076,-0.67636,-0.03435,0.79664,0.10461,-0.18422,-0.0717,0.07148,-0.037,2.904,-1.97935,-1.521,2.01393,1.64365,-1.313,-0.38199,2.904,2.92437,1.521,2.344,-1.844,-1.313,0.38199,1.07809,-0.02438,-0.2454,-0.39565,-0.11817,-0.03223,-0.05492,1.2589,0.2729,0.18992,-0.56593,-0.22536,0.07375,0.08102
16.56,-0.59851,-0.12734,-0.07604,0.24696,-0.674,-0.03568,0.79807,0.10791,-0.18587,-0.07434,0.06885,-0.037,2.904,-1.97835,-1.521,2.0179,1.64968,-1.313,-0.38199,2.904,2.89383,1.521,2.344,-1.83772,-1.313,0.38199,1.07668,-0.02221,-0.25298,-0.401,-0.11698,-0.03125,-0.05438,1.2614,0.28158,0.19413,-0.57763,-0.22512,0.07349,0.08086
16.58,-0.59677,-0.12888,-0.07395,0.24284,-0.67178,-0.03706,0.79969,0.1114,-0.18726,-0.0771,0.06612,-0.037,2.904,-1.97727,-1.521,2.0221,1.65608,-1.313,-0.38199,2.904,2.86175,1.521,2.344,-1.83223,-1.313,0.38199,1.07552,-0.02005,-0.26129,-0.40652,-0.11572,-0.03016,-0.05378,1.26423,0.29165,0.20174,-0.58993,-0.22459,0.07315,0.08064
16.6,-0.59503,-0.13027,-0.072,0.23904,-0.66918,-0.0384,0.8009,0.11479,-0.18896,-0.0794,0.06295,-0.037,2.904,-1.9765,-1.521,2.02576,1.66248,-1.313,-0.382,2.904,2.83058,1.521,2.344,-1.82514,-1.313,0.38199,1.07378,-0.01788,-0.26843,-0.41183,-0.11458,-0.02922,-0.05327,1.26628,0.29919,0.20309,-0.60117,-0.22461,0.07298,0.08055
16.62,-0.59329,-0.13122,-0.07034,0.2363,-0.66548,-0.03965,0.80093,0.11777,-0.19183,-0.08068,0.05915,-0.037,2.904,-1.97642,-1.521,2.02805,1.66834,-1.313,-0.382,2.904,2.80396,1.521,2.344,-1.81338,-1.313,0.38199,1.07036,-0.01557,-0.27204,-0.41653,-0.11377,-0.02875,-0.05303,1.26624,0.29921,0.18523,-0.60949,-0.22634,0.07331,0.08084
16.64,-0.59154,-0.132,-0.06883,0.23396,-0.66144,-0.04083,0.80058,0.12059,-0.19501,-0.08153,0.05506,-0.037,2.904,-1.97661,-1.521,2.0298,1.67401,-1.313,-0.382,2.904,2.77886,1.521,2.344,-1.8001,-1.313,0.38198,1.06637,-0.01325,-0.27438,-0.42095,-0.11309,-0.02845,-0.05288,1.26539,0.29665,0.1612,-0.61663,-0.22862,0.07381,0.08125
16.66,-0.5898,-0.13282,-0.06729,0.23152,-0.65766,-0.04198,0.80047,0.12339,-0.19797,-0.08256,0.05122,-0.037,2.904,-1.97666,-1.521,2.03177,1.67954,-1.313,-0.382,2.904,2.75362,1.521,2.344,-1.78774,-1.313,0.38198,1.06271,-0.011,-0.27722,-0.42537,-0.11236,-0.02808,-0.05269,1.26488,0.29538,0.14081,-0.62408,-0.23057,0.07422,0.0816
16.68,-0.58803,-0.1338,-0.06562,0.22867,-0.65342,-0.0434,0.80008,0.12661,-0.20125,-0.08362,0.04676,-0.037,2.904,-1.97683,-1.521,2.03384,1.68616,-1.313,-0.382,2.904,2.72567,1.521,2.344,-1.77442,-1.313,0.38197,1.05872,-0.0085,-0.28042,-0.43032,-0.11156,-0.02767,-0.05248,1.26451,0.29369,0.117,-0.63253,-0.23284,0.0747,0.082
16.7,-0.58633,-0.1344,-0.06424,0.2268,-0.65008,-0.04424,0.80017,0.12891,-0.20393,-0.08452,0.04357,-0.037,2.904,-1.9768,-1.521,2.03558,1.69042,-1.313,-0.382,2.904,2.70385,1.521,2.344,-1.76274,-1.313,0.38197,1.0553,-0.00651,-0.28255,-0.43411,-0.11094,-0.02739,-0.05234,1.26365,0.29222,0.0988,-0.63859,-0.23458,0.07508,0.08232
16.72,-0.58481,-0.134,-0.06359,0.22754,-0.64931,-0.04351,0.80173,0.12863,-0.20498,-0.08518,0.04406,-0.037,2.904,-1.97606,-1.521,2.03661,1.68811,-1.313,-0.382,2.904,2.69874,1.521,2.344,-1.7558,-1.313,0.38197,1.05355,-0.0059,-0.28204,-0.43474,-0.11079,-0.02744,-0.05236,1.26159,0.29198,0.09773,-0.63827,-0.23474,0.07518,0.08236
16.74,-0.58337,-0.13323,-0.06323,0.22926,-0.64948,-0.04221,0.80378,0.12743,-0.20541,-0.08569,0.04584,-0.037,2.904,-1.97511,-1.521,2.03733,1.68344,-1.313,-0.382,2.904,2.69977,1.521,2.344,-1.75059,-1.313,0.38198,1.05239,-0.0058,-0.28048,-0.43422,-0.11081,-0.02763,-0.05245,1.25908,0.29204,0.10248,-0.63557,-0.23435,0.07518,0.08232
16.76,-0.5819,-0.13264,-0.06275,0.23054,-0.64922,-0.04117,0.80559,0.12668,-0.20608,-0.08622,0.04696,-0.037,2.904,-1.97429,-1.521,2.03819,1.67993,-1.313,-0.382,2.904,2.69794,1.521,2.344,-1.7447,-1.313,0.38198,1.05097,-0.0055,-0.2794,-0.43424,-0.11074,-0.02776,-0.05251,1.2568,0.29193,0.10447,-0.63399,-0.23421,0.07522,0.08232
16.78,-0.58039,-0.13199,-0.06222,0.23179,-0.64894,-0.04012,0.80747,0.12578,-0.20694,-0.08695,0.04838,-0.037,2.904,-1.97334,-1.521,2.03906,1.67605,-1.313,-0.382,2.904,2.69646,1.521,2.344,-1.73832,-1.313,0.38199,1.04949,-0.0051,-0.27828,-0.43416,-0.11069,-0.02789,-0.05258,1.25439,0.29185,0.10674,-0.6322,-0.23406,0.07527,0.08231
16.8,-0.57898,-0.13139,-0.06185,0.23333,-0.64894,-0.03896,0.80931,0.12499,-0.20725,-0.08722,0.0495,-0.037,2.904,-1.9726,-1.521,2.03982,1.67239,-1.313,-0.382,2.904,2.69567,1.521,2.344,-1.73338,-1.313,0.382,1.0483,-0.005,-0.277,-0.43403,-0.11066,-0.02804,-0.05265,1.25216,0.29181,0.10987,-0.6303,-0.2338,0.07529,0.08229
16.82,-0.57786,-0.13103,-0.0618,0.23554,-0.64948,-0.03755,0.81092,0.12471,-0.20614,-0.08623,0.0495,-0.037,2.904,-1.9725,-1.521,2.04035,1.66973,-1.313,-0.382,2.904,2.6953,1.521,2.344,-1.73203,-1.313,0.38199,1.04776,-0.00561,-0.27552,-0.43401,-0.1106,-0.02823,-0.05273,1.25046,0.29179,0.11411,-0.62859,-0.23334,0.07524,0.08223
16.84,-0.57685,-0.13075,-0.06188,0.238,-0.65027,-0.03604,0.81246,0.12458,-0.2045,-0.08478,0.04917,-0.037,2.904,-1.9726,-1.521,2.04078,1.66738,-1.313,-0.382,2.904,2.6954,1.521,2.344,-1.73207,-1.313,0.38199,1.0475,-0.00648,-0.27392,-0.43397,-0.11056,-0.02845,-0.05281,1.24897,0.29179,0.11902,-0.62685,-0.23278,0.07517,0.08215
16.86,-0.57579,-0.13043,-0.06191,0.24029,-0.65095,-0.03462,0.81403,0.12438,-0.20312,-0.08356,0.049,-0.037,2.904,-1.9726,-1.521,2.04126,1.66497,-1.313,-0.382,2.904,2.69527,1.521,2.344,-1.73147,-1.313,0.38198,1.04714,-0.00722,-0.27237,-0.43396,-0.1105,-0.02866,-0.05289,1.24743,0.2918,0.12356,-0.62517,-0.23227,0.07511,0.08208
16.88,-0.5747,-0.13009,-0.06193,0.24284,-0.65163,-0.03303,0.81561,0.12415,-0.20164,-0.08224,0.04882,-0.037,2.904,-1.97262,-1.521,2.04171,1.66214,-1.313,-0.382,2.904,2.69543,1.521,2.344,-1.73097,-1.313,0.38197,1.04672,-0.00804,-0.2708,-0.43385,-0.11047,-0.02885,-0.05297,1.24569,0.29178,0.12857,-0.62323,-0.23173,0.07505,0.082
16.9,-0.5737,-0.12983,-0.06199,0.24489,-0.65237,-0.03176,0.81715,0.12402,-0.20026,-0.08102,0.04858,-0.037,2.904,-1.97264,-1.521,2.04221,1.66028,-1.313,-0.382,2.904,2.69502,1.521,2.344,-1.73058,-1.313,0.38197,1.04647,-0.00873,-0.26926,-0.43394,-0.1104,-0.02908,-0.05306,1.24441,0.2918,0.1327,-0.62184,-0.23123,0.07499,0.08193
16.92,-0.57289,-0.12977,-0.06208,0.24557,-0.65325,-0.03138,0.81862,0.12413,-0.19928,-0.08017,0.04828,-0.037,2.904,-1.97258,-1.521,2.04291,1.66113,-1.313,-0.382,2.904,2.6927,1.521,2.344,-1.73007,-1.313,0.38197,1.04663,-0.00899,-0.2679,-0.43462,-0.11024,-0.02938,-0.05319,1.24438,0.29197,0.1342,-0.62197,-0.23087,0.07496,0.0819
16.94,-0.57215,-0.12979,-0.06219,0.24573,-0.65419,-0.03133,0.82005,0.12433,-0.19842,-0.07943,0.04793,-0.037,2.904,-1.9725,-1.521,2.04367,1.66295,-1.313,-0.382,2.904,2.68979,1.521,2.344,-1.72962,-1.313,0.38198,1.04695,-0.0091,-0.26657,-0.43549,-0.11005,-0.0297,-0.05332,1.2448,0.29218,0.13477,-0.62265,-0.23056,0.07493,0.08187
16.96,-0.57139,-0.12976,-0.0623,0.2461,-0.65508,-0.03113,0.82146,0.12447,-0.1975,-0.07865,0.04762,-0.037,2.904,-1.97243,-1.521,2.04436,1.66428,-1.313,-0.382,2.904,2.68726,1.521,2.344,-1.72917,-1.313,0.38199,1.04718,-0.00926,-0.26518,-0.43624,-0.10988,-0.03002,-0.05346,1.24498,0.29236,0.13577,-0.62307,-0.23023,0.0749,0.08184
16.98,-0.57061,-0.12977,-0.06236,0.24657,-0.65605,-0.03091,0.82301,0.12469,-0.19661,-0.07781,0.04724,-0.037,2.904,-1.97237,-1.521,2.04519,1.66581,-1.313,-0.382,2.904,2.68431,1.521,2.344,-1.72863,-1.313,0.38199,1.04748,-0.00948,-0.26397,-0.4371,-0.10969,-0.03035,-0.0536,1.24529,0.29258,0.13678,-0.62354,-0.22988,0.07486,0.08181
17,-0.56987,-0.12973,-0.06255,0.24669,-0.65688,-0.03082,0.82427,0.12475,-0.19568,-0.07714,0.04698,-0.037,2.904,-1.97229,-1.521,2.04576,1.66715,-1.313,-0.382,2.904,2.68206,1.521,2.344,-1.72829,-1.313,0.382,1.04767,-0.00956,-0.26241,-0.4378,-0.10954,-0.03064,-0.05372,1.24544,0.29272,0.13755,-0.62403,-0.22958,0.07484,0.08179
17.02,-0.5692,-0.12954,-0.06306,0.24609,-0.65727,-0.03102,0.82468,0.12436,-0.19466,-0.0769,0.04706,-0.037,2.904,-1.97214,-1.521,2.04561,1.66773,-1.313,-0.382,2.904,2.68207,1.521,2.344,-1.7285,-1.313,0.38199,1.04749,-0.00925,-0.25972,-0.43801,-0.10949,-0.03084,-0.05382,1.24508,0.29262,0.13774,-0.62436,-0.22945,0.07487,0.0818
17.04,-0.56857,-0.12931,-0.06371,0.24512,-0.65752,-0.03133,0.82481,0.1238,-0.1936,-0.07684,0.04726,-0.037,2.904,-1.97197,-1.521,2.04519,1.66807,-1.313,-0.382,2.904,2.68278,1.521,2.344,-1.72891,-1.313,0.38199,1.0472,-0.00883,-0.2567,-0.43806,-0.10949,-0.03099,-0.0539,1.24455,0.29244,0.13774,-0.62469,-0.22938,0.07492,0.08183
17.06,-0.56793,-0.12911,-0.06432,0.24424,-0.65786,-0.03158,0.8251,0.12331,-0.19254,-0.07671,0.04738,-0.037,2.904,-1.97183,-1.521,2.0449,1.66851,-1.313,-0.382,2.904,2.68307,1.521,2.344,-1.72925,-1.313,0.38198,1.04697,-0.0085,-0.25393,-0.43818,-0.10947,-0.03115,-0.05398,1.24409,0.29232,0.13792,-0.62503,-0.22927,0.07496,0.08186
17.08,-0.56727,-0.1289,-0.06485,0.2437,-0.65811,-0.03189,0.82525,0.12283,-0.19157,-0.07652,0.04759,-0.037,2.904,-1.97163,-1.521,2.04459,1.66905,-1.313,-0.382,2.904,2.68375,1.521,2.344,-1.72952,-1.313,0.38197,1.0467,-0.00801,-0.25073,-0.43833,-0.10944,-0.03136,-0.05409,1.24368,0.29211,0.13772,-0.62532,-0.22922,0.07498,0.08188
17.1,-0.56666,-0.12868,-0.06557,0.24235,-0.6585,-0.03211,0.82563,0.12228,-0.1904,-0.07652,0.04764,-0.037,2.904,-1.97154,-1.521,2.04425,1.6693,-1.313,-0.382,2.904,2.68379,1.521,2.344,-1.72997,-1.313,0.38197,1.04649,-0.00781,-0.24835,-0.43838,-0.10944,-0.03145,-0.05413,1.24313,0.29205,0.13823,-0.62574,-0.22906,0.07504,0.08191
17.12,-0.56617,-0.12843,-0.06672,0.23903,-0.65931,-0.03199,0.82672,0.12158,-0.18873,-0.07695,0.0472,-0.037,2.904,-1.97182,-1.521,2.04392,1.66877,-1.313,-0.382,2.904,2.6821,1.521,2.344,-1.73083,-1.313,0.38197,1.0465,-0.00852,-0.24841,-0.43819,-0.10951,-0.03119,-0.05399,1.2422,0.29248,0.14116,-0.62633,-0.22857,0.0752,0.08197
17.14,-0.56573,-0.12817,-0.06804,0.23487,-0.66025,-0.03179,0.82806,0.12081,-0.18686,-0.07758,0.04659,-0.037,2.904,-1.97221,-1.521,2.04357,1.66796,-1.313,-0.382,2.904,2.6797,1.521,2.344,-1.73185,-1.313,0.38198,1.04657,-0.00952,-0.2493,-0.43791,-0.10962,-0.0308,-0.05377,1.24113,0.29305,0.14475,-0.62709,-0.22796,0.07539,0.08203
17.16,-0.56527,-0.12792,-0.0693,0.23098,-0.66111,-0.03165,0.82928,0.12007,-0.18507,-0.07813,0.04606,-0.037,2.904,-1.97253,-1.521,2.04324,1.66729,-1.313,-0.382,2.904,2.67749,1.521,2.344,-1.7328,-1.313,0.38199,1.04661,-0.01036,-0.24977,-0.43768,-0.10971,-0.03046,-0.05358,1.24015,0.29352,0.14778,-0.62789,-0.22742,0.07557,0.08209
17.18,-0.56481,-0.12765,-0.07051,0.22756,-0.66206,-0.0314,0.83053,0.11934,-0.1833,-0.07862,0.04553,-0.037,2.904,-1.97293,-1.521,2.04288,1.66655,-1.313,-0.382,2.904,2.6759,1.521,2.344,-1.73375,-1.313,0.38199,1.04668,-0.01132,-0.25038,-0.4374,-0.1098,-0.03017,-0.0534,1.23909,0.29416,0.15192,-0.62821,-0.22684,0.07575,0.08215
17.2,-0.56435,-0.12742,-0.07187,0.22296,-0.66285,-0.03136,0.83177,0.11857,-0.18147,-0.0793,0.04495,-0.037,2.904,-1.97318,-1.521,2.04257,1.6659,-1.313,-0.382,2.904,2.67282,1.521,2.344,-1.73473,-1.313,0.382,1.0467,-0.01209,-0.25092,-0.43722,-0.10991,-0.02975,-0.05318,1.23815,0.29448,0.1539,-0.62957,-0.22629,0.07593,0.0822
17.22,-0.56392,-0.12733,-0.0736,0.21528,-0.66329,-0.03187,0.83287,0.11774,-0.17942,-0.08044,0.0443,-0.037,2.904,-1.97301,-1.521,2.04237,1.66558,-1.313,-0.382,2.904,2.66582,1.521,2.344,-1.73574,-1.313,0.38199,1.0467,-0.01223,-0.25108,-0.43731,-0.11005,-0.02905,-0.05286,1.23777,0.29385,0.14962,-0.63359,-0.22602,0.07613,0.08229
17.24,-0.56349,-0.12728,-0.07549,0.20643,-0.66355,-0.03259,0.83394,0.11687,-0.17734,-0.08179,0.04361,-0.037,2.904,-1.97267,-1.521,2.04222,1.66535,-1.313,-0.382,2.904,2.65732,1.521,2.344,-1.73676,-1.313,0.38199,1.04662,-0.01217,-0.25115,-0.4375,-0.11022,-0.02824,-0.0525,1.23748,0.29291,0.14315,-0.63868,-0.22573,0.07632,0.08238
17.26,-0.56305,-0.12722,-0.07733,0.19812,-0.66383,-0.03323,0.83504,0.11598,-0.17536,-0.08309,0.04294,-0.037,2.904,-1.97237,-1.521,2.04207,1.66507,-1.313,-0.382,2.904,2.6495,1.521,2.344,-1.73778,-1.313,0.38198,1.04648,-0.01222,-0.25126,-0.43767,-0.11037,-0.02748,-0.05216,1.23705,0.29215,0.13776,-0.64339,-0.22533,0.07649,0.08244
17.28,-0.56267,-0.12714,-0.07907,0.18976,-0.6644,-0.03381,0.8361,0.11524,-0.17303,-0.08423,0.04226,-0.037,2.904,-1.97221,-1.521,2.04185,1.66483,-1.313,-0.382,2.904,2.6417,1.521,2.344,-1.7388,-1.313,0.38197,1.04675,-0.01222,-0.25138,-0.43774,-0.11054,-0.02669,-0.05181,1.23705,0.29121,0.13204,-0.64765,-0.22544,0.07677,0.0826
17.3,-0.56215,-0.1271,-0.08106,0.18123,-0.6643,-0.03456,0.83722,0.11418,-0.17142,-0.08573,0.04159,-0.037,2.904,-1.97173,-1.521,2.04179,1.6645,-1.313,-0.382,2.904,2.63344,1.521,2.344,-1.7398,-1.313,0.38197,1.04615,-0.01227,-0.25147,-0.43803,-0.11067,-0.02595,-0.05148,1.23614,0.29058,0.12646,-0.6531,-0.22447,0.0768,0.08256
17.32,-0.56126,-0.12715,-0.08361,0.17263,-0.6625,-0.03587,0.83853,0.11237,-0.17184,-0.08827,0.041,-0.037,2.904,-1.97037,-1.521,2.04221,1.66408,-1.313,-0.382,2.904,2.62477,1.521,2.344,-1.74107,-1.313,0.38197,1.04332,-0.01234,-0.25132,-0.4389,-0.11064,-0.02537,-0.0512,1.23308,0.29074,0.12207,-0.6616,-0.22063,0.07625,0.08202
17.34,-0.56023,-0.12724,-0.08641,0.16388,-0.66002,-0.03733,0.83989,0.11021,-0.17297,-0.09114,0.04041,-0.037,2.904,-1.96871,-1.521,2.04279,1.66352,-1.313,-0.382,2.904,2.61556,1.521,2.344,-1.74223,-1.313,0.38197,1.03962,-0.01247,-0.25116,-0.43999,-0.11058,-0.02484,-0.05094,1.22904,0.29123,0.11785,-0.67124,-0.21568,0.07541,0.08126
17.36,-0.55926,-0.1273,-0.08913,0.15512,-0.65777,-0.03867,0.84122,0.10815,-0.17375,-0.09379,0.03981,-0.037,2.904,-1.96722,-1.521,2.04329,1.66289,-1.313,-0.382,2.904,2.6063,1.521,2.344,-1.74323,-1.313,0.38197,1.03623,-0.01265,-0.25113,-0.44098,-0.11054,-0.02427,-0.05067,1.22521,0.29164,0.11342,-0.68036,-0.21116,0.07461,0.08055
17.38,-0.5583,-0.12741,-0.09171,0.14665,-0.6558,-0.04026,0.84259,0.10636,-0.1747,-0.09679,0.03929,-0.037,2.904,-1.96561,-1.521,2.04384,1.66283,-1.313,-0.382,2.904,2.59835,1.521,2.344,-1.74517,-1.313,0.38197,1.03316,-0.0125,-0.25063,-0.44199,-0.11046,-0.02377,-0.05042,1.2224,0.29179,0.10952,-0.68957,-0.20696,0.07417,0.08004
17.4,-0.55728,-0.12742,-0.09466,0.13755,-0.65312,-0.04133,0.84388,0.10393,-0.17542,-0.09909,0.03857,-0.037,2.904,-1.96416,-1.521,2.04431,1.66155,-1.313,-0.382,2.904,2.58741,1.521,2.344,-1.74505,-1.313,0.38197,1.02924,-0.01307,-0.25105,-0.44298,-0.11047,-0.02314,-0.05013,1.21721,0.2925,0.10453,-0.6988,-0.20184,0.07292,0.07907
17.42,-0.55611,-0.12722,-0.09847,0.12692,-0.6486,-0.04133,0.84497,0.09989,-0.1756,-0.09975,0.03772,-0.037,2.904,-1.9632,-1.521,2.04463,1.65701,-1.313,-0.382,2.904,2.56959,1.521,2.344,-1.73995,-1.313,0.38197,1.02306,-0.01539,-0.25452,-0.44407,-0.11071,-0.02215,-0.04967,1.20588,0.29514,0.09691,-0.70829,-0.19426,0.06958,0.07693
17.44,-0.55489,-0.1269,-0.10268,0.11562,-0.64341,-0.04072,0.84597,0.0952,-0.17547,-0.09963,0.03659,-0.037,2.904,-1.9624,-1.521,2.04484,1.65126,-1.313,-0.382,2.904,2.5484,1.521,2.344,-1.73259,-1.313,0.38198,1.01608,-0.01846,-0.2588,-0.44509,-0.11105,-0.02104,-0.04916,1.19216,0.29825,0.08815,-0.71766,-0.18584,0.06542,0.07434
17.46,-0.55371,-0.12658,-0.10678,0.10452,-0.63856,-0.04014,0.84698,0.09077,-0.17532,-0.09963,0.03535,-0.037,2.904,-1.96153,-1.521,2.04502,1.64603,-1.313,-0.382,2.904,2.52817,1.521,2.344,-1.72588,-1.313,0.38198,1.00954,-0.02133,-0.26238,-0.44601,-0.11136,-0.01998,-0.04869,1.17943,0.30086,0.0796,-0.72679,-0.17795,0.06157,0.07194
17.48,-0.55244,-0.12645,-0.11056,0.0939,-0.63352,-0.04064,0.84808,0.08651,-0.17591,-0.10066,0.03517,-0.037,2.904,-1.96066,-1.521,2.04555,1.64089,-1.313,-0.382,2.904,2.51103,1.521,2.344,-1.721,-1.313,0.38199,1.00264,-0.0236,-0.26742,-0.44752,-0.11159,-0.01893,-0.04818,1.16707,0.30469,0.07222,-0.73727,-0.16938,0.05797,0.0696
17.5,-0.55135,-0.12592,-0.11511,0.08209,-0.62874,-0.03872,0.84899,0.08174,-0.17486,-0.09935,0.03267,-0.037,2.904,-1.95982,-1.521,2.04532,1.6353,-1.313,-0.382,2.904,2.48579,1.521,2.344,-1.71148,-1.313,0.38199,0.99633,-0.02731,-0.26957,-0.44777,-0.11203,-0.01784,-0.04772,1.15339,0.30609,0.0623,-0.74481,-0.16205,0.05368,0.06703
17.52,-0.55076,-0.12431,-0.12167,0.06737,-0.62464,-0.03031,0.84923,0.07563,-0.16947,-0.09174,0.02409,-0.037,2.904,-1.95902,-1.521,2.04308,1.62854,-1.313,-0.38199,2.904,2.44687,1.521,2.344,-1.69232,-1.313,0.38199,0.99152,-0.0348,-0.26387,-0.44455,-0.11303,-0.01658,-0.04744,1.13677,0.3007,0.04433,-0.74478,-0.15832,0.04743,0.06381
17.54,-0.55036,-0.1223,-0.129,0.05143,-0.62086,-0.01949,0.84932,0.06904,-0.16245,-0.08181,0.01315,-0.037,2.904,-1.95824,-1.521,2.04005,1.62142,-1.313,-0.38199,2.904,2.39867,1.521,2.344,-1.66815,-1.313,0.38198,0.98739,-0.04371,-0.25517,-0.44007,-0.11426,-0.01528,-0.04722,1.11891,0.29283,0.02409,-0.74168,-0.15587,0.04057,0.06041
17.56,-0.54986,-0.12046,-0.13601,0.03591,-0.61705,-0.00972,0.84961,0.06273,-0.15611,-0.07297,0.00312,-0.037,2.904,-1.95747,-1.521,2.03731,1.61462,-1.313,-0.38199,2.904,2.34924,1.521,2.344,-1.64445,-1.313,0.38198,0.98314,-0.05197,-0.24758,-0.43615,-0.1154,-0.01405,-0.04697,1.10154,0.28608,0.00577,-0.73961,-0.15286,0.03415,0.05718
17.58,-0.54941,-0.11866,-0.14292,0.02094,-0.61274,-6e-05,0.84937,0.05616,-0.14995,-0.06396,-0.00627,-0.037,2.904,-1.95665,-1.521,2.03483,1.60709,-1.313,-0.38199,2.904,2.32173,1.521,2.344,-1.62799,-1.313,0.38197,0.97806,-0.06029,-0.24103,-0.43225,-0.11649,-0.01262,-0.04671,1.08438,0.27939,-0.01632,-0.73906,-0.14973,0.02699,0.05357
17.6,-0.54891,-0.1167,-0.15022,0.00454,-0.60954,0.01034,0.85017,0.05002,-0.14309,-0.05476,-0.0175,-0.037,2.904,-1.95593,-1.521,2.03165,1.60102,-1.313,-0.38199,2.904,2.24763,1.521,2.344,-1.59568,-1.313,0.38197,0.97491,-0.0688,-0.23167,-0.42803,-0.11773,-0.01159,-0.04649,1.06657,0.27196,-0.03111,-0.73465,-0.14717,0.02125,0.0507
17.62,-0.54811,-0.11431,-0.15841,-0.01565,-0.60927,0.02248,0.854,0.04507,-0.13425,-0.04548,-0.0336,-0.037,2.904,-1.9554,-1.521,2.02668,1.59893,-1.313,-0.38199,2.904,2.03664,1.521,2.344,-1.51735,-1.313,0.38197,0.97669,-0.07763,-0.21478,-0.42306,-0.11931,-0.01171,-0.04641,1.0469,0.26326,-0.02495,-0.72013,-0.14594,0.01938,0.04982
17.64,-0.54727,-0.11178,-0.16697,-0.03722,-0.61011,0.03521,0.85886,0.04059,-0.12485,-0.03611,-0.0514,-0.037,2.904,-1.95498,-1.521,2.02105,1.59835,-1.313,-0.38199,2.904,1.78104,1.521,2.344,-1.42388,-1.313,0.38198,0.98045,-0.08656,-0.19526,-0.41785,-0.12103,-0.01223,-0.04637,1.02673,0.25386,-0.01141,-0.70189,-0.14523,0.01898,0.04968
17.66,-0.54651,-0.10937,-0.17538,-0.05807,-0.61048,0.04745,0.8632,0.03595,-0.116,-0.02683,-0.0682,-0.037,2.904,-1.95455,-1.521,2.01574,1.59716,-1.313,-0.38199,2.904,1.55281,1.521,2.344,-1.33964,-1.313,0.38199,0.98346,-0.09534,-0.17728,-0.41284,-0.1227,-0.01254,-0.0463,1.00707,0.24463,-0.00141,-0.68552,-0.14425,0.01802,0.04926
17.68,-0.54547,-0.10672,-0.18374,-0.07934,-0.61073,0.06072,0.86777,0.03105,-0.10583,-0.01722,-0.08607,-0.037,2.904,-1.95393,-1.521,2.01031,1.59562,-1.313,-0.38199,2.904,1.29442,1.521,2.344,-1.24535,-1.313,0.38199,0.98586,-0.10463,-0.15777,-0.40735,-0.12433,-0.01297,-0.04625,0.98614,0.2359,0.00927,-0.66828,-0.14345,0.01657,0.04862
17.7,-0.54502,-0.10454,-0.19228,-0.10007,-0.61146,0.07195,0.87208,0.02681,-0.0983,-0.00834,-0.10204,-0.037,2.904,-1.95374,-1.521,2.00499,1.59516,-1.313,-0.382,2.904,1.08819,1.521,2.344,-1.16841,-1.313,0.382,0.98997,-0.11285,-0.14086,-0.40285,-0.12607,-0.01324,-0.04618,0.96776,0.22604,0.02036,-0.65202,-0.14238,0.0165,0.0486
17.72,-0.54612,-0.10364,-0.20119,-0.1189,-0.6135,0.07741,0.8757,0.02426,-0.09823,-0.00126,-0.1125,-0.037,2.904,-1.95463,-1.521,2.00017,1.59737,-1.313,-0.382,2.904,1.03857,1.521,2.344,-1.14368,-1.313,0.382,0.9984,-0.11818,-0.13163,-0.40099,-0.12806,-0.01288,-0.04603,0.95648,0.21285,0.0303,-0.63906,-0.14036,0.02005,0.05021
17.74,-0.54781,-0.10322,-0.21025,-0.13715,-0.61594,0.0808,0.87898,0.02234,-0.10083,0.00502,-0.12094,-0.037,2.904,-1.95597,-1.521,1.99548,1.60061,-1.313,-0.382,2.904,1.04273,1.521,2.34399,-1.13687,-1.313,0.382,1.00846,-0.1224,-0.12515,-0.40018,-0.13015,-0.01235,-0.04586,0.94779,0.19862,0.0405,-0.62727,-0.13804,0.0249,0.05241
17.76,-0.54928,-0.10262,-0.21925,-0.15571,-0.61802,0.08512,0.88221,0.02011,-0.1022,0.0115,-0.13017,-0.037,2.904,-1.95716,-1.521,1.99069,1.60334,-1.313,-0.382,2.904,1.02115,1.521,2.344,-1.12149,-1.313,0.38199,1.01771,-0.12705,-0.11755,-0.39901,-0.13218,-0.01192,-0.04571,0.93792,0.18513,0.05091,-0.61515,-0.13588,0.02903,0.05428
17.78,-0.55057,-0.10186,-0.22826,-0.17412,-0.62087,0.08947,0.8863,0.01798,-0.10365,0.01872,-0.13996,-0.037,2.904,-1.95814,-1.521,1.98604,1.60626,-1.313,-0.382,2.904,1.00335,1.521,2.34402,-1.10736,-1.313,0.38199,1.02734,-0.132,-0.10933,-0.39735,-0.13427,-0.01139,-0.04551,0.92802,0.1705,0.06022,-0.60205,-0.13363,0.03376,0.05642
17.8,-0.55236,-0.10156,-0.23726,-0.19269,-0.6222,0.09327,0.88854,0.01581,-0.10555,0.02418,-0.1481,-0.037,2.904,-1.95965,-1.521,1.98115,1.60902,-1.313,-0.382,2.904,0.9912,1.521,2.34394,-1.09511,-1.313,0.38199,1.03654,-0.13607,-0.10308,-0.39694,-0.13626,-0.01102,-0.0454,0.91883,0.15798,0.07174,-0.59131,-0.13149,0.03755,0.05813
17.82,-0.55539,-0.10237,-0.24622,-0.21185,-0.61914,0.09596,0.88556,0.01341,-0.1082,0.02519,-0.15218,-0.037,2.904,-1.96253,-1.521,1.97553,1.61115,-1.313,-0.38199,2.904,0.98052,1.521,2.34408,-1.08336,-1.313,0.38199,1.04408,-0.13798,-0.10158,-0.39982,-0.13793,-0.01117,-0.04555,0.91077,0.15176,0.08967,-0.58681,-0.12969,0.03831,0.05842
17.84,-0.55889,-0.10362,-0.25514,-0.23118,-0.61455,0.09819,0.88076,0.01095,-0.1112,0.02442,-0.15468,-0.037,2.904,-1.96593,-1.521,1.96967,1.61305,-1.313,-0.38199,2.904,0.97411,1.521,2.344,-1.07301,-1.313,0.38199,1.05115,-0.13905,-0.10199,-0.40389,-0.1395,-0.01148,-0.04578,0.90336,0.14765,0.10968,-0.58468,-0.12801,0.0381,0.05825
17.86,-0.56215,-0.10468,-0.26406,-0.25045,-0.61072,0.1007,0.87691,0.00851,-0.11397,0.02433,-0.1579,-0.037,2.904,-1.96907,-1.521,1.96395,1.61502,-1.313,-0.38198,2.904,0.96663,1.521,2.34369,-1.0623,-1.313,0.382,1.05848,-0.14053,-0.10157,-0.40734,-0.14113,-0.0117,-0.04597,0.89576,0.14243,0.12846,-0.58149,-0.12629,0.03839,0.05832
17.88,-0.56554,-0.10571,-0.27307,-0.26965,-0.60662,0.10283,0.87255,0.00613,-0.11715,0.02477,-0.16101,-0.037,2.904,-1.9723,-1.521,1.95813,1.61718,-1.313,-0.38198,2.904,0.95729,1.521,2.34482,-1.05106,-1.313,0.382,1.06567,-0.14186,-0.10112,-0.41115,-0.14272,-0.012,-0.04619,0.88779,0.13783,0.14853,-0.57824,-0.12452,0.03847,0.05829
17.9,-0.56877,-0.10691,-0.28187,-0.28901,-0.60273,0.10567,0.86882,0.00361,-0.11951,0.02368,-0.164,-0.037,2.904,-1.97547,-1.521,1.95245,1.61885,-1.313,-0.38197,2.904,0.95218,1.521,2.34288,-1.04103,-1.313,0.382,1.07301,-0.1433,-0.1011,-0.41449,-0.14437,-0.01216,-0.04635,0.88074,0.13245,0.16632,-0.57569,-0.12288,0.03874,0.05835
17.92,-0.5714,-0.10848,-0.29012,-0.30898,-0.59974,0.11056,0.8672,0.00069,-0.11948,0.01876,-0.16702,-0.037,2.904,-1.97817,-1.521,1.94724,1.6196,-1.313,-0.38197,2.904,0.95725,1.521,2.33266,-1.03372,-1.313,0.38199,1.08084,-0.14533,-0.10233,-0.41628,-0.14621,-0.01185,-0.0463,0.87579,0.12461,0.17811,-0.57437,-0.12152,0.03972,0.05873
17.94,-0.57384,-0.1102,-0.29815,-0.32905,-0.59703,0.1162,0.86629,-0.00238,-0.11861,0.01235,-0.16997,-0.037,2.904,-1.9808,-1.521,1.94217,1.61978,-1.313,-0.38197,2.904,0.96627,1.521,2.31936,-1.02755,-1.313,0.38198,1.08884,-0.14749,-0.10385,-0.41755,-0.14812,-0.0114,-0.04619,0.87178,0.1159,0.18739,-0.57369,-0.12029,0.04091,0.05921
17.96,-0.57637,-0.11185,-0.30625,-0.34893,-0.59424,0.12152,0.86512,-0.00536,-0.11813,0.00663,-0.17296,-0.037,2.904,-1.98355,-1.521,1.937,1.61994,-1.313,-0.38197,2.904,0.97354,1.521,2.30736,-1.02096,-1.313,0.38198,1.09681,-0.14953,-0.10487,-0.41907,-0.14998,-0.01105,-0.04612,0.86753,0.10747,0.19727,-0.57278,-0.11905,0.04205,0.05967
17.98,-0.57892,-0.11351,-0.3145,-0.36943,-0.59119,0.12675,0.86363,-0.00841,-0.11762,0.00082,-0.17589,-0.037,2.904,-1.98595,-1.521,1.93194,1.62126,-1.313,-0.38197,2.904,0.98079,1.521,2.29571,-1.01403,-1.313,0.38197,1.10461,-0.1518,-0.10742,-0.42064,-0.15191,-0.01057,-0.04599,0.86254,0.09958,0.20943,-0.57171,-0.11762,0.04301,0.06003
18,-0.58138,-0.11517,-0.32237,-0.38864,-0.58878,0.13234,0.86298,-0.01136,-0.11697,-0.00514,-0.17894,-0.037,2.904,-1.98903,-1.521,1.92673,1.62006,-1.313,-0.38197,2.904,0.98894,1.521,2.28265,-1.00805,-1.313,0.38196,1.11275,-0.15364,-0.10691,-0.42189,-0.15372,-0.01031,-0.04596,0.85929,0.09038,0.21632,-0.57109,-0.1166,0.04438,0.06062
18.02,-0.58367,-0.11687,-0.32936,-0.40457,-0.58818,0.13895,0.8646,-0.01408,-0.11613,-0.01129,-0.18248,-0.037,2.904,-1.99419,-1.521,1.92084,1.61163,-1.313,-0.38197,2.904,0.99869,1.521,2.26595,-1.00428,-1.313,0.38196,1.12239,-0.1542,-0.09709,-0.4229,-0.15513,-0.01078,-0.04623,0.86076,0.07723,0.20825,-0.57165,-0.11665,0.04698,0.06184
18.04,-0.58587,-0.11855,-0.33596,-0.41913,-0.58823,0.14588,0.86704,-0.01668,-0.11518,-0.01751,-0.18615,-0.037,2.904,-1.99999,-1.521,1.91483,1.60075,-1.313,-0.38197,2.904,1.00917,1.521,2.24802,-1.00144,-1.313,0.38196,1.13226,-0.15434,-0.08432,-0.4235,-0.15642,-0.01145,-0.04659,0.86392,0.06286,0.19513,-0.57262,-0.1171,0.04997,0.06327
18.06,-0.58809,-0.1202,-0.34266,-0.4341,-0.58792,0.15255,0.86904,-0.01931,-0.11428,-0.0236,-0.18971,-0.037,2.904,-2.00536,-1.521,1.90902,1.59125,-1.313,-0.38197,2.904,1.01927,1.521,2.23095,-0.99824,-1.313,0.38196,1.14165,-0.15475,-0.07343,-0.42395,-0.1578,-0.01198,-0.04688,0.86621,0.04937,0.18495,-0.57336,-0.11735,0.05269,0.06457
18.08,-0.59041,-0.12203,-0.34967,-0.45001,-0.58787,0.15972,0.87134,-0.02206,-0.11337,-0.03015,-0.19349,-0.037,2.904,-2.01133,-1.521,1.90259,1.5806,-1.313,-0.38197,2.904,1.02977,1.521,2.21245,-0.99479,-1.313,0.38196,1.15263,-0.15486,-0.0603,-0.42578,-0.15907,-0.01273,-0.04728,0.86896,0.03449,0.17197,-0.57432,-0.11767,0.05581,0.06605
18.1,-0.59249,-0.12348,-0.35593,-0.4636,-0.58744,0.16591,0.87321,-0.02452,-0.11244,-0.03574,-0.19684,-0.037,2.904,-2.01619,-1.521,1.89744,1.57179,-1.313,-0.38197,2.904,1.03949,1.521,2.19673,-0.99208,-1.313,0.38196,1.16037,-0.15548,-0.05108,-0.42467,-0.16052,-0.01307,-0.04748,0.87115,0.02223,0.16363,-0.57491,-0.11795,0.05819,0.06719
18.12,-0.59401,-0.12388,-0.36028,-0.47129,-0.58574,0.16943,0.87363,-0.02628,-0.11158,-0.03876,-0.19911,-0.037,2.904,-2.01787,-1.521,1.8958,1.56853,-1.313,-0.38198,2.904,1.04731,1.521,2.18856,-0.99115,-1.313,0.38196,1.15903,-0.15774,-0.05382,-0.41546,-0.1625,-0.0122,-0.04712,0.87134,0.01744,0.16944,-0.57437,-0.11801,0.05844,0.06734
18.14,-0.59528,-0.12389,-0.36386,-0.47667,-0.58365,0.17195,0.87359,-0.02774,-0.11068,-0.0408,-0.20094,-0.037,2.904,-2.0184,-1.521,1.89546,1.56721,-1.313,-0.38198,2.904,1.05423,1.521,2.18331,-0.99094,-1.313,0.38196,1.15444,-0.16051,-0.06052,-0.40334,-0.16466,-0.01092,-0.04656,0.87092,0.01536,0.18009,-0.57344,-0.11802,0.05795,0.06714
18.16,-0.59664,-0.12408,-0.36774,-0.48302,-0.5818,0.17485,0.87378,-0.02928,-0.10973,-0.04322,-0.20288,-0.037,2.904,-2.01944,-1.521,1.89454,1.56508,-1.313,-0.38199,2.904,1.06128,1.521,2.177,-0.99044,-1.313,0.38196,1.15138,-0.16296,-0.06512,-0.39262,-0.16672,-0.00985,-0.04611,0.87081,0.0121,0.18846,-0.57269,-0.11805,0.05781,0.0671
18.18,-0.59811,-0.12428,-0.3718,-0.48968,-0.57973,0.17806,0.8739,-0.03104,-0.10906,-0.04592,-0.20519,-0.037,2.904,-2.02058,-1.521,1.89354,1.56261,-1.313,-0.38199,2.904,1.06952,1.521,2.16955,-0.98982,-1.313,0.38197,1.14809,-0.16576,-0.0709,-0.38151,-0.16886,-0.00866,-0.0456,0.87063,0.00856,0.19697,-0.57196,-0.11811,0.05764,0.06706
18.2,-0.5993,-0.12437,-0.37532,-0.49512,-0.578,0.18038,0.87406,-0.03227,-0.1078,-0.0478,-0.20664,-0.037,2.904,-2.02119,-1.521,1.89304,1.56131,-1.313,-0.38199,2.904,1.0751,1.521,2.16516,-0.98962,-1.313,0.38197,1.14452,-0.16797,-0.0752,-0.37056,-0.17088,-0.00764,-0.04517,0.87042,0.00627,0.2064,-0.57108,-0.11809,0.05733,0.06693
18.22,-0.5998,-0.1243,-0.37758,-0.49801,-0.57722,0.18044,0.87447,-0.03206,-0.10486,-0.04766,-0.20584,-0.037,2.904,-2.02099,-1.521,1.8933,1.56283,-1.313,-0.38199,2.904,1.07312,1.521,2.16859,-0.99036,-1.313,0.38197,1.14086,-0.16838,-0.0744,-0.36052,-0.1726,-0.00712,-0.04499,0.87015,0.00678,0.21732,-0.56988,-0.11786,0.05689,0.06662
18.24,-0.60004,-0.12414,-0.37933,-0.4997,-0.57679,0.17964,0.87494,-0.03132,-0.10135,-0.04674,-0.2042,-0.037,2.904,-2.02019,-1.521,1.89409,1.56541,-1.313,-0.38199,2.904,1.06861,1.521,2.17496,-0.99152,-1.313,0.38197,1.13707,-0.1682,-0.07198,-0.35078,-0.1742,-0.00679,-0.0449,0.86987,0.00845,0.22898,-0.56856,-0.11755,0.05634,0.06623
18.26,-0.60039,-0.12402,-0.3813,-0.50178,-0.57622,0.17925,0.87538,-0.03086,-0.09815,-0.04619,-0.20295,-0.037,2.904,-2.01945,-1.521,1.89478,1.56752,-1.313,-0.38198,2.904,1.06553,1.521,2.17993,-0.99254,-1.313,0.38197,1.13342,-0.16834,-0.07032,-0.34106,-0.17582,-0.00641,-0.04479,0.86964,0.00959,0.24023,-0.56732,-0.11727,0.0558,0.06587
18.28,-0.60075,-0.12388,-0.3833,-0.50448,-0.57555,0.17874,0.87578,-0.03025,-0.09473,-0.04552,-0.20168,-0.037,2.904,-2.01971,-1.521,1.8948,1.56981,-1.313,-0.38198,2.904,1.06114,1.521,2.18533,-0.99334,-1.313,0.38197,1.1293,-0.16825,-0.06868,-0.33058,-0.17757,-0.00589,-0.04462,0.8692,0.01085,0.25197,-0.56598,-0.11702,0.05537,0.06553
18.3,-0.60105,-0.12376,-0.38513,-0.50559,-0.57517,0.17829,0.8763,-0.02981,-0.09162,-0.04497,-0.20024,-0.037,2.904,-2.01757,-1.521,1.89647,1.57173,-1.313,-0.38197,2.904,1.059,1.521,2.1904,-0.99473,-1.313,0.38197,1.12617,-0.16851,-0.06658,-0.32181,-0.17903,-0.0057,-0.04459,0.86921,0.01209,0.26277,-0.56481,-0.11669,0.05471,0.06512
18.32,-0.60125,-0.12369,-0.38664,-0.50283,-0.57561,0.17835,0.8771,-0.02997,-0.08956,-0.04468,-0.19862,-0.037,2.904,-2.01047,-1.521,1.90128,1.57424,-1.313,-0.38197,2.904,1.0627,1.521,2.19451,-0.99728,-1.313,0.38197,1.12592,-0.16987,-0.06352,-0.31754,-0.17972,-0.00628,-0.04495,0.8705,0.01304,0.27119,-0.56417,-0.11611,0.05343,0.06454
18.34,-0.60141,-0.12362,-0.388,-0.49849,-0.57632,0.17849,0.87803,-0.03032,-0.08782,-0.04461,-0.19685,-0.037,2.904,-2.00069,-1.521,1.90791,1.576,-1.313,-0.38197,2.904,1.06893,1.521,2.19799,-1.00046,-1.313,0.38197,1.12666,-0.1716,-0.06007,-0.31501,-0.18013,-0.0072,-0.04546,0.87223,0.0139,0.27855,-0.56371,-0.11547,0.05193,0.06388
18.36,-0.6016,-0.12354,-0.38942,-0.49474,-0.57685,0.17853,0.87891,-0.03056,-0.08591,-0.04463,-0.1951,-0.037,2.904,-1.99112,-1.521,1.91465,1.57686,-1.313,-0.38198,2.904,1.07469,1.521,2.20132,-1.0036,-1.313,0.38196,1.1269,-0.17318,-0.05683,-0.31176,-0.18066,-0.008,-0.04591,0.87373,0.01477,0.28613,-0.56315,-0.11487,0.05054,0.06326
18.38,-0.60177,-0.1235,-0.39087,-0.49148,-0.57762,0.1788,0.87972,-0.03085,-0.08409,-0.04384,-0.19354,-0.037,2.904,-1.98575,-1.521,1.91771,1.58294,-1.313,-0.38198,2.904,1.07756,1.521,2.20674,-1.00574,-1.313,0.38196,1.12734,-0.17468,-0.05335,-0.30822,-0.18119,-0.00866,-0.04631,0.87538,0.01583,0.29484,-0.56266,-0.1142,0.04908,0.06261
18.4,-0.60195,-0.12338,-0.39221,-0.48685,-0.57795,0.17862,0.88074,-0.03109,-0.08213,-0.0448,-0.19153,-0.037,2.904,-1.97104,-1.521,1.92856,1.57803,-1.313,-0.38198,2.904,1.08699,1.521,2.20742,-1.01009,-1.313,0.38196,1.12759,-0.17643,-0.05034,-0.30569,-0.18166,-0.00967,-0.04686,0.87682,0.01645,0.30096,-0.56208,-0.11366,0.04772,0.06201
18.42,-0.60214,-0.12303,-0.39331,-0.47866,-0.57697,0.17722,0.88225,-0.03118,-0.08018,-0.05044,-0.18845,-0.037,2.90401,-1.93099,-1.521,1.96296,1.54217,-1.313,-0.38198,2.904,1.11477,1.521,2.19676,-1.0206,-1.313,0.38196,1.12716,-0.17871,-0.04828,-0.30558,-0.18203,-0.01164,-0.04782,0.87769,0.01584,0.30007,-0.56118,-0.11351,0.04665,0.0615
18.44,-0.60233,-0.1226,-0.3943,-0.46919,-0.57551,0.17538,0.88399,-0.03121,-0.078,-0.05783,-0.18489,-0.037,2.90399,-1.88168,-1.52099,2.0046,1.49543,-1.31299,-0.38198,2.904,1.14893,1.521,2.18098,-1.03329,-1.313,0.38196,1.12648,-0.18122,-0.04679,-0.30642,-0.18236,-0.01392,-0.04892,0.87833,0.01479,0.29664,-0.56018,-0.11349,0.04568,0.06103
18.46,-0.6025,-0.12221,-0.39532,-0.46044,-0.57427,0.17374,0.88568,-0.03125,-0.07562,-0.06448,-0.18148,-0.037,2.90401,-1.83678,-1.52101,2.04141,1.45414,-1.31301,-0.38199,2.904,1.17961,1.521,2.16655,-1.04484,-1.313,0.38196,1.12586,-0.18365,-0.04538,-0.30677,-0.18271,-0.016,-0.04993,0.87902,0.01396,0.29446,-0.55925,-0.11341,0.04467,0.06054
18.48,-0.60276,-0.1218,-0.39639,-0.45104,-0.57307,0.17209,0.88715,-0.03138,-0.07455,-0.07094,-0.17839,-0.037,2.90401,-1.79099,-1.52101,2.0851,1.4106,-1.313,-0.382,2.904,1.21277,1.521,2.15645,-1.05702,-1.313,0.38196,1.12551,-0.18603,-0.04258,-0.3074,-0.18304,-0.01836,-0.05107,0.87994,0.01302,0.29187,-0.55824,-0.11336,0.04361,0.06003
18.5,-0.60283,-0.12141,-0.39734,-0.44274,-0.57165,0.17036,0.88913,-0.03131,-0.07066,-0.07819,-0.1745,-0.037,2.90393,-1.74484,-1.52094,2.11578,1.36926,-1.31295,-0.38199,2.904,1.24229,1.521,2.13583,-1.0684,-1.313,0.38196,1.12452,-0.18853,-0.04275,-0.30766,-0.1834,-0.02021,-0.05196,0.88033,0.01221,0.28953,-0.55735,-0.11327,0.0427,0.05959
18.52,-0.60239,-0.12112,-0.39802,-0.43764,-0.56974,0.16848,0.89246,-0.03076,-0.05922,-0.0874,-0.16854,-0.037,2.90416,-1.70042,-1.52115,2.11172,1.33601,-1.31311,-0.38201,2.904,1.26014,1.521,2.08966,-1.07703,-1.313,0.38196,1.12178,-0.1914,-0.05146,-0.30664,-0.18384,-0.02056,-0.05211,0.8794,0.01189,0.28852,-0.55681,-0.11307,0.04216,0.05933
18.54,-0.60175,-0.12085,-0.39858,-0.43372,-0.56761,0.16653,0.89629,-0.03002,-0.04492,-0.0973,-0.16181,-0.037,2.90381,-1.65597,-1.52083,2.09366,1.30547,-1.31287,-0.38198,2.904,1.27418,1.521,2.03252,-1.0848,-1.31299,0.38196,1.1184,-0.19435,-0.06306,-0.30521,-0.18433,-0.02041,-0.05201,0.87795,0.01172,0.28786,-0.55638,-0.11283,0.04177,0.05914
18.56,-0.6012,-0.12056,-0.3992,-0.4294,-0.56557,0.16461,0.89987,-0.02932,-0.03183,-0.10675,-0.15541,-0.037,2.90392,-1.61119,-1.52093,2.08014,1.27415,-1.31295,-0.38199,2.904,1.28995,1.521,1.97906,-1.09293,-1.313,0.38196,1.1153,-0.19718,-0.07302,-0.30398,-0.18478,-0.0205,-0.05204,0.8767,0.01148,0.28701,-0.5559,-0.1126,0.04132,0.05893
18.58,-0.60066,-0.12029,-0.3998,-0.42452,-0.56355,0.16265,0.90355,-0.02879,-0.0191,-0.11684,-0.14903,-0.037,2.90492,-1.56727,-1.52182,2.0749,1.24063,-1.31361,-0.38208,2.904,1.3057,1.521,1.93145,-1.10117,-1.313,0.38195,1.11221,-0.20035,-0.08436,-0.3027,-0.18525,-0.02051,-0.05201,0.8756,0.01122,0.28617,-0.55542,-0.11239,0.04082,0.05868
18.6,-0.60004,-0.12,-0.40041,-0.42106,-0.56146,0.1608,0.90715,-0.02789,-0.00497,-0.12574,-0.14247,-0.037,2.90176,-1.52198,-1.51898,2.0486,1.21236,-1.31151,-0.38177,2.904,1.32084,1.521,1.86849,-1.10904,-1.31298,0.38194,1.109,-0.20285,-0.09351,-0.30145,-0.18576,-0.02059,-0.05204,0.87408,0.01102,0.28547,-0.55495,-0.11215,0.04047,0.05852
18.62,-0.59923,-0.11963,-0.40102,-0.42167,-0.55915,0.15908,0.91035,-0.02582,0.01249,-0.13108,-0.13535,-0.037,2.90677,-1.47031,-1.52352,1.97087,1.19925,-1.31485,-0.38226,2.904,1.33201,1.521,1.77139,-1.11544,-1.31304,0.38197,1.10506,-0.20324,-0.09593,-0.30002,-0.18593,-0.02085,-0.05225,0.87142,0.0111,0.28467,-0.5545,-0.11185,0.04064,0.05859
18.64,-0.59835,-0.11924,-0.40164,-0.4236,-0.55679,0.15751,0.91347,-0.02342,0.03121,-0.13517,-0.12811,-0.037,2.90461,-1.41777,-1.52148,1.87186,1.19124,-1.31337,-0.38203,2.904,1.34315,1.521,1.65845,-1.12169,-1.31295,0.38193,1.1011,-0.20299,-0.09604,-0.29868,-0.18622,-0.02123,-0.05254,0.86838,0.01121,0.28408,-0.55404,-0.11152,0.04096,0.05873
18.66,-0.59751,-0.11886,-0.40226,-0.42464,-0.55451,0.15602,0.91667,-0.02129,0.04922,-0.13988,-0.12107,-0.037,2.89213,-1.36743,-1.51042,1.78027,1.18001,-1.30516,-0.38083,2.904,1.35653,1.521,1.54883,-1.12834,-1.31298,0.38195,1.09751,-0.20318,-0.09717,-0.29754,-0.18677,-0.02164,-0.05285,0.86559,0.0112,0.28368,-0.55355,-0.1112,0.04115,0.05881
18.68,-0.59661,-0.11848,-0.40284,-0.4269,-0.55197,0.15394,0.9197,-0.01863,0.06793,-0.14446,-0.11341,-0.037,2.93435,-1.30956,-1.54831,1.69735,1.17235,-1.33314,-0.38495,2.904,1.36088,1.521,1.45417,-1.13327,-1.31323,0.38208,1.09246,-0.20278,-0.09849,-0.29541,-0.18606,-0.02169,-0.05293,0.86248,0.01162,0.28215,-0.5532,-0.1109,0.0416,0.05902
18.7,-0.59581,-0.11809,-0.4035,-0.42695,-0.54996,0.15309,0.92304,-0.01701,0.08544,-0.14896,-0.107,-0.037,2.86423,-1.26703,-1.48483,1.59193,1.15882,-1.28644,-0.378,2.90399,1.38346,1.521,1.32602,-1.14212,-1.31243,0.38169,1.09037,-0.20344,-0.09889,-0.29533,-0.18795,-0.02251,-0.05349,0.85993,0.01115,0.28295,-0.55255,-0.11056,0.04155,0.05898
18.72,-0.59533,-0.11768,-0.40437,-0.42042,-0.54956,0.15581,0.9274,-0.01845,0.09945,-0.15382,-0.1043,-0.037,2.45717,-1.26856,-1.12537,1.42584,1.1246,-1.01897,-0.33908,2.90403,1.46188,1.521,1.09821,-1.15843,-1.31372,0.38232,1.09695,-0.2074,-0.09678,-0.30128,-0.19736,-0.02544,-0.05538,0.85915,0.00818,0.29081,-0.55102,-0.11008,0.04002,0.05824
18.74,-0.59494,-0.11726,-0.40531,-0.41165,-0.54967,0.15971,0.93203,-0.02094,0.11219,-0.15859,-0.10283,-0.037,1.94244,-1.28531,-0.66788,1.23864,1.08484,-0.67944,-0.28933,2.90396,1.55771,1.521,0.8393,-1.17915,-1.3131,0.38205,1.10641,-0.21243,-0.09391,-0.30921,-0.2093,-0.02912,-0.05773,0.85893,0.00433,0.30091,-0.54919,-0.10955,0.038,0.05725
18.76,-0.5945,-0.11685,-0.40622,-0.40401,-0.54945,0.16292,0.9364,-0.02289,0.12544,-0.16321,-0.10066,-0.037,1.49597,-1.29412,-0.26631,1.06356,1.04983,-0.38324,-0.24563,2.90399,1.64196,1.521,0.60198,-1.20027,-1.31005,0.38053,1.11421,-0.21686,-0.09172,-0.31596,-0.21983,-0.03244,-0.05985,0.85838,0.00091,0.30954,-0.54753,-0.10906,0.03626,0.05641
18.78,-0.59409,-0.11641,-0.40711,-0.39594,-0.54965,0.16679,0.94132,-0.02508,0.13903,-0.1686,-0.09906,-0.037,0.96844,-1.30718,0.18534,0.87687,1.00587,-0.04225,-0.19723,2.90416,1.74152,1.521,0.3328,-1.21191,-1.3207,0.38577,1.12345,-0.22174,-0.08804,-0.32388,-0.23148,-0.03587,-0.06206,0.85811,-0.00266,0.32004,-0.54569,-0.10851,0.03426,0.05544
18.8,-0.59364,-0.11603,-0.40807,-0.38821,-0.54911,0.16957,0.94519,-0.02703,0.15159,-0.17239,-0.09658,-0.037,0.58327,-1.31507,0.55358,0.7099,0.97881,0.22254,-0.15592,2.90359,1.81353,1.521,0.12258,-1.24349,-1.30267,0.377,1.1304,-0.22595,-0.08729,-0.32985,-0.24139,-0.03924,-0.06418,0.85741,-0.00612,0.32721,-0.54417,-0.10807,0.03269,0.05467
18.82,-0.59304,-0.11582,-0.40922,-0.38203,-0.54634,0.16896,0.94598,-0.02801,0.16161,-0.17166,-0.09123,-0.037,0.62632,-1.30447,0.68788,0.60046,1.00275,0.25893,-0.13813,2.90452,1.80336,1.521,0.08484,-1.33658,-1.20334,0.32728,1.13016,-0.22791,-0.09517,-0.32988,-0.24586,-0.04229,-0.06597,0.85535,-0.009,0.32429,-0.54357,-0.10797,0.03247,0.05458
18.84,-0.59239,-0.11567,-0.41045,-0.37624,-0.54282,0.16723,0.94573,-0.02872,0.17062,-0.16936,-0.085,-0.037,0.81473,-1.28826,0.73155,0.51214,1.04335,0.21625,-0.12768,2.90407,1.7652,1.521,0.10721,-1.44826,-1.07574,0.26396,1.12753,-0.22917,-0.10598,-0.32789,-0.2485,-0.04525,-0.06764,0.85286,-0.01174,0.318,-0.54328,-0.10798,0.03269,0.0547
18.86,-0.59176,-0.11549,-0.41164,-0.37023,-0.5397,0.16609,0.94604,-0.02957,0.18012,-0.16789,-0.07928,-0.037,0.93088,-1.27491,0.80266,0.41562,1.07425,0.2099,-0.11297,2.90191,1.74105,1.521,0.10076,-1.54641,-0.96271,0.20852,1.12609,-0.23082,-0.11527,-0.32688,-0.25198,-0.04822,-0.06935,0.8506,-0.01456,0.31348,-0.54285,-0.10793,0.03268,0.0547
18.88,-0.59115,-0.1153,-0.41282,-0.36434,-0.53635,0.16467,0.94597,-0.03039,0.18949,-0.16595,-0.0731,-0.037,1.0695,-1.26069,0.93307,0.31237,1.11369,0.20411,-0.10155,2.9095,1.71206,1.521,0.09949,-1.66586,-0.84216,0.14592,1.1243,-0.23219,-0.12538,-0.3257,-0.25549,-0.05135,-0.07114,0.84819,-0.01735,0.30805,-0.54243,-0.1079,0.03277,0.05476
18.9,-0.59048,-0.11516,-0.41405,-0.35831,-0.5333,0.16355,0.94645,-0.03119,0.19885,-0.16461,-0.06768,-0.037,1.1972,-1.24685,0.91989,0.22854,1.13971,0.17781,-0.08545,2.89658,1.6863,1.521,0.1022,-1.7457,-0.73079,0.09497,1.12262,-0.23397,-0.13442,-0.32436,-0.25846,-0.05412,-0.07273,0.84599,-0.02016,0.30367,-0.54208,-0.10787,0.03276,0.05476
18.92,-0.58963,-0.11511,-0.41539,-0.35181,-0.53135,0.16359,0.94881,-0.03198,0.20873,-0.16528,-0.06451,-0.037,1.25994,-1.23448,0.5083,0.19228,1.12166,0.11063,-0.0521,2.82636,1.67612,1.521,0.10052,-1.70817,-0.65009,0.07996,1.12191,-0.23712,-0.14028,-0.32302,-0.26041,-0.05599,-0.0738,0.84452,-0.02313,0.30306,-0.54184,-0.1078,0.03237,0.05455
18.94,-0.58871,-0.11511,-0.41676,-0.34517,-0.52972,0.16394,0.95175,-0.03274,0.21858,-0.16662,-0.06215,-0.037,1.30707,-1.22276,-0.04076,0.17511,1.09007,0.02582,-0.01427,2.7358,1.67013,1.521,0.10104,-1.63075,-0.57992,0.07708,1.12133,-0.24071,-0.1449,-0.32161,-0.26186,-0.0575,-0.07467,0.84327,-0.02612,0.30362,-0.54168,-0.10772,0.03188,0.05426
18.96,-0.58782,-0.11509,-0.41812,-0.33858,-0.52791,0.1641,0.95438,-0.0335,0.22825,-0.16768,-0.05948,-0.037,1.36142,-1.21129,-0.5114,0.14989,1.06665,-0.04889,0.01975,2.65515,1.66229,1.52099,0.10111,-1.57383,-0.50593,0.06835,1.12061,-0.24407,-0.14973,-0.32028,-0.26352,-0.05915,-0.07561,0.84189,-0.02906,0.30359,-0.54149,-0.10765,0.03143,0.05401
18.98,-0.58695,-0.11508,-0.41949,-0.33203,-0.52621,0.16445,0.95717,-0.03433,0.23872,-0.16858,-0.05656,-0.037,1.42027,-1.19737,-1.05198,0.12276,1.03538,-0.135,0.06085,2.5714,1.65326,1.521,0.10091,-1.50756,-0.42678,0.06056,1.12018,-0.24753,-0.15603,-0.31865,-0.26521,-0.06091,-0.07661,0.84064,-0.03218,0.30364,-0.54129,-0.10757,0.031,0.05376
19,-0.58602,-0.11505,-0.42083,-0.32538,-0.52438,0.1645,0.95977,-0.03501,0.24751,-0.16999,-0.05436,-0.037,1.46414,-1.18875,-1.47898,0.10387,1.0169,-0.20071,0.08854,2.48959,1.64806,1.52099,0.10104,-1.45103,-0.36135,0.0539,1.11919,-0.25091,-0.1591,-0.31766,-0.26672,-0.06235,-0.07745,0.83916,-0.03492,0.30389,-0.54113,-0.10751,0.0305,0.05348
19.02,-0.58488,-0.11499,-0.42203,-0.31844,-0.52217,0.16361,0.96182,-0.0353,0.25181,-0.17261,-0.05391,-0.037,1.47017,-1.19476,-1.55298,0.10311,1.03825,-0.20401,0.0767,2.41568,1.65263,1.52094,0.10101,-1.43131,-0.33063,0.04719,1.11664,-0.25383,-0.15218,-0.31838,-0.26802,-0.06306,-0.07788,0.83703,-0.0367,0.30414,-0.54106,-0.10746,0.02983,0.05317
19.04,-0.58367,-0.11492,-0.4232,-0.31142,-0.51982,0.16241,0.96367,-0.03545,0.25442,-0.17572,-0.05416,-0.037,1.46098,-1.20607,-1.50851,0.10987,1.07263,-0.18611,0.05151,2.3449,1.661,1.52087,0.10102,-1.42266,-0.31362,0.04132,1.11352,-0.25668,-0.14226,-0.31977,-0.26915,-0.06345,-0.07815,0.83465,-0.03807,0.30461,-0.54103,-0.10743,0.02909,0.05283
19.06,-0.58252,-0.11486,-0.42438,-0.30447,-0.51753,0.16135,0.96556,-0.03565,0.25773,-0.1786,-0.05413,-0.037,1.45824,-1.21487,-1.52162,0.11303,1.10019,-0.17872,0.03343,2.27429,1.66764,1.52082,0.10105,-1.40877,-0.29088,0.03531,1.11065,-0.25969,-0.13462,-0.32089,-0.27026,-0.06396,-0.07848,0.83236,-0.03957,0.30521,-0.54099,-0.10741,0.02836,0.05249
19.08,-0.58128,-0.11477,-0.42557,-0.29735,-0.51527,0.16029,0.96766,-0.03588,0.26132,-0.18151,-0.054,-0.037,1.45707,-1.22415,-1.52392,0.11763,1.13113,-0.16834,0.01113,2.19619,1.67445,1.52074,0.10106,-1.39437,-0.26637,0.02871,1.10783,-0.26222,-0.1232,-0.32185,-0.27173,-0.06456,-0.07888,0.83016,-0.04132,0.30495,-0.54095,-0.10734,0.0277,0.05219
19.1,-0.5802,-0.11473,-0.42673,-0.29059,-0.5129,0.15917,0.96927,-0.03603,0.26392,-0.18449,-0.05422,-0.037,1.44916,-1.23365,-1.51863,0.12081,1.15824,-0.15887,-0.00565,2.13475,1.68174,1.5207,0.10108,-1.38416,-0.24866,0.02337,1.10476,-0.26568,-0.11879,-0.3233,-0.27243,-0.0649,-0.07909,0.82772,-0.04245,0.30645,-0.5409,-0.10736,0.02688,0.05182
19.12,-0.57959,-0.1148,-0.4278,-0.28475,-0.51027,0.158,0.96957,-0.03604,0.26419,-0.18753,-0.05528,-0.037,1.42643,-1.24263,-1.52195,0.11776,1.17228,-0.15728,-0.00334,2.11823,1.68972,1.52074,0.10107,-1.38311,-0.24636,0.02126,1.10113,-0.272,-0.13584,-0.32596,-0.27094,-0.06454,-0.07883,0.82467,-0.04184,0.31328,-0.54076,-0.10767,0.02558,0.05123
19.14,-0.57915,-0.1149,-0.42883,-0.2793,-0.50751,0.15678,0.9694,-0.03598,0.26351,-0.19064,-0.05666,-0.037,1.3975,-1.2516,-1.52089,0.11303,1.18198,-0.15722,0.00487,2.11853,1.698,1.52081,0.10105,-1.38603,-0.25037,0.02034,1.09728,-0.27921,-0.15981,-0.32908,-0.26871,-0.06393,-0.0784,0.82139,-0.04063,0.32178,-0.54061,-0.10807,0.02413,0.05058
19.16,-0.57863,-0.11498,-0.42987,-0.27372,-0.50479,0.15559,0.96944,-0.03594,0.26326,-0.19374,-0.05787,-0.037,1.37138,-1.26046,-1.52076,0.10929,1.19328,-0.15628,0.00999,2.11143,1.70595,1.52087,0.10104,-1.38712,-0.25144,0.01884,1.09353,-0.28584,-0.1797,-0.33197,-0.2669,-0.06346,-0.07807,0.81821,-0.03976,0.32918,-0.54048,-0.10841,0.02278,0.04997
19.18,-0.57814,-0.11508,-0.43096,-0.26792,-0.50215,0.15439,0.96946,-0.03591,0.26295,-0.19677,-0.05923,-0.037,1.34467,-1.27002,-1.52113,0.10488,1.20655,-0.15542,0.01638,2.10336,1.71487,1.52093,0.10102,-1.38866,-0.2533,0.01752,1.08975,-0.29322,-0.20337,-0.33495,-0.26475,-0.06288,-0.07765,0.81504,-0.03859,0.33804,-0.5403,-0.1088,0.02127,0.0493
19.2,-0.57762,-0.11516,-0.43193,-0.26267,-0.49933,0.15319,0.96942,-0.03586,0.26256,-0.19994,-0.06035,-0.037,1.318,-1.27803,-1.52088,0.10137,1.21458,-0.15501,0.02171,2.1013,1.72177,1.52098,0.10101,-1.39008,-0.25483,0.01611,1.08599,-0.29924,-0.22094,-0.33784,-0.26312,-0.06248,-0.07736,0.8118,-0.03791,0.34425,-0.54021,-0.10912,0.02007,0.04876
19.22,-0.57699,-0.11515,-0.43257,-0.25884,-0.49592,0.15197,0.96926,-0.03572,0.26231,-0.20354,-0.06073,-0.037,1.29245,-1.28182,-1.52096,0.10078,1.20863,-0.15558,0.02267,2.11158,1.72312,1.52099,0.10101,-1.39016,-0.2537,0.01399,1.08236,-0.30125,-0.21923,-0.34049,-0.26317,-0.06268,-0.07745,0.80831,-0.03881,0.34271,-0.54034,-0.10924,0.01976,0.04859
19.24,-0.57632,-0.11512,-0.43308,-0.25556,-0.49236,0.15075,0.96906,-0.03556,0.26201,-0.20725,-0.06085,-0.037,1.26734,-1.28402,-1.52098,0.10113,1.19758,-0.15662,0.02244,2.12734,1.72238,1.52099,0.10101,-1.38991,-0.25199,0.01175,1.07877,-0.30187,-0.21128,-0.34301,-0.26375,-0.06308,-0.07766,0.80478,-0.04023,0.33845,-0.54055,-0.10928,0.01975,0.04857
19.26,-0.57568,-0.11509,-0.43363,-0.25202,-0.48893,0.14953,0.96891,-0.03542,0.26166,-0.21085,-0.0611,-0.037,1.24244,-1.28688,-1.52096,0.10101,1.18917,-0.15745,0.02283,2.14069,1.72252,1.52099,0.101,-1.38978,-0.25059,0.00964,1.07517,-0.30317,-0.20671,-0.3455,-0.26404,-0.06337,-0.0778,0.80133,-0.04137,0.33547,-0.54072,-0.10935,0.01961,0.04848
19.28,-0.57501,-0.11508,-0.43427,-0.24849,-0.48522,0.14831,0.96861,-0.0352,0.26157,-0.21472,-0.06133,-0.037,1.21555,-1.28999,-1.52099,0.10099,1.17928,-0.15832,0.02303,2.15433,1.72298,1.52099,0.101,-1.39,-0.24919,0.00722,1.07153,-0.30432,-0.20013,-0.34835,-0.2645,-0.06371,-0.07798,0.7976,-0.04267,0.33235,-0.54092,-0.10943,0.01946,0.04839
19.3,-0.57439,-0.11503,-0.43469,-0.2451,-0.48206,0.1471,0.96862,-0.03516,0.26095,-0.21804,-0.06153,-0.037,1.19303,-1.29221,-1.52099,0.10102,1.17129,-0.1592,0.02331,2.16843,1.72227,1.52099,0.101,-1.38928,-0.24759,0.00542,1.06799,-0.30541,-0.19609,-0.35043,-0.26475,-0.06401,-0.07813,0.79445,-0.04376,0.32888,-0.54107,-0.10948,0.0194,0.04835
19.32,-0.5739,-0.11487,-0.43458,-0.24179,-0.48042,0.14589,0.96959,-0.03566,0.25882,-0.21993,-0.06168,-0.037,1.18212,-1.29236,-1.52099,0.101,1.16994,-0.16003,0.02392,2.18261,1.71871,1.52099,0.101,-1.38668,-0.24536,0.00521,1.06461,-0.30681,-0.20123,-0.35038,-0.26429,-0.06413,-0.07817,0.79291,-0.04422,0.3249,-0.54108,-0.10946,0.01955,0.04842
19.34,-0.57346,-0.11467,-0.43426,-0.23864,-0.47934,0.1447,0.97087,-0.03633,0.25617,-0.22126,-0.06179,-0.037,1.17568,-1.29166,-1.52099,0.101,1.17067,-0.16084,0.02464,2.19695,1.71406,1.52099,0.101,-1.38301,-0.24295,0.00563,1.06136,-0.30817,-0.20899,-0.34956,-0.26361,-0.06421,-0.07819,0.79195,-0.04446,0.32068,-0.54104,-0.1094,0.01979,0.04855
19.36,-0.573,-0.11449,-0.43403,-0.23551,-0.47803,0.14355,0.97196,-0.0369,0.25381,-0.2228,-0.06193,-0.037,1.16744,-1.29134,-1.52099,0.101,1.17035,-0.16163,0.0254,2.21108,1.70997,1.52099,0.101,-1.37937,-0.24073,0.00586,1.05814,-0.30946,-0.21511,-0.34913,-0.26307,-0.06432,-0.07822,0.79073,-0.04478,0.31668,-0.54103,-0.10936,0.01998,0.04864
19.38,-0.57252,-0.11429,-0.43381,-0.23198,-0.47663,0.14222,0.97323,-0.03754,0.25123,-0.22452,-0.06204,-0.037,1.1582,-1.29102,-1.521,0.101,1.17028,-0.16256,0.02576,2.22608,1.70552,1.52099,0.101,-1.37757,-0.23806,0.00572,1.05454,-0.31109,-0.22294,-0.34855,-0.26241,-0.0644,-0.07824,0.78948,-0.04519,0.31212,-0.54098,-0.10931,0.0202,0.04876
19.4,-0.5721,-0.11413,-0.43352,-0.22933,-0.47555,0.14125,0.97421,-0.0381,0.24899,-0.22573,-0.06219,-0.037,1.15213,-1.2905,-1.521,0.101,1.17025,-0.1632,0.02697,2.23914,1.7016,1.52099,0.101,-1.37179,-0.23627,0.00647,1.05178,-0.312,-0.22788,-0.34811,-0.26193,-0.06452,-0.07829,0.78844,-0.04537,0.3087,-0.541,-0.10928,0.02037,0.04885
19.42,-0.57183,-0.1141,-0.43311,-0.22907,-0.47519,0.14127,0.97434,-0.03839,0.2478,-0.22569,-0.06245,-0.037,1.15371,-1.28968,-1.521,0.101,1.16982,-0.16304,0.03061,2.2473,1.69944,1.52099,0.101,-1.3543,-0.23695,0.00971,1.05119,-0.31101,-0.2244,-0.34815,-0.26199,-0.06481,-0.07845,0.78776,-0.04499,0.30863,-0.54117,-0.1093,0.02033,0.04883
19.44,-0.57163,-0.11411,-0.43264,-0.22971,-0.47514,0.14166,0.97415,-0.03859,0.24696,-0.22516,-0.06274,-0.037,1.15835,-1.2887,-1.52099,0.101,1.16939,-0.16259,0.03507,2.25336,1.69787,1.52099,0.101,-1.33301,-0.23851,0.01379,1.05146,-0.30929,-0.21793,-0.34837,-0.26224,-0.06516,-0.07865,0.78728,-0.04439,0.30972,-0.54141,-0.10933,0.02023,0.04878
19.46,-0.57141,-0.1141,-0.43219,-0.22997,-0.47497,0.14188,0.9741,-0.03884,0.24596,-0.22485,-0.06303,-0.037,1.16162,-1.28778,-1.52099,0.101,1.16899,-0.16229,0.03906,2.26001,1.69604,1.52099,0.101,-1.31409,-0.23967,0.01738,1.0514,-0.30787,-0.21271,-0.34857,-0.26241,-0.06548,-0.07883,0.78673,-0.0439,0.31023,-0.54162,-0.10935,0.02016,0.04876
19.48,-0.57115,-0.11409,-0.43177,-0.23012,-0.47475,0.14207,0.9741,-0.03909,0.24496,-0.22451,-0.06329,-0.037,1.16498,-1.28684,-1.52099,0.101,1.16854,-0.16193,0.04345,2.2682,1.69413,1.52099,0.101,-1.29243,-0.24082,0.02146,1.05111,-0.30656,-0.20795,-0.3485,-0.26257,-0.0658,-0.07901,0.7861,-0.04338,0.31096,-0.54181,-0.10939,0.02006,0.04871
19.5,-0.57097,-0.1141,-0.43126,-0.2307,-0.47471,0.14243,0.97391,-0.03931,0.24404,-0.22414,-0.06362,-0.037,1.16879,-1.28594,-1.52099,0.101,1.16817,-0.16161,0.0472,2.27269,1.69254,1.52099,0.101,-1.27556,-0.24219,0.0247,1.05149,-0.30487,-0.20158,-0.34905,-0.26279,-0.06612,-0.07919,0.78568,-0.04286,0.31149,-0.54207,-0.10939,0.02002,0.04869
19.52,-0.57101,-0.11417,-0.43055,-0.23227,-0.47506,0.14316,0.97328,-0.03949,0.24324,-0.22378,-0.06414,-0.037,1.17325,-1.28514,-1.52099,0.101,1.16798,-0.16147,0.04902,2.26732,1.69176,1.52099,0.101,-1.27305,-0.24403,0.02546,1.05352,-0.30221,-0.19069,-0.35118,-0.26319,-0.06646,-0.07939,0.78579,-0.04237,0.31127,-0.54252,-0.10928,0.02015,0.04875
19.54,-0.57111,-0.11427,-0.42974,-0.23424,-0.47557,0.14405,0.97247,-0.03965,0.24253,-0.2234,-0.06474,-0.037,1.178,-1.28439,-1.52099,0.101,1.16785,-0.16137,0.05015,2.25832,1.69127,1.52099,0.101,-1.27545,-0.24606,0.02533,1.05619,-0.29923,-0.1784,-0.35393,-0.26363,-0.06679,-0.07958,0.78611,-0.04188,0.31079,-0.54305,-0.10913,0.02035,0.04883
19.56,-0.57118,-0.11436,-0.42897,-0.23604,-0.47601,0.14486,0.97173,-0.03981,0.24179,-0.22305,-0.06531,-0.037,1.1825,-1.28366,-1.52099,0.101,1.16769,-0.16124,0.05158,2.25105,1.69062,1.52099,0.101,-1.27546,-0.24795,0.02555,1.05857,-0.29647,-0.16725,-0.35644,-0.26401,-0.06712,-0.07976,0.78632,-0.04139,0.31038,-0.54355,-0.109,0.02052,0.0489
19.58,-0.57127,-0.11445,-0.42825,-0.23783,-0.47646,0.1457,0.97103,-0.04001,0.24098,-0.22263,-0.06587,-0.037,1.18763,-1.28274,-1.52099,0.101,1.16752,-0.16113,0.0531,2.24334,1.69012,1.52099,0.101,-1.27599,-0.25007,0.026,1.06099,-0.29337,-0.15388,-0.35879,-0.26461,-0.06749,-0.07998,0.78657,-0.04092,0.31021,-0.54402,-0.10887,0.02069,0.04897
19.6,-0.57134,-0.11455,-0.4274,-0.23972,-0.47693,0.14652,0.97022,-0.04012,0.24035,-0.22234,-0.06646,-0.037,1.19145,-1.28223,-1.521,0.101,1.1674,-0.161,0.05425,2.23576,1.68937,1.52099,0.101,-1.27667,-0.25175,0.02577,1.06347,-0.29091,-0.14482,-0.36162,-0.26474,-0.06776,-0.08013,0.7868,-0.04041,0.30948,-0.54457,-0.10873,0.02088,0.04905
19.62,-0.57134,-0.11465,-0.42628,-0.24186,-0.47742,0.14723,0.96917,-0.04,0.24024,-0.22246,-0.0671,-0.037,1.19174,-1.28285,-1.521,0.101,1.16737,-0.16081,0.0545,2.22891,1.68782,1.52099,0.101,-1.27652,-0.25215,0.02377,1.06594,-0.29032,-0.14834,-0.36554,-0.26355,-0.06776,-0.08005,0.78698,-0.03983,0.3072,-0.54527,-0.10857,0.0211,0.04917
19.64,-0.57133,-0.11475,-0.42503,-0.24406,-0.47794,0.14792,0.96802,-0.0398,0.24029,-0.22273,-0.06777,-0.037,1.19065,-1.28388,-1.521,0.101,1.16738,-0.16061,0.0544,2.22243,1.68602,1.52099,0.101,-1.27637,-0.2521,0.02114,1.06846,-0.29039,-0.15621,-0.36993,-0.26189,-0.06766,-0.07989,0.78715,-0.0392,0.30437,-0.54603,-0.1084,0.02134,0.0493
19.66,-0.57132,-0.11485,-0.42382,-0.24617,-0.47845,0.14863,0.9669,-0.03965,0.24024,-0.22292,-0.06843,-0.037,1.19007,-1.28472,-1.521,0.101,1.16736,-0.16043,0.05448,2.2161,1.68435,1.52099,0.101,-1.27626,-0.25226,0.01885,1.07098,-0.29014,-0.16191,-0.37415,-0.26045,-0.06762,-0.07978,0.78732,-0.03858,0.30182,-0.54677,-0.10824,0.02157,0.04943
19.68,-0.57132,-0.11495,-0.42268,-0.24855,-0.47895,0.14932,0.96585,-0.03942,0.24035,-0.22314,-0.06908,-0.037,1.19001,-1.28559,-1.521,0.101,1.16736,-0.16017,0.05443,2.20821,1.68264,1.52099,0.101,-1.27614,-0.25242,0.01626,1.07346,-0.28996,-0.16839,-0.37821,-0.25898,-0.06755,-0.07965,0.78749,-0.03804,0.2991,-0.54749,-0.10807,0.02181,0.04957
19.7,-0.5713,-0.11507,-0.42136,-0.25038,-0.47947,0.15002,0.96463,-0.03935,0.24015,-0.22333,-0.06976,-0.037,1.18853,-1.28648,-1.521,0.101,1.16735,-0.16006,0.05459,2.20379,1.68094,1.52099,0.101,-1.27599,-0.25247,0.01418,1.076,-0.28979,-0.17428,-0.3827,-0.25745,-0.0675,-0.07953,0.78766,-0.03732,0.29662,-0.54827,-0.10791,0.02203,0.04968
19.72,-0.57122,-0.11524,-0.41962,-0.25072,-0.48004,0.15078,0.96306,-0.03975,0.23911,-0.22345,-0.07052,-0.037,1.18355,-1.28737,-1.521,0.101,1.16724,-0.16042,0.0553,2.20813,1.67931,1.52099,0.101,-1.27562,-0.25246,0.01355,1.07873,-0.28951,-0.17753,-0.38821,-0.25587,-0.06755,-0.07948,0.78781,-0.03619,0.29487,-0.5492,-0.10775,0.02225,0.04976
19.74,-0.57112,-0.11543,-0.41771,-0.25048,-0.48063,0.15154,0.96131,-0.04031,0.23775,-0.22352,-0.07131,-0.037,1.17718,-1.28823,-1.52098,0.101,1.16715,-0.16091,0.05627,2.21613,1.67771,1.52099,0.101,-1.27522,-0.25235,0.01348,1.08151,-0.28921,-0.18001,-0.39413,-0.25424,-0.06762,-0.07944,0.78795,-0.03486,0.29337,-0.5502,-0.10761,0.02245,0.04981
19.76,-0.57103,-0.11562,-0.41585,-0.25048,-0.4812,0.15229,0.95961,-0.0408,0.23651,-0.22359,-0.07208,-0.037,1.17139,-1.28906,-1.52101,0.101,1.16703,-0.16133,0.0572,2.22289,1.67612,1.52099,0.101,-1.27487,-0.25222,0.01321,1.08425,-0.28892,-0.18282,-0.3999,-0.25263,-0.06769,-0.0794,0.78807,-0.03358,0.2918,-0.55117,-0.10747,0.02264,0.04986
19.78,-0.57093,-0.11581,-0.41407,-0.25062,-0.48183,0.15308,0.95806,-0.04128,0.23541,-0.22375,-0.07286,-0.037,1.16575,-1.29011,-1.52101,0.101,1.16685,-0.16186,0.05777,2.22772,1.67445,1.52099,0.101,-1.27431,-0.25238,0.01266,1.08709,-0.28866,-0.18592,-0.40556,-0.25102,-0.06775,-0.07935,0.78828,-0.0325,0.29004,-0.55212,-0.10729,0.02292,0.04995
19.8,-0.57084,-0.11599,-0.41209,-0.25029,-0.48234,0.15378,0.95614,-0.04181,0.23393,-0.2237,-0.07364,-0.037,1.15949,-1.29068,-1.52092,0.101,1.16702,-0.16212,0.05918,2.23765,1.67293,1.52099,0.101,-1.27426,-0.25192,0.01285,1.08971,-0.28832,-0.18811,-0.41154,-0.24939,-0.06782,-0.07931,0.78831,-0.03095,0.28871,-0.55312,-0.1072,0.02301,0.04996
19.82,-0.57073,-0.11611,-0.40965,-0.24901,-0.48256,0.15434,0.95338,-0.04244,0.2316,-0.22319,-0.0744,-0.037,1.15178,-1.29004,-1.52117,0.101,1.16615,-0.16207,0.06242,2.2587,1.67185,1.521,0.101,-1.27473,-0.24984,0.01496,1.09195,-0.28782,-0.18864,-0.41835,-0.24781,-0.06795,-0.07929,0.7878,-0.02819,0.28892,-0.55419,-0.10734,0.02258,0.04977
19.84,-0.57062,-0.11621,-0.40701,-0.24725,-0.48266,0.15478,0.95024,-0.0431,0.22889,-0.22245,-0.07518,-0.037,1.14353,-1.28891,-1.52079,0.101,1.16595,-0.16164,0.06653,2.28507,1.67089,1.52098,0.101,-1.27583,-0.24723,0.01781,1.09392,-0.28725,-0.18816,-0.42546,-0.2462,-0.06808,-0.07926,0.78712,-0.02496,0.28949,-0.5553,-0.10757,0.02197,0.0495
19.86,-0.57052,-0.11632,-0.40443,-0.2456,-0.48279,0.15521,0.94719,-0.04374,0.22628,-0.22175,-0.07597,-0.037,1.13559,-1.28791,-1.52091,0.101,1.1668,-0.16106,0.07057,2.31044,1.66984,1.521,0.101,-1.27727,-0.24472,0.02032,1.0959,-0.28665,-0.1877,-0.43243,-0.24458,-0.0682,-0.07922,0.78653,-0.02193,0.28964,-0.55639,-0.10775,0.02145,0.04928
19.88,-0.57037,-0.11645,-0.40199,-0.2444,-0.48305,0.15592,0.94449,-0.04439,0.22397,-0.22134,-0.07667,-0.037,1.1273,-1.28724,-1.52196,0.101,1.16213,-0.16189,0.07345,2.33026,1.66897,1.521,0.101,-1.27624,-0.24244,0.02282,1.09843,-0.28626,-0.18902,-0.4395,-0.24309,-0.06841,-0.07924,0.78589,-0.01898,0.29092,-0.5575,-0.10794,0.02088,0.04903
19.9,-0.57033,-0.11654,-0.39921,-0.24214,-0.48301,0.156,0.94097,-0.04502,0.22094,-0.22025,-0.07756,-0.037,1.11967,-1.28582,-1.51861,0.101,1.1689,-0.15964,0.0787,2.3625,1.66774,1.52091,0.101,-1.2803,-0.24,0.02556,1.09968,-0.28547,-0.18648,-0.44635,-0.24129,-0.06839,-0.07912,0.78532,-0.01574,0.28989,-0.55858,-0.10815,0.02038,0.04881
19.92,-0.57063,-0.11655,-0.39564,-0.23721,-0.48213,0.15454,0.93525,-0.04568,0.21601,-0.21744,-0.07898,-0.037,1.11379,-1.28201,-1.52394,0.101,1.20882,-0.14936,0.09234,2.4301,1.66554,1.52114,0.10099,-1.29999,-0.2332,0.02841,1.09796,-0.28321,-0.17274,-0.45311,-0.23878,-0.06798,-0.07876,0.78486,-0.01203,0.28247,-0.55955,-0.10843,0.0201,0.0487
19.94,-0.57103,-0.11652,-0.39173,-0.23121,-0.48096,0.15242,0.92874,-0.04628,0.21036,-0.21395,-0.08057,-0.037,1.10868,-1.27753,-1.52157,0.10101,1.25991,-0.13593,0.10798,2.50918,1.66291,1.52073,0.10102,-1.3245,-0.22679,0.03152,1.09487,-0.28063,-0.15529,-0.4595,-0.23593,-0.06728,-0.07824,0.7845,-0.00801,0.27269,-0.56051,-0.10874,0.0199,0.04862
19.96,-0.57137,-0.1165,-0.38794,-0.22562,-0.47994,0.15049,0.9226,-0.04684,0.20503,-0.21072,-0.08207,-0.037,1.10331,-1.27369,-1.5085,0.101,1.30477,-0.12365,0.12134,2.58189,1.66047,1.52084,0.10101,-1.34564,-0.22314,0.03473,1.0921,-0.27847,-0.14011,-0.46566,-0.23311,-0.06654,-0.07769,0.78414,-0.00402,0.26392,-0.56149,-0.10905,0.01966,0.04853
19.98,-0.57177,-0.11652,-0.38431,-0.22037,-0.47883,0.14901,0.91638,-0.04771,0.19975,-0.20768,-0.08367,-0.037,1.09739,-1.2685,-1.55312,0.10098,1.35453,-0.11247,0.1404,2.66116,1.65822,1.52185,0.10096,-1.37162,-0.20801,0.03706,1.09061,-0.27517,-0.12254,-0.47357,-0.2308,-0.06653,-0.07754,0.78356,-0.00051,0.25539,-0.56239,-0.10932,0.01943,0.04844
20,-0.57207,-0.11646,-0.38025,-0.21413,-0.47786,0.14643,0.91016,-0.04791,0.19418,-0.20409,-0.08508,-0.037,1.09298,-1.26587,-1.47854,0.10105,1.3967,-0.09837,0.14818,2.72755,1.65528,1.51849,0.10113,-1.38886,-0.21571,0.04125,1.08612,-0.27413,-0.10894,-0.4777,-0.22737,-0.06495,-0.07655,0.78347,0.00408,0.2458,-0.56345,-0.10966,0.01919,0.04835
20.02,-0.57212,-0.11618,-0.37514,-0.20555,-0.47731,0.14101,0.90406,-0.0463,0.18799,-0.19922,-0.08598,-0.037,1.09108,-1.27138,-1.05259,0.10093,1.41548,-0.07583,0.12312,2.7722,1.65235,1.52385,0.10084,-1.37894,-0.29656,0.05091,1.0737,-0.2798,-0.10833,-0.47195,-0.22071,-0.05886,-0.07315,0.78462,0.01144,0.23375,-0.56491,-0.11015,0.01894,0.04825
20.04,-0.57206,-0.11582,-0.36959,-0.19598,-0.47693,0.13451,0.89801,-0.04402,0.18153,-0.19384,-0.08667,-0.037,1.09092,-1.27933,-0.51133,0.10102,1.42616,-0.05066,0.08683,2.80082,1.64845,1.5215,0.101,-1.36035,-0.39862,0.06238,1.0583,-0.28768,-0.11166,-0.46234,-0.21297,-0.05123,-0.06893,0.78628,0.01989,0.22071,-0.56652,-0.1107,0.01867,0.04813
20.06,-0.57203,-0.11549,-0.36418,-0.18675,-0.47651,0.1285,0.89201,-0.04204,0.17521,-0.18865,-0.08741,-0.037,1.091,-1.28557,-0.03878,0.10123,1.44034,-0.02747,0.05645,2.82531,1.64376,1.50846,0.10162,-1.34699,-0.4841,0.07276,1.04424,-0.29428,-0.11242,-0.45419,-0.20587,-0.04444,-0.06516,0.78776,0.02792,0.20819,-0.56807,-0.11123,0.01839,0.04802
20.08,-0.5721,-0.11518,-0.35901,-0.17795,-0.47591,0.12245,0.88566,-0.04006,0.1688,-0.18357,-0.08833,-0.037,1.08691,-1.29428,0.50248,0.10031,1.4557,-0.0009,0.02275,2.89659,1.64411,1.55312,0.09932,-1.32852,-0.59829,0.08423,1.03017,-0.30203,-0.11626,-0.44721,-0.19814,-0.03703,-0.06105,0.789,0.03563,0.19532,-0.56959,-0.11172,0.01819,0.04793
20.1,-0.57193,-0.11481,-0.35323,-0.16804,-0.47572,0.11624,0.88008,-0.03793,0.16252,-0.17818,-0.08883,-0.037,1.09171,-1.29849,0.92843,0.10208,1.4665,0.0193,-0.00676,2.86873,1.63391,1.47856,0.10337,-1.31838,-0.65848,0.09392,1.01545,-0.30788,-0.11477,-0.43696,-0.19146,-0.03058,-0.05747,0.79086,0.04426,0.18296,-0.5712,-0.11231,0.01782,0.04778
20.12,-0.57112,-0.11429,-0.34602,-0.15528,-0.47662,0.10982,0.87656,-0.03554,0.15654,-0.17182,-0.08824,-0.037,1.12218,-1.28915,1.00304,0.10898,1.46686,0.02045,-0.02153,2.55095,1.59328,1.05257,0.12355,-1.33496,-0.55753,0.09778,0.99952,-0.30824,-0.09666,-0.41791,-0.18805,-0.02696,-0.05546,0.79432,0.05513,0.17232,-0.57308,-0.11318,0.01697,0.0474
20.14,-0.57006,-0.11372,-0.3382,-0.14145,-0.47791,0.10328,0.87384,-0.03301,0.15071,-0.16522,-0.08722,-0.037,1.16119,-1.27532,0.95843,0.11905,1.46275,0.01528,-0.03175,2.13744,1.54235,0.5113,0.15041,-1.35983,-0.40269,0.09988,0.98308,-0.30655,-0.07326,-0.39583,-0.18571,-0.02439,-0.05404,0.79839,0.06688,0.16223,-0.57505,-0.11417,0.01595,0.04696
20.16,-0.5691,-0.11316,-0.33059,-0.12812,-0.47901,0.09682,0.8708,-0.03053,0.14489,-0.15888,-0.08637,-0.037,1.19534,-1.2639,0.97152,0.1291,1.46061,0.0135,-0.04435,1.78108,1.49714,0.03872,0.17502,-1.37992,-0.27709,0.10315,0.96696,-0.30558,-0.05288,-0.37557,-0.1828,-0.02147,-0.05241,0.80217,0.07826,0.15188,-0.57696,-0.11512,0.015,0.04655
20.18,-0.5682,-0.11263,-0.32323,-0.11468,-0.48017,0.09019,0.86758,-0.02808,0.13874,-0.15185,-0.08558,-0.037,1.23394,-1.25096,0.97397,0.133,1.45875,0.00949,-0.05613,1.36734,1.4475,-0.50262,0.19614,-1.40429,-0.13249,0.10499,0.95032,-0.30557,-0.02993,-0.3533,-0.18018,-0.01797,-0.0505,0.80601,0.0896,0.14156,-0.57896,-0.11601,0.01404,0.04613
20.2,-0.56712,-0.11204,-0.31522,-0.10124,-0.4813,0.0839,0.86493,-0.02555,0.13331,-0.14624,-0.08459,-0.037,1.26497,-1.24012,0.96851,0.15068,1.45498,0.00874,-0.06828,1.04959,1.40469,-0.92842,0.22637,-1.42144,-0.01402,0.10925,0.93472,-0.30305,-0.01115,-0.33456,-0.17725,-0.01593,-0.04932,0.80987,0.10118,0.13126,-0.58078,-0.11705,0.01309,0.04572
20.22,-0.56561,-0.11131,-0.30558,-0.08807,-0.48218,0.07867,0.86354,-0.02292,0.12982,-0.14453,-0.08318,-0.037,1.27538,-1.236,0.97208,0.20371,1.45024,0.01726,-0.0833,1.02883,1.38296,-1.00328,0.27798,-1.4201,0.01606,0.12149,0.92188,-0.29412,-0.00419,-0.32606,-0.17311,-0.01787,-0.05011,0.81356,0.11348,0.12163,-0.58213,-0.11848,0.01211,0.04532
20.24,-0.56392,-0.11052,-0.29529,-0.07495,-0.48301,0.07376,0.86272,-0.0202,0.12704,-0.14428,-0.0816,-0.037,1.27739,-1.23421,0.97094,0.27087,1.44319,0.0295,-0.09867,1.10646,1.36853,-0.95854,0.33897,-1.41067,0.01862,0.13604,0.91018,-0.28273,-0.00176,-0.32127,-0.16865,-0.02122,-0.05161,0.81728,0.12596,0.11191,-0.58328,-0.12006,0.01118,0.04495
20.26,-0.56233,-0.10975,-0.28526,-0.06183,-0.48389,0.06866,0.8617,-0.01746,0.12392,-0.14344,-0.0801,-0.037,1.28168,-1.23144,0.97023,0.33277,1.43511,0.0409,-0.11333,1.13352,1.3509,-0.97095,0.39706,-1.40264,0.03592,0.14892,0.89814,-0.27247,0.00208,-0.31495,-0.1644,-0.02381,-0.05274,0.82106,0.13818,0.10167,-0.5845,-0.12156,0.01031,0.04461
20.28,-0.56068,-0.10902,-0.27535,-0.0486,-0.48468,0.06377,0.86046,-0.01499,0.12089,-0.14231,-0.07858,-0.037,1.2928,-1.22804,0.97255,0.38979,1.43556,0.04854,-0.13012,1.18192,1.3323,-0.97559,0.44955,-1.40427,0.0458,0.1643,0.88529,-0.26207,0.00876,-0.30785,-0.15992,-0.0269,-0.05411,0.82458,0.15113,0.09363,-0.58581,-0.12309,0.00908,0.04409
20.3,-0.55911,-0.10819,-0.26506,-0.03559,-0.48562,0.05851,0.85979,-0.01195,0.11781,-0.14212,-0.07706,-0.037,1.28752,-1.22672,0.9691,0.46042,1.41784,0.06491,-0.14267,1.2105,1.31772,-0.96646,0.51593,-1.38406,0.06374,0.17511,0.87442,-0.25139,0.00848,-0.30332,-0.15582,-0.02928,-0.05513,0.82862,0.16265,0.08122,-0.58689,-0.12462,0.00862,0.04394
20.32,-0.5578,-0.10704,-0.25388,-0.02334,-0.48716,0.05219,0.86073,-0.0073,0.11459,-0.14428,-0.07561,-0.037,1.23947,-1.22934,0.95019,0.56393,1.34992,0.10513,-0.14285,1.16072,1.31139,-0.94837,0.61747,-1.30291,0.11196,0.17217,0.86882,-0.24068,-0.01075,-0.30474,-0.15282,-0.02919,-0.05497,0.83406,0.1698,0.05478,-0.58725,-0.12595,0.01028,0.04478
20.34,-0.55659,-0.10581,-0.24233,-0.01127,-0.48883,0.04547,0.8622,-0.00211,0.11125,-0.14733,-0.07418,-0.037,1.175,-1.23421,0.92633,0.6808,1.26396,0.15391,-0.13888,1.08804,1.30904,-0.92,0.73273,-1.20052,0.16875,0.16466,0.86517,-0.22975,-0.03668,-0.30866,-0.15021,-0.02834,-0.05445,0.84004,0.17559,0.02431,-0.5874,-0.12729,0.01271,0.04598
20.36,-0.55532,-0.10466,-0.23093,0.001,-0.49034,0.0389,0.86333,0.00278,0.10784,-0.14993,-0.07273,-0.037,1.11774,-1.23891,0.90581,0.7924,1.18667,0.19839,-0.13721,1.026,1.30566,-0.89588,0.84236,-1.10953,0.22054,0.15962,0.86058,-0.21883,-0.05903,-0.31159,-0.14741,-0.02792,-0.05412,0.84578,0.18228,-0.003,-0.58771,-0.1287,0.01477,0.04701
20.38,-0.55407,-0.10333,-0.21957,0.01277,-0.4923,0.03248,0.8649,0.00789,0.10495,-0.15281,-0.07131,-0.037,1.06148,-1.24019,0.88054,0.90133,1.10721,0.24479,-0.13383,0.9662,1.29944,-0.86943,0.95008,-1.01086,0.2761,0.153,0.85621,-0.20818,-0.08385,-0.31406,-0.14464,-0.02721,-0.05367,0.85142,0.18781,-0.03587,-0.58773,-0.12979,0.0169,0.04805
20.4,-0.55283,-0.10235,-0.20807,0.02555,-0.49334,0.02566,0.86567,0.01267,0.10097,-0.15525,-0.06983,-0.037,0.99908,-1.24899,0.86393,1.01852,1.02812,0.28914,-0.13299,0.8952,1.29974,-0.84694,1.06449,-0.9233,0.32617,0.14853,0.85187,-0.19695,-0.10502,-0.31802,-0.14192,-0.0269,-0.0534,0.85747,0.19539,-0.05816,-0.58831,-0.13157,0.01908,0.04916
20.42,-0.55152,-0.10235,-0.1962,0.0411,-0.49179,0.01778,0.86428,0.01646,0.09383,-0.15652,-0.0682,-0.037,0.92605,-1.27888,0.87381,1.15753,0.95372,0.32595,-0.14025,0.79722,1.31914,-0.8383,1.19752,-0.87112,0.35917,0.15138,0.84699,-0.18426,-0.11487,-0.32557,-0.13921,-0.02777,-0.0537,0.86404,0.20933,-0.04984,-0.59036,-0.13505,0.02107,0.05029
20.44,-0.55022,-0.10271,-0.18422,0.05767,-0.48932,0.00951,0.86205,0.0199,0.08563,-0.15727,-0.06652,-0.037,0.84705,-1.31605,0.89237,1.30382,0.88052,0.36034,-0.15019,0.6886,1.34454,-0.83451,1.33608,-0.83098,0.38645,0.15651,0.8421,-0.171,-0.12074,-0.33451,-0.13656,-0.02907,-0.05421,0.87109,0.2253,-0.0308,-0.59299,-0.13926,0.0231,0.05148
20.46,-0.54896,-0.10292,-0.17233,0.07382,-0.48731,0.00144,0.86009,0.02347,0.07803,-0.15809,-0.06485,-0.037,0.76923,-1.34938,0.90607,1.4453,0.80721,0.3957,-0.15888,0.5854,1.36578,-0.82882,1.46984,-0.78569,0.41637,0.16041,0.83734,-0.15796,-0.12813,-0.34275,-0.13392,-0.03023,-0.05465,0.87823,0.24009,-0.0169,-0.59544,-0.14326,0.02521,0.0527
20.48,-0.54754,-0.10305,-0.16026,0.0898,-0.48515,-0.00675,0.85862,0.02718,0.06993,-0.15965,-0.06322,-0.037,0.69713,-1.38522,0.92338,1.5939,0.73122,0.43198,-0.16761,0.47891,1.39319,-0.82139,1.61391,-0.73831,0.44642,0.16494,0.83213,-0.14508,-0.13691,-0.35136,-0.1311,-0.03116,-0.05497,0.88411,0.25596,-0.00199,-0.59755,-0.14674,0.02696,0.05372
20.5,-0.54645,-0.10343,-0.14856,0.10634,-0.48306,-0.01476,0.85593,0.03051,0.06263,-0.15954,-0.0615,-0.037,0.61213,-1.41731,0.93536,1.72883,0.66159,0.46559,-0.17687,0.37715,1.40912,-0.81891,1.73742,-0.69839,0.47472,0.16878,0.82782,-0.13175,-0.14185,-0.3595,-0.12867,-0.03266,-0.05558,0.89271,0.27005,0.01336,-0.6005,-0.15148,0.02943,0.05515
20.52,-0.5463,-0.10439,-0.1378,0.12446,-0.48145,-0.02228,0.85002,0.03286,0.05765,-0.15479,-0.05958,-0.037,0.49141,-1.43904,0.9302,1.8274,0.60718,0.49289,-0.18755,0.29,1.39183,-0.82908,1.8044,-0.67683,0.49962,0.16994,0.82598,-0.11701,-0.13638,-0.36606,-0.1273,-0.03578,-0.05701,0.90891,0.27899,0.0278,-0.60576,-0.15959,0.03399,0.05779
20.54,-0.5465,-0.10558,-0.12745,0.14305,-0.47994,-0.02958,0.84294,0.03482,0.05354,-0.14841,-0.05757,-0.037,0.35837,-1.45638,0.91948,1.91129,0.5596,0.51745,-0.19858,0.2083,1.36275,-0.84407,1.85009,-0.66246,0.52286,0.17037,0.82503,-0.10189,-0.1273,-0.37209,-0.12632,-0.03944,-0.05872,0.9278,0.28605,0.04224,-0.61183,-0.16894,0.03923,0.06082
20.56,-0.54655,-0.10666,-0.11697,0.16122,-0.47834,-0.0369,0.83644,0.03696,0.04913,-0.14289,-0.05559,-0.037,0.23195,-1.47456,0.91155,1.99979,0.51036,0.54291,-0.20907,0.12487,1.33909,-0.85688,1.90442,-0.64435,0.54687,0.17132,0.82367,-0.08713,-0.12034,-0.37831,-0.12516,-0.04278,-0.06026,0.94535,0.29384,0.05637,-0.61747,-0.17769,0.04407,0.06362
20.58,-0.54656,-0.10775,-0.10622,0.18029,-0.4769,-0.0446,0.82969,0.03912,0.04429,-0.13684,-0.05365,-0.037,0.10062,-1.49795,0.90277,2.09732,0.45512,0.56978,-0.22124,0.03783,1.31544,-0.86999,1.96344,-0.62822,0.57085,0.17161,0.82236,-0.07152,-0.11122,-0.38479,-0.124,-0.04648,-0.06198,0.96344,0.30223,0.07217,-0.62343,-0.1866,0.04933,0.06663
20.6,-0.54674,-0.10888,-0.09616,0.19757,-0.47516,-0.05143,0.82321,0.04113,0.04055,-0.13154,-0.05162,-0.037,-0.02285,-1.50927,0.89438,2.17235,0.4139,0.59306,-0.22999,-0.04015,1.2888,-0.88334,2.00743,-0.61006,0.59429,0.17297,0.82115,-0.05764,-0.10581,-0.39057,-0.12294,-0.04954,-0.0634,0.98098,0.30889,0.08435,-0.62886,-0.19547,0.05386,0.06931
20.62,-0.5473,-0.1101,-0.08778,0.20998,-0.47257,-0.05603,0.81763,0.04286,0.03964,-0.12857,-0.04928,-0.037,-0.12552,-1.48881,0.88781,2.18968,0.41053,0.60739,-0.22886,-0.09513,1.25739,-0.89797,2.01614,-0.57974,0.61911,0.17833,0.81994,-0.04842,-0.11149,-0.39458,-0.12206,-0.05075,-0.06394,0.99682,0.3113,0.08654,-0.63301,-0.20403,0.05626,0.07103
20.64,-0.54802,-0.11135,-0.0801,0.22053,-0.46968,-0.05976,0.81239,0.04445,0.03979,-0.12645,-0.04687,-0.037,-0.2191,-1.45625,0.88189,2.18466,0.42086,0.61817,-0.22434,-0.14092,1.22327,-0.91237,2.01025,-0.54779,0.6431,0.18464,0.81881,-0.04099,-0.12106,-0.39788,-0.12126,-0.05129,-0.06417,1.01191,0.31203,0.08504,-0.63651,-0.21247,0.0579,0.0724
20.66,-0.54867,-0.11258,-0.07217,0.23181,-0.46692,-0.06382,0.80709,0.04609,0.03946,-0.12405,-0.04453,-0.037,-0.31421,-1.42885,0.87603,2.18926,0.4244,0.63035,-0.22159,-0.19046,1.18989,-0.92557,2.01035,-0.51986,0.66578,0.1899,0.81766,-0.03285,-0.12888,-0.40148,-0.12044,-0.05212,-0.06454,1.02702,0.31347,0.08519,-0.64002,-0.22091,0.05988,0.07392
20.68,-0.5493,-0.11384,-0.06396,0.24359,-0.46419,-0.06813,0.80136,0.04777,0.03919,-0.12116,-0.04199,-0.037,-0.42069,-1.40263,0.86849,2.19562,0.4306,0.64325,-0.21787,-0.24186,1.15798,-0.94417,2.01241,-0.47903,0.69517,0.19762,0.81646,-0.02424,-0.13648,-0.40515,-0.1196,-0.05303,-0.06494,1.04359,0.31506,0.08548,-0.64476,-0.22968,0.06193,0.07551
20.7,-0.55,-0.11503,-0.0565,0.25387,-0.46132,-0.07171,0.79662,0.04933,0.03901,-0.11949,-0.03987,-0.037,-0.50121,-1.37124,0.86467,2.19324,0.43437,0.65398,-0.21537,-0.287,1.12273,-0.95175,2.00721,-0.46376,0.71088,0.2006,0.81537,-0.01706,-0.14552,-0.40852,-0.1188,-0.05361,-0.06518,1.05688,0.31596,0.08459,-0.64679,-0.23768,0.06363,0.07686
20.72,-0.55088,-0.11601,-0.05086,0.26046,-0.45821,-0.07348,0.79461,0.05062,0.0389,-0.12124,-0.03891,-0.037,-0.51191,-1.32766,0.87102,2.17195,0.42865,0.65841,-0.21679,-0.31947,1.07718,-0.92593,1.98541,-0.52682,0.68479,0.18898,0.81456,-0.01329,-0.15751,-0.4112,-0.11807,-0.05346,-0.06505,1.0615,0.31538,0.08147,-0.64147,-0.24371,0.0646,0.07763
20.74,-0.55181,-0.11691,-0.04597,0.26558,-0.45497,-0.07455,0.79359,0.0518,0.03883,-0.12416,-0.03837,-0.037,-0.49683,-1.27949,0.88109,2.14276,0.41991,0.66096,-0.21956,-0.34559,1.02872,-0.88951,1.95694,-0.61444,0.64566,0.17279,0.81386,-0.01092,-0.17084,-0.41361,-0.11737,-0.05299,-0.06476,1.06279,0.31418,0.07728,-0.63347,-0.24892,0.06523,0.07817
20.76,-0.5527,-0.11784,-0.04078,0.27136,-0.45178,-0.07593,0.79209,0.05301,0.0387,-0.12638,-0.03763,-0.037,-0.49374,-1.23401,0.88945,2.11743,0.41208,0.66521,-0.22189,-0.37301,0.98281,-0.86,1.9317,-0.68573,0.61541,0.15959,0.8131,-0.00798,-0.18362,-0.41617,-0.11667,-0.05266,-0.06453,1.06545,0.31328,0.07352,-0.62672,-0.25439,0.06599,0.0788
20.78,-0.55365,-0.11879,-0.03542,0.27715,-0.44863,-0.0773,0.79073,0.05427,0.03878,-0.12931,-0.03694,-0.037,-0.48914,-1.18551,0.89799,2.09018,0.40646,0.66595,-0.22347,-0.40658,0.93168,-0.82194,1.90508,-0.77803,0.57309,0.14269,0.81239,-0.00484,-0.19631,-0.41859,-0.11595,-0.05234,-0.06431,1.06865,0.31222,0.06986,-0.61978,-0.26035,0.06682,0.07948
20.8,-0.5545,-0.11969,-0.03059,0.28257,-0.44536,-0.07855,0.78932,0.05543,0.03839,-0.13106,-0.03624,-0.037,-0.48172,-1.14245,0.90695,2.06537,0.39562,0.67337,-0.22688,-0.42622,0.8907,-0.79879,1.87996,-0.8334,0.55231,0.13223,0.8116,-0.0024,-0.20944,-0.42124,-0.11526,-0.05193,-0.06405,1.06997,0.3114,0.0658,-0.61265,-0.26507,0.06744,0.08
20.82,-0.55509,-0.12049,-0.02701,0.28741,-0.44182,-0.07952,0.78746,0.05628,0.0369,-0.12898,-0.03545,-0.037,-0.47265,-1.11477,0.91694,2.04908,0.36866,0.70182,-0.2359,-0.40661,0.87922,-0.82275,1.86063,-0.77229,0.59856,0.14228,0.8107,-0.00158,-0.22356,-0.42469,-0.11461,-0.05135,-0.06375,1.06682,0.31125,0.06078,-0.6053,-0.26666,0.06756,0.08013
20.84,-0.55559,-0.12125,-0.02395,0.29191,-0.43817,-0.08042,0.78553,0.05704,0.03489,-0.12571,-0.03461,-0.037,-0.46172,-1.09289,0.92707,2.03567,0.33697,0.73666,-0.24658,-0.37365,0.87796,-0.86151,1.84313,-0.67465,0.66619,0.1587,0.8097,-0.00139,-0.23805,-0.42835,-0.11398,-0.05069,-0.06343,1.06193,0.31141,0.0554,-0.59792,-0.26701,0.06747,0.08012
20.86,-0.55611,-0.12204,-0.02068,0.29654,-0.43455,-0.08143,0.78366,0.05787,0.03298,-0.12317,-0.03376,-0.037,-0.45179,-1.06892,0.93666,2.02114,0.30892,0.76722,-0.25596,-0.34842,0.87154,-0.89127,1.82488,-0.59949,0.72113,0.17116,0.80866,-0.00085,-0.2523,-0.43184,-0.11333,-0.05006,-0.06311,1.05793,0.31155,0.05029,-0.59079,-0.26788,0.06747,0.08016
20.88,-0.55669,-0.12282,-0.01732,0.30126,-0.43103,-0.0821,0.78171,0.05855,0.03163,-0.11989,-0.03309,-0.037,-0.44029,-1.04256,0.94845,2.0055,0.27432,0.80357,-0.26772,-0.3161,0.86713,-0.93009,1.80603,-0.50087,0.78795,0.18787,0.80799,-0.00061,-0.2669,-0.43563,-0.11271,-0.04943,-0.0628,1.05339,0.31118,0.04478,-0.58256,-0.2689,0.06747,0.08022
20.9,-0.55713,-0.12359,-0.01427,0.30571,-0.42727,-0.08347,0.77989,0.05954,0.02901,-0.11784,-0.03201,-0.037,-0.43199,-1.02252,0.95559,1.99297,0.25248,0.82933,-0.27487,-0.29527,0.86108,-0.95392,1.78897,-0.44151,0.83554,0.19742,0.80653,0.00013,-0.28083,-0.43887,-0.11205,-0.0488,-0.06248,1.04961,0.31194,0.03993,-0.57666,-0.26934,0.06743,0.08022
20.92,-0.55715,-0.12435,-0.01192,0.30969,-0.42286,-0.08677,0.77849,0.06134,0.02292,-0.1195,-0.02996,-0.037,-0.43282,-1.01927,0.95044,1.9883,0.26523,0.82507,-0.26901,-0.31106,0.84737,-0.93078,1.77625,-0.50448,0.82263,0.18468,0.80282,0.00233,-0.29306,-0.44044,-0.11128,-0.04822,-0.06216,1.04825,0.3159,0.0379,-0.57709,-0.26833,0.06734,0.0801
20.94,-0.55703,-0.1251,-0.00985,0.31339,-0.41823,-0.09079,0.77722,0.06345,0.01559,-0.12242,-0.02748,-0.037,-0.43709,-1.02207,0.94051,1.98671,0.29126,0.80982,-0.25842,-0.3386,0.83182,-0.89247,1.76534,-0.60714,0.79012,0.16471,0.79834,0.00508,-0.30456,-0.44146,-0.11048,-0.04764,-0.06184,1.04776,0.32095,0.03644,-0.57989,-0.2668,0.06722,0.07994
20.96,-0.55699,-0.12587,-0.00766,0.3171,-0.41372,-0.09452,0.77587,0.06546,0.0089,-0.12473,-0.02511,-0.037,-0.44007,-1.02161,0.93234,1.98378,0.31248,0.79903,-0.24987,-0.35973,0.81754,-0.86242,1.75373,-0.68827,0.76808,0.14869,0.7943,0.00764,-0.31626,-0.44279,-0.10969,-0.04707,-0.06153,1.04697,0.32539,0.03409,-0.58169,-0.26561,0.06711,0.0798
20.98,-0.55687,-0.12658,-0.00547,0.32129,-0.40909,-0.09811,0.77461,0.06732,0.00186,-0.12718,-0.02308,-0.037,-0.44189,-1.02345,0.92583,1.9807,0.32865,0.79056,-0.2418,-0.3849,0.80173,-0.82707,1.74163,-0.783,0.74015,0.13008,0.78987,0.00996,-0.32857,-0.44387,-0.10889,-0.04647,-0.0612,1.04573,0.33033,0.03422,-0.58317,-0.26397,0.06702,0.07964
21,-0.55689,-0.12739,-0.00336,0.32442,-0.40467,-0.10213,0.7732,0.06956,-0.00475,-0.12965,-0.02026,-0.037,-0.44686,-1.02194,0.91486,1.97863,0.35819,0.77478,-0.23164,-0.40462,0.7886,-0.79902,1.731,-0.85915,0.71958,0.11508,0.78608,0.01289,-0.33939,-0.44535,-0.10812,-0.04593,-0.0609,1.04562,0.33449,0.02951,-0.58585,-0.26313,0.06689,0.07951
21.02,-0.55733,-0.1285,-0.00135,0.32472,-0.4008,-0.1074,0.77136,0.0729,-0.0099,-0.13191,-0.01515,-0.037,-0.46056,-1.00895,0.89159,1.97855,0.42463,0.73958,-0.21616,-0.40659,0.78265,-0.79413,1.7238,-0.87575,0.7238,0.11165,0.78418,0.0175,-0.34655,-0.44812,-0.10742,-0.04557,-0.0607,1.04863,0.33599,0.00977,-0.59167,-0.26478,0.06667,0.0795
21.04,-0.55791,-0.1297,0.00057,0.32396,-0.39717,-0.11303,0.76939,0.07657,-0.01458,-0.13414,-0.0093,-0.037,-0.47716,-0.99251,0.86421,1.97937,0.5035,0.6977,-0.19885,-0.40273,0.7795,-0.79713,1.71806,-0.87227,0.73601,0.11208,0.78296,0.02267,-0.35219,-0.45129,-0.10676,-0.04529,-0.06055,1.05269,0.3367,-0.01457,-0.59855,-0.26723,0.06643,0.07953
21.06,-0.55843,-0.13083,0.00249,0.32366,-0.39347,-0.11834,0.76749,0.08,-0.01948,-0.13637,-0.00395,-0.037,-0.49186,-0.97813,0.83948,1.9798,0.57454,0.66009,-0.18281,-0.40145,0.77547,-0.79698,1.71178,-0.87708,0.74474,0.11085,0.78147,0.02748,-0.35835,-0.45424,-0.1061,-0.04497,-0.06038,1.05612,0.3379,-0.03577,-0.60471,-0.26922,0.06619,0.07953
21.08,-0.55891,-0.13207,0.00455,0.32345,-0.38957,-0.12433,0.76553,0.08385,-0.0244,-0.13872,0.0021,-0.037,-0.50909,-0.96185,0.81133,1.98028,0.65519,0.61695,-0.16474,-0.40075,0.76982,-0.79467,1.70502,-0.8864,0.75236,0.10904,0.7798,0.03279,-0.3652,-0.45739,-0.10536,-0.04462,-0.06019,1.06026,0.33859,-0.06136,-0.61196,-0.27158,0.06596,0.07956
21.1,-0.55951,-0.1331,0.00632,0.32281,-0.38616,-0.12898,0.76367,0.0869,-0.02913,-0.14079,0.00686,-0.037,-0.52173,-0.94865,0.78935,1.98082,0.71866,0.58382,-0.15052,-0.39743,0.76811,-0.79868,1.69959,-0.88154,0.76417,0.10936,0.77866,0.03717,-0.37026,-0.46019,-0.10479,-0.04437,-0.06004,1.06314,0.34012,-0.07895,-0.61715,-0.27339,0.06572,0.07955
21.12,-0.56043,-0.13353,0.00736,0.32128,-0.38401,-0.1299,0.76203,0.08772,-0.03369,-0.1421,0.0079,-0.037,-0.52055,-0.94472,0.78568,1.9813,0.73095,0.58059,-0.14752,-0.38707,0.77755,-0.82055,1.69736,-0.83777,0.78802,0.11526,0.77879,0.0389,-0.37085,-0.46207,-0.10465,-0.04433,-0.06002,1.06231,0.34437,-0.07283,-0.61643,-0.27345,0.06542,0.07939
21.14,-0.56145,-0.13374,0.00811,0.31936,-0.38237,-0.12944,0.7605,0.08773,-0.03803,-0.14311,0.00763,-0.037,-0.5147,-0.94398,0.78833,1.98179,0.72557,0.58761,-0.14844,-0.37442,0.79069,-0.84819,1.69642,-0.78103,0.81549,0.12309,0.77943,0.03968,-0.36968,-0.46357,-0.10468,-0.04439,-0.06004,1.06018,0.34943,-0.05861,-0.61359,-0.27294,0.0651,0.07919
21.16,-0.56241,-0.13404,0.00898,0.31762,-0.38055,-0.12958,0.75897,0.0881,-0.04233,-0.14424,0.00795,-0.037,-0.51125,-0.94178,0.78792,1.98225,0.72868,0.58957,-0.1475,-0.36359,0.80146,-0.87171,1.69496,-0.73318,0.83975,0.12964,0.77984,0.04086,-0.36926,-0.46516,-0.10464,-0.04441,-0.06004,1.05862,0.35396,-0.04843,-0.61167,-0.27271,0.06481,0.07902
21.18,-0.56343,-0.13439,0.00993,0.31583,-0.3785,-0.12985,0.75719,0.08852,-0.0472,-0.14542,0.00829,-0.037,-0.50674,-0.9395,0.78813,1.98284,0.73033,0.59295,-0.14683,-0.34934,0.81517,-0.90169,1.69327,-0.67231,0.87071,0.13797,0.78025,0.04217,-0.36902,-0.46709,-0.10457,-0.04442,-0.06004,1.05715,0.35916,-0.03687,-0.60996,-0.27241,0.06447,0.07882
21.2,-0.56436,-0.13459,0.01063,0.31407,-0.37705,-0.12952,0.75598,0.08865,-0.05085,-0.14642,0.00827,-0.037,-0.50327,-0.93818,0.78864,1.98317,0.73062,0.59591,-0.14656,-0.34164,0.82366,-0.91965,1.69234,-0.63537,0.88866,0.14305,0.78078,0.04299,-0.36798,-0.46824,-0.10459,-0.04446,-0.06005,1.05518,0.36316,-0.0262,-0.6073,-0.27213,0.06421,0.07866
21.22,-0.56503,-0.1344,0.01071,0.31248,-0.37706,-0.12777,0.75626,0.08813,-0.05114,-0.14696,0.00753,-0.037,-0.50395,-0.93883,0.78835,1.98273,0.7316,0.59511,-0.14639,-0.35363,0.8162,-0.90147,1.69327,-0.67072,0.86811,0.13829,0.78149,0.04258,-0.36537,-0.46726,-0.10478,-0.04456,-0.0601,1.05202,0.36358,-0.01993,-0.60242,-0.27206,0.0642,0.07866
21.24,-0.56561,-0.13406,0.01054,0.31093,-0.37765,-0.12546,0.75712,0.08736,-0.05022,-0.14732,0.00646,-0.037,-0.50579,-0.94034,0.78818,1.98203,0.73171,0.59359,-0.14649,-0.37214,0.80345,-0.87125,1.6949,-0.73013,0.83459,0.13026,0.78231,0.04172,-0.36202,-0.46551,-0.10505,-0.04469,-0.06017,1.04841,0.36278,-0.01481,-0.59668,-0.27205,0.06427,0.0787
21.26,-0.56622,-0.1338,0.01049,0.30935,-0.37799,-0.12345,0.75774,0.08672,-0.04986,-0.14777,0.00555,-0.037,-0.50697,-0.9414,0.78802,1.98147,0.73207,0.59249,-0.14651,-0.38701,0.79352,-0.84752,1.69615,-0.77662,0.80809,0.12398,0.7831,0.04113,-0.35889,-0.46413,-0.10528,-0.04481,-0.06024,1.04508,0.3626,-0.00914,-0.59142,-0.272,0.0643,0.07872
21.28,-0.56687,-0.1335,0.0104,0.30781,-0.3783,-0.12122,0.75828,0.08596,-0.04945,-0.14818,0.00456,-0.037,-0.50855,-0.94278,0.78779,1.98083,0.73245,0.59131,-0.14651,-0.4046,0.78197,-0.81969,1.6977,-0.831,0.77702,0.11663,0.78381,0.04024,-0.35613,-0.46266,-0.10553,-0.0449,-0.06029,1.0414,0.36217,-0.00328,-0.58572,-0.27196,0.06434,0.07875
21.3,-0.56741,-0.13324,0.01035,0.30622,-0.37879,-0.11933,0.75911,0.08541,-0.04887,-0.14864,0.00368,-0.037,-0.50962,-0.94369,0.78766,1.98028,0.73278,0.59003,-0.14655,-0.41816,0.77249,-0.79745,1.69879,-0.87489,0.75229,0.1107,0.7847,0.03986,-0.35249,-0.4612,-0.10576,-0.04507,-0.06038,1.03836,0.36197,0.00179,-0.58075,-0.27193,0.06438,0.07877
21.32,-0.56765,-0.13316,0.01045,0.30445,-0.37974,-0.11845,0.76074,0.0855,-0.04804,-0.14924,0.00321,-0.037,-0.50898,-0.94298,0.78767,1.98004,0.73344,0.58842,-0.14658,-0.41871,0.77008,-0.79385,1.69837,-0.88355,0.74856,0.10951,0.78615,0.04105,-0.34623,-0.45989,-0.10593,-0.04549,-0.06057,1.03722,0.36271,0.0051,-0.57797,-0.27191,0.0644,0.07879
21.34,-0.56777,-0.13314,0.01061,0.30265,-0.38084,-0.11794,0.76262,0.08579,-0.0471,-0.1499,0.00286,-0.037,-0.50778,-0.9418,0.78777,1.97989,0.73405,0.58676,-0.14665,-0.41504,0.76991,-0.79625,1.69746,-0.88091,0.75162,0.10985,0.78775,0.04276,-0.33919,-0.45863,-0.10607,-0.04598,-0.0608,1.03675,0.36372,0.00759,-0.57598,-0.2719,0.06442,0.07879
21.36,-0.56795,-0.13309,0.01075,0.30091,-0.3818,-0.11729,0.7643,0.08599,-0.04627,-0.15053,0.00246,-0.037,-0.50688,-0.94088,0.78782,1.9797,0.73467,0.58519,-0.14669,-0.41355,0.76866,-0.79567,1.6968,-0.88383,0.75132,0.10943,0.78921,0.0442,-0.33276,-0.4574,-0.10622,-0.04642,-0.06101,1.03597,0.36461,0.01036,-0.57368,-0.27189,0.06445,0.0788
21.38,-0.56812,-0.13302,0.01084,0.29898,-0.38305,-0.11649,0.76637,0.08621,-0.04516,-0.15116,0.00204,-0.037,-0.50587,-0.93975,0.78783,1.97949,0.73556,0.58317,-0.14672,-0.4113,0.76747,-0.79562,1.69605,-0.88604,0.75159,0.10911,0.79098,0.04575,-0.32524,-0.45594,-0.10639,-0.04694,-0.06125,1.03519,0.36549,0.01354,-0.57113,-0.27185,0.06448,0.07882
21.4,-0.56827,-0.13301,0.01105,0.29744,-0.38374,-0.1161,0.76768,0.08642,-0.04461,-0.15182,0.0017,-0.037,-0.50487,-0.93899,0.78806,1.97936,0.73555,0.58227,-0.14686,-0.40941,0.7668,-0.79619,1.69536,-0.88645,0.75261,0.10904,0.79215,0.0472,-0.31981,-0.45497,-0.1065,-0.04732,-0.06142,1.03458,0.36644,0.01562,-0.5693,-0.27189,0.06449,0.07882
21.42,-0.56837,-0.1332,0.01159,0.29703,-0.38277,-0.11676,0.76674,0.08657,-0.04574,-0.15255,0.00156,-0.037,-0.5049,-0.93892,0.78778,1.97948,0.73604,0.58275,-0.14666,-0.41052,0.76658,-0.79568,1.69496,-0.88717,0.75269,0.10891,0.79162,0.04827,-0.32034,-0.45533,-0.10648,-0.04731,-0.06143,1.03426,0.36765,0.01523,-0.56931,-0.2721,0.06442,0.07879
21.44,-0.56844,-0.13346,0.01224,0.29702,-0.38124,-0.11781,0.76503,0.0867,-0.04742,-0.15333,0.0015,-0.037,-0.50482,-0.9393,0.7879,1.97969,0.73513,0.58463,-0.14669,-0.41195,0.76689,-0.79582,1.69463,-0.88601,0.75354,0.10905,0.7905,0.04923,-0.32301,-0.45616,-0.10641,-0.04716,-0.06137,1.03408,0.36891,0.01371,-0.57001,-0.2724,0.06433,0.07876
21.46,-0.56851,-0.13369,0.01283,0.29683,-0.38,-0.11866,0.76372,0.08683,-0.04879,-0.15409,0.00141,-0.037,-0.5042,-0.93977,0.78859,1.97985,0.73279,0.58708,-0.14706,-0.41249,0.76733,-0.79666,1.69425,-0.88381,0.75508,0.10935,0.78967,0.05022,-0.3247,-0.45676,-0.10636,-0.04706,-0.06133,1.03383,0.37004,0.01243,-0.57037,-0.27269,0.06426,0.07873
21.48,-0.56862,-0.13393,0.01344,0.29665,-0.37861,-0.11963,0.76221,0.087,-0.05042,-0.15482,0.00134,-0.037,-0.50598,-0.93904,0.78623,1.98005,0.73887,0.58463,-0.14562,-0.41585,0.7664,-0.79375,1.69391,-0.88875,0.75274,0.1086,0.78875,0.05131,-0.32637,-0.45743,-0.10632,-0.04699,-0.06131,1.03364,0.3716,0.0122,-0.57088,-0.27289,0.06416,0.07869
21.5,-0.56865,-0.13414,0.01405,0.29653,-0.37739,-0.12044,0.76093,0.08707,-0.05164,-0.15563,0.00122,-0.037,-0.50286,-0.94086,0.79016,1.98019,0.7275,0.59247,-0.14791,-0.41368,0.76828,-0.79841,1.69352,-0.87913,0.75824,0.10999,0.78787,0.05216,-0.32861,-0.45807,-0.10624,-0.04684,-0.06125,1.03335,0.37231,0.00961,-0.57123,-0.27328,0.06412,0.07868
21.52,-0.56846,-0.13424,0.01463,0.29643,-0.37676,-0.12074,0.76047,0.08688,-0.05155,-0.15674,0.00095,-0.037,-0.48527,-0.95017,0.81263,1.98012,0.66468,0.63061,-0.1612,-0.3942,0.77888,-0.82662,1.69298,-0.82423,0.78818,0.11803,0.78721,0.0524,-0.33183,-0.45853,-0.1061,-0.04651,-0.06108,1.03274,0.37044,-2e-05,-0.57096,-0.27424,0.06425,0.07882
21.54,-0.56818,-0.1343,0.01522,0.29636,-0.37633,-0.12087,0.76028,0.08659,-0.05103,-0.15793,0.00061,-0.037,-0.46297,-0.96194,0.84116,1.97999,0.58507,0.67862,-0.17808,-0.36947,0.7921,-0.86192,1.69239,-0.75569,0.82546,0.12808,0.78661,0.0524,-0.33556,-0.45894,-0.10592,-0.04611,-0.06086,1.03203,0.36775,-0.01184,-0.57051,-0.27537,0.06444,0.07899
21.56,-0.56794,-0.13437,0.0158,0.29629,-0.37582,-0.12108,0.75997,0.08635,-0.05073,-0.15906,0.00028,-0.037,-0.44348,-0.97225,0.86609,1.97989,0.51546,0.7207,-0.19283,-0.34852,0.80334,-0.892,1.69183,-0.69725,0.85731,0.13665,0.78599,0.0525,-0.33912,-0.45936,-0.10576,-0.04574,-0.06067,1.03139,0.36559,-0.02213,-0.57014,-0.27637,0.06459,0.07914
21.58,-0.5677,-0.13445,0.01637,0.29618,-0.37522,-0.12128,0.75964,0.08611,-0.05039,-0.16031,3e-05,-0.037,-0.42108,-0.98405,0.8947,1.97977,0.43562,0.76903,-0.20973,-0.32191,0.81782,-0.93028,1.69124,-0.62282,0.89777,0.14757,0.78531,0.05262,-0.34251,-0.45982,-0.1056,-0.04538,-0.06048,1.03064,0.36277,-0.03472,-0.56979,-0.27759,0.06478,0.07932
21.6,-0.56743,-0.13451,0.01697,0.29616,-0.37487,-0.12146,0.75942,0.08584,-0.05,-0.16132,-0.0004,-0.037,-0.4037,-0.9933,0.91698,1.97967,0.37335,0.80652,-0.22294,-0.30559,0.82631,-0.95352,1.6907,-0.57777,0.9224,0.15417,0.78478,0.05265,-0.34632,-0.46019,-0.10544,-0.04498,-0.06027,1.03012,0.36113,-0.04305,-0.56935,-0.2784,0.0649,0.07944
21.62,-0.5671,-0.13456,0.01762,0.29641,-0.37513,-0.12159,0.75948,0.08548,-0.04959,-0.16167,-0.00137,-0.037,-0.40066,-0.99523,0.92115,1.97964,0.36148,0.81295,-0.22553,-0.3212,0.81628,-0.93027,1.69033,-0.62339,0.8981,0.14747,0.78468,0.05243,-0.35131,-0.46032,-0.10531,-0.04448,-0.06002,1.03021,0.36298,-0.03889,-0.56867,-0.27799,0.06485,0.07937
21.64,-0.56675,-0.13459,0.01829,0.29674,-0.37564,-0.12171,0.75964,0.08509,-0.04914,-0.16178,-0.00253,-0.037,-0.4029,-0.99446,0.91864,1.97962,0.36816,0.80796,-0.22422,-0.34698,0.80035,-0.8922,1.69002,-0.69797,0.8582,0.13651,0.78473,0.05214,-0.35665,-0.46035,-0.1052,-0.04395,-0.05975,1.03056,0.36605,-0.03041,-0.5679,-0.27717,0.06472,0.07923
21.66,-0.56641,-0.13464,0.01895,0.29703,-0.37604,-0.12186,0.75972,0.08473,-0.04871,-0.16198,-0.00357,-0.037,-0.4032,-0.99468,0.91859,1.97958,0.36801,0.80723,-0.22433,-0.36662,0.788,-0.86309,1.68969,-0.7551,0.82774,0.12811,0.78472,0.05192,-0.36173,-0.46042,-0.10508,-0.04344,-0.0595,1.03083,0.36855,-0.02402,-0.5672,-0.27655,0.06462,0.07913
21.68,-0.56605,-0.13467,0.01961,0.29735,-0.37644,-0.12191,0.75996,0.08429,-0.04826,-0.16225,-0.00474,-0.037,-0.40156,-0.9959,0.92097,1.97957,0.36109,0.81042,-0.22591,-0.39238,0.77204,-0.82503,1.68936,-0.82951,0.7878,0.11721,0.78467,0.05152,-0.36727,-0.46054,-0.10495,-0.04289,-0.05922,1.03096,0.37109,-0.01711,-0.56637,-0.27588,0.06454,0.07902
21.7,-0.56573,-0.13472,0.02028,0.29762,-0.3769,-0.12216,0.75988,0.08401,-0.04785,-0.16232,-0.00568,-0.037,-0.40508,-0.99448,0.91687,1.97952,0.3722,0.80303,-0.22362,-0.40804,0.76206,-0.80176,1.68903,-0.87543,0.76357,0.11042,0.78475,0.05149,-0.37193,-0.46052,-0.10485,-0.04243,-0.05899,1.03143,0.37383,-0.01029,-0.56578,-0.27521,0.06441,0.0789
21.72,-0.56557,-0.13484,0.02099,0.29781,-0.37744,-0.123,0.7589,0.08412,-0.04761,-0.16189,-0.006,-0.037,-0.42335,-0.98556,0.89423,1.97938,0.43492,0.76533,-0.21024,-0.39192,0.7708,-0.82491,1.68861,-0.83177,0.78862,0.11659,0.78512,0.05257,-0.37401,-0.46014,-0.10481,-0.04223,-0.05891,1.03278,0.37695,-0.00424,-0.56589,-0.2746,0.06414,0.07874
21.74,-0.56547,-0.13498,0.0217,0.29794,-0.37804,-0.12404,0.7576,0.08438,-0.04741,-0.16126,-0.00608,-0.037,-0.44635,-0.97422,0.86564,1.9792,0.51422,0.71797,-0.19329,-0.36559,0.7856,-0.86304,1.6882,-0.75925,0.82958,0.12692,0.7856,0.05404,-0.37521,-0.45962,-0.10479,-0.04211,-0.05887,1.03448,0.38019,0.00149,-0.56622,-0.274,0.06383,0.07857
21.76,-0.56534,-0.1351,0.0224,0.29807,-0.37863,-0.12498,0.75645,0.08457,-0.04717,-0.16071,-0.00625,-0.037,-0.46595,-0.9646,0.84133,1.97903,0.58165,0.67768,-0.17888,-0.34486,0.79713,-0.89302,1.68782,-0.70244,0.8619,0.13498,0.78604,0.05531,-0.37688,-0.45915,-0.10477,-0.04195,-0.05881,1.03601,0.38329,0.00704,-0.56644,-0.27343,0.06356,0.07841
21.78,-0.56522,-0.13525,0.02313,0.29833,-0.37915,-0.12595,0.75529,0.08476,-0.04702,-0.1602,-0.00648,-0.037,-0.49084,-0.95236,0.8104,1.97889,0.66735,0.6261,-0.16061,-0.32038,0.81069,-0.92827,1.6873,-0.6355,0.89971,0.14454,0.78646,0.05665,-0.37828,-0.45873,-0.10475,-0.04182,-0.05877,1.03757,0.38681,0.01409,-0.56671,-0.2727,0.06323,0.07823
21.8,-0.56508,-0.13535,0.02381,0.2983,-0.37984,-0.12691,0.75407,0.085,-0.04669,-0.15957,-0.00653,-0.037,-0.50601,-0.94491,0.79162,1.97868,0.71954,0.59538,-0.14941,-0.30121,0.82149,-0.95617,1.68708,-0.58263,0.92995,0.15199,0.78695,0.05795,-0.38001,-0.45817,-0.10472,-0.04165,-0.0587,1.03916,0.38947,0.01792,-0.56692,-0.2723,0.06299,0.0781
21.82,-0.56489,-0.13536,0.02438,0.29745,-0.38098,-0.12784,0.75276,0.08536,-0.04579,-0.15872,-0.00608,-0.037,-0.49108,-0.95239,0.81055,1.97823,0.6678,0.62912,-0.16016,-0.29852,0.82361,-0.96116,1.68769,-0.57375,0.93652,0.15288,0.78754,0.05901,-0.3831,-0.45721,-0.10466,-0.04132,-0.05854,1.04078,0.38966,0.01262,-0.56692,-0.27279,0.063,0.07814
21.84,-0.56468,-0.13533,0.0249,0.2963,-0.38228,-0.12874,0.7514,0.08577,-0.04471,-0.15777,-0.00545,-0.037,-0.46656,-0.9646,0.84149,1.9777,0.58293,0.68347,-0.17791,-0.30155,0.82273,-0.95819,1.68859,-0.58012,0.93484,0.15151,0.7882,0.06003,-0.38651,-0.45612,-0.1046,-0.04096,-0.05836,1.04242,0.38898,0.00411,-0.56685,-0.2736,0.06309,0.07823
21.86,-0.56448,-0.13532,0.02543,0.29529,-0.3835,-0.12964,0.75006,0.08614,-0.04373,-0.15686,-0.00491,-0.037,-0.44782,-0.97394,0.86517,1.97722,0.51808,0.7254,-0.19142,-0.30242,0.82296,-0.95819,1.68935,-0.58079,0.93619,0.15101,0.78885,0.06108,-0.38958,-0.4551,-0.10454,-0.04063,-0.0582,1.04402,0.38872,-0.00276,-0.5668,-0.27425,0.06314,0.0783
21.88,-0.56427,-0.1353,0.02599,0.29427,-0.38477,-0.13061,0.74872,0.08658,-0.04266,-0.15595,-0.00434,-0.037,-0.42336,-0.98619,0.8961,1.9767,0.43332,0.7796,-0.20915,-0.30126,0.82439,-0.96116,1.69015,-0.57577,0.94085,0.15122,0.78944,0.06206,-0.3934,-0.45402,-0.10447,-0.04024,-0.058,1.04575,0.38835,-0.01039,-0.56682,-0.27497,0.0632,0.07838
21.9,-0.56408,-0.13528,0.02649,0.29319,-0.38598,-0.13143,0.74736,0.08689,-0.04174,-0.15502,-0.0038,-0.037,-0.40833,-0.9936,0.91505,1.97625,0.38141,0.81359,-0.21992,-0.3056,0.82264,-0.95618,1.69093,-0.58598,0.9368,0.14946,0.79016,0.06318,-0.3958,-0.45304,-0.10443,-0.03997,-0.05786,1.04722,0.38801,-0.01721,-0.56666,-0.27562,0.06326,0.07845
21.92,-0.56398,-0.13527,0.02687,0.29203,-0.38699,-0.13185,0.74595,0.08683,-0.04129,-0.15406,-0.00341,-0.037,-0.42296,-0.98581,0.89634,1.97607,0.43272,0.7841,-0.2088,-0.3257,0.81171,-0.92834,1.69161,-0.64001,0.90754,0.14204,0.79123,0.06475,-0.3938,-0.45237,-0.10447,-0.04012,-0.05793,1.04791,0.38803,-0.02097,-0.56603,-0.27599,0.06333,0.07851
21.94,-0.5639,-0.13525,0.0272,0.29082,-0.38795,-0.13211,0.7445,0.08665,-0.041,-0.15309,-0.00307,-0.037,-0.44714,-0.97313,0.86551,1.97598,0.51728,0.73412,-0.19065,-0.35085,0.79783,-0.89316,1.69226,-0.70808,0.87023,0.13282,0.79243,0.06645,-0.39043,-0.45181,-0.10454,-0.0404,-0.05807,1.04834,0.38811,-0.02383,-0.56522,-0.27629,0.06341,0.07857
21.96,-0.56381,-0.13524,0.02756,0.28962,-0.38894,-0.13245,0.74308,0.08653,-0.04063,-0.15212,-0.00273,-0.037,-0.46613,-0.96312,0.84128,1.97584,0.58374,0.69525,-0.17633,-0.37236,0.78606,-0.86325,1.69289,-0.76611,0.83869,0.12491,0.79354,0.06802,-0.38798,-0.45119,-0.10459,-0.04059,-0.05816,1.0489,0.38814,-0.02714,-0.56452,-0.27663,0.06348,0.07863
21.98,-0.56372,-0.13522,0.02791,0.28845,-0.38989,-0.13279,0.74163,0.08638,-0.04029,-0.15115,-0.00231,-0.037,-0.48845,-0.95137,0.81277,1.97573,0.66195,0.64935,-0.15949,-0.39954,0.77107,-0.8252,1.69364,-0.83957,0.79827,0.11491,0.79475,0.06987,-0.38433,-0.45059,-0.10465,-0.04091,-0.05831,1.04939,0.3882,-0.03036,-0.56372,-0.27694,0.06356,0.07869
22,-0.56364,-0.13521,0.02825,0.28721,-0.39091,-0.13308,0.74022,0.08625,-0.03992,-0.15018,-0.00206,-0.037,-0.50615,-0.94206,0.79026,1.97558,0.72369,0.61315,-0.14622,-0.41629,0.76198,-0.80209,1.69415,-0.8847,0.77414,0.10878,0.79581,0.07119,-0.38279,-0.44998,-0.1047,-0.041,-0.05835,1.04999,0.38824,-0.03355,-0.56307,-0.27729,0.06363,0.07875
22.02,-0.56357,-0.1352,0.02853,0.28579,-0.39211,-0.13328,0.73896,0.08618,-0.0394,-0.14923,-0.00228,-0.037,-0.50968,-0.94028,0.78617,1.97527,0.73488,0.60699,-0.14375,-0.40072,0.77119,-0.8253,1.69398,-0.84209,0.80051,0.11458,0.79641,0.07095,-0.38785,-0.4493,-0.10472,-0.04037,-0.05803,1.05097,0.38827,-0.03659,-0.56284,-0.27774,0.06368,0.0788
22.04,-0.56352,-0.1352,0.02878,0.28429,-0.39338,-0.13343,0.73774,0.08612,-0.03884,-0.14827,-0.00269,-0.037,-0.50818,-0.94116,0.78863,1.97492,0.72814,0.61142,-0.14519,-0.37483,0.78625,-0.8633,1.69358,-0.7714,0.843,0.1242,0.79688,0.0702,-0.39499,-0.44861,-0.10472,-0.03952,-0.05759,1.0521,0.38826,-0.03966,-0.56275,-0.27824,0.06372,0.07884
22.06,-0.56347,-0.13519,0.02904,0.28282,-0.39463,-0.13361,0.73649,0.08606,-0.03832,-0.1473,-0.00302,-0.037,-0.50837,-0.9411,0.78885,1.97459,0.72756,0.61218,-0.14538,-0.35519,0.79778,-0.89235,1.6933,-0.71762,0.87574,0.13152,0.79746,0.06974,-0.40087,-0.44794,-0.10473,-0.0388,-0.05723,1.05317,0.38821,-0.04291,-0.5626,-0.27873,0.06377,0.07889
22.08,-0.56338,-0.13518,0.02931,0.28137,-0.39584,-0.13377,0.7353,0.08598,-0.03774,-0.1464,-0.0033,-0.037,-0.51118,-0.93984,0.7858,1.97422,0.73577,0.60782,-0.14327,-0.32935,0.81281,-0.93024,1.69294,-0.64735,0.91813,0.1411,0.79784,0.06903,-0.40801,-0.44723,-0.10473,-0.03796,-0.05679,1.05419,0.38839,-0.04536,-0.56244,-0.27915,0.06381,0.07893
22.1,-0.56337,-0.13518,0.02957,0.27987,-0.39714,-0.13395,0.73397,0.08594,-0.03727,-0.14534,-0.00374,-0.037,-0.50749,-0.94164,0.79095,1.97394,0.72188,0.61638,-0.14675,-0.31366,0.8221,-0.9537,1.69269,-0.60389,0.94474,0.14699,0.7986,0.06873,-0.41307,-0.44659,-0.10474,-0.03732,-0.05647,1.05535,0.3881,-0.04942,-0.56233,-0.27972,0.06387,0.07899
22.12,-0.56354,-0.13523,0.02979,0.27818,-0.39866,-0.13421,0.73231,0.086,-0.03706,-0.14395,-0.00458,-0.037,-0.4846,-0.95237,0.82016,1.97392,0.64319,0.66273,-0.16675,-0.33072,0.81286,-0.93044,1.69284,-0.6473,0.92036,0.14096,0.8004,0.06975,-0.41177,-0.44613,-0.10475,-0.03731,-0.05649,1.0568,0.38629,-0.05864,-0.56234,-0.28073,0.06398,0.07911
22.14,-0.56379,-0.1353,0.03,0.27645,-0.40027,-0.13449,0.73049,0.0861,-0.03696,-0.14236,-0.0056,-0.037,-0.4557,-0.96593,0.85698,1.97397,0.54403,0.72104,-0.19193,-0.35795,0.79787,-0.89271,1.6931,-0.71761,0.88014,0.13123,0.80261,0.0712,-0.40834,-0.44573,-0.10476,-0.03751,-0.05663,1.05841,0.38403,-0.06933,-0.56238,-0.28188,0.06411,0.07924
22.16,-0.56403,-0.13537,0.03021,0.27477,-0.40186,-0.13477,0.72868,0.08618,-0.03684,-0.14081,-0.00655,-0.037,-0.4312,-0.97743,0.88831,1.97398,0.45967,0.77075,-0.21335,-0.37898,0.78638,-0.86385,1.69329,-0.77146,0.84956,0.12376,0.80466,0.07243,-0.40599,-0.44531,-0.10478,-0.03761,-0.05672,1.05999,0.3821,-0.07887,-0.56238,-0.28293,0.06422,0.07936
22.18,-0.56417,-0.13543,0.03042,0.27293,-0.40336,-0.13503,0.72712,0.08627,-0.03661,-0.13952,-0.00743,-0.037,-0.39974,-0.99217,0.92813,1.97406,0.3523,0.83374,-0.24064,-0.40612,0.77144,-0.82613,1.69353,-0.84166,0.80956,0.11404,0.80657,0.07379,-0.40327,-0.44489,-0.10478,-0.03772,-0.05681,1.06135,0.37966,-0.09049,-0.56251,-0.28412,0.06437,0.07951
22.2,-0.56454,-0.1355,0.03063,0.27143,-0.40509,-0.13533,0.72501,0.08634,-0.03664,-0.1376,-0.0085,-0.037,-0.3811,-1.00094,0.95236,1.97399,0.2872,0.87234,-0.25714,-0.42334,0.76211,-0.80285,1.6937,-0.88525,0.78481,0.10799,0.8089,0.07496,-0.40076,-0.44446,-0.10482,-0.03786,-0.05692,1.06323,0.37817,-0.0981,-0.56237,-0.28504,0.06445,0.0796
22.22,-0.56545,-0.1356,0.03085,0.27081,-0.40732,-0.13573,0.72137,0.08634,-0.03735,-0.13411,-0.00997,-0.037,-0.40212,-0.99124,0.92837,1.97348,0.35295,0.83548,-0.24031,-0.40844,0.7709,-0.82615,1.6936,-0.84287,0.80947,0.11377,0.8121,0.07553,-0.39956,-0.4441,-0.10499,-0.03801,-0.05701,1.06636,0.37948,-0.09445,-0.56159,-0.28523,0.06433,0.07953
22.24,-0.56658,-0.13572,0.03105,0.27053,-0.40983,-0.13617,0.7172,0.08632,-0.03833,-0.12995,-0.01163,-0.037,-0.43582,-0.97562,0.88895,1.97281,0.46055,0.77445,-0.2128,-0.38364,0.78529,-0.86385,1.69343,-0.77395,0.84935,0.12321,0.81575,0.07589,-0.39861,-0.44371,-0.10522,-0.03818,-0.05711,1.07004,0.38176,-0.08672,-0.56053,-0.28514,0.06414,0.07939
22.26,-0.56763,-0.13583,0.03124,0.27014,-0.41231,-0.13658,0.71328,0.08631,-0.03919,-0.12599,-0.01323,-0.037,-0.46185,-0.96357,0.85885,1.97223,0.54286,0.72796,-0.19173,-0.36493,0.79625,-0.89274,1.69329,-0.72128,0.87989,0.13041,0.81931,0.07634,-0.39737,-0.44326,-0.10543,-0.03836,-0.05722,1.07356,0.38357,-0.08073,-0.55954,-0.28516,0.06398,0.07928
22.28,-0.56861,-0.13595,0.0315,0.26958,-0.41434,-0.13703,0.70928,0.08628,-0.04003,-0.12248,-0.01474,-0.037,-0.49544,-0.94804,0.81957,1.97159,0.65007,0.66738,-0.16434,-0.33998,0.8107,-0.93051,1.69314,-0.65215,0.91996,0.13986,0.82242,0.07683,-0.39674,-0.4431,-0.10561,-0.03846,-0.05729,1.0767,0.38549,-0.07518,-0.55881,-0.28524,0.06386,0.07918
22.3,-0.56979,-0.13605,0.03161,0.26945,-0.4174,-0.13742,0.70535,0.08629,-0.04097,-0.11787,-0.01646,-0.037,-0.5167,-0.93816,0.79528,1.97102,0.71668,0.62965,-0.14726,-0.32537,0.81936,-0.95361,1.693,-0.61026,0.94422,0.1456,0.82656,0.07717,-0.395,-0.44234,-0.10587,-0.03873,-0.05743,1.08077,0.38739,-0.06783,-0.55746,-0.28514,0.06363,0.07904
22.32,-0.57145,-0.13607,0.03132,0.27037,-0.42313,-0.13762,0.70158,0.08644,-0.04221,-0.11049,-0.01871,-0.037,-0.49817,-0.94665,0.81955,1.97073,0.65186,0.66631,-0.16355,-0.34321,0.81,-0.93085,1.69289,-0.65335,0.91909,0.13975,0.83343,0.07729,-0.38968,-0.43999,-0.10634,-0.0395,-0.0578,1.0872,0.38932,-0.05565,-0.55449,-0.28449,0.06308,0.07874
22.34,-0.57329,-0.13606,0.03086,0.27172,-0.4299,-0.13776,0.69792,0.08663,-0.04352,-0.10202,-0.02116,-0.037,-0.46727,-0.9608,0.85887,1.97051,0.54635,0.72586,-0.19018,-0.37148,0.79478,-0.89323,1.69278,-0.72402,0.87796,0.13014,0.84133,0.07723,-0.38333,-0.43703,-0.10689,-0.04042,-0.05824,1.09457,0.39116,-0.04193,-0.5509,-0.28368,0.06243,0.07839
22.36,-0.57504,-0.13606,0.03046,0.27289,-0.43626,-0.13793,0.69429,0.08681,-0.04473,-0.09401,-0.02349,-0.037,-0.44385,-0.97142,0.88897,1.97023,0.4658,0.77121,-0.2105,-0.39395,0.78273,-0.86371,1.69268,-0.77976,0.84554,0.12257,0.84877,0.07715,-0.37778,-0.43432,-0.1074,-0.04123,-0.05862,1.10156,0.39283,-0.02951,-0.54757,-0.28301,0.06185,0.07807
22.38,-0.57682,-0.13608,0.03013,0.27399,-0.44237,-0.13811,0.69031,0.08697,-0.04624,-0.08614,-0.02592,-0.037,-0.41323,-0.98574,0.92829,1.97007,0.36023,0.8313,-0.23704,-0.42053,0.76873,-0.82904,1.69255,-0.84466,0.80757,0.11374,0.85616,0.07748,-0.37087,-0.43171,-0.10793,-0.04221,-0.05909,1.10839,0.39538,-0.01453,-0.54432,-0.2821,0.06118,0.07771
22.4,-0.5786,-0.13604,0.02961,0.27534,-0.44924,-0.13823,0.68707,0.08717,-0.04712,-0.07772,-0.0282,-0.037,-0.39424,-0.99393,0.95255,1.96967,0.29551,0.86703,-0.25348,-0.44119,0.75733,-0.80134,1.69248,-0.89742,0.77714,0.10658,0.8639,0.07693,-0.3665,-0.42875,-0.10844,-0.04287,-0.05941,1.11576,0.3961,-0.00443,-0.54077,-0.28162,0.06066,0.07743
22.42,-0.58029,-0.13588,0.02863,0.27727,-0.45803,-0.13829,0.6859,0.08756,-0.04642,-0.06808,-0.03002,-0.037,-0.41286,-0.98249,0.92825,1.96862,0.36263,0.82463,-0.23725,-0.44271,0.7547,-0.79682,1.69254,-0.90953,0.77178,0.10501,0.87236,0.074,-0.36974,-0.4249,-0.10887,-0.04256,-0.0593,1.12458,0.39152,-0.00949,-0.53654,-0.28253,0.06057,0.07743
22.44,-0.58197,-0.13567,0.02746,0.27944,-0.46754,-0.13826,0.68545,0.08796,-0.04505,-0.05792,-0.03168,-0.037,-0.44315,-0.96493,0.88889,1.96734,0.47054,0.75791,-0.21092,-0.43799,0.75485,-0.7997,1.69268,-0.90868,0.77442,0.10522,0.88113,0.07019,-0.37548,-0.42073,-0.10928,-0.04192,-0.05904,1.13388,0.38514,-0.01932,-0.53203,-0.28386,0.06062,0.07751
22.46,-0.58366,-0.13548,0.02638,0.28149,-0.47668,-0.1382,0.68461,0.08832,-0.04387,-0.04797,-0.03341,-0.037,-0.46635,-0.95108,0.85876,1.96615,0.55332,0.70602,-0.19084,-0.43632,0.75363,-0.79892,1.69279,-0.91415,0.77309,0.10455,0.88975,0.06677,-0.37986,-0.41674,-0.10971,-0.04145,-0.05887,1.14286,0.37977,-0.0261,-0.52763,-0.28492,0.06058,0.07754
22.48,-0.58534,-0.1353,0.02531,0.28359,-0.48606,-0.13843,0.68399,0.08887,-0.04318,-0.03809,-0.03515,-0.037,-0.49643,-0.9336,0.8194,1.96499,0.6617,0.63943,-0.16435,-0.43412,0.75268,-0.79886,1.69285,-0.91874,0.7726,0.10402,0.89846,0.06339,-0.38521,-0.41257,-0.11009,-0.04088,-0.05864,1.15233,0.37363,-0.03645,-0.52328,-0.28631,0.06064,0.07764
22.5,-0.58702,-0.13508,0.02416,0.28564,-0.49509,-0.13802,0.68311,0.08899,-0.04132,-0.02798,-0.03684,-0.037,-0.51543,-0.92202,0.7951,1.96372,0.72805,0.59679,-0.14839,-0.4314,0.75189,-0.79927,1.69305,-0.92171,0.77248,0.10369,0.90702,0.05971,-0.38906,-0.4087,-0.11057,-0.04045,-0.05848,1.16086,0.36862,-0.04062,-0.51876,-0.2871,0.06053,0.07761
22.52,-0.58876,-0.13474,0.02288,0.2873,-0.50293,-0.13604,0.6812,0.08803,-0.03631,-0.01725,-0.03835,-0.037,-0.49838,-0.92935,0.81942,1.96221,0.65891,0.63157,-0.16634,-0.42878,0.75082,-0.79916,1.69355,-0.92345,0.77152,0.10348,0.91509,0.0555,-0.38894,-0.40576,-0.11127,-0.04042,-0.05851,1.16689,0.36757,-0.02559,-0.51388,-0.28618,0.05992,0.07725
22.54,-0.5905,-0.13434,0.02151,0.28893,-0.5104,-0.13339,0.67902,0.08662,-0.03016,-0.00635,-0.03983,-0.037,-0.4703,-0.94261,0.85876,1.96059,0.54787,0.69026,-0.19478,-0.42579,0.74983,-0.79934,1.69419,-0.92384,0.77072,0.10344,0.92299,0.051,-0.38709,-0.40312,-0.11207,-0.04056,-0.05863,1.17192,0.36765,-0.00437,-0.50883,-0.28461,0.05912,0.07675
22.56,-0.59221,-0.13396,0.02015,0.29068,-0.51805,-0.13093,0.67706,0.08533,-0.02458,0.00439,-0.04139,-0.037,-0.44911,-0.95234,0.88889,1.95901,0.46255,0.73431,-0.21677,-0.4229,0.74884,-0.79945,1.69482,-0.92466,0.76989,0.10335,0.93097,0.04659,-0.38556,-0.40032,-0.11285,-0.04066,-0.05872,1.17728,0.36696,0.01338,-0.50384,-0.28328,0.05838,0.07629
22.58,-0.59401,-0.13365,0.01891,0.29196,-0.52566,-0.12894,0.67472,0.08437,-0.01876,0.01552,-0.04269,-0.037,-0.42055,-0.96529,0.92838,1.95746,0.35097,0.79319,-0.24538,-0.4201,0.74781,-0.79954,1.69524,-0.92583,0.7692,0.10321,0.93896,0.04233,-0.38612,-0.3976,-0.11351,-0.04056,-0.05872,1.18321,0.36729,0.03376,-0.4989,-0.28221,0.05777,0.07592
22.6,-0.59564,-0.13316,0.01738,0.29421,-0.53326,-0.12582,0.67311,0.08262,-0.01318,0.02584,-0.04451,-0.037,-0.40436,-0.97313,0.95238,1.95583,0.28296,0.82752,-0.263,-0.4171,0.74685,-0.79966,1.69613,-0.92611,0.7681,0.1032,0.94686,0.03768,-0.38185,-0.3948,-0.11444,-0.04093,-0.05895,1.18769,0.36578,0.05019,-0.49384,-0.28042,0.05684,0.07533
22.62,-0.59687,-0.1322,0.01513,0.29922,-0.54099,-0.11982,0.67345,0.07888,-0.0085,0.03414,-0.04778,-0.037,-0.42671,-0.96467,0.92798,1.95409,0.35096,0.78525,-0.24632,-0.41361,0.74597,-0.79977,1.69823,-0.92444,0.7661,0.10347,0.9547,0.03209,-0.36492,-0.39168,-0.11603,-0.0426,-0.05984,1.18857,0.35898,0.0541,-0.48816,-0.27698,0.0551,0.07425
22.64,-0.59793,-0.13105,0.01256,0.30519,-0.5487,-0.11269,0.67457,0.07436,-0.00412,0.04157,-0.05158,-0.037,-0.4615,-0.95105,0.88793,1.95228,0.46298,0.71812,-0.21855,-0.40996,0.74517,-0.79989,1.70079,-0.92196,0.76355,0.10389,0.96243,0.0261,-0.34317,-0.38846,-0.11788,-0.04474,-0.06097,1.18799,0.35027,0.05384,-0.48242,-0.2728,0.05304,0.07295
22.66,-0.59905,-0.12999,0.01009,0.31069,-0.55638,-0.10602,0.67543,0.07017,0.00036,0.04922,-0.05513,-0.037,-0.48943,-0.94031,0.85638,1.95046,0.55112,0.66443,-0.19681,-0.40641,0.74437,-0.8,1.70316,-0.91979,0.76111,0.10426,0.97014,0.02026,-0.32342,-0.38528,-0.11964,-0.04667,-0.06199,1.18797,0.34242,0.05562,-0.4769,-0.26882,0.05107,0.07171
22.68,-0.60024,-0.12893,0.00781,0.31634,-0.56422,-0.09954,0.67589,0.06609,0.00502,0.0576,-0.05871,-0.037,-0.52213,-0.92751,0.81944,1.94878,0.65437,0.60252,-0.17118,-0.40274,0.74343,-0.80012,1.70546,-0.91781,0.75947,0.10454,0.97816,0.01455,-0.30427,-0.38214,-0.1213,-0.04861,-0.06302,1.18837,0.33467,0.05708,-0.47053,-0.26539,0.04929,0.0706
22.7,-0.60125,-0.12781,0.00504,0.32189,-0.57172,-0.09241,0.67738,0.06159,0.00924,0.06424,-0.06235,-0.037,-0.54795,-0.91772,0.7899,1.94682,0.73691,0.55155,-0.15095,-0.3993,0.74281,-0.80023,1.70804,-0.91529,0.75578,0.10506,0.98549,0.00845,-0.28291,-0.3789,-0.1232,-0.05061,-0.06408,1.18754,0.32619,0.05801,-0.46596,-0.26065,0.04708,0.06921
22.72,-0.60181,-0.12657,0.00108,0.32714,-0.57826,-0.08373,0.68131,0.05607,0.01228,0.06647,-0.06614,-0.037,-0.55215,-0.91709,0.78388,1.94404,0.75417,0.53592,-0.14768,-0.39632,0.74306,-0.80038,1.71106,-0.91126,0.74856,0.10601,0.99096,0.00163,-0.25528,-0.37533,-0.1258,-0.05276,-0.06526,1.18373,0.31658,0.05962,-0.46612,-0.25251,0.0435,0.06699
22.74,-0.60219,-0.12528,-0.00338,0.33223,-0.58445,-0.07444,0.68629,0.05016,0.0149,0.06692,-0.06995,-0.037,-0.549,-0.9197,0.78589,1.94101,0.74923,0.53192,-0.15026,-0.3936,0.74366,-0.80051,1.7144,-0.90682,0.73891,0.10721,0.99572,-0.00563,-0.22584,-0.37169,-0.1286,-0.05492,-0.06644,1.17871,0.30623,0.06066,-0.46816,-0.2431,0.03956,0.06454
22.76,-0.60263,-0.12401,-0.00767,0.33727,-0.5908,-0.06543,0.69095,0.04445,0.01777,0.06807,-0.07366,-0.037,-0.54897,-0.92108,0.78469,1.93816,0.75233,0.52348,-0.15061,-0.3909,0.74411,-0.8006,1.71777,-0.90266,0.72906,0.10841,1.00078,-0.0129,-0.19812,-0.36815,-0.13123,-0.05698,-0.06757,1.17419,0.29588,0.06115,-0.46956,-0.23426,0.03596,0.06229
22.78,-0.60314,-0.12271,-0.01173,0.34287,-0.59717,-0.05634,0.69497,0.03863,0.02042,0.06967,-0.07777,-0.037,-0.55021,-0.9213,0.78125,1.93505,0.76373,0.51183,-0.14893,-0.38767,0.74448,-0.80087,1.72044,-0.89785,0.72474,0.10917,1.00593,-0.01935,-0.16644,-0.36432,-0.1342,-0.05947,-0.06893,1.16985,0.28679,0.0647,-0.47011,-0.22541,0.03158,0.05965
22.8,-0.60348,-0.12147,-0.0164,0.34722,-0.60339,-0.04733,0.70056,0.03298,0.0234,0.06989,-0.08103,-0.037,-0.547,-0.92472,0.78443,1.93242,0.75432,0.50845,-0.1528,-0.38556,0.74516,-0.80078,1.72461,-0.89461,0.70829,0.11088,1.01072,-0.02755,-0.14266,-0.36106,-0.13651,-0.06106,-0.06981,1.16485,0.27502,0.06204,-0.47279,-0.21632,0.02874,0.05776
22.82,-0.6034,-0.12037,-0.02259,0.3484,-0.60946,-0.03834,0.71028,0.02767,0.02757,0.06719,-0.08199,-0.037,-0.53237,-0.93655,0.80533,1.93123,0.67217,0.53855,-0.17246,-0.38675,0.74601,-0.79968,1.73304,-0.89326,0.65911,0.11527,1.01496,-0.04075,-0.14095,-0.35943,-0.13692,-0.06019,-0.06937,1.15838,0.25524,0.04043,-0.48158,-0.2066,0.03033,0.05808
22.84,-0.60316,-0.11932,-0.02939,0.34828,-0.61535,-0.02952,0.72152,0.0226,0.03206,0.06309,-0.08207,-0.037,-0.51364,-0.95141,0.83241,1.93053,0.573,0.57455,-0.19721,-0.38902,0.74726,-0.79823,1.74292,-0.89403,0.59775,0.12057,1.01882,-0.05564,-0.14727,-0.35836,-0.13666,-0.05842,-0.06844,1.1513,0.23294,0.01296,-0.49232,-0.19675,0.03345,0.05916
22.86,-0.60298,-0.11826,-0.03595,0.34859,-0.62118,-0.02087,0.73203,0.01759,0.03629,0.05933,-0.08249,-0.037,-0.49728,-0.96468,0.8559,1.92961,0.49567,0.59867,-0.21842,-0.3906,0.74872,-0.79699,1.75202,-0.89549,0.54188,0.12537,1.02268,-0.06959,-0.15009,-0.35701,-0.1367,-0.05705,-0.06773,1.14448,0.21232,-0.01051,-0.5017,-0.18716,0.03581,0.05986
22.88,-0.60283,-0.11717,-0.04237,0.34955,-0.6276,-0.01117,0.7428,0.01187,0.04098,0.05675,-0.08319,-0.037,-0.47841,-0.97902,0.88311,1.92873,0.36017,0.66046,-0.24493,-0.393,0.74856,-0.79558,1.76167,-0.88983,0.48619,0.13057,1.02723,-0.08431,-0.15235,-0.35576,-0.13673,-0.05571,-0.06702,1.13767,0.18943,-0.0396,-0.51313,-0.17665,0.03846,0.06067
22.9,-0.6026,-0.11615,-0.04921,0.34888,-0.63273,-0.0037,0.75332,0.00768,0.04478,0.05142,-0.08309,-0.037,-0.46404,-0.99172,0.90374,1.92781,0.33941,0.64697,-0.26164,-0.39401,0.75183,-0.79436,1.77046,-0.89964,0.42718,0.13512,1.03028,-0.0978,-0.15755,-0.35447,-0.13665,-0.05411,-0.06621,1.13071,0.17065,-0.05841,-0.52078,-0.16805,0.04085,0.06144
22.92,-0.60213,-0.11529,-0.05704,0.34376,-0.63447,-0.00241,0.76312,0.00778,0.04625,0.03867,-0.08095,-0.037,-0.46186,-1.00007,0.90642,1.92712,0.66274,0.40762,-0.24923,-0.39026,0.76477,-0.79426,1.77711,-0.95045,0.36283,0.13804,1.02917,-0.10756,-0.17035,-0.35261,-0.13638,-0.05186,-0.06513,1.12343,0.16402,-0.04697,-0.51716,-0.16481,0.04221,0.06194
22.94,-0.60161,-0.11451,-0.06526,0.3371,-0.6349,-0.00334,0.77256,0.0094,0.04679,0.02325,-0.07805,-0.037,-0.46459,-1.00645,0.90189,1.92624,1.09807,0.09522,-0.22691,-0.38521,0.78105,-0.79421,1.78273,-1.01686,0.2955,0.14023,1.0266,-0.11602,-0.18559,-0.35077,-0.13604,-0.04941,-0.06398,1.11604,0.16158,-0.02505,-0.50975,-0.16349,0.04325,0.06235
22.96,-0.60115,-0.11371,-0.07331,0.33132,-0.63584,-0.00322,0.78195,0.01027,0.04761,0.00915,-0.07553,-0.037,-0.46597,-1.01313,0.89947,1.92517,1.46693,-0.17282,-0.20965,-0.3812,0.79566,-0.79384,1.78845,-1.0771,0.22888,0.14253,1.02476,-0.12501,-0.19871,-0.34912,-0.13578,-0.04718,-0.06292,1.10871,0.1571,-0.00818,-0.5043,-0.16123,0.04439,0.06278
22.98,-0.6005,-0.11282,-0.08134,0.32474,-0.63709,-0.0033,0.79232,0.01141,0.049,-0.0055,-0.07284,-0.037,-0.46359,-1.02254,0.90219,1.92542,1.9004,-0.48729,-0.19023,-0.37532,0.81108,-0.79489,1.79582,-1.1341,0.16418,0.14579,1.02257,-0.13429,-0.21624,-0.34662,-0.13528,-0.04442,-0.0616,1.10127,0.1531,0.00974,-0.49789,-0.15923,0.04577,0.06334
23,-0.60025,-0.11215,-0.08949,0.31947,-0.63741,-0.00347,0.8005,0.01234,0.04902,-0.01959,-0.07034,-0.037,-0.47013,-1.02562,0.89242,1.92272,2.22679,-0.72305,-0.17288,-0.37304,0.82541,-0.79277,1.7994,-1.20084,0.09538,0.14686,1.02081,-0.14268,-0.22523,-0.34593,-0.13528,-0.0427,-0.0608,1.09408,0.14912,0.02799,-0.49257,-0.15717,0.04655,0.0636
23.02,-0.60101,-0.11199,-0.09791,0.31833,-0.63549,-0.00343,0.80297,0.01243,0.04528,-0.03155,-0.06858,-0.037,-0.50113,-1.0128,0.84982,1.91319,2.22421,-0.71857,-0.16374,-0.38054,0.83769,-0.78399,1.7934,-1.29638,0.01224,0.14206,1.02019,-0.14857,-0.20844,-0.34978,-0.13675,-0.04411,-0.06155,1.08739,0.14426,0.04491,-0.4912,-0.15441,0.04563,0.06302
23.04,-0.60219,-0.11204,-0.10642,0.31855,-0.6327,-0.00339,0.80318,0.01224,0.04023,-0.04283,-0.06704,-0.037,-0.5407,-0.99345,0.79488,1.90046,2.11114,-0.63329,-0.15699,-0.39173,0.84843,-0.77165,1.78345,-1.40012,-0.07417,0.13507,1.02013,-0.15367,-0.18319,-0.35552,-0.13872,-0.04654,-0.06281,1.08101,0.13928,0.06176,-0.49105,-0.15156,0.04411,0.06216
23.06,-0.60325,-0.11203,-0.11485,0.3181,-0.63033,-0.0033,0.80428,0.0121,0.03592,-0.05438,-0.06537,-0.037,-0.57572,-0.97639,0.74561,1.88838,2.05267,-0.58837,-0.14908,-0.40159,0.85876,-0.75955,1.77492,-1.49633,-0.15656,0.12907,1.02008,-0.15938,-0.16282,-0.36068,-0.14043,-0.04838,-0.06378,1.07462,0.13431,0.07848,-0.49033,-0.1488,0.04291,0.06145
23.08,-0.60401,-0.11189,-0.12347,0.31783,-0.6278,-0.00348,0.80599,0.01233,0.031,-0.06623,-0.06377,-0.037,-0.61385,-0.96218,0.69585,1.87974,1.97978,-0.53078,-0.14114,-0.41013,0.87397,-0.75324,1.76809,-1.60906,-0.24973,0.12305,1.01885,-0.16404,-0.13827,-0.36467,-0.14228,-0.05076,-0.06501,1.06764,0.12969,0.0963,-0.48955,-0.14587,0.04151,0.06063
23.1,-0.60549,-0.11206,-0.1317,0.3175,-0.62541,-0.00308,0.80585,0.01173,0.02704,-0.07722,-0.0621,-0.037,-0.64726,-0.94046,0.64426,1.86309,1.90896,-0.47926,-0.13395,-0.42208,0.8785,-0.73407,1.75657,-1.68924,-0.32124,0.11657,1.02024,-0.17068,-0.12027,-0.37153,-0.14396,-0.05226,-0.06581,1.06199,0.12426,0.11162,-0.48923,-0.14327,0.0404,0.05997
23.12,-0.60877,-0.11303,-0.13889,0.31704,-0.62364,-0.00092,0.80157,0.00881,0.02597,-0.08636,-0.06014,-0.037,-0.66742,-0.90017,0.59056,1.82599,1.87254,-0.46551,-0.12842,-0.44453,0.85482,-0.67992,1.73487,-1.67626,-0.33145,0.10939,1.02865,-0.18335,-0.1234,-0.38607,-0.14497,-0.05112,-0.06529,1.05987,0.11652,0.12061,-0.48992,-0.14155,0.04013,0.05976
23.14,-0.61278,-0.11432,-0.14565,0.31644,-0.62203,0.00183,0.79544,0.00509,0.02592,-0.09458,-0.05811,-0.037,-0.68215,-0.85249,0.53551,1.78079,1.84114,-0.46009,-0.12357,-0.4699,0.82028,-0.61302,1.7082,-1.63039,-0.31988,0.10182,1.03968,-0.198,-0.1332,-0.40337,-0.1458,-0.04905,-0.06433,1.05911,0.10797,0.12697,-0.49105,-0.14018,0.04019,0.05972
23.16,-0.61651,-0.11547,-0.15255,0.3157,-0.62032,0.00423,0.78989,0.0018,0.02546,-0.103,-0.05613,-0.037,-0.69814,-0.80781,0.48111,1.73873,1.80577,-0.44968,-0.11833,-0.49268,0.7901,-0.55222,1.68264,-1.60033,-0.3187,0.09441,1.04959,-0.21153,-0.13932,-0.41933,-0.14676,-0.0474,-0.06357,1.05777,0.09984,0.13407,-0.49197,-0.13869,0.04015,0.05964
23.18,-0.62004,-0.11659,-0.15972,0.31587,-0.61868,0.00696,0.78537,-0.00176,0.02473,-0.11238,-0.05404,-0.037,-0.71961,-0.76433,0.42601,1.69881,1.77369,-0.4415,-0.11353,-0.52104,0.76223,-0.49005,1.66193,-1.56694,-0.3155,0.08697,1.0593,-0.22594,-0.14797,-0.43584,-0.14754,-0.04581,-0.06282,1.05622,0.09145,0.14294,-0.49297,-0.13704,0.03989,0.05944
23.2,-0.62414,-0.11784,-0.16621,0.3141,-0.61698,0.00914,0.77828,-0.00496,0.0248,-0.11947,-0.0522,-0.037,-0.72818,-0.71681,0.37236,1.65257,1.73743,-0.43178,-0.10794,-0.53825,0.72706,-0.42772,1.62982,-1.53253,-0.31136,0.07955,1.06997,-0.239,-0.15296,-0.45167,-0.14866,-0.04386,-0.06193,1.05547,0.08345,0.14769,-0.49389,-0.1358,0.04015,0.05951
23.22,-0.62962,-0.11939,-0.17104,0.30678,-0.61487,0.00969,0.76475,-0.00704,0.02708,-0.12113,-0.0508,-0.037,-0.70294,-0.6587,0.32169,1.59063,1.68852,-0.41533,-0.09993,-0.52535,0.67383,-0.36827,1.56898,-1.50365,-0.30956,0.07219,1.08312,-0.24801,-0.14709,-0.46623,-0.15071,-0.0411,-0.0607,1.05634,0.07628,0.14019,-0.49456,-0.13564,0.04197,0.06039
23.24,-0.63565,-0.12106,-0.17518,0.29756,-0.61275,0.00966,0.74868,-0.00873,0.0301,-0.12039,-0.0497,-0.037,-0.66476,-0.59704,0.27285,1.52265,1.6358,-0.39751,-0.09112,-0.50086,0.61375,-0.30909,1.49659,-1.47482,-0.30762,0.0649,1.09705,-0.2556,-0.13723,-0.47974,-0.15312,-0.03803,-0.05933,1.05802,0.0696,0.12889,-0.49513,-0.13588,0.04428,0.06152
23.26,-0.64142,-0.12266,-0.17957,0.28936,-0.61076,0.00988,0.73365,-0.01056,0.03262,-0.12031,-0.04863,-0.037,-0.63211,-0.53783,0.22411,1.45759,1.58526,-0.381,-0.08269,-0.48075,0.55713,-0.24967,1.42849,-1.4457,-0.30602,0.05764,1.11033,-0.26375,-0.12863,-0.49288,-0.15539,-0.03512,-0.05804,1.05947,0.063,0.12038,-0.49569,-0.13592,0.04624,0.06248
23.28,-0.64724,-0.12433,-0.18423,0.28046,-0.60819,0.01019,0.719,-0.01258,0.03585,-0.12203,-0.04687,-0.037,-0.6007,-0.47481,0.17131,1.39151,1.53278,-0.36187,-0.07416,-0.46445,0.49857,-0.19031,1.36418,-1.41642,-0.30257,0.05007,1.12496,-0.27228,-0.12246,-0.50973,-0.15753,-0.03206,-0.05667,1.0603,0.05511,0.10743,-0.49648,-0.13602,0.04874,0.0637
23.3,-0.65309,-0.12589,-0.18816,0.27263,-0.60688,0.01017,0.70299,-0.01409,0.03776,-0.11941,-0.04663,-0.037,-0.56376,-0.41902,0.12749,1.32621,1.4836,-0.34772,-0.06569,-0.43744,0.44269,-0.13104,1.28939,-1.3881,-0.30313,0.04321,1.13692,-0.2797,-0.11035,-0.5185,-0.16004,-0.02927,-0.05544,1.06267,0.04999,0.10271,-0.49677,-0.1361,0.05024,0.06443
23.32,-0.6589,-0.12712,-0.19041,0.26769,-0.60855,0.00926,0.68369,-0.01424,0.03589,-0.10587,-0.05046,-0.037,-0.51445,-0.38375,0.10745,1.2647,1.44262,-0.34832,-0.0571,-0.38371,0.39489,-0.07229,1.18782,-1.36107,-0.31589,0.03799,1.14141,-0.28406,-0.08145,-0.5058,-0.16338,-0.02715,-0.05452,1.0684,0.05267,0.1229,-0.49564,-0.13592,0.04878,0.06372
23.34,-0.66471,-0.12824,-0.19192,0.26399,-0.61155,0.00803,0.66313,-0.01387,0.03265,-0.08797,-0.05583,-0.037,-0.4601,-0.35599,0.09646,1.20421,1.40544,-0.35386,-0.04866,-0.31962,0.35028,-0.01373,1.07631,-1.33547,-0.33262,0.03354,1.14317,-0.28738,-0.04691,-0.4849,-0.1671,-0.02535,-0.05375,1.07576,0.05807,0.15126,-0.49403,-0.13573,0.04631,0.06252
23.36,-0.6705,-0.12942,-0.19366,0.26011,-0.61426,0.00701,0.64325,-0.01376,0.03,-0.07174,-0.06055,-0.037,-0.40824,-0.32506,0.08173,1.14317,1.36767,-0.35667,-0.04044,-0.2602,0.30491,0.0452,0.9697,-1.31022,-0.34693,0.02891,1.14608,-0.2914,-0.01582,-0.46734,-0.17071,-0.02351,-0.05297,1.0828,0.06201,0.17506,-0.49267,-0.13561,0.04433,0.06156
23.38,-0.67639,-0.13057,-0.19582,0.25459,-0.61569,0.00574,0.62286,-0.01356,0.02749,-0.05672,-0.06508,-0.037,-0.35506,-0.29301,0.06559,1.08222,1.32483,-0.36139,-0.03098,-0.20039,0.25636,0.10333,0.86075,-1.28059,-0.36376,0.02351,1.14934,-0.29448,0.01913,-0.45131,-0.17407,-0.0212,-0.05195,1.08806,0.06686,0.20237,-0.49112,-0.13524,0.04221,0.06053
23.4,-0.68206,-0.13175,-0.19694,0.25274,-0.62007,0.00488,0.60323,-0.01341,0.02439,-0.03821,-0.07036,-0.037,-0.30362,-0.26508,0.05437,1.0215,1.29366,-0.36341,-0.02417,-0.13924,0.21531,0.16258,0.75486,-1.26059,-0.37635,0.01994,1.15126,-0.2992,0.04737,-0.43025,-0.17802,-0.01993,-0.05147,1.09742,0.07049,0.22431,-0.4899,-0.13537,0.04014,0.05954
23.42,-0.68717,-0.133,-0.19553,0.26117,-0.63236,0.00545,0.58626,-0.0136,0.01953,-0.01097,-0.07741,-0.037,-0.25825,-0.2471,0.05571,0.96054,1.2927,-0.35617,-0.02447,-0.07564,0.19405,0.22931,0.65674,-1.26529,-0.37571,0.02091,1.14972,-0.30939,0.05539,-0.3965,-0.18371,-0.02161,-0.05256,1.1176,0.06968,0.22989,-0.48939,-0.13685,0.03838,0.05875
23.44,-0.69205,-0.13428,-0.19307,0.27315,-0.64756,0.0064,0.57007,-0.01384,0.0142,0.01956,-0.08515,-0.037,-0.21485,-0.23297,0.06146,0.89993,1.30366,-0.34619,-0.02748,-0.01135,0.18029,0.29633,0.5627,-1.27986,-0.37077,0.02373,1.14701,-0.32116,0.05649,-0.35816,-0.18994,-0.02428,-0.05417,1.14186,0.0676,0.22975,-0.48927,-0.13883,0.03671,0.05802
23.46,-0.69699,-0.13555,-0.19098,0.28318,-0.66138,0.00703,0.55337,-0.01401,0.00937,0.04847,-0.09253,-0.037,-0.17062,-0.21685,0.06444,0.83962,1.30982,-0.33784,-0.02937,0.05171,0.16321,0.36042,0.46892,-1.29096,-0.36813,0.02593,1.1451,-0.33178,0.06096,-0.32245,-0.19579,-0.02638,-0.05548,1.16433,0.06633,0.23196,-0.48918,-0.14061,0.03505,0.05729
23.48,-0.70208,-0.13679,-0.18933,0.29466,-0.6755,0.00828,0.53728,-0.01435,0.00328,0.07809,-0.10016,-0.037,-0.12599,-0.20196,0.07102,0.77742,1.31321,-0.32793,-0.03077,0.119,0.14586,0.43647,0.36587,-1.29801,-0.36411,0.02728,1.14194,-0.34417,0.06473,-0.28407,-0.20225,-0.02899,-0.05707,1.18662,0.06418,0.23546,-0.48824,-0.14229,0.03315,0.05644
23.5,-0.70682,-0.13811,-0.18651,0.30396,-0.68964,0.00832,0.52011,-0.01435,-0.00029,0.10689,-0.10741,-0.037,-0.08265,-0.18536,0.07095,0.71919,1.32553,-0.3207,-0.03387,0.1775,0.13083,0.48747,0.28324,-1.31558,-0.36196,0.03077,1.14121,-0.35326,0.06817,-0.25039,-0.20755,-0.03078,-0.0582,1.2102,0.06354,0.23483,-0.48915,-0.14429,0.03177,0.05587
23.52,-0.71062,-0.13963,-0.1808,0.30653,-0.70328,0.00498,0.4998,-0.01338,0.00345,0.13312,-0.11338,-0.037,-0.04299,-0.16286,0.05208,0.67225,1.35611,-0.32027,-0.04054,0.21151,0.12017,0.47097,0.25595,-1.36209,-0.36538,0.0402,1.14689,-0.35294,0.07279,-0.22971,-0.20961,-0.03013,-0.05795,1.23655,0.06727,0.22407,-0.4951,-0.14701,0.0318,0.05603
23.54,-0.71406,-0.14124,-0.17392,0.30677,-0.7168,0.00041,0.47836,-0.01206,0.0097,0.15827,-0.11894,-0.037,-0.00449,-0.1385,0.02622,0.62924,1.39581,-0.32283,-0.04891,0.23659,0.11161,0.42899,0.24913,-1.41844,-0.37093,0.05161,1.15519,-0.34922,0.07719,-0.21416,-0.21047,-0.02862,-0.05722,1.26402,0.07259,0.20933,-0.50289,-0.15003,0.03234,0.05647
23.56,-0.71767,-0.14282,-0.16752,0.30798,-0.73027,-0.00361,0.45741,-0.01093,0.01469,0.18356,-0.1247,-0.037,0.03496,-0.11507,0.00303,0.58409,1.43369,-0.32489,-0.05683,0.26574,0.10221,0.39747,0.23303,-1.46875,-0.37592,0.06176,1.1627,-0.34697,0.08138,-0.19703,-0.21183,-0.02749,-0.0567,1.29086,0.07727,0.19644,-0.50981,-0.15291,0.03265,0.05678
23.58,-0.72127,-0.14435,-0.16132,0.3097,-0.74427,-0.00755,0.43658,-0.0097,0.02021,0.21048,-0.1304,-0.037,0.07268,-0.09138,-0.01798,0.54027,1.46252,-0.32337,-0.06352,0.29489,0.09257,0.37044,0.21697,-1.52594,-0.37907,0.07348,1.16851,-0.34506,0.08664,-0.1766,-0.21337,-0.02646,-0.05623,1.31836,0.08155,0.18317,-0.51692,-0.15582,0.03294,0.0571
23.6,-0.72479,-0.14601,-0.15443,0.30978,-0.75711,-0.01197,0.41523,-0.00855,0.02516,0.23369,-0.13614,-0.037,0.11362,-0.06777,-0.0451,0.49484,1.5118,-0.32988,-0.0731,0.32188,0.08384,0.32829,0.20563,-1.57115,-0.38656,0.08241,1.17847,-0.34165,0.08969,-0.16429,-0.21425,-0.02499,-0.05552,1.34469,0.08705,0.16982,-0.52405,-0.15873,0.03338,0.05747
23.62,-0.72818,-0.14798,-0.14593,0.30561,-0.76676,-0.01743,0.39267,-0.00801,0.02857,0.2471,-0.14194,-0.037,0.16487,-0.04458,-0.0886,0.44201,1.61869,-0.35939,-0.09062,0.34532,0.07701,0.2483,0.20238,-1.57955,-0.40603,0.08293,1.19949,-0.33468,0.08696,-0.17338,-0.21355,-0.02252,-0.05428,1.36745,0.09571,0.15737,-0.53084,-0.16155,0.03414,0.05795
23.64,-0.73149,-0.15008,-0.13679,0.29991,-0.77524,-0.02333,0.36966,-0.0075,0.03121,0.25677,-0.1478,-0.037,0.21918,-0.02156,-0.13782,0.38779,1.74517,-0.3966,-0.11091,0.36685,0.07102,0.1544,0.20314,-1.57572,-0.42972,0.0806,1.22456,-0.32636,0.08202,-0.19042,-0.21221,-0.01963,-0.05281,1.38898,0.10554,0.14498,-0.53759,-0.16435,0.03503,0.05848
23.66,-0.73481,-0.15214,-0.12793,0.29512,-0.78426,-0.02902,0.34688,-0.00677,0.03381,0.26804,-0.15373,-0.037,0.27135,0.00141,-0.18359,0.33552,1.86041,-0.42931,-0.12967,0.38909,0.06469,0.06839,0.20197,-1.57836,-0.45118,0.07975,1.24762,-0.31883,0.07797,-0.20368,-0.21117,-0.01691,-0.05143,1.41111,0.11473,0.13251,-0.54436,-0.16714,0.03582,0.05898
23.68,-0.73824,-0.15412,-0.11905,0.28936,-0.79324,-0.03478,0.3239,-0.00688,0.03814,0.27971,-0.15925,-0.037,0.32667,0.02503,-0.23308,0.27784,1.98583,-0.46639,-0.14962,0.4117,0.05822,-0.02508,0.20196,-1.57764,-0.47408,0.07825,1.27148,-0.31045,0.07437,-0.21786,-0.21005,-0.01425,-0.05008,1.43315,0.1244,0.12014,-0.5512,-0.17001,0.03676,0.05954
23.7,-0.74141,-0.15628,-0.11009,0.28525,-0.80205,-0.04049,0.30128,-0.00527,0.03867,0.28966,-0.16563,-0.037,0.37617,0.04719,-0.27621,0.23101,2.09459,-0.49611,-0.16774,0.43318,0.05224,-0.10603,0.20023,-1.5807,-0.49488,0.07733,1.29461,-0.30352,0.06935,-0.2319,-0.20897,-0.01139,-0.04864,1.45504,0.13334,0.10762,-0.55782,-0.17271,0.03743,0.05997
23.72,-0.74385,-0.15897,-0.10101,0.28653,-0.81046,-0.04593,0.27944,0.00126,0.02851,0.29574,-0.17446,-0.037,0.40881,0.06558,-0.29934,0.21477,2.15235,-0.50398,-0.17995,0.45212,0.04724,-0.14842,0.19251,-1.59874,-0.50951,0.07919,1.31458,-0.30138,0.06053,-0.2439,-0.20812,-0.00798,-0.04693,1.47687,0.13997,0.09474,-0.56422,-0.17492,0.03738,0.06004
23.74,-0.74602,-0.16183,-0.09188,0.28946,-0.81879,-0.05129,0.25804,0.00948,0.01461,0.30023,-0.18414,-0.037,0.4355,0.08244,-0.31597,0.20943,2.19262,-0.50411,-0.19021,0.47,0.04273,-0.17772,0.18287,-1.62063,-0.52174,0.08164,1.33367,-0.3007,0.05044,-0.2554,-0.20734,-0.00441,-0.04515,1.49856,0.14582,0.08174,-0.57032,-0.17696,0.03706,0.05997
23.76,-0.74831,-0.16458,-0.0828,0.29134,-0.8273,-0.05671,0.23662,0.01681,0.00266,0.30548,-0.1934,-0.037,0.46498,0.09985,-0.33631,0.19888,2.24104,-0.50753,-0.20148,0.48836,0.03809,-0.21326,0.17415,-1.63973,-0.53461,0.0835,1.35325,-0.29909,0.0412,-0.26692,-0.20654,-0.00101,-0.04346,1.52028,0.15202,0.06874,-0.57632,-0.17907,0.03686,0.05996
23.78,-0.75062,-0.16748,-0.07356,0.2944,-0.83517,-0.06209,0.21437,0.02467,-0.01036,0.31044,-0.20282,-0.037,0.49428,0.11792,-0.35393,0.18932,2.28949,-0.51215,-0.21241,0.50668,0.03307,-0.24804,0.1653,-1.66293,-0.54949,0.08659,1.37264,-0.29854,0.03074,-0.27964,-0.20569,0.0028,-0.04156,1.54214,0.15825,0.05591,-0.58332,-0.18121,0.03668,0.05996
23.8,-0.75282,-0.17009,-0.06466,0.29545,-0.84436,-0.06749,0.194,0.03181,-0.02203,0.31564,-0.2121,-0.037,0.5224,0.13421,-0.37525,0.18034,2.33322,-0.51237,-0.22347,0.5248,0.02895,-0.28116,0.15628,-1.67847,-0.55958,0.08734,1.39212,-0.29617,0.02253,-0.2896,-0.20496,0.00579,-0.04006,1.56365,0.16423,0.04278,-0.58813,-0.18325,0.03638,0.0599
23.82,-0.75482,-0.17192,-0.05661,0.2904,-0.85722,-0.07317,0.17837,0.03665,-0.029,0.32227,-0.22086,-0.037,0.54944,0.14624,-0.41097,0.16995,2.37012,-0.50184,-0.236,0.54324,0.02713,-0.31218,0.14675,-1.6736,-0.55674,0.08114,1.41219,-0.28818,0.02107,-0.29219,-0.20451,0.0065,-0.03969,1.58463,0.16976,0.0281,-0.58734,-0.18511,0.03591,0.05975
23.84,-0.75671,-0.17344,-0.04895,0.28331,-0.8714,-0.07883,0.16467,0.04068,-0.03449,0.32914,-0.22942,-0.037,0.57533,0.15647,-0.44988,0.15985,2.40228,-0.48722,-0.24857,0.56141,0.02621,-0.34205,0.13719,-1.66065,-0.54919,0.07262,1.43231,-0.27836,0.0219,-0.29196,-0.20418,0.00638,-0.03974,1.60519,0.17507,0.01327,-0.58428,-0.18688,0.03532,0.05954
23.86,-0.75862,-0.17506,-0.04118,0.27724,-0.88497,-0.08434,0.15031,0.04501,-0.0407,0.33568,-0.23801,-0.037,0.60124,0.16737,-0.48589,0.14985,2.43543,-0.4747,-0.26073,0.5793,0.02489,-0.37286,0.12796,-1.6503,-0.54394,0.06539,1.45231,-0.26954,0.02153,-0.29288,-0.20384,0.00663,-0.03959,1.62567,0.18046,-0.00098,-0.58201,-0.18866,0.03474,0.05933
23.88,-0.76064,-0.17685,-0.03307,0.27081,-0.89858,-0.0905,0.13505,0.0497,-0.04685,0.34311,-0.24691,-0.037,0.6291,0.17893,-0.52875,0.13924,2.47344,-0.46078,-0.27461,0.59884,0.02349,-0.40147,0.11732,-1.64447,-0.53789,0.05722,1.47274,-0.26005,0.02173,-0.29434,-0.20332,0.00689,-0.03943,1.64727,0.18591,-0.01735,-0.58073,-0.19053,0.03435,0.05923
23.9,-0.7624,-0.17822,-0.02579,0.26465,-0.91241,-0.09531,0.12213,0.05343,-0.05271,0.34874,-0.25508,-0.037,0.65268,0.18861,-0.55697,0.12985,2.49975,-0.44905,-0.28478,0.6149,0.0225,-0.43454,0.10964,-1.62739,-0.53246,0.05043,1.49225,-0.2515,0.02138,-0.294,-0.20319,0.00693,-0.03941,1.66645,0.19117,-0.02938,-0.57688,-0.19222,0.03354,0.0589
23.92,-0.76356,-0.17856,-0.02062,0.25961,-0.9266,-0.09626,0.115,0.05461,-0.05831,0.34952,-0.26143,-0.037,0.66484,0.19437,-0.55501,0.12339,2.50108,-0.44309,-0.28615,0.62131,0.02225,-0.48012,0.11019,-1.58036,-0.52959,0.04827,1.50948,-0.24593,0.01842,-0.28938,-0.20412,0.00656,-0.03964,1.67902,0.19616,-0.029,-0.56635,-0.19334,0.03146,0.05794
23.94,-0.76445,-0.17849,-0.01628,0.25493,-0.94096,-0.09588,0.1102,0.05487,-0.06363,0.34846,-0.26702,-0.037,0.67273,0.19817,-0.53657,0.11818,2.48991,-0.43971,-0.28355,0.62424,0.0224,-0.53012,0.11373,-1.5225,-0.52758,0.04756,1.52572,-0.24137,0.01493,-0.28304,-0.20542,0.00598,-0.04,1.68917,0.20095,-0.0243,-0.55335,-0.1943,0.02898,0.05677
23.96,-0.76544,-0.1786,-0.01161,0.25019,-0.95519,-0.09618,0.10444,0.05565,-0.06894,0.34814,-0.27286,-0.037,0.68254,0.20231,-0.51798,0.11253,2.48027,-0.43609,-0.28175,0.62887,0.02247,-0.5784,0.11582,-1.47009,-0.5254,0.04602,1.54225,-0.23638,0.01207,-0.27748,-0.20652,0.00546,-0.04031,1.70044,0.20571,-0.02184,-0.54159,-0.19537,0.02676,0.05574
23.98,-0.76654,-0.17872,-0.00673,0.24498,-0.96967,-0.09615,0.09829,0.05601,-0.07477,0.34823,-0.27912,-0.037,0.69246,0.20866,-0.53016,0.10622,2.48723,-0.42856,-0.28401,0.63307,0.02214,-0.6261,0.11817,-1.4149,-0.52216,0.04506,1.55948,-0.2312,0.00769,-0.27184,-0.20772,0.00507,-0.04057,1.71164,0.21097,-0.01828,-0.52927,-0.19628,0.02422,0.05454
24,-0.76733,-0.17872,-0.0025,0.24081,-0.98366,-0.0965,0.09353,0.057,-0.07948,0.34702,-0.28431,-0.037,0.70106,0.21001,-0.47629,0.10174,2.45764,-0.42962,-0.27711,0.63721,0.02275,-0.67523,0.12084,-1.36335,-0.52135,0.04333,1.57501,-0.22668,0.00624,-0.26596,-0.20883,0.00438,-0.04096,1.72241,0.21516,-0.01591,-0.51755,-0.1975,0.02226,0.05364
24.02,-0.76731,-0.17851,0.00016,0.23969,-0.99608,-0.09824,0.09166,0.06023,-0.08112,0.34282,-0.2867,-0.037,0.70793,0.19769,-0.22684,0.10061,2.32217,-0.45577,-0.24395,0.64312,0.02563,-0.73452,0.12251,-1.32168,-0.52751,0.03867,1.58606,-0.22363,0.01369,-0.26039,-0.20946,0.00291,-0.04168,1.73247,0.21628,-0.01843,-0.5081,-0.19966,0.02202,0.05363
24.04,-0.76697,-0.1782,0.00218,0.23956,-1.00803,-0.10042,0.09118,0.06407,-0.08166,0.33736,-0.28803,-0.037,0.71345,0.18049,0.08538,0.10154,2.15184,-0.49014,-0.20207,0.64889,0.02946,-0.79379,0.1246,-1.28459,-0.53603,0.03328,1.59543,-0.22125,0.02395,-0.25458,-0.21002,0.00116,-0.04253,1.7422,0.21636,-0.0222,-0.49935,-0.20215,0.0224,0.05394
24.06,-0.76678,-0.17792,0.00446,0.2388,-1.02031,-0.10239,0.09031,0.06744,-0.08275,0.33239,-0.28984,-0.037,0.71904,0.16577,0.35746,0.10244,2.00275,-0.51941,-0.16547,0.654,0.03303,-0.84824,0.12727,-1.24729,-0.54322,0.02855,1.60558,-0.21864,0.03246,-0.24854,-0.2107,-0.00045,-0.04331,1.75215,0.21704,-0.02504,-0.49028,-0.20449,0.02251,0.05411
24.08,-0.76658,-0.17767,0.00686,0.23881,-1.03211,-0.10435,0.08851,0.07159,-0.08362,0.32769,-0.29165,-0.037,0.72683,0.14986,0.67882,0.09955,1.83052,-0.55446,-0.12324,0.66202,0.03598,-0.92302,0.12683,-1.20175,-0.55156,0.02251,1.61563,-0.21572,0.04294,-0.24382,-0.21103,-0.00211,-0.0441,1.76172,0.21718,-0.02921,-0.48109,-0.20685,0.02255,0.05426
24.1,-0.76632,-0.17736,0.00886,0.23744,-1.04477,-0.10645,0.08893,0.07429,-0.08467,0.32216,-0.29322,-0.037,0.72973,0.13532,0.91265,0.10501,1.69826,-0.5795,-0.09065,0.66402,0.04033,-0.95565,0.1329,-1.17452,-0.55801,0.01897,1.62549,-0.21362,0.04999,-0.23637,-0.21206,-0.00375,-0.04492,1.77202,0.21819,-0.03102,-0.47239,-0.20924,0.02289,0.05454
24.12,-0.76599,-0.17692,0.00999,0.23193,-1.06003,-0.10875,0.09527,0.07276,-0.08674,0.31443,-0.29444,-0.037,0.7198,0.12548,0.88586,0.13333,1.68578,-0.5737,-0.08712,0.6491,0.04912,-0.86976,0.15719,-1.19744,-0.5589,0.02265,1.63535,-0.21349,0.04707,-0.22114,-0.21507,-0.00518,-0.04579,1.78441,0.22193,-0.0256,-0.46464,-0.21161,0.0238,0.05507
24.14,-0.76559,-0.17643,0.01075,0.22499,-1.07615,-0.1112,0.10375,0.06978,-0.08898,0.30595,-0.29546,-0.037,0.70497,0.11725,0.76947,0.16992,1.71456,-0.55772,-0.09353,0.62819,0.05913,-0.74187,0.18796,-1.23853,-0.55775,0.02883,1.64506,-0.21418,0.04057,-0.20324,-0.21879,-0.0066,-0.0467,1.79755,0.22657,-0.01784,-0.45742,-0.21401,0.025,0.05573
24.16,-0.7652,-0.17597,0.01165,0.21875,-1.0918,-0.11364,0.11114,0.06755,-0.09097,0.29796,-0.29655,-0.037,0.69219,0.1085,0.69626,0.20253,1.72402,-0.54719,-0.0952,0.61024,0.06802,-0.6345,0.21554,-1.27088,-0.55734,0.03376,1.65477,-0.21459,0.03557,-0.18675,-0.22216,-0.0081,-0.04763,1.81035,0.23076,-0.01144,-0.45013,-0.21641,0.02614,0.05636
24.18,-0.76492,-0.17547,0.01263,0.21234,-1.10774,-0.11585,0.11909,0.06498,-0.09364,0.28929,-0.2977,-0.037,0.68006,0.09873,0.61454,0.23616,1.73494,-0.5336,-0.09752,0.59127,0.07927,-0.52084,0.24415,-1.30546,-0.55775,0.03914,1.66468,-0.21468,0.03118,-0.16937,-0.22564,-0.0093,-0.04842,1.82314,0.23509,-0.0039,-0.44215,-0.21876,0.02704,0.05687
24.2,-0.7644,-0.17506,0.01336,0.20592,-1.1233,-0.11859,0.12636,0.06276,-0.09498,0.28187,-0.29871,-0.037,0.66549,0.09145,0.52885,0.2696,1.75272,-0.52373,-0.10092,0.57301,0.08596,-0.41063,0.27216,-1.3396,-0.55602,0.04418,1.67419,-0.21559,0.02468,-0.15328,-0.22905,-0.0111,-0.0495,1.83612,0.23937,0.0019,-0.43574,-0.2212,0.02849,0.05765
24.22,-0.76328,-0.1749,0.01347,0.19999,-1.13756,-0.12268,0.13119,0.06191,-0.09244,0.27814,-0.29924,-0.037,0.64486,0.09136,0.45039,0.30048,1.78268,-0.52777,-0.10529,0.55824,0.07906,-0.31745,0.29677,-1.36851,-0.54816,0.04771,1.68226,-0.21866,0.01276,-0.14079,-0.23217,-0.01469,-0.05144,1.8494,0.24322,0.00193,-0.43353,-0.22387,0.03148,0.05918
24.24,-0.76193,-0.17483,0.01333,0.19407,-1.1514,-0.12732,0.13525,0.06146,-0.0886,0.27569,-0.29967,-0.037,0.62205,0.09362,0.37139,0.33087,1.81775,-0.53569,-0.11036,0.54439,0.06767,-0.22974,0.32055,-1.39623,-0.53835,0.05082,1.69,-0.2225,-0.00109,-0.12983,-0.23517,-0.01886,-0.05365,1.86283,0.24699,0.0002,-0.4329,-0.2266,0.035,0.06097
24.26,-0.76067,-0.17471,0.0133,0.18804,-1.16547,-0.13178,0.13969,0.0608,-0.08548,0.27262,-0.30025,-0.037,0.60058,0.09436,0.29479,0.36146,1.84837,-0.54102,-0.11487,0.53008,0.05878,-0.1413,0.34478,-1.42419,-0.5299,0.05409,1.69814,-0.2259,-0.01377,-0.11856,-0.23816,-0.02268,-0.05569,1.87619,0.25083,-0.00049,-0.43157,-0.2293,0.03823,0.06262
24.28,-0.75946,-0.1746,0.01328,0.18243,-1.17945,-0.13596,0.14411,0.06021,-0.08182,0.2697,-0.30038,-0.037,0.57746,0.09702,0.20609,0.39241,1.88909,-0.54937,-0.12074,0.51574,0.04795,-0.04385,0.36894,-1.45408,-0.51937,0.05754,1.70522,-0.22969,-0.02782,-0.10548,-0.24143,-0.02687,-0.05792,1.88959,0.25456,-0.00213,-0.43017,-0.23204,0.0417,0.06436
24.3,-0.7581,-0.17451,0.01318,0.17595,-1.19347,-0.14087,0.14834,0.0596,-0.07898,0.26676,-0.30142,-0.037,0.55733,0.09625,0.14353,0.42242,1.90981,-0.55265,-0.12384,0.50176,0.04012,0.03284,0.39298,-1.47938,-0.51277,0.0605,1.71445,-0.23286,-0.03942,-0.09667,-0.24408,-0.03043,-0.05982,1.90293,0.2585,-0.00222,-0.42931,-0.23469,0.04478,0.06597
24.32,-0.75639,-0.17448,0.01291,0.16706,-1.20787,-0.14758,0.15225,0.05867,-0.07863,0.26366,-0.30514,-0.037,0.54606,0.08532,0.15428,0.44967,1.87086,-0.53961,-0.11871,0.48865,0.04143,0.05431,0.41682,-1.49244,-0.5172,0.06223,1.72946,-0.23411,-0.0438,-0.09846,-0.24517,-0.03214,-0.06072,1.91606,0.26308,0.0022,-0.42932,-0.23713,0.04674,0.06719
24.34,-0.75453,-0.17448,0.01256,0.1573,-1.22229,-0.15502,0.15597,0.05772,-0.07918,0.26046,-0.30977,-0.037,0.5379,0.07085,0.19161,0.47603,1.81196,-0.52163,-0.11079,0.47589,0.04599,0.05467,0.44058,-1.50073,-0.5257,0.06345,1.74669,-0.23472,-0.04563,-0.10466,-0.24561,-0.03319,-0.06126,1.92913,0.26785,0.00824,-0.42987,-0.23945,0.04828,0.06826
24.36,-0.75272,-0.17447,0.01224,0.14795,-1.23662,-0.1622,0.15972,0.05687,-0.07939,0.25718,-0.31389,-0.037,0.52833,0.05807,0.21655,0.50292,1.76413,-0.50689,-0.10438,0.46295,0.04916,0.06401,0.4644,-1.51106,-0.53258,0.06486,1.76306,-0.23565,-0.04859,-0.10939,-0.24627,-0.03452,-0.06196,1.94224,0.27251,0.01367,-0.43032,-0.24176,0.04996,0.06936
24.38,-0.75096,-0.17443,0.01194,0.13852,-1.2513,-0.16911,0.16366,0.05566,-0.07926,0.25448,-0.3184,-0.037,0.51867,0.04507,0.24271,0.52922,1.70821,-0.48816,-0.09698,0.45015,0.05165,0.07596,0.48803,-1.52209,-0.5385,0.06644,1.77879,-0.2365,-0.05172,-0.11195,-0.24727,-0.03597,-0.06273,1.9553,0.27731,0.01856,-0.4302,-0.24435,0.05189,0.07063
24.4,-0.74907,-0.17445,0.01158,0.12907,-1.26523,-0.17674,0.16717,0.0552,-0.08007,0.25053,-0.32231,-0.037,0.50996,0.03161,0.27269,0.55662,1.66413,-0.47641,-0.09094,0.43709,0.05656,0.0773,0.51213,-1.53028,-0.54732,0.06753,1.79639,-0.23736,-0.05389,-0.12003,-0.24741,-0.037,-0.06325,1.96845,0.28184,0.02492,-0.43137,-0.24634,0.05318,0.0715
24.42,-0.74683,-0.1746,0.01103,0.11966,-1.27714,-0.18624,0.16958,0.05677,-0.08314,0.24314,-0.32422,-0.037,0.50307,0.01829,0.30667,0.58655,1.65927,-0.48608,-0.08952,0.42354,0.06589,0.05632,0.53667,-1.53423,-0.56386,0.0677,1.81875,-0.23835,-0.05391,-0.14234,-0.2453,-0.03703,-0.06317,1.98191,0.28571,0.03547,-0.43593,-0.24664,0.0527,0.07131
24.44,-0.74445,-0.1748,0.01042,0.1103,-1.28827,-0.19642,0.17155,0.0591,-0.08716,0.23448,-0.3255,-0.037,0.49705,0.00453,0.34361,0.61774,1.66669,-0.50275,-0.08953,0.40965,0.07784,0.02512,0.56182,-1.53507,-0.58305,0.06736,1.8429,-0.2394,-0.05306,-0.17003,-0.24236,-0.03666,-0.06285,1.99546,0.28928,0.04736,-0.44178,-0.24634,0.05158,0.07072
24.46,-0.74214,-0.17498,0.00986,0.10102,-1.29971,-0.20624,0.1737,0.06114,-0.09085,0.22639,-0.32714,-0.037,0.49065,-0.0094,0.37928,0.64888,1.66734,-0.51556,-0.08875,0.3957,0.08956,-0.00261,0.58725,-1.5357,-0.60056,0.06708,1.86616,-0.24047,-0.05267,-0.19521,-0.2398,-0.03647,-0.06265,2.00894,0.29289,0.05827,-0.44704,-0.24634,0.05079,0.07033
24.48,-0.73981,-0.17515,0.00922,0.09127,-1.31134,-0.21629,0.17593,0.06297,-0.09416,0.21835,-0.32854,-0.037,0.48425,-0.02193,0.41562,0.67789,1.67225,-0.53104,-0.08843,0.38267,0.09731,-0.0263,0.61037,-1.54288,-0.62021,0.0675,1.88987,-0.24128,-0.05189,-0.2208,-0.23719,-0.03626,-0.06242,2.02257,0.29691,0.07072,-0.45231,-0.24625,0.04984,0.06986
24.5,-0.7375,-0.17534,0.00873,0.08252,-1.32238,-0.22602,0.17788,0.0654,-0.09846,0.2099,-0.33024,-0.037,0.47805,-0.03739,0.45083,0.71152,1.67157,-0.54272,-0.08755,0.36764,0.11392,-0.06035,0.6384,-1.53593,-0.63598,0.06637,1.913,-0.24266,-0.05179,-0.24675,-0.23451,-0.03602,-0.06218,2.0359,0.30002,0.08037,-0.45788,-0.24619,0.04906,0.06947
24.52,-0.73526,-0.1755,0.00859,0.07651,-1.33215,-0.23476,0.17926,0.06949,-0.10532,0.20059,-0.33316,-0.037,0.47197,-0.06113,0.48276,0.7586,1.65147,-0.54199,-0.08469,0.34713,0.15435,-0.12204,0.68027,-1.48901,-0.64042,0.06092,1.93427,-0.24557,-0.05346,-0.27248,-0.23187,-0.03585,-0.06196,2.04843,0.30038,0.08115,-0.46382,-0.2464,0.04894,0.06942
24.54,-0.73305,-0.17566,0.00861,0.0715,-1.34133,-0.24315,0.18036,0.07413,-0.11311,0.19093,-0.33635,-0.037,0.46608,-0.0877,0.5132,0.81006,1.62561,-0.53725,-0.08125,0.32464,0.20352,-0.19337,0.72693,-1.42833,-0.64085,0.05397,1.95484,-0.24905,-0.0559,-0.29831,-0.2292,-0.03566,-0.06173,2.06064,0.29987,0.07921,-0.47003,-0.24665,0.049,0.06945
24.56,-0.73084,-0.17585,0.0086,0.06608,-1.35067,-0.25162,0.18152,0.0784,-0.12042,0.18146,-0.33925,-0.037,0.46019,-0.11279,0.54382,0.85893,1.60312,-0.53451,-0.07816,0.30308,0.24873,-0.25921,0.77118,-1.37507,-0.64305,0.04782,1.97562,-0.25228,-0.05821,-0.32402,-0.22653,-0.03546,-0.0615,2.07298,0.29997,0.0791,-0.47625,-0.24684,0.04894,0.06942
24.58,-0.72858,-0.17595,0.00841,0.06054,-1.36042,-0.26038,0.18292,0.08319,-0.12802,0.17179,-0.34283,-0.037,0.45391,-0.13882,0.5767,0.91057,1.57782,-0.53127,-0.07474,0.28132,0.29422,-0.33028,0.81664,-1.31672,-0.64553,0.04114,1.99697,-0.25549,-0.05958,-0.35032,-0.22386,-0.03534,-0.06129,2.08544,0.29918,0.07664,-0.48204,-0.24717,0.04904,0.06948
24.6,-0.72644,-0.17622,0.00862,0.05539,-1.36919,-0.26854,0.18379,0.08703,-0.13524,0.16251,-0.34507,-0.037,0.44854,-0.16342,0.60444,0.95726,1.55688,-0.528,-0.07186,0.25958,0.34087,-0.39239,0.86048,-1.26583,-0.64648,0.03522,2.01686,-0.25884,-0.06306,-0.37523,-0.22121,-0.03507,-0.06102,2.09752,0.30002,0.07825,-0.48867,-0.24723,0.04887,0.06938
24.62,-0.72467,-0.17705,0.00994,0.05208,-1.37545,-0.2742,0.18318,0.0881,-0.14112,0.154,-0.34336,-0.037,0.44524,-0.18473,0.61872,0.99092,1.54903,-0.52576,-0.07051,0.23781,0.39102,-0.42903,0.90063,-1.23814,-0.64363,0.03162,2.03349,-0.26283,-0.07252,-0.39731,-0.2185,-0.03438,-0.06056,2.10908,0.30592,0.09315,-0.49832,-0.24648,0.04785,0.06876
24.64,-0.72302,-0.17803,0.01164,0.04896,-1.38072,-0.27939,0.18209,0.0882,-0.14659,0.14597,-0.34033,-0.037,0.44292,-0.20426,0.6278,1.01911,1.54575,-0.52355,-0.06973,0.21625,0.44155,-0.45595,0.93859,-1.21858,-0.63944,0.02885,2.04854,-0.26689,-0.08402,-0.41779,-0.21584,-0.03356,-0.06004,2.12017,0.31344,0.11199,-0.50866,-0.24547,0.04658,0.06798
24.66,-0.7213,-0.17888,0.01314,0.04507,-1.38641,-0.28543,0.18131,0.08878,-0.15228,0.13795,-0.33801,-0.037,0.4404,-0.22376,0.63903,1.04871,1.54053,-0.52117,-0.06874,0.19496,0.4903,-0.4862,0.97627,-1.1958,-0.63623,0.02578,2.06391,-0.27069,-0.09437,-0.43832,-0.21323,-0.03282,-0.05956,2.13117,0.32,0.12808,-0.51818,-0.24465,0.04548,0.06731
24.68,-0.71964,-0.17999,0.01476,0.04402,-1.39225,-0.28889,0.18014,0.08923,-0.15786,0.12893,-0.33521,-0.037,0.43685,-0.24693,0.65112,1.08308,1.53454,-0.51933,-0.06754,0.172,0.54617,-0.52142,1.01958,-1.17053,-0.63139,0.02232,2.08095,-0.27546,-0.10567,-0.46171,-0.21031,-0.03198,-0.05901,2.14347,0.32746,0.14805,-0.52983,-0.24357,0.04415,0.06649
24.7,-0.71789,-0.1806,0.01623,0.03722,-1.39752,-0.29745,0.17966,0.08971,-0.16355,0.12216,-0.3331,-0.037,0.43569,-0.26194,0.66018,1.10608,1.5313,-0.51643,-0.06693,0.15268,0.58713,-0.54379,1.05051,-1.15259,-0.6296,0.01991,2.09411,-0.27823,-0.11548,-0.47878,-0.20804,-0.03132,-0.05859,2.15292,0.33346,0.16098,-0.53722,-0.24295,0.04323,0.06594
24.72,-0.71587,-0.17975,0.01718,0.01318,-1.40178,-0.32154,0.18136,0.09066,-0.16973,0.12119,-0.33315,-0.037,0.44064,-0.25519,0.66243,1.09974,1.53465,-0.51047,-0.06784,0.14253,0.58737,-0.53361,1.04834,-1.1526,-0.63712,0.0202,2.09716,-0.27542,-0.12066,-0.47872,-0.20762,-0.0312,-0.05851,2.15493,0.33489,0.15278,-0.53261,-0.24373,0.0435,0.06619
24.74,-0.71377,-0.17841,0.01797,-0.01642,-1.40545,-0.35053,0.18375,0.09165,-0.17603,0.12252,-0.33394,-0.037,0.44799,-0.24021,0.66177,1.082,1.54062,-0.50349,-0.06933,0.13618,0.57248,-0.51069,1.03367,-1.15984,-0.64767,0.02155,2.0963,-0.27061,-0.12426,-0.47239,-0.20786,-0.03126,-0.05855,2.15404,0.3348,0.13747,-0.52372,-0.24498,0.04419,0.06672
24.76,-0.71171,-0.1773,0.01884,-0.04262,-1.40921,-0.37638,0.18573,0.09253,-0.18222,0.12301,-0.33442,-0.037,0.4544,-0.22872,0.66226,1.06897,1.54537,-0.49708,-0.07054,0.12865,0.5641,-0.49321,1.02432,-1.16403,-0.65647,0.02243,2.09706,-0.26674,-0.12857,-0.46897,-0.20777,-0.03123,-0.05853,2.15424,0.3355,0.12589,-0.51683,-0.24596,0.04467,0.06711
24.78,-0.70962,-0.17613,0.01966,-0.0725,-1.41369,-0.40603,0.18809,0.09377,-0.18863,0.1227,-0.33476,-0.037,0.46022,-0.21818,0.66328,1.05769,1.55041,-0.49023,-0.07185,0.1189,0.55719,-0.47689,1.01635,-1.1675,-0.66681,0.02328,2.09842,-0.2627,-0.13298,-0.46522,-0.20779,-0.03123,-0.05853,2.15535,0.33588,0.11237,-0.50968,-0.24716,0.04522,0.06757
24.8,-0.70759,-0.17499,0.02056,-0.09605,-1.41656,-0.42896,0.18984,0.09428,-0.19463,0.12457,-0.33558,-0.037,0.46781,-0.20379,0.6626,1.04021,1.55538,-0.48405,-0.07308,0.11458,0.54371,-0.45522,1.00265,-1.17411,-0.67468,0.02443,2.09766,-0.25857,-0.13678,-0.46073,-0.20773,-0.03122,-0.05852,2.15392,0.33652,0.10111,-0.5021,-0.24803,0.04572,0.06795
24.82,-0.70565,-0.17402,0.02175,-0.10066,-1.41509,-0.43198,0.18959,0.09268,-0.19942,0.13211,-0.33762,-0.037,0.4799,-0.18028,0.65782,1.00767,1.55967,-0.47993,-0.074,0.12498,0.5152,-0.42217,0.97538,-1.18732,-0.67488,0.02612,2.0916,-0.25462,-0.13935,-0.4553,-0.20727,-0.03115,-0.05848,2.14582,0.33833,0.09823,-0.49414,-0.24783,0.04596,0.06806
24.84,-0.70378,-0.1731,0.02303,-0.09874,-1.41204,-0.4281,0.18871,0.09035,-0.2038,0.14171,-0.34011,-0.037,0.49366,-0.1533,0.65146,0.96945,1.56374,-0.47653,-0.07481,0.14057,0.48074,-0.3842,0.94292,-1.20342,-0.67253,0.02808,2.08363,-0.25066,-0.14135,-0.44944,-0.20671,-0.03106,-0.05843,2.13534,0.34043,0.09778,-0.48595,-0.24728,0.04613,0.06808
24.86,-0.70191,-0.17219,0.02428,-0.09991,-1.40976,-0.42753,0.18822,0.08839,-0.20841,0.15021,-0.34235,-0.037,0.50655,-0.12824,0.6459,0.9343,1.5678,-0.47283,-0.07565,0.15334,0.44939,-0.34829,0.91335,-1.21838,-0.67145,0.02993,2.07678,-0.24675,-0.14357,-0.44407,-0.2062,-0.03099,-0.05839,2.12618,0.34233,0.09591,-0.47805,-0.24692,0.04634,0.06815
24.88,-0.69989,-0.17113,0.02549,-0.10079,-1.40724,-0.42645,0.18733,0.08628,-0.21285,0.15951,-0.34484,-0.037,0.52002,-0.1014,0.63988,0.89664,1.57245,-0.46898,-0.07659,0.16821,0.41572,-0.31253,0.88109,-1.23299,-0.67001,0.03176,2.0687,-0.24255,-0.14593,-0.4372,-0.20571,-0.03091,-0.05834,2.11589,0.34446,0.09511,-0.46922,-0.24644,0.04651,0.06819
24.9,-0.6982,-0.17041,0.0268,-0.10059,-1.40486,-0.42467,0.1871,0.08432,-0.21753,0.16758,-0.34689,-0.037,0.53261,-0.07761,0.63451,0.86311,1.57574,-0.4656,-0.07728,0.17989,0.38573,-0.27564,0.85341,-1.2488,-0.66865,0.03366,2.06279,-0.23901,-0.14787,-0.43346,-0.20513,-0.03083,-0.05829,2.10743,0.3462,0.0928,-0.46233,-0.24613,0.04674,0.06827
24.92,-0.69737,-0.17056,0.02835,-0.09943,-1.40329,-0.423,0.18896,0.08291,-0.22315,0.17185,-0.34757,-0.037,0.54268,-0.06262,0.6312,0.8416,1.57555,-0.46357,-0.07732,0.18146,0.36675,-0.23541,0.8394,-1.26803,-0.66825,0.03582,2.06338,-0.23718,-0.14871,-0.43846,-0.20426,-0.03077,-0.05822,2.10466,0.34681,0.08546,-0.46081,-0.24641,0.04714,0.06851
24.94,-0.69686,-0.17106,0.03,-0.09729,-1.4019,-0.42076,0.19147,0.0817,-0.229,0.17478,-0.3478,-0.037,0.55175,-0.05095,0.62865,0.82465,1.57394,-0.46195,-0.07709,0.17964,0.35184,-0.19457,0.83031,-1.28816,-0.66798,0.03801,2.06622,-0.23605,-0.14916,-0.44666,-0.20329,-0.03072,-0.05815,2.10382,0.34702,0.07662,-0.46128,-0.24686,0.04759,0.0688
24.96,-0.69622,-0.17141,0.0316,-0.09527,-1.40039,-0.41849,0.1936,0.08043,-0.23464,0.17823,-0.34825,-0.037,0.56106,-0.03813,0.62585,0.8062,1.57281,-0.45999,-0.07697,0.1794,0.33553,-0.15504,0.8192,-1.30728,-0.66756,0.0401,2.06801,-0.23469,-0.14984,-0.45346,-0.20237,-0.03066,-0.05808,2.10208,0.34742,0.0687,-0.46089,-0.24721,0.048,0.06906
24.98,-0.69551,-0.17172,0.03321,-0.09438,-1.399,-0.41719,0.19606,0.07898,-0.24069,0.18211,-0.34864,-0.037,0.57132,-0.02369,0.62258,0.78517,1.57234,-0.45868,-0.07691,0.17916,0.31711,-0.11097,0.80699,-1.32906,-0.66742,0.04254,2.06984,-0.233,-0.15026,-0.46005,-0.20144,-0.0306,-0.05802,2.10037,0.3478,0.05988,-0.46033,-0.24763,0.04847,0.06935
25,-0.69502,-0.17219,0.03482,-0.09104,-1.39742,-0.41385,0.198,0.07798,-0.24595,0.18476,-0.34905,-0.037,0.57935,-0.01344,0.6205,0.77063,1.57019,-0.45614,-0.07665,0.17805,0.30412,-0.07627,0.7983,-1.34548,-0.66678,0.04427,2.07213,-0.23213,-0.15115,-0.46781,-0.2005,-0.03055,-0.05795,2.09908,0.34813,0.05254,-0.46059,-0.24796,0.04884,0.06958
25.02,-0.69505,-0.17302,0.03639,-0.08072,-1.39527,-0.40469,0.1983,0.07821,-0.2491,0.18433,-0.34967,-0.037,0.58137,-0.01408,0.62151,0.77326,1.56354,-0.44981,-0.07587,0.17528,0.30533,-0.06772,0.79819,-1.34676,-0.66464,0.04399,2.07523,-0.23346,-0.15343,-0.47831,-0.19955,-0.03054,-0.05787,2.09845,0.34845,0.04974,-0.46266,-0.24794,0.04892,0.06961
25.04,-0.69529,-0.17398,0.03796,-0.06808,-1.39295,-0.39361,0.19807,0.07889,-0.25143,0.1827,-0.35032,-0.037,0.5812,-0.01881,0.62374,0.78221,1.55528,-0.44233,-0.07489,0.17173,0.31187,-0.06864,0.80148,-1.34263,-0.66203,0.04301,2.0787,-0.23557,-0.15619,-0.48982,-0.19859,-0.03053,-0.05779,2.0982,0.34875,0.04846,-0.46548,-0.24782,0.04891,0.06957
25.06,-0.69542,-0.17487,0.03952,-0.05682,-1.39072,-0.38367,0.19812,0.07934,-0.25406,0.18161,-0.35095,-0.037,0.58205,-0.02155,0.62535,0.78804,1.54791,-0.43552,-0.07402,0.16856,0.31588,-0.06519,0.80322,-1.34103,-0.65972,0.04238,2.08195,-0.23726,-0.15874,-0.50069,-0.19763,-0.03051,-0.05771,2.09782,0.34907,0.04641,-0.46795,-0.24777,0.04894,0.06956
25.08,-0.6956,-0.17582,0.04112,-0.04417,-1.3884,-0.37257,0.19803,0.0799,-0.25697,0.18049,-0.35162,-0.037,0.58271,-0.0249,0.62703,0.79509,1.53984,-0.42794,-0.07308,0.16517,0.32048,-0.062,0.80518,-1.33913,-0.65701,0.04164,2.0855,-0.23924,-0.16125,-0.51244,-0.19668,-0.03052,-0.05764,2.09735,0.34932,0.04465,-0.47055,-0.24766,0.04896,0.06954
25.1,-0.69574,-0.17668,0.04263,-0.03386,-1.38625,-0.36345,0.19808,0.08034,-0.25911,0.17917,-0.3522,-0.037,0.58334,-0.02798,0.62913,0.80104,1.53282,-0.42189,-0.0722,0.16212,0.32503,-0.06049,0.80739,-1.33659,-0.65504,0.04095,2.08848,-0.24079,-0.16395,-0.52254,-0.19573,-0.03047,-0.05755,2.09711,0.34972,0.04267,-0.47302,-0.24763,0.04899,0.06953
25.12,-0.69576,-0.17726,0.04395,-0.03059,-1.38461,-0.36031,0.19866,0.08031,-0.25926,0.17747,-0.35247,-0.037,0.5837,-0.02865,0.62958,0.80241,1.5295,-0.41829,-0.07189,0.16011,0.32835,-0.06164,0.80963,-1.33334,-0.65526,0.04054,2.08978,-0.24105,-0.16725,-0.52784,-0.19478,-0.03021,-0.05739,2.09744,0.35059,0.03966,-0.475,-0.24781,0.04902,0.06955
25.14,-0.69575,-0.17773,0.04517,-0.02974,-1.38315,-0.35925,0.19937,0.08015,-0.25866,0.17562,-0.35264,-0.037,0.58422,-0.02898,0.63074,0.80243,1.52725,-0.41655,-0.07159,0.15853,0.33137,-0.06409,0.81196,-1.32967,-0.65624,0.04021,2.09047,-0.24084,-0.17069,-0.5314,-0.19384,-0.0299,-0.05721,2.09796,0.35162,0.0364,-0.4768,-0.24806,0.04906,0.06959
25.16,-0.69575,-0.17825,0.04643,-0.02779,-1.38161,-0.35723,0.19999,0.08005,-0.25843,0.17389,-0.35288,-0.037,0.58522,-0.02997,0.63335,0.80305,1.52423,-0.41541,-0.071,0.15686,0.33437,-0.06573,0.81412,-1.32635,-0.65684,0.03987,2.09141,-0.24081,-0.17392,-0.53572,-0.19292,-0.02963,-0.05705,2.09834,0.35257,0.03331,-0.47863,-0.24828,0.0491,0.06962
25.18,-0.69575,-0.1788,0.04774,-0.02579,-1.38008,-0.35521,0.20073,0.07995,-0.25805,0.17189,-0.35302,-0.037,0.58399,-0.02914,0.62903,0.80398,1.52224,-0.40853,-0.07151,0.15471,0.33824,-0.06864,0.81695,-1.32215,-0.65754,0.03939,2.09246,-0.24094,-0.17776,-0.54022,-0.19191,-0.02928,-0.05684,2.09895,0.35356,0.03005,-0.48069,-0.24851,0.04914,0.06965
25.2,-0.69575,-0.17925,0.04891,-0.02447,-1.37857,-0.3537,0.20126,0.07981,-0.25782,0.17044,-0.35334,-0.037,0.58726,-0.03176,0.63867,0.80386,1.5185,-0.41356,-0.06984,0.15367,0.34013,-0.06904,0.81837,-1.3198,-0.65823,0.03922,2.09314,-0.24062,-0.18037,-0.54392,-0.19109,-0.02908,-0.05672,2.09913,0.35449,0.02705,-0.48223,-0.24873,0.04919,0.06969
25.22,-0.69581,-0.17944,0.04974,-0.02453,-1.37708,-0.35322,0.20116,0.07959,-0.25815,0.17057,-0.35416,-0.037,0.60458,-0.0456,0.69222,0.80109,1.50861,-0.4554,-0.06123,0.15566,0.33668,-0.06254,0.81585,-1.32235,-0.6587,0.03985,2.0929,-0.23906,-0.17952,-0.54571,-0.19085,-0.02925,-0.05682,2.09805,0.35528,0.02484,-0.48233,-0.24889,0.04929,0.06977
25.24,-0.69588,-0.17954,0.05043,-0.02517,-1.37562,-0.35316,0.20084,0.07933,-0.25867,0.17128,-0.35517,-0.037,0.62613,-0.06261,0.75884,0.7973,1.49711,-0.50841,-0.05057,0.15876,0.33121,-0.05335,0.81191,-1.32687,-0.65912,0.04078,2.09232,-0.23705,-0.17744,-0.54676,-0.19081,-0.02956,-0.057,2.09654,0.356,0.02289,-0.48191,-0.24904,0.04942,0.06986
25.26,-0.69594,-0.17968,0.05117,-0.02546,-1.37416,-0.35283,0.20063,0.07909,-0.25914,0.17173,-0.3561,-0.037,0.64462,-0.07704,0.81577,0.794,1.48707,-0.55337,-0.04147,0.1613,0.32658,-0.04509,0.80862,-1.33074,-0.65956,0.04159,2.09194,-0.23529,-0.17594,-0.5482,-0.19066,-0.02981,-0.05714,2.09524,0.35672,0.0208,-0.48174,-0.24919,0.04954,0.06994
25.28,-0.69602,-0.17981,0.05194,-0.0262,-1.37261,-0.35291,0.2004,0.07884,-0.2594,0.17214,-0.35701,-0.037,0.6678,-0.09615,0.88824,0.7905,1.47404,-0.61069,-0.0298,0.16407,0.32225,-0.03805,0.8053,-1.33359,-0.66003,0.04233,2.09135,-0.23334,-0.17435,-0.54937,-0.19056,-0.03008,-0.0573,2.09388,0.35755,0.01879,-0.48148,-0.24935,0.04965,0.07003
25.3,-0.69605,-0.17995,0.05263,-0.02613,-1.37127,-0.35222,0.20016,0.07861,-0.26016,0.17277,-0.358,-0.037,0.68235,-0.10641,0.93184,0.78723,1.46676,-0.6452,-0.02291,0.16663,0.31684,-0.02787,0.80173,-1.339,-0.66041,0.04329,2.09111,-0.23169,-0.17266,-0.55094,-0.19041,-0.03032,-0.05743,2.09253,0.35815,0.01669,-0.48129,-0.24949,0.04978,0.07011
25.32,-0.69591,-0.18012,0.05314,-0.02358,-1.37049,-0.34917,0.19994,0.07842,-0.26235,0.17398,-0.3592,-0.037,0.67105,-0.09028,0.88899,0.78476,1.47664,-0.61126,-0.0303,0.16835,0.3088,-0.0093,0.7977,-1.35129,-0.66056,0.04479,2.09188,-0.23104,-0.17096,-0.55386,-0.1901,-0.03047,-0.05747,2.09132,0.35811,0.01418,-0.48137,-0.24958,0.04996,0.0702
25.34,-0.69571,-0.1803,0.05358,-0.02021,-1.36992,-0.34533,0.19972,0.07824,-0.26501,0.17538,-0.36048,-0.037,0.6511,-0.06536,0.81727,0.78258,1.4922,-0.55446,-0.04247,0.16982,0.29979,0.01227,0.79348,-1.36603,-0.66061,0.04649,2.09301,-0.23071,-0.16921,-0.55721,-0.18974,-0.03059,-0.05749,2.09015,0.35786,0.01158,-0.48153,-0.24965,0.05015,0.0703
25.36,-0.69554,-0.18047,0.05406,-0.01728,-1.36925,-0.34192,0.19951,0.07805,-0.2674,0.17664,-0.36172,-0.037,0.63579,-0.04525,0.76111,0.78032,1.50458,-0.50992,-0.05205,0.17141,0.29132,0.03222,0.78941,-1.37946,-0.66066,0.04807,2.09396,-0.23022,-0.16747,-0.56034,-0.18941,-0.03072,-0.05752,2.08898,0.35773,0.00908,-0.48165,-0.24973,0.05034,0.07039
25.38,-0.69537,-0.18064,0.05451,-0.01409,-1.36858,-0.33826,0.19926,0.0779,-0.27005,0.17816,-0.36301,-0.037,0.61769,-0.02182,0.69519,0.77778,1.51942,-0.4579,-0.06329,0.17302,0.28233,0.05335,0.78503,-1.39381,-0.66086,0.04977,2.09494,-0.22979,-0.16569,-0.56354,-0.18906,-0.03084,-0.05754,2.08773,0.35749,0.00636,-0.48174,-0.24981,0.05054,0.07048
25.4,-0.69517,-0.18081,0.055,-0.01122,-1.36796,-0.33491,0.1991,0.07767,-0.27227,0.17916,-0.36418,-0.037,0.60325,-0.00315,0.64247,0.77594,1.53052,-0.41585,-0.07226,0.1745,0.27425,0.0727,0.78128,-1.40678,-0.66075,0.05128,2.09596,-0.22932,-0.16404,-0.56672,-0.18872,-0.03098,-0.05757,2.08664,0.35743,0.00405,-0.48194,-0.24988,0.05071,0.07057
25.42,-0.69489,-0.18096,0.05559,-0.00958,-1.36742,-0.33275,0.19918,0.07721,-0.27309,0.1787,-0.36504,-0.037,0.60124,4e-05,0.63387,0.77591,1.52968,-0.40735,-0.07373,0.17574,0.26888,0.08656,0.77927,-1.41538,-0.65977,0.05225,2.09698,-0.22852,-0.1625,-0.5696,-0.18844,-0.03116,-0.05764,2.086,0.35793,0.00295,-0.4824,-0.24993,0.0508,0.07061
25.44,-0.69458,-0.1811,0.05621,-0.00825,-1.36692,-0.3309,0.19936,0.07666,-0.27348,0.1777,-0.36575,-0.037,0.60315,-0.00182,0.63935,0.7766,1.52492,-0.40954,-0.07278,0.17685,0.26449,0.0985,0.77792,-1.42247,-0.65849,0.05302,2.09803,-0.2277,-0.16115,-0.57247,-0.18815,-0.03135,-0.05772,2.08553,0.35861,0.00226,-0.48298,-0.24997,0.05086,0.07064
25.46,-0.69428,-0.18124,0.05682,-0.00664,-1.36639,-0.3288,0.19949,0.07614,-0.27413,0.17693,-0.36649,-0.037,0.60311,-0.00124,0.63789,0.77701,1.5221,-0.40649,-0.073,0.17797,0.25971,0.11123,0.77629,-1.43022,-0.65738,0.05388,2.09909,-0.22698,-0.15987,-0.57544,-0.18786,-0.03152,-0.05779,2.08497,0.35918,0.00136,-0.48352,-0.25001,0.05093,0.07068
25.48,-0.69398,-0.18136,0.05743,-0.00555,-1.36592,-0.32711,0.19962,0.07564,-0.27455,0.17625,-0.36737,-0.037,0.60348,-0.00094,0.63773,0.77723,1.51883,-0.40428,-0.07308,0.17927,0.25469,0.12444,0.77456,-1.43821,-0.65614,0.05476,2.10007,-0.22591,-0.15791,-0.57805,-0.1876,-0.03176,-0.05789,2.08444,0.35985,0.00055,-0.48399,-0.25007,0.051,0.07073
25.5,-0.69367,-0.18154,0.05805,-0.0035,-1.36533,-0.32467,0.19979,0.07509,-0.27532,0.17524,-0.36794,-0.037,0.60404,-0.00139,0.63857,0.77801,1.5155,-0.40314,-0.07283,0.18017,0.25041,0.13613,0.77321,-1.44528,-0.65509,0.05555,2.10121,-0.22556,-0.15741,-0.5814,-0.18727,-0.03186,-0.05792,2.08389,0.36037,-0.00035,-0.48464,-0.25007,0.05106,0.07075
25.52,-0.69338,-0.18189,0.0587,0.00145,-1.36435,-0.31986,0.20005,0.07441,-0.27713,0.17341,-0.36766,-0.037,0.60418,-0.00263,0.63886,0.78015,1.51293,-0.40247,-0.07221,0.18003,0.24781,0.1442,0.77272,-1.4503,-0.65467,0.05614,2.10276,-0.2273,-0.16105,-0.58688,-0.18673,-0.03158,-0.05773,2.0832,0.3604,-0.00163,-0.48581,-0.24994,0.05108,0.07075
25.54,-0.69308,-0.18231,0.05936,0.00735,-1.36325,-0.31431,0.20034,0.07369,-0.27929,0.17127,-0.36708,-0.037,0.60442,-0.0045,0.6398,0.78283,1.51043,-0.40262,-0.07132,0.17949,0.24593,0.15077,0.7726,-1.4544,-0.65446,0.05663,2.10447,-0.22977,-0.16613,-0.5931,-0.18611,-0.03116,-0.05748,2.08247,0.36028,-0.00303,-0.48715,-0.24975,0.05109,0.07073
25.56,-0.69279,-0.18269,0.06003,0.01271,-1.36221,-0.30922,0.20062,0.07299,-0.28127,0.16929,-0.36665,-0.037,0.60463,-0.00613,0.64051,0.78526,1.50791,-0.40243,-0.07055,0.17911,0.24379,0.15795,0.77232,-1.4588,-0.65413,0.05715,2.1061,-0.23185,-0.17048,-0.59897,-0.18552,-0.03081,-0.05726,2.08178,0.36026,-0.00436,-0.48839,-0.24959,0.05111,0.07072
25.58,-0.69249,-0.18308,0.06065,0.01853,-1.36113,-0.30362,0.20091,0.07227,-0.28334,0.16721,-0.36616,-0.037,0.60487,-0.00772,0.64139,0.78772,1.50522,-0.40241,-0.06974,0.17882,0.24142,0.16542,0.77202,-1.46365,-0.65388,0.05772,2.10774,-0.23415,-0.17519,-0.60493,-0.18493,-0.03043,-0.05702,2.08102,0.36013,-0.0057,-0.48975,-0.24941,0.05112,0.0707
25.6,-0.69219,-0.18347,0.06137,0.02362,-1.36011,-0.29891,0.20118,0.07157,-0.28531,0.16527,-0.36573,-0.037,0.60504,-0.00948,0.64191,0.79025,1.50295,-0.40212,-0.06896,0.17826,0.23969,0.17192,0.77185,-1.46736,-0.65353,0.05817,2.10941,-0.23617,-0.17947,-0.61085,-0.18434,-0.03008,-0.05681,2.08039,0.36017,-0.00708,-0.49088,-0.24927,0.05113,0.07069
25.62,-0.69189,-0.18388,0.06239,0.02651,-1.35923,-0.29681,0.20137,0.07095,-0.28692,0.16378,-0.36551,-0.037,0.60496,-0.01155,0.64107,0.79291,1.5019,-0.40081,-0.06834,0.17707,0.23952,0.17626,0.772,-1.46812,-0.65285,0.05835,2.11116,-0.23726,-0.18222,-0.61651,-0.1838,-0.02986,-0.05669,2.08019,0.36072,-0.00851,-0.49142,-0.24926,0.0511,0.07067
25.64,-0.69158,-0.1843,0.06351,0.02865,-1.35841,-0.29565,0.20152,0.07036,-0.28842,0.16246,-0.36537,-0.037,0.6048,-0.01373,0.63983,0.79562,1.50128,-0.39917,-0.06777,0.17565,0.23997,0.17967,0.77226,-1.46779,-0.65208,0.05842,2.11293,-0.23804,-0.18449,-0.62208,-0.18325,-0.02967,-0.0566,2.08012,0.36144,-0.01,-0.49171,-0.2493,0.05107,0.07064
25.66,-0.69128,-0.1847,0.06459,0.0311,-1.35758,-0.2941,0.20168,0.06976,-0.28997,0.16108,-0.3652,-0.037,0.60469,-0.01582,0.63885,0.79828,1.50042,-0.3977,-0.06719,0.17435,0.24017,0.1834,0.77243,-1.46797,-0.65139,0.05854,2.11466,-0.23894,-0.18698,-0.62765,-0.18271,-0.02948,-0.0565,2.07998,0.36206,-0.01152,-0.49207,-0.24932,0.05104,0.07062
25.68,-0.69098,-0.18514,0.06565,0.03369,-1.35671,-0.29239,0.20189,0.06914,-0.29154,0.1596,-0.36498,-0.037,0.60452,-0.01811,0.63757,0.80108,1.49974,-0.39617,-0.06656,0.17295,0.24029,0.18748,0.77279,-1.46802,-0.65056,0.05867,2.1165,-0.23994,-0.18949,-0.63344,-0.1822,-0.02925,-0.05639,2.07991,0.36274,-0.01282,-0.49263,-0.24933,0.05101,0.07059
25.7,-0.69066,-0.18551,0.06678,0.03582,-1.35592,-0.29123,0.20198,0.06856,-0.29304,0.15837,-0.36489,-0.037,0.60446,-0.01999,0.63681,0.80358,1.4988,-0.39468,-0.06604,0.17172,0.24069,0.19068,0.77277,-1.46813,-0.64998,0.05874,2.11813,-0.24066,-0.19183,-0.63873,-0.18155,-0.0291,-0.05631,2.07972,0.36336,-0.01456,-0.49272,-0.24937,0.05098,0.07058
25.72,-0.69026,-0.18574,0.06808,0.0367,-1.3554,-0.2915,0.20171,0.06805,-0.29428,0.15784,-0.36521,-0.037,0.60463,-0.02083,0.63755,0.80533,1.49692,-0.39341,-0.06578,0.17097,0.24192,0.19123,0.77172,-1.46848,-0.65019,0.05861,2.11925,-0.2406,-0.19373,-0.64259,-0.1813,-0.02915,-0.05632,2.07921,0.36375,-0.01776,-0.49159,-0.24951,0.05101,0.07061
25.74,-0.68983,-0.18591,0.06944,0.03716,-1.35495,-0.29228,0.20132,0.06758,-0.29545,0.15755,-0.36565,-0.037,0.60493,-0.02123,0.63882,0.80675,1.49478,-0.39218,-0.06564,0.17043,0.24338,0.19101,0.77027,-1.46898,-0.65065,0.05841,2.12016,-0.24027,-0.19547,-0.64594,-0.18081,-0.02927,-0.05635,2.07857,0.36408,-0.02136,-0.49001,-0.24968,0.05105,0.07066
25.76,-0.68942,-0.18611,0.07077,0.03792,-1.35445,-0.29276,0.20097,0.06711,-0.29671,0.15713,-0.36601,-0.037,0.60522,-0.02175,0.63986,0.80825,1.49281,-0.39089,-0.06544,0.16981,0.2446,0.19147,0.76898,-1.46956,-0.65095,0.05827,2.12114,-0.2401,-0.19733,-0.64955,-0.17988,-0.02935,-0.05635,2.07798,0.36446,-0.02461,-0.48864,-0.24983,0.05108,0.07069
25.78,-0.689,-0.1863,0.07211,0.03823,-1.35404,-0.29358,0.20066,0.06655,-0.29778,0.15681,-0.36649,-0.037,0.60529,-0.02261,0.64085,0.81006,1.49064,-0.38975,-0.06524,0.16906,0.24639,0.19056,0.76779,-1.4695,-0.65141,0.05801,2.12221,-0.23977,-0.199,-0.65307,-0.1811,-0.02944,-0.05644,2.07744,0.36476,-0.02856,-0.48723,-0.25003,0.05114,0.07075
25.8,-0.6886,-0.1865,0.07344,0.03938,-1.35345,-0.29379,0.20025,0.0662,-0.29919,0.15636,-0.36673,-0.037,0.60585,-0.02267,0.64208,0.81114,1.48883,-0.38833,-0.06508,0.16868,0.24705,0.19226,0.76628,-1.47081,-0.65162,0.05799,2.12304,-0.23971,-0.20101,-0.65664,-0.17798,-0.02955,-0.05637,2.07676,0.36521,-0.03116,-0.48581,-0.25012,0.05113,0.07076
25.82,-0.68829,-0.18675,0.07471,0.04283,-1.35244,-0.29231,0.19958,0.06649,-0.30176,0.15542,-0.3664,-0.037,0.60786,-0.02042,0.64392,0.81018,1.48805,-0.38606,-0.06501,0.16906,0.2444,0.20177,0.76419,-1.47594,-0.65111,0.05867,2.12336,-0.24055,-0.20429,-0.66045,-0.16125,-0.02969,-0.05574,2.07579,0.36609,-0.02983,-0.48445,-0.2499,0.05094,0.07063
25.84,-0.688,-0.18701,0.07597,0.04717,-1.35122,-0.29016,0.19882,0.06699,-0.30465,0.15438,-0.3658,-0.037,0.61035,-0.01741,0.64598,0.8085,1.48764,-0.38353,-0.06498,0.16985,0.24062,0.21382,0.76173,-1.48244,-0.65034,0.05958,2.12343,-0.24166,-0.2079,-0.66432,-0.14045,-0.02985,-0.05497,2.07465,0.36713,-0.02713,-0.4831,-0.24957,0.05067,0.07045
25.86,-0.68771,-0.18726,0.07724,0.05119,-1.35006,-0.28824,0.19809,0.06738,-0.30728,0.15343,-0.36527,-0.037,0.61254,-0.01487,0.6479,0.80722,1.48707,-0.38119,-0.06492,0.17056,0.23741,0.22445,0.75932,-1.48826,-0.64969,0.06038,2.12357,-0.2426,-0.21119,-0.66814,-0.12265,-0.03001,-0.05431,2.07355,0.36808,-0.0251,-0.48174,-0.2493,0.05044,0.0703
25.88,-0.68742,-0.18752,0.0785,0.05484,-1.34909,-0.28668,0.19738,0.06784,-0.3104,0.15225,-0.36502,-0.037,0.61504,-0.0118,0.65003,0.80566,1.48646,-0.37857,-0.06491,0.17077,0.23397,0.23628,0.75749,-1.49432,-0.64906,0.06122,2.12388,-0.24374,-0.21514,-0.67201,-0.10009,-0.03015,-0.05344,2.07266,0.36909,-0.02287,-0.48039,-0.24901,0.0502,0.07014
25.9,-0.68711,-0.18776,0.07977,0.05948,-1.34764,-0.28419,0.19661,0.0682,-0.31256,0.15158,-0.36407,-0.037,0.61703,-0.00965,0.65176,0.80445,1.48602,-0.37647,-0.06481,0.17218,0.23076,0.24611,0.75426,-1.50021,-0.64832,0.06202,2.12376,-0.24453,-0.21783,-0.67581,-0.08635,-0.03034,-0.05297,2.07124,0.37001,-0.02074,-0.47902,-0.24871,0.04996,0.06998
25.92,-0.6868,-0.18797,0.08104,0.06656,-1.3451,-0.27935,0.19571,0.06826,-0.31216,0.15182,-0.36151,-0.037,0.61746,-0.01036,0.65242,0.80491,1.48589,-0.37572,-0.06439,0.17645,0.22827,0.25088,0.74826,-1.50539,-0.64733,0.06265,2.12282,-0.24428,-0.2168,-0.67943,-0.09901,-0.03064,-0.05365,2.06875,0.3706,-0.01915,-0.47775,-0.24844,0.04969,0.06981
25.94,-0.68645,-0.18815,0.08233,0.07461,-1.34204,-0.2736,0.19475,0.0682,-0.31076,0.15268,-0.35821,-0.037,0.61738,-0.01198,0.65266,0.80563,1.48591,-0.37552,-0.06389,0.18199,0.22609,0.25345,0.74065,-1.51044,-0.64626,0.06323,2.1214,-0.24367,-0.21451,-0.68298,-0.12049,-0.03099,-0.05471,2.06565,0.37109,-0.01772,-0.47644,-0.24815,0.04941,0.06966
25.96,-0.68607,-0.18832,0.08361,0.08224,-1.33909,-0.26824,0.19379,0.06816,-0.30971,0.15357,-0.35506,-0.037,0.61755,-0.01311,0.65308,0.80591,1.48587,-0.37516,-0.06346,0.18714,0.22393,0.2562,0.73321,-1.51531,-0.64519,0.06381,2.12001,-0.24321,-0.21291,-0.68656,-0.13721,-0.03131,-0.05557,2.06261,0.37166,-0.01624,-0.47505,-0.24787,0.04915,0.0695
25.98,-0.68587,-0.1886,0.08486,0.08981,-1.33671,-0.26296,0.19292,0.06826,-0.3091,0.1531,-0.35268,-0.037,0.61762,-0.0146,0.65359,0.80759,1.48581,-0.3744,-0.06287,0.19144,0.22112,0.26211,0.7283,-1.52074,-0.64419,0.06444,2.11941,-0.24281,-0.21087,-0.69017,-0.15693,-0.03165,-0.05655,2.06053,0.37211,-0.01457,-0.47408,-0.24761,0.04885,0.06932
26,-0.68529,-0.18863,0.0862,0.09773,-1.33298,-0.25729,0.19185,0.06804,-0.30735,0.15567,-0.34852,-0.037,0.61779,-0.01552,0.65378,0.80633,1.48585,-0.37462,-0.06259,0.19793,0.21967,0.26138,0.71751,-1.5256,-0.64315,0.06505,2.11703,-0.2422,-0.20939,-0.69368,-0.17257,-0.03197,-0.05736,2.05627,0.37277,-0.01338,-0.47224,-0.24728,0.04863,0.06919
26.02,-0.68366,-0.18796,0.08778,0.10633,-1.32582,-0.2509,0.19027,0.067,-0.30262,0.16588,-0.33969,-0.037,0.61816,-0.01512,0.65327,0.79773,1.48572,-0.3773,-0.06318,0.20885,0.22256,0.23822,0.69308,-1.52319,-0.64089,0.06477,2.1101,-0.24111,-0.21028,-0.69695,-0.17459,-0.0323,-0.05761,2.04644,0.37401,-0.01322,-0.46797,-0.24679,0.0486,0.06918
26.04,-0.68165,-0.18703,0.08946,0.11522,-1.31727,-0.24414,0.18849,0.06562,-0.29677,0.17924,-0.32909,-0.037,0.61867,-0.01405,0.65243,0.78603,1.48578,-0.38096,-0.06408,0.22212,0.22671,0.20909,0.66247,-1.52108,-0.63878,0.0646,2.10136,-0.23981,-0.21168,-0.70012,-0.17226,-0.03261,-0.05766,2.03438,0.37545,-0.01357,-0.46286,-0.24622,0.04866,0.06921
26.06,-0.67981,-0.18623,0.09111,0.12401,-1.30922,-0.23747,0.18678,0.06438,-0.29146,0.1916,-0.31926,-0.037,0.61927,-0.01298,0.65168,0.7752,1.48602,-0.38423,-0.06484,0.23522,0.22988,0.18597,0.63313,-1.52288,-0.63742,0.06497,2.09329,-0.23858,-0.21249,-0.70331,-0.17207,-0.03289,-0.05779,2.02313,0.37679,-0.01386,-0.45816,-0.24565,0.04869,0.06923
26.08,-0.67795,-0.1854,0.09273,0.13277,-1.30172,-0.23107,0.18513,0.06322,-0.286,0.20224,-0.30951,-0.037,0.61923,-0.0132,0.65121,0.76662,1.48512,-0.38728,-0.06557,0.24476,0.23476,0.14972,0.60987,-1.50845,-0.63278,0.06299,2.08585,-0.23746,-0.21473,-0.70659,-0.17148,-0.03332,-0.05797,2.0127,0.37815,-0.01344,-0.45331,-0.2452,0.04865,0.06921
26.1,-0.67606,-0.18457,0.09441,0.14159,-1.29274,-0.22406,0.18335,0.06181,-0.28058,0.2171,-0.29924,-0.037,0.62052,-0.01061,0.65004,0.75265,1.48666,-0.39103,-0.06645,0.26204,0.23641,0.13837,0.57292,-1.52684,-0.63481,0.06576,2.07668,-0.23605,-0.21419,-0.70968,-0.17059,-0.03344,-0.05799,2.00005,0.37953,-0.01461,-0.44859,-0.24451,0.0488,0.06928
26.12,-0.67421,-0.18378,0.09618,0.15078,-1.28001,-0.21517,0.18095,0.05967,-0.27588,0.24351,-0.28757,-0.037,0.6258,0,0.64741,0.72409,1.49457,-0.39631,-0.0676,0.302,0.22847,0.20623,0.49607,-1.64467,-0.657,0.08304,2.06309,-0.23392,-0.2055,-0.71218,-0.16993,-0.03269,-0.05758,1.98161,0.38073,-0.02017,-0.44422,-0.24309,0.04948,0.06955
26.14,-0.67235,-0.183,0.09801,0.15994,-1.26582,-0.20574,0.1785,0.05732,-0.27122,0.27392,-0.27551,-0.037,0.63233,0.01333,0.64404,0.69028,1.50499,-0.40231,-0.06891,0.34933,0.21732,0.29766,0.40635,-1.79377,-0.68556,0.10482,2.04783,-0.23148,-0.19408,-0.71452,-0.16908,-0.03163,-0.05702,1.96102,0.38196,-0.02731,-0.44004,-0.24145,0.05035,0.0699
26.16,-0.6705,-0.18224,0.09983,0.16889,-1.25229,-0.19675,0.17628,0.05516,-0.26638,0.30207,-0.26388,-0.037,0.63803,0.02518,0.64075,0.65915,1.51453,-0.40809,-0.07019,0.39199,0.2079,0.37244,0.3249,-1.92281,-0.71006,0.12364,2.03339,-0.22915,-0.18417,-0.71702,-0.16827,-0.03073,-0.05653,1.94154,0.38328,-0.03365,-0.4359,-0.23996,0.05112,0.07021
26.18,-0.6686,-0.18139,0.10156,0.1788,-1.23876,-0.18695,0.17316,0.0526,-0.26223,0.33222,-0.25112,-0.037,0.64484,0.03815,0.63847,0.62664,1.52307,-0.41342,-0.07129,0.44015,0.19739,0.47221,0.23299,-2.07688,-0.73954,0.14636,2.01867,-0.22693,-0.17315,-0.71918,-0.1675,-0.02976,-0.05601,1.92149,0.38417,-0.04032,-0.43117,-0.23829,0.05196,0.07055
26.2,-0.66682,-0.18072,0.10349,0.1867,-1.22487,-0.17869,0.17191,0.05081,-0.25661,0.35907,-0.24064,-0.037,0.64961,0.04934,0.63397,0.59584,1.53417,-0.41988,-0.07278,0.47876,0.18833,0.52544,0.1599,-2.18585,-0.76012,0.16199,2.00411,-0.2244,-0.16378,-0.72199,-0.16665,-0.02887,-0.05553,1.90209,0.38595,-0.0467,-0.42775,-0.23693,0.0527,0.07085
26.22,-0.66538,-0.18059,0.10603,0.18908,-1.2106,-0.175,0.17584,0.05124,-0.24754,0.37612,-0.23666,-0.037,0.64864,0.05573,0.62315,0.57086,1.55246,-0.42884,-0.07544,0.48774,0.18438,0.44627,0.142,-2.16606,-0.75493,0.15718,1.99083,-0.22133,-0.15983,-0.7269,-0.16567,-0.02823,-0.05516,1.88538,0.39023,-0.05168,-0.42777,-0.23651,0.05311,0.07103
26.24,-0.66406,-0.18064,0.10876,0.18942,-1.19597,-0.17283,0.18165,0.05243,-0.23691,0.38963,-0.23497,-0.037,0.64552,0.06009,0.61018,0.54787,1.57304,-0.43895,-0.07844,0.48712,0.18195,0.31937,0.14353,-2.09924,-0.74049,0.14502,1.97771,-0.21793,-0.15762,-0.73242,-0.16462,-0.0277,-0.05483,1.86936,0.39538,-0.05634,-0.42914,-0.23642,0.0534,0.07116
26.26,-0.6627,-0.18059,0.11139,0.1907,-1.18134,-0.16985,0.1866,0.05322,-0.22658,0.40455,-0.23217,-0.037,0.64326,0.06486,0.59845,0.52406,1.59217,-0.44887,-0.08119,0.49188,0.17861,0.21285,0.1361,-2.05162,-0.7301,0.13607,1.96425,-0.21451,-0.15451,-0.73751,-0.16359,-0.02718,-0.05451,1.85281,0.40008,-0.06128,-0.42997,-0.23619,0.05375,0.07132
26.28,-0.66131,-0.18062,0.11411,0.19197,-1.16737,-0.16737,0.19155,0.05422,-0.21788,0.42047,-0.22965,-0.037,0.64155,0.07184,0.5856,0.49956,1.61336,-0.45757,-0.08439,0.49266,0.17605,0.11178,0.12867,-2.01399,-0.72065,0.12789,1.95182,-0.21174,-0.15174,-0.74328,-0.16257,-0.02641,-0.05407,1.83708,0.40502,-0.06574,-0.43049,-0.23595,0.05409,0.07147
26.3,-0.65999,-0.18054,0.11667,0.19274,-1.15195,-0.1642,0.19698,0.05497,-0.20553,0.43339,-0.22709,-0.037,0.63812,0.07375,0.57455,0.47724,1.63049,-0.46887,-0.08669,0.49926,0.17231,-0.01116,0.12617,-1.94433,-0.70688,0.11624,1.93732,-0.20758,-0.14875,-0.74775,-0.16153,-0.02618,-0.0539,1.81983,0.40965,-0.07107,-0.43199,-0.23578,0.05443,0.07163
26.32,-0.65882,-0.18015,0.11884,0.19275,-1.1326,-0.15884,0.20301,0.05493,-0.18266,0.43904,-0.22382,-0.037,0.63093,0.06166,0.56924,0.45872,1.63839,-0.48872,-0.0867,0.52494,0.16462,-0.19267,0.13144,-1.79459,-0.68415,0.09715,1.91708,-0.19934,-0.14432,-0.74863,-0.16039,-0.02752,-0.05448,1.79826,0.41332,-0.0791,-0.43569,-0.23587,0.05483,0.07184
26.34,-0.6577,-0.17965,0.12082,0.19229,-1.11182,-0.15272,0.20952,0.05461,-0.15634,0.44175,-0.22044,-0.037,0.62199,0.04461,0.56578,0.44269,1.64171,-0.51081,-0.08575,0.55663,0.15578,-0.39286,0.14127,-1.61478,-0.65727,0.07477,1.89475,-0.18977,-0.13967,-0.74814,-0.15923,-0.02937,-0.05532,1.77514,0.41661,-0.08797,-0.44037,-0.236,0.05523,0.07207
26.36,-0.65657,-0.1792,0.12282,0.19195,-1.09172,-0.14689,0.21598,0.05436,-0.13212,0.44569,-0.21715,-0.037,0.61351,0.03012,0.56132,0.42668,1.64541,-0.53077,-0.08504,0.58509,0.14769,-0.57813,0.14983,-1.45051,-0.63174,0.05361,1.87337,-0.18102,-0.13542,-0.74818,-0.15809,-0.0309,-0.056,1.75273,0.41999,-0.09629,-0.44473,-0.23602,0.05561,0.07228
26.38,-0.6554,-0.17875,0.12512,0.19198,-1.07144,-0.14135,0.22176,0.05436,-0.10556,0.44998,-0.21375,-0.037,0.60634,0.01422,0.55744,0.40587,1.65615,-0.55548,-0.08513,0.61533,0.13866,-0.79211,0.15575,-1.27628,-0.60796,0.0332,1.85199,-0.17136,-0.13004,-0.74866,-0.15691,-0.03278,-0.05685,1.73037,0.42377,-0.1053,-0.44861,-0.23644,0.05607,0.07255
26.4,-0.65432,-0.17829,0.12672,0.1911,-1.05122,-0.13501,0.22907,0.05376,-0.08313,0.45286,-0.21056,-0.037,0.59609,0.00017,0.55285,0.39562,1.65141,-0.57081,-0.08336,0.6434,0.13135,-0.95024,0.16791,-1.11682,-0.57989,0.01072,1.83011,-0.16326,-0.12685,-0.74784,-0.15582,-0.03407,-0.05742,1.70749,0.42661,-0.11308,-0.4537,-0.23604,0.05637,0.07269
26.42,-0.65349,-0.17787,0.12656,0.18837,-1.03146,-0.12656,0.24035,0.05158,-0.07248,0.45266,-0.20773,-0.037,0.57741,-0.008,0.54572,0.41401,1.60239,-0.55987,-0.0764,0.66429,0.12872,-0.94823,0.197,-1.00091,-0.53927,-0.01823,1.80742,-0.1601,-0.13049,-0.74412,-0.15493,-0.0336,-0.05715,1.68379,0.42704,-0.11731,-0.46188,-0.23348,0.05622,0.07244
26.44,-0.65275,-0.17745,0.12569,0.18465,-1.01181,-0.11732,0.25317,0.04879,-0.06618,0.45112,-0.20514,-0.037,0.55575,-0.01404,0.53788,0.4429,1.53843,-0.53942,-0.06767,0.68278,0.12793,-0.8894,0.23196,-0.90199,-0.49485,-0.04884,1.78428,-0.1585,-0.13622,-0.73907,-0.15414,-0.03253,-0.05661,1.65957,0.42651,-0.12026,-0.47123,-0.23008,0.05591,0.07205
26.46,-0.65197,-0.17702,0.12507,0.18105,-0.99213,-0.1085,0.26536,0.04624,-0.0582,0.45012,-0.20258,-0.037,0.53567,-0.02075,0.53048,0.4669,1.48305,-0.52321,-0.05995,0.70222,0.12653,-0.85724,0.26364,-0.79857,-0.45334,-0.07764,1.76129,-0.15597,-0.1405,-0.73437,-0.15334,-0.03175,-0.0562,1.63544,0.42639,-0.12375,-0.48005,-0.22701,0.05567,0.07172
26.48,-0.65119,-0.17665,0.12473,0.17885,-0.97234,-0.09942,0.27726,0.04384,-0.04887,0.44932,-0.19943,-0.037,0.51456,-0.02888,0.52262,0.49149,1.41999,-0.50731,-0.05131,0.72249,0.12414,-0.82214,0.29815,-0.68056,-0.40664,-0.111,1.73845,-0.15431,-0.14683,-0.73066,-0.1524,-0.0309,-0.05576,1.61192,0.4264,-0.12746,-0.48889,-0.22418,0.05545,0.0714
26.5,-0.65043,-0.17615,0.12364,0.17347,-0.95283,-0.09069,0.29012,0.04099,-0.0434,0.4478,-0.19757,-0.037,0.49494,-0.03351,0.51558,0.51731,1.36938,-0.48859,-0.04418,0.74038,0.12427,-0.77946,0.32799,-0.59729,-0.36995,-0.13523,1.71522,-0.15126,-0.14946,-0.72461,-0.15178,-0.03003,-0.05531,1.587,0.42589,-0.13038,-0.49795,-0.22063,0.05515,0.07103
26.52,-0.64976,-0.17528,0.12071,0.15983,-0.93409,-0.08322,0.30523,0.0371,-0.04775,0.44491,-0.19919,-0.037,0.48002,-0.02856,0.51034,0.54398,1.35744,-0.46341,-0.0417,0.75218,0.13081,-0.72917,0.34431,-0.60657,-0.36149,-0.13374,1.69101,-0.14364,-0.14063,-0.71228,-0.15197,-0.02935,-0.05499,1.55851,0.42437,-0.13164,-0.5072,-0.21536,0.05473,0.07059
26.54,-0.6491,-0.17427,0.11703,0.14299,-0.91565,-0.0761,0.32126,0.03277,-0.0558,0.4413,-0.2021,-0.037,0.46674,-0.02022,0.50604,0.57148,1.35847,-0.43587,-0.04079,0.76165,0.13985,-0.67324,0.35558,-0.65021,-0.36328,-0.12303,1.66643,-0.13464,-0.12813,-0.69767,-0.15247,-0.02864,-0.05466,1.52861,0.42231,-0.13211,-0.51663,-0.20938,0.05422,0.0701
26.56,-0.64841,-0.17333,0.11365,0.12745,-0.89706,-0.06875,0.33689,0.02861,-0.06201,0.43787,-0.20446,-0.037,0.4528,-0.01369,0.50173,0.59858,1.35318,-0.41004,-0.03914,0.77227,0.1478,-0.62014,0.3686,-0.67781,-0.36066,-0.11659,1.64205,-0.12652,-0.1178,-0.68419,-0.15284,-0.02788,-0.0543,1.49925,0.42038,-0.13282,-0.52605,-0.20369,0.05373,0.06962
26.58,-0.64784,-0.17236,0.11042,0.11253,-0.8785,-0.06168,0.35247,0.02454,-0.06901,0.43506,-0.2067,-0.037,0.4384,-0.00596,0.49568,0.6262,1.34912,-0.38123,-0.03758,0.78252,0.15561,-0.56383,0.38406,-0.70792,-0.35702,-0.10983,1.61753,-0.11737,-0.10546,-0.67028,-0.15318,-0.02735,-0.05406,1.47032,0.41894,-0.13401,-0.53523,-0.19809,0.05333,0.0692
26.6,-0.64701,-0.17141,0.1067,0.09556,-0.85997,-0.05413,0.36837,0.0202,-0.0752,0.43077,-0.20948,-0.037,0.4254,5e-05,0.49342,0.65273,1.34581,-0.35812,-0.03621,0.7929,0.16429,-0.51372,0.39324,-0.74058,-0.35781,-0.1016,1.59323,-0.11003,-0.09634,-0.65674,-0.15366,-0.02636,-0.05359,1.44016,0.41634,-0.13398,-0.54491,-0.19214,0.05271,0.06863
26.62,-0.64548,-0.17054,0.10189,0.0737,-0.8414,-0.04515,0.38484,0.01508,-0.07826,0.42291,-0.21358,-0.037,0.41585,0.00054,0.50209,0.67653,1.34113,-0.35212,-0.03503,0.80525,0.17449,-0.48129,0.38574,-0.77347,-0.36992,-0.09072,1.56952,-0.10809,-0.09751,-0.64469,-0.15451,-0.02397,-0.05244,1.40692,0.41075,-0.13117,-0.55605,-0.18532,0.0515,0.06766
26.64,-0.64367,-0.16969,0.0966,0.0499,-0.82288,-0.0357,0.40163,0.00974,-0.08033,0.41352,-0.21814,-0.037,0.40766,-0.00084,0.5144,0.69905,1.33688,-0.35184,-0.034,0.8176,0.1855,-0.45569,0.37222,-0.80753,-0.38585,-0.07879,1.54608,-0.10801,-0.10196,-0.63311,-0.15551,-0.02113,-0.05109,1.37249,0.404,-0.1271,-0.56763,-0.17817,0.05005,0.06654
26.66,-0.64196,-0.16883,0.09148,0.02699,-0.80436,-0.0265,0.41832,0.0046,-0.08283,0.40461,-0.22238,-0.037,0.39891,-0.00141,0.52463,0.72175,1.33265,-0.3485,-0.03289,0.82936,0.19631,-0.42782,0.36176,-0.83975,-0.39905,-0.06792,1.52255,-0.10706,-0.10455,-0.62138,-0.15641,-0.01859,-0.04986,1.33859,0.39775,-0.12331,-0.5789,-0.17122,0.0487,0.06548
26.68,-0.64039,-0.16799,0.08652,0.00393,-0.78568,-0.01716,0.43481,-0.00101,-0.0856,0.39661,-0.22715,-0.037,0.39006,-0.00168,0.53679,0.74619,1.32789,-0.34708,-0.03186,0.8437,0.20656,-0.39636,0.34959,-0.87809,-0.4169,-0.05441,1.49877,-0.10618,-0.1085,-0.60932,-0.15741,-0.01569,-0.04847,1.30466,0.39164,-0.12065,-0.59066,-0.16404,0.04739,0.06443
26.7,-0.63845,-0.1671,0.08113,-0.01924,-0.76743,-0.00799,0.45182,-0.00568,-0.08746,0.38634,-0.23091,-0.037,0.38162,-0.0031,0.54565,0.7667,1.32426,-0.34297,-0.03069,0.85249,0.21806,-0.37386,0.33982,-0.90426,-0.42572,-0.04611,1.47569,-0.10562,-0.11052,-0.59809,-0.15827,-0.0134,-0.04738,1.27058,0.38494,-0.11547,-0.60149,-0.15726,0.04594,0.06334
26.72,-0.63556,-0.16613,0.07473,-0.0421,-0.74972,0.00064,0.4698,-0.00781,-0.08749,0.37034,-0.23178,-0.037,0.37466,-0.00689,0.54546,0.77641,1.32287,-0.33096,-0.02911,0.84771,0.23327,-0.37639,0.33647,-0.88976,-0.40979,-0.05396,1.45376,-0.10538,-0.10594,-0.58903,-0.15852,-0.01297,-0.04721,1.23586,0.37725,-0.10253,-0.60984,-0.15163,0.04411,0.06218
26.74,-0.63231,-0.16511,0.06791,-0.06502,-0.73254,0.00908,0.48835,-0.00897,-0.08656,0.35208,-0.23162,-0.037,0.36792,-0.01187,0.54162,0.78225,1.32267,-0.31594,-0.02738,0.83703,0.24959,-0.38739,0.33607,-0.8639,-0.38444,-0.06688,1.43267,-0.10542,-0.09943,-0.58081,-0.15866,-0.01314,-0.04734,1.20112,0.36895,-0.08727,-0.6172,-0.1464,0.04215,0.061
26.76,-0.62921,-0.16411,0.06126,-0.08801,-0.71553,0.01755,0.5069,-0.01049,-0.08577,0.33474,-0.23194,-0.037,0.36062,-0.01657,0.53881,0.79006,1.32238,-0.30165,-0.02569,0.82794,0.26507,-0.39325,0.33551,-0.84768,-0.36256,-0.07648,1.41172,-0.10541,-0.09413,-0.57225,-0.15898,-0.01298,-0.04731,1.16672,0.36069,-0.0739,-0.62489,-0.14099,0.04029,0.05984
26.78,-0.62615,-0.16313,0.05465,-0.11069,-0.69682,0.02624,0.5244,-0.01235,-0.08615,0.31779,-0.23225,-0.037,0.35532,-0.02022,0.53882,0.79702,1.32026,-0.29007,-0.02413,0.82346,0.28205,-0.4047,0.32988,-0.81321,-0.344,-0.09022,1.38863,-0.10513,-0.08752,-0.5636,-0.15877,-0.01304,-0.04736,1.13086,0.35336,-0.05716,-0.63311,-0.13558,0.03824,0.0586
26.8,-0.62292,-0.16209,0.04789,-0.13396,-0.68174,0.03445,0.54417,-0.01329,-0.08392,0.29953,-0.23231,-0.037,0.34587,-0.02631,0.53201,0.80472,1.32214,-0.27228,-0.02226,0.80796,0.29611,-0.40656,0.33543,-0.8133,-0.31655,-0.09667,1.37013,-0.10548,-0.08315,-0.55525,-0.15962,-0.01281,-0.04732,1.09806,0.344,-0.04663,-0.63996,-0.13028,0.03657,0.05754
26.82,-0.61926,-0.16088,0.04083,-0.15927,-0.67677,0.04117,0.57046,-0.01182,-0.07444,0.27823,-0.23202,-0.037,0.32512,-0.03907,0.50743,0.8164,1.33559,-0.23607,-0.01941,0.76375,0.30212,-0.37874,0.37256,-0.91799,-0.26424,-0.0807,1.36464,-0.10722,-0.08544,-0.54801,-0.1635,-0.01153,-0.04685,1.07368,0.32878,-0.05624,-0.64365,-0.12491,0.03602,0.05701
26.84,-0.61544,-0.1596,0.03364,-0.18509,-0.6754,0.04746,0.59891,-0.00948,-0.06243,0.2557,-0.23149,-0.037,0.30015,-0.0542,0.47604,0.82878,1.35287,-0.19404,-0.01627,0.70859,0.30506,-0.34111,0.42058,-1.05668,-0.20378,-0.05743,1.36366,-0.10963,-0.09001,-0.54093,-0.16845,-0.00997,-0.04628,1.0524,0.31158,-0.07179,-0.64593,-0.11967,0.03585,0.05667
26.86,-0.61169,-0.15835,0.02651,-0.21039,-0.67222,0.05407,0.6261,-0.00761,-0.05177,0.23372,-0.23097,-0.037,0.27699,-0.06812,0.44767,0.84021,1.36786,-0.15596,-0.01337,0.65824,0.30923,-0.30872,0.46274,-1.17558,-0.14879,-0.03821,1.36026,-0.11192,-0.09358,-0.53346,-0.17286,-0.00862,-0.0458,1.02971,0.29557,-0.08297,-0.64862,-0.11453,0.03548,0.05624
26.88,-0.60791,-0.15712,0.01937,-0.23691,-0.66975,0.06012,0.65454,-0.00537,-0.04025,0.21168,-0.2308,-0.037,0.2543,-0.08266,0.41957,0.85419,1.38522,-0.11231,-0.01001,0.60838,0.31422,-0.27347,0.50893,-1.31232,-0.08609,-0.01607,1.3584,-0.11345,-0.09707,-0.52737,-0.17746,-0.00694,-0.04516,1.00698,0.27839,-0.1009,-0.65226,-0.10874,0.03522,0.05583
26.9,-0.60418,-0.15582,0.01222,-0.261,-0.66668,0.06726,0.68085,-0.00372,-0.02991,0.18953,-0.22989,-0.037,0.2296,-0.09642,0.38922,0.86307,1.39854,-0.07887,-0.00754,0.55498,0.31668,-0.24157,0.54914,-1.42024,-0.03754,0.0018,1.35445,-0.1167,-0.10115,-0.51843,-0.18195,-0.00587,-0.04483,0.98514,0.2631,-0.10648,-0.6536,-0.10433,0.03485,0.05543
26.92,-0.60056,-0.15431,0.00509,-0.27831,-0.66078,0.07749,0.70082,-0.0039,-0.02354,0.16709,-0.22684,-0.037,0.20076,-0.10762,0.35531,0.85773,1.39971,-0.07537,-0.00771,0.49452,0.31349,-0.22275,0.5714,-1.43906,-0.03089,0.00601,1.34325,-0.12474,-0.1076,-0.50175,-0.18573,-0.00647,-0.0453,0.96456,0.25423,-0.07423,-0.64883,-0.10375,0.03389,0.05498
26.94,-0.597,-0.15273,-0.00203,-0.29314,-0.6542,0.08886,0.71855,-0.00472,-0.01842,0.14464,-0.22309,-0.037,0.16998,-0.11788,0.31918,0.84727,1.39668,-0.0823,-0.00876,0.43092,0.30777,-0.20732,0.58701,-1.42795,-0.03869,0.00571,1.32985,-0.13446,-0.11435,-0.48217,-0.18938,-0.00772,-0.0461,0.94487,0.24721,-0.02974,-0.6418,-0.10454,0.03284,0.05454
26.96,-0.59344,-0.1512,-0.00916,-0.30906,-0.64812,0.09976,0.73725,-0.00527,-0.01265,0.12238,-0.21977,-0.037,0.13987,-0.12845,0.28342,0.83917,1.3956,-0.08424,-0.00932,0.36874,0.30283,-0.1894,0.60485,-1.43139,-0.03937,0.00754,1.3177,-0.14325,-0.12008,-0.46381,-0.19318,-0.00874,-0.04679,0.92506,0.23884,0.0076,-0.63585,-0.10468,0.03196,0.05416
26.98,-0.58977,-0.14959,-0.01628,-0.32515,-0.64137,0.11046,0.75623,-0.00568,-0.0071,0.09929,-0.21599,-0.037,0.11055,-0.13964,0.25013,0.83095,1.39449,-0.08703,-0.01028,0.30616,0.29931,-0.17524,0.62644,-1.43209,-0.042,0.00927,1.30467,-0.15271,-0.12952,-0.44587,-0.19666,-0.00944,-0.04731,0.90412,0.23247,0.05128,-0.62965,-0.10497,0.03059,0.05355
27,-0.58634,-0.14814,-0.0234,-0.34026,-0.6358,0.12183,0.77405,-0.00657,-0.00146,0.07796,-0.21299,-0.037,0.07913,-0.14925,0.21124,0.82175,1.39237,-0.09061,-0.01061,0.24387,0.29229,-0.15409,0.63844,-1.43085,-0.0442,0.01004,1.29289,-0.16122,-0.13141,-0.42639,-0.20075,-0.01097,-0.04826,0.88574,0.2225,0.08493,-0.62345,-0.10525,0.03018,0.05339
27.02,-0.58352,-0.1471,-0.03055,-0.35362,-0.63366,0.13496,0.78943,-0.00862,0.00487,0.06129,-0.21238,-0.037,0.04272,-0.15506,0.15776,0.81102,1.38866,-0.09357,-0.00892,0.18277,0.27622,-0.11363,0.62603,-1.43201,-0.04104,0.00929,1.285,-0.16641,-0.11106,-0.40304,-0.20664,-0.01477,-0.0504,0.87389,0.20139,0.08604,-0.61763,-0.10515,0.03265,0.05453
27.04,-0.58093,-0.14622,-0.03767,-0.36601,-0.63272,0.14869,0.80367,-0.01115,0.01131,0.04643,-0.21256,-0.037,0.00424,-0.15923,0.0987,0.7995,1.38403,-0.09702,-0.00658,0.12224,0.25674,-0.06586,0.60407,-1.43192,-0.03713,0.00768,1.27844,-0.17066,-0.08332,-0.3783,-0.21312,-0.01935,-0.05296,0.86462,0.17675,0.07695,-0.61193,-0.10498,0.03604,0.05609
27.06,-0.57825,-0.14529,-0.04476,-0.37862,-0.63122,0.16204,0.81827,-0.01349,0.0176,0.03088,-0.21234,-0.037,-0.0335,-0.16396,0.04202,0.78841,1.37969,-0.10043,-0.00457,0.06174,0.23886,-0.02102,0.58611,-1.43204,-0.03398,0.00642,1.27131,-0.17553,-0.05982,-0.3544,-0.21928,-0.02348,-0.05527,0.85434,0.15426,0.07382,-0.60629,-0.10483,0.03887,0.05738
27.08,-0.57552,-0.14425,-0.05202,-0.3921,-0.62974,0.17591,0.83347,-0.01572,0.02424,0.0148,-0.2123,-0.037,-0.07053,-0.16951,-0.01411,0.77683,1.37574,-0.10343,-0.00245,-0.00021,0.22067,0.02183,0.5693,-1.43296,-0.02945,0.00521,1.26395,-0.17963,-0.03263,-0.3295,-0.22569,-0.02803,-0.05781,0.84337,0.12957,0.0657,-0.60005,-0.10475,0.04232,0.05898
27.1,-0.57296,-0.14348,-0.05892,-0.40353,-0.62853,0.18879,0.84718,-0.01827,0.0302,0.00023,-0.21206,-0.037,-0.10945,-0.17292,-0.07266,0.76614,1.37082,-0.10726,-0.00039,-0.05884,0.20238,0.07087,0.54797,-1.43191,-0.02756,0.00369,1.25745,-0.18509,-0.01134,-0.30644,-0.23169,-0.03189,-0.05999,0.83448,0.10855,0.06515,-0.59514,-0.10451,0.0447,0.06005
27.12,-0.57077,-0.14341,-0.0649,-0.40983,-0.62777,0.19894,0.85707,-0.02158,0.03426,-0.01048,-0.21116,-0.037,-0.15337,-0.17117,-0.13682,0.75838,1.36347,-0.11332,0.00134,-0.10927,0.18453,0.1326,0.51607,-1.42936,-0.03199,0.00225,1.25273,-0.19468,-0.00845,-0.28831,-0.23645,-0.0336,-0.06109,0.83053,0.09892,0.09,-0.59391,-0.10384,0.04371,0.05951
27.14,-0.56876,-0.14361,-0.07052,-0.41405,-0.62723,0.20804,0.86553,-0.02518,0.03762,-0.01976,-0.21001,-0.037,-0.19905,-0.16725,-0.2032,0.75153,1.35515,-0.12016,0.00299,-0.15619,0.16674,0.20067,0.48008,-1.42444,-0.03921,0.00045,1.24888,-0.20565,-0.01172,-0.27219,-0.24075,-0.03459,-0.06183,0.82861,0.09304,0.1224,-0.59401,-0.10302,0.04163,0.05845
27.16,-0.56671,-0.14368,-0.07627,-0.41905,-0.6266,0.21753,0.87468,-0.02863,0.04131,-0.0298,-0.20892,-0.037,-0.24376,-0.16411,-0.26836,0.74409,1.34737,-0.12657,0.00466,-0.20414,0.14901,0.26773,0.44624,-1.41829,-0.04589,-0.00163,1.24482,-0.2159,-0.01199,-0.25551,-0.24522,-0.03594,-0.06275,0.82589,0.08516,0.14992,-0.59348,-0.10228,0.04016,0.05768
27.18,-0.56451,-0.14376,-0.08215,-0.42473,-0.62601,0.22741,0.88362,-0.03217,0.04498,-0.03932,-0.20807,-0.037,-0.28929,-0.16185,-0.33451,0.73729,1.33933,-0.13329,0.0064,-0.25445,0.13077,0.3277,0.41078,-1.42148,-0.04963,-0.00192,1.24006,-0.22652,-0.01283,-0.23731,-0.24988,-0.03719,-0.06363,0.82276,0.07836,0.18308,-0.59306,-0.10149,0.03826,0.05668
27.2,-0.56265,-0.1439,-0.08767,-0.42848,-0.62534,0.23619,0.89266,-0.03559,0.0485,-0.0496,-0.20667,-0.037,-0.33343,-0.15717,-0.39915,0.72947,1.33138,-0.13958,0.00802,-0.29902,0.11372,0.40314,0.37793,-1.40509,-0.05996,-0.00597,1.23691,-0.2367,-0.01406,-0.22276,-0.25402,-0.03846,-0.06449,0.82091,0.0703,0.20658,-0.59274,-0.10077,0.03698,0.05602
27.22,-0.56172,-0.14415,-0.09236,-0.42761,-0.62466,0.24244,0.90253,-0.03861,0.05187,-0.06242,-0.20375,-0.037,-0.37388,-0.14717,-0.4583,0.71807,1.3261,-0.14406,0.00879,-0.32859,0.0994,0.52595,0.35251,-1.33168,-0.0897,-0.02081,1.23839,-0.24521,-0.0148,-0.21773,-0.25685,-0.04007,-0.06544,0.82232,0.05724,0.2003,-0.59235,-0.10024,0.03785,0.05646
27.24,-0.56113,-0.14444,-0.09668,-0.42482,-0.62384,0.24758,0.91252,-0.0415,0.05508,-0.07605,-0.20031,-0.037,-0.41274,-0.13468,-0.51593,0.70571,1.32061,-0.14812,0.00952,-0.35248,0.08641,0.66295,0.33007,-1.23936,-0.12563,-0.03935,1.24139,-0.25324,-0.01578,-0.21633,-0.25916,-0.0417,-0.06637,0.82488,0.04292,0.18433,-0.59202,-0.09979,0.03936,0.05723
27.26,-0.56035,-0.14471,-0.10113,-0.42277,-0.62292,0.25308,0.92233,-0.04445,0.05829,-0.08926,-0.19715,-0.037,-0.45193,-0.12279,-0.57485,0.69417,1.31368,-0.15267,0.01065,-0.37901,0.0732,0.78937,0.30682,-1.15793,-0.15752,-0.05588,1.24344,-0.26155,-0.01673,-0.21332,-0.26167,-0.04326,-0.06728,0.82671,0.02962,0.17368,-0.5917,-0.09931,0.04046,0.0578
27.28,-0.5597,-0.14503,-0.10574,-0.42122,-0.62269,0.25918,0.93262,-0.04743,0.06178,-0.10263,-0.19377,-0.037,-0.49284,-0.11301,-0.63158,0.68107,1.3129,-0.15608,0.01024,-0.40529,0.05839,0.93342,0.28109,-1.06649,-0.19471,-0.0738,1.2466,-0.26965,-0.01754,-0.21018,-0.26429,-0.04504,-0.0683,0.82946,0.01456,0.15942,-0.59128,-0.09879,0.04201,0.05859
27.3,-0.55888,-0.14524,-0.10994,-0.41817,-0.62099,0.26375,0.94196,-0.05031,0.06466,-0.11586,-0.19075,-0.037,-0.52974,-0.09832,-0.69215,0.67096,1.29965,-0.16166,0.01296,-0.43065,0.04722,1.04407,0.26131,-0.99172,-0.22226,-0.08969,1.2478,-0.27805,-0.01866,-0.20817,-0.26657,-0.04639,-0.06909,0.83057,0.00281,0.15025,-0.59107,-0.09837,0.0428,0.059
27.32,-0.55749,-0.14511,-0.11313,-0.41169,-0.61525,0.26448,0.94866,-0.05294,0.06593,-0.12866,-0.18884,-0.037,-0.5563,-0.07026,-0.7664,0.66952,1.24882,-0.17417,0.02502,-0.45602,0.04571,1.05853,0.25716,-0.9651,-0.2218,-0.0993,1.24322,-0.28737,-0.02002,-0.2083,-0.26813,-0.04659,-0.06926,0.82676,0.00053,0.15785,-0.59143,-0.09815,0.04132,0.05825
27.34,-0.55593,-0.14486,-0.11592,-0.40376,-0.60805,0.26369,0.9544,-0.05548,0.0666,-0.14125,-0.18732,-0.037,-0.57881,-0.03745,-0.84397,0.67109,1.18608,-0.1887,0.04009,-0.48045,0.04783,1.03894,0.25894,-0.95633,-0.21138,-0.1067,1.2366,-0.297,-0.02173,-0.20943,-0.26935,-0.04637,-0.06921,0.82129,0.0016,0.1708,-0.59199,-0.09803,0.03907,0.05712
27.36,-0.55444,-0.14465,-0.11887,-0.39634,-0.60156,0.26355,0.96058,-0.05809,0.06753,-0.15385,-0.18564,-0.037,-0.60297,-0.00705,-0.91835,0.67117,1.13085,-0.20176,0.05335,-0.50459,0.04833,1.03525,0.25809,-0.94108,-0.20538,-0.11497,1.23089,-0.30652,-0.02363,-0.21015,-0.27069,-0.04634,-0.06926,0.81665,0.00111,0.18103,-0.59244,-0.09788,0.03719,0.05618
27.38,-0.55297,-0.14448,-0.12191,-0.38943,-0.59488,0.26356,0.96677,-0.06061,0.06849,-0.1669,-0.18385,-0.037,-0.62791,0.02463,-1.00016,0.67176,1.06662,-0.21716,0.06855,-0.5316,0.04875,1.03031,0.25705,-0.91846,-0.20001,-0.12396,1.2253,-0.31592,-0.02416,-0.21086,-0.27217,-0.0463,-0.06932,0.81172,0.00072,0.19214,-0.59295,-0.09766,0.03524,0.05519
27.4,-0.55144,-0.14421,-0.12467,-0.3812,-0.58824,0.2629,0.97267,-0.06326,0.06925,-0.17888,-0.18239,-0.037,-0.65023,0.05455,-1.06684,0.67198,1.01847,-0.22816,0.08035,-0.55244,0.05018,1.01962,0.25781,-0.91543,-0.19094,-0.13083,1.21896,-0.32562,-0.02751,-0.21175,-0.27326,-0.04618,-0.06931,0.80698,0.00094,0.20281,-0.5934,-0.0976,0.03325,0.0542
27.42,-0.54974,-0.14365,-0.12678,-0.36929,-0.58207,0.2608,0.97833,-0.06637,0.06952,-0.18848,-0.18171,-0.037,-0.6667,0.07999,-1.09488,0.67069,1.01628,-0.22668,0.08251,-0.557,0.05357,1.00206,0.26195,-0.96422,-0.17355,-0.13273,1.21101,-0.33645,-0.03949,-0.21292,-0.27344,-0.04585,-0.06914,0.80332,0.00197,0.21102,-0.59359,-0.09799,0.0313,0.05328
27.44,-0.54801,-0.14298,-0.12862,-0.35621,-0.57598,0.25808,0.98366,-0.06958,0.06961,-0.19691,-0.18136,-0.037,-0.68055,0.10317,-1.10691,0.66893,1.0309,-0.22066,0.08105,-0.55531,0.05781,0.9797,0.26771,-1.0318,-0.15287,-0.13251,1.20236,-0.34749,-0.05413,-0.21422,-0.27322,-0.04547,-0.0689,0.7999,0.00351,0.21864,-0.59372,-0.09855,0.02934,0.05237
27.46,-0.54632,-0.14238,-0.13058,-0.34393,-0.56984,0.25564,0.98892,-0.07267,0.06983,-0.20554,-0.18086,-0.037,-0.69539,0.12635,-1.1236,0.66716,1.03876,-0.21659,0.08092,-0.55617,0.0616,0.95899,0.27284,-1.08949,-0.13403,-0.13303,1.19404,-0.3582,-0.06693,-0.21543,-0.27314,-0.04515,-0.06871,0.79629,0.00484,0.22653,-0.5939,-0.09903,0.02739,0.05146
27.48,-0.54451,-0.14172,-0.13252,-0.33044,-0.5637,0.25317,0.99508,-0.07608,0.06982,-0.21558,-0.18033,-0.037,-0.7111,0.15403,-1.15117,0.66625,1.04267,-0.21307,0.08219,-0.55827,0.06581,0.93931,0.27779,-1.15348,-0.11336,-0.13438,1.18562,-0.36995,-0.08241,-0.21678,-0.27325,-0.04465,-0.06844,0.79294,0.00617,0.23461,-0.59401,-0.09951,0.02536,0.05051
27.5,-0.54294,-0.14115,-0.13444,-0.31923,-0.55761,0.25062,0.9993,-0.07884,0.07023,-0.22239,-0.17997,-0.037,-0.72422,0.17173,-1.1526,0.66362,1.05872,-0.20731,0.07971,-0.55626,0.0693,0.91683,0.28336,-1.20859,-0.09586,-0.13357,1.17728,-0.37957,-0.09295,-0.21788,-0.27285,-0.04452,-0.06834,0.78915,0.00758,0.24205,-0.59423,-0.10002,0.02352,0.04965
27.52,-0.54204,-0.1409,-0.13637,-0.31448,-0.55141,0.24807,0.9981,-0.0799,0.07224,-0.22048,-0.1799,-0.037,-0.73263,0.16257,-1.08245,0.6544,1.10616,-0.19641,0.06717,-0.54485,0.07048,0.88751,0.29063,-1.23453,-0.08796,-0.12676,1.16916,-0.38344,-0.089,-0.21823,-0.2713,-0.04535,-0.06871,0.78392,0.00911,0.24809,-0.59487,-0.10056,0.02221,0.04903
27.54,-0.54139,-0.14075,-0.13828,-0.3121,-0.54529,0.24548,0.99498,-0.08028,0.07463,-0.21537,-0.18001,-0.037,-0.7382,0.14339,-0.98709,0.64384,1.16492,-0.18341,0.05108,-0.52944,0.07089,0.85572,0.2984,-1.2508,-0.08341,-0.11794,1.16117,-0.38514,-0.08002,-0.21834,-0.26923,-0.04656,-0.06926,0.77829,0.01069,0.25343,-0.59562,-0.10112,0.02111,0.04852
27.56,-0.54063,-0.14054,-0.1402,-0.30872,-0.53925,0.24288,0.99283,-0.0809,0.07662,-0.21176,-0.1801,-0.037,-0.74392,0.12873,-0.90544,0.6351,1.21726,-0.17139,0.03701,-0.51557,0.07169,0.82544,0.30564,-1.27143,-0.07737,-0.11038,1.15321,-0.38773,-0.07348,-0.21857,-0.26727,-0.04763,-0.06973,0.77297,0.01222,0.2589,-0.59626,-0.10165,0.01994,0.04797
27.58,-0.53983,-0.14039,-0.14212,-0.30496,-0.53269,0.24034,0.99024,-0.08184,0.07956,-0.2079,-0.17992,-0.037,-0.75439,0.1142,-0.81386,0.62106,1.27555,-0.15912,0.02112,-0.50264,0.07236,0.79347,0.31412,-1.29285,-0.0711,-0.10131,1.14483,-0.39075,-0.06642,-0.21875,-0.26581,-0.04856,-0.07017,0.76713,0.01389,0.26512,-0.59711,-0.10224,0.01868,0.04737
27.6,-0.53919,-0.14013,-0.14403,-0.30259,-0.52726,0.23769,0.98811,-0.08195,0.08062,-0.20381,-0.18036,-0.037,-0.75428,0.09696,-0.73703,0.61797,1.32394,-0.14692,0.00821,-0.48691,0.07313,0.76432,0.32023,-1.3101,-0.06611,-0.0949,1.13739,-0.39235,-0.0592,-0.21897,-0.26322,-0.04987,-0.07073,0.76227,0.01526,0.26965,-0.59757,-0.10273,0.01765,0.0469
27.62,-0.53888,-0.13949,-0.14592,-0.30339,-0.52482,0.23454,0.9878,-0.07978,0.07638,-0.19993,-0.18241,-0.037,-0.726,0.07544,-0.70864,0.64363,1.34175,-0.1355,0.00465,-0.46412,0.07421,0.74517,0.31877,-1.31779,-0.06426,-0.09651,1.13228,-0.39053,-0.05267,-0.21949,-0.25751,-0.05223,-0.07165,0.76004,0.01586,0.26939,-0.59688,-0.10296,0.01724,0.04678
27.64,-0.53873,-0.13873,-0.14778,-0.30551,-0.52355,0.23131,0.98801,-0.07684,0.07025,-0.1959,-0.18509,-0.037,-0.68705,0.05139,-0.69576,0.6807,1.34918,-0.12427,0.0042,-0.43875,0.07546,0.7287,0.31508,-1.32158,-0.06353,-0.10083,1.12816,-0.38738,-0.04618,-0.22006,-0.25072,-0.05495,-0.07268,0.75883,0.01616,0.26749,-0.59579,-0.10309,0.01706,0.0468
27.66,-0.53855,-0.13806,-0.14964,-0.30708,-0.52181,0.22825,0.98794,-0.07435,0.06502,-0.19189,-0.18751,-0.037,-0.65281,0.02801,-0.67481,0.71371,1.36159,-0.11291,0.00218,-0.4148,0.07677,0.70996,0.31301,-1.32731,-0.06203,-0.10379,1.12374,-0.38487,-0.03972,-0.22054,-0.24452,-0.05746,-0.07365,0.75724,0.01657,0.26654,-0.59492,-0.10327,0.01677,0.04675
27.68,-0.53823,-0.13726,-0.15157,-0.30853,-0.51979,0.22461,0.98799,-0.07141,0.05964,-0.18799,-0.18982,-0.037,-0.61926,0.00634,-0.6572,0.74188,1.37338,-0.10155,0.0007,-0.38965,0.07748,0.6955,0.30837,-1.33203,-0.0617,-0.10726,1.11866,-0.38211,-0.03283,-0.22128,-0.23787,-0.06016,-0.07468,0.75529,0.01708,0.26471,-0.5939,-0.10345,0.01651,0.04672
27.7,-0.53821,-0.13668,-0.15335,-0.31049,-0.51865,0.22217,0.98793,-0.06922,0.05411,-0.18386,-0.1925,-0.037,-0.58155,-0.01941,-0.63674,0.78293,1.38377,-0.09041,-0.00112,-0.36646,0.07948,0.6729,0.30858,-1.338,-0.0592,-0.11027,1.11521,-0.37961,-0.02697,-0.2215,-0.23191,-0.06256,-0.0756,0.75433,0.0173,0.26431,-0.59308,-0.10361,0.01625,0.04668
27.72,-0.53897,-0.13675,-0.15477,-0.3137,-0.5196,0.22309,0.98744,-0.06933,0.0486,-0.17909,-0.19612,-0.037,-0.53682,-0.05535,-0.60409,0.85602,1.39336,-0.07867,-0.00459,-0.3491,0.08501,0.62616,0.32251,-1.34883,-0.04998,-0.1119,1.11596,-0.37806,-0.02353,-0.22024,-0.2281,-0.06406,-0.07617,0.75576,0.01692,0.26855,-0.59289,-0.10379,0.01597,0.04656
27.74,-0.54002,-0.13704,-0.15604,-0.31732,-0.52141,0.22523,0.98683,-0.07023,0.04301,-0.1741,-0.20007,-0.037,-0.48785,-0.09535,-0.56822,0.94177,1.40177,-0.06739,-0.0085,-0.33385,0.09183,0.57135,0.34144,-1.361,-0.03859,-0.11288,1.11833,-0.37686,-0.02122,-0.21847,-0.22502,-0.06525,-0.07663,0.75816,0.01624,0.27423,-0.59291,-0.10396,0.0157,0.04643
27.76,-0.54092,-0.13722,-0.15739,-0.32062,-0.52287,0.22681,0.98627,-0.07074,0.03748,-0.16921,-0.20381,-0.037,-0.4397,-0.13375,-0.53434,1.02228,1.4103,-0.0567,-0.0122,-0.31776,0.09805,0.52087,0.35823,-1.37231,-0.02845,-0.11379,1.11998,-0.37558,-0.0187,-0.21696,-0.22163,-0.06659,-0.07714,0.76018,0.01562,0.27902,-0.59282,-0.10413,0.01543,0.04631
27.78,-0.54189,-0.13743,-0.15871,-0.32452,-0.5242,0.22842,0.98574,-0.07133,0.03175,-0.16431,-0.20781,-0.037,-0.39619,-0.17124,-0.49895,1.10124,1.42018,-0.04261,-0.01581,-0.30108,0.10435,0.4676,0.37443,-1.38453,-0.01724,-0.11632,1.1216,-0.37392,-0.01496,-0.21534,-0.21813,-0.06792,-0.07764,0.76196,0.0153,0.28468,-0.59276,-0.10432,0.01512,0.04616
27.8,-0.54278,-0.13762,-0.16004,-0.32725,-0.52599,0.23025,0.98512,-0.07195,0.02647,-0.15939,-0.21134,-0.037,-0.34174,-0.21155,-0.46551,1.18603,1.4272,-0.03572,-0.01977,-0.28618,0.11077,0.41828,0.39304,-1.39521,-0.00774,-0.11533,1.12366,-0.37316,-0.01397,-0.21382,-0.21505,-0.06919,-0.07813,0.76446,0.01432,0.28896,-0.5927,-0.10446,0.0149,0.04606
27.82,-0.54339,-0.13767,-0.1614,-0.32679,-0.52876,0.23244,0.98427,-0.07246,0.02237,-0.15454,-0.21358,-0.037,-0.26163,-0.25857,-0.44022,1.28585,1.42587,-0.04869,-0.0245,-0.27544,0.11732,0.38121,0.41725,-1.40144,-0.00349,-0.10437,1.1265,-0.37484,-0.02084,-0.21267,-0.21288,-0.07039,-0.0786,0.76864,0.01134,0.28845,-0.59262,-0.10442,0.01501,0.04611
27.84,-0.54391,-0.13768,-0.16277,-0.32512,-0.53197,0.23481,0.98335,-0.07297,0.01874,-0.14967,-0.21531,-0.037,-0.17009,-0.30823,-0.41657,1.39062,1.42193,-0.06886,-0.02959,-0.26647,0.12392,0.34852,0.44366,-1.40607,-0.00103,-0.08995,1.12974,-0.37742,-0.03034,-0.21166,-0.21113,-0.07154,-0.07906,0.77351,0.00774,0.28661,-0.59253,-0.10434,0.01519,0.0462
27.86,-0.54447,-0.13771,-0.16412,-0.32393,-0.53502,0.23707,0.98247,-0.07348,0.01495,-0.14477,-0.21721,-0.037,-0.08151,-0.35679,-0.39083,1.49178,1.41971,-0.08564,-0.03457,-0.25685,0.1304,0.31423,0.46898,-1.41135,0.00226,-0.07739,1.13282,-0.37958,-0.03826,-0.21061,-0.20925,-0.07271,-0.07952,0.77806,0.00459,0.28584,-0.59243,-0.10432,0.0153,0.04625
27.88,-0.54506,-0.13776,-0.16553,-0.32305,-0.53795,0.23948,0.98152,-0.07401,0.01092,-0.14001,-0.21941,-0.037,-0.0021,-0.40532,-0.37067,1.59928,1.41508,-0.10291,-0.03937,-0.24661,0.13734,0.27797,0.49493,-1.41696,0.00556,-0.06363,1.13586,-0.38182,-0.04781,-0.20943,-0.20712,-0.07389,-0.07997,0.78265,0.00076,0.28326,-0.59238,-0.10415,0.01559,0.04639
27.9,-0.54556,-0.13774,-0.16681,-0.32125,-0.54121,0.2416,0.98071,-0.07449,0.00753,-0.13497,-0.22083,-0.037,0.09894,-0.45418,-0.3393,1.69441,1.41502,-0.12092,-0.04462,-0.23809,0.14332,0.24699,0.51994,-1.42151,0.0084,-0.05154,1.13905,-0.3841,-0.05461,-0.20855,-0.20562,-0.07504,-0.08045,0.78731,-0.00184,0.28398,-0.59223,-0.10427,0.01551,0.04636
27.92,-0.54583,-0.13759,-0.16769,-0.31703,-0.54524,0.24291,0.98033,-0.0749,0.00566,-0.12917,-0.22027,-0.037,0.25798,-0.50604,-0.27675,1.75546,1.42682,-0.13861,-0.05095,-0.2336,0.14669,0.22939,0.54246,-1.42351,0.01038,-0.04488,1.1425,-0.38628,-0.05284,-0.20854,-0.20582,-0.07618,-0.08106,0.79187,-0.0006,0.29543,-0.59179,-0.10528,0.01427,0.04578
27.94,-0.54602,-0.13738,-0.16843,-0.31197,-0.54959,0.24392,0.9801,-0.07525,0.00444,-0.12309,-0.21892,-0.037,0.43809,-0.55762,-0.20287,1.80356,1.44355,-0.15689,-0.05773,-0.23082,0.14908,0.21702,0.56379,-1.42456,0.01197,-0.04005,1.14606,-0.38846,-0.04829,-0.20882,-0.20664,-0.0773,-0.0817,0.79647,0.00186,0.31002,-0.59124,-0.10658,0.01267,0.04504
27.96,-0.54626,-0.13718,-0.16923,-0.30742,-0.5538,0.24504,0.97979,-0.07559,0.00302,-0.11711,-0.21789,-0.037,0.60796,-0.60752,-0.13401,1.85671,1.45898,-0.17536,-0.06436,-0.22741,0.15191,0.20234,0.58522,-1.42597,0.01375,-0.03437,1.14956,-0.3906,-0.04523,-0.20894,-0.20714,-0.0784,-0.0823,0.80112,0.00356,0.32229,-0.59072,-0.10769,0.01131,0.04441
27.98,-0.54646,-0.13704,-0.17005,-0.30229,-0.55802,0.24628,0.97953,-0.07607,0.00125,-0.11125,-0.21701,-0.037,0.78142,-0.66516,-0.06559,1.91365,1.47044,-0.19229,-0.0708,-0.22341,0.1548,0.18746,0.60862,-1.42737,0.0154,-0.02856,1.15312,-0.39292,-0.04126,-0.20919,-0.20783,-0.07963,-0.08299,0.80554,0.00607,0.33821,-0.59029,-0.10903,0.00964,0.04364
28,-0.5467,-0.13675,-0.17078,-0.29816,-0.56227,0.24718,0.9792,-0.07627,0.00035,-0.10509,-0.21564,-0.037,0.95179,-0.70657,0.00627,1.95946,1.49124,-0.21226,-0.07774,-0.22106,0.1573,0.1743,0.62755,-1.42888,0.01729,-0.02359,1.15658,-0.39487,-0.03852,-0.20924,-0.20826,-0.08058,-0.08351,0.81041,0.00723,0.34739,-0.58966,-0.10997,0.00851,0.04312
28.02,-0.54707,-0.13606,-0.17134,-0.29713,-0.56661,0.24724,0.9786,-0.07561,0.00176,-0.09787,-0.21303,-0.037,1.11226,-0.7032,0.08641,1.97821,1.53816,-0.24231,-0.08598,-0.22261,0.15923,0.16355,0.63492,-1.42833,0.01945,-0.01978,1.1598,-0.39574,-0.03979,-0.20857,-0.20778,-0.0808,-0.08359,0.81667,0.00407,0.33632,-0.58851,-0.10968,0.00903,0.04338
28.04,-0.54747,-0.13522,-0.17179,-0.29711,-0.57095,0.24696,0.97791,-0.0747,0.00402,-0.09042,-0.20997,-0.037,1.2681,-0.68351,0.16934,1.98607,1.59414,-0.2751,-0.09471,-0.2258,0.16076,0.15456,0.63771,-1.42837,0.02195,-0.01688,1.1629,-0.39624,-0.04241,-0.20768,-0.20701,-0.08075,-0.08351,0.82333,-0.00042,0.31853,-0.58717,-0.109,0.01008,0.0439
28.06,-0.54785,-0.13445,-0.17226,-0.29652,-0.57524,0.24683,0.97728,-0.07397,0.00586,-0.0833,-0.20714,-0.037,1.42354,-0.67125,0.24996,1.99854,1.64487,-0.30526,-0.10317,-0.22837,0.16233,0.14544,0.64225,-1.42987,0.02464,-0.01403,1.16599,-0.39694,-0.04447,-0.20693,-0.20639,-0.08081,-0.0835,0.8297,-0.0041,0.30441,-0.58594,-0.10854,0.01083,0.04427
28.08,-0.54826,-0.13365,-0.17287,-0.29636,-0.57975,0.2467,0.97659,-0.07294,0.0079,-0.07521,-0.20415,-0.037,1.59038,-0.65882,0.33534,2.012,1.7002,-0.34092,-0.11181,-0.23043,0.16447,0.13363,0.64818,-1.42419,0.02591,-0.0093,1.16933,-0.3975,-0.04623,-0.20602,-0.20569,-0.08089,-0.08349,0.83655,-0.0086,0.2878,-0.58463,-0.10792,0.0118,0.04475
28.1,-0.5486,-0.13288,-0.17316,-0.29556,-0.5838,0.24649,0.97601,-0.07247,0.00969,-0.0691,-0.2014,-0.037,1.732,-0.64302,0.41136,2.02096,1.74851,-0.36625,-0.12022,-0.23395,0.16534,0.12784,0.6501,-1.43343,0.03017,-0.00865,1.17214,-0.39825,-0.04894,-0.20541,-0.20508,-0.08088,-0.08344,0.84249,-0.01173,0.2747,-0.58343,-0.10754,0.01246,0.04508
28.12,-0.54877,-0.13221,-0.17266,-0.29253,-0.58657,0.24633,0.97577,-0.07368,0.01058,-0.06844,-0.19949,-0.037,1.80562,-0.62048,0.46045,2.02048,1.77042,-0.35782,-0.1275,-0.24079,0.16292,0.1376,0.64231,-1.48521,0.04302,-0.01942,1.17351,-0.39981,-0.05419,-0.20552,-0.20479,-0.08069,-0.08331,0.84591,-0.01079,0.27347,-0.58257,-0.10799,0.01207,0.04491
28.14,-0.54886,-0.13158,-0.17184,-0.28885,-0.58886,0.24608,0.97565,-0.07545,0.01118,-0.0698,-0.19783,-0.037,1.85376,-0.59535,0.49997,2.01586,1.78538,-0.33944,-0.13457,-0.24908,0.15924,0.15345,0.6306,-1.55169,0.05879,-0.03418,1.17434,-0.40153,-0.06032,-0.20596,-0.2046,-0.0804,-0.08315,0.8484,-0.00843,0.27591,-0.58183,-0.1087,0.01136,0.04458
28.16,-0.54896,-0.13093,-0.17114,-0.2856,-0.59136,0.24577,0.97547,-0.07692,0.01191,-0.07029,-0.19602,-0.037,1.91322,-0.57241,0.54419,2.013,1.80719,-0.32904,-0.14204,-0.25688,0.15607,0.16695,0.6205,-1.61047,0.07295,-0.04686,1.1754,-0.40304,-0.0659,-0.20633,-0.20435,-0.08015,-0.083,0.85126,-0.00671,0.27632,-0.58106,-0.10926,0.01083,0.04434
28.18,-0.54915,-0.13026,-0.17056,-0.28183,-0.59391,0.24585,0.9753,-0.07857,0.01269,-0.0706,-0.19436,-0.037,1.9739,-0.54482,0.58738,2.01024,1.81555,-0.3055,-0.14839,-0.26402,0.15311,0.17883,0.61092,-1.67362,0.08832,-0.06068,1.1765,-0.40512,-0.07218,-0.20637,-0.20414,-0.07992,-0.08287,0.85435,-0.00505,0.27801,-0.5802,-0.10994,0.01017,0.04404
28.2,-0.54914,-0.12964,-0.16965,-0.27897,-0.59623,0.2451,0.97513,-0.07997,0.01327,-0.07175,-0.19245,-0.037,2.0257,-0.52628,0.62998,2.00648,1.84788,-0.30522,-0.15683,-0.27285,0.14945,0.19541,0.59942,-1.7311,0.10185,-0.07305,1.1774,-0.40605,-0.07719,-0.20718,-0.20387,-0.07963,-0.0827,0.85675,-0.0029,0.278,-0.57955,-0.11045,0.0097,0.04383
28.22,-0.54858,-0.12916,-0.16792,-0.27887,-0.59808,0.2421,0.97499,-0.08054,0.01341,-0.07478,-0.18975,-0.037,2.06212,-0.53538,0.67683,2.00069,1.96821,-0.38672,-0.17273,-0.28586,0.1439,0.22414,0.58336,-1.76984,0.10955,-0.08054,1.17788,-0.40376,-0.07843,-0.21002,-0.20343,-0.07922,-0.08248,0.8575,0.0002,0.27235,-0.57945,-0.11041,0.00982,0.0439
28.24,-0.54782,-0.12873,-0.16585,-0.27969,-0.59971,0.23826,0.97483,-0.08081,0.01335,-0.07859,-0.1868,-0.037,2.09,-0.55341,0.72279,1.99415,2.10948,-0.48944,-0.19046,-0.30053,0.13773,0.25724,0.56557,-1.80222,0.11527,-0.08639,1.17819,-0.40031,-0.07837,-0.21364,-0.20292,-0.07875,-0.08223,0.85759,0.00377,0.26491,-0.57955,-0.1102,0.01013,0.04406
28.26,-0.54715,-0.12828,-0.16392,-0.28004,-0.60143,0.23479,0.97465,-0.08121,0.01333,-0.082,-0.184,-0.037,2.11987,-0.56609,0.76677,1.98819,2.22746,-0.57215,-0.20624,-0.3145,0.13201,0.28791,0.54872,-1.83728,0.12194,-0.09292,1.17857,-0.39737,-0.0789,-0.21691,-0.20243,-0.07829,-0.08198,0.85797,0.00719,0.25836,-0.57954,-0.11007,0.01035,0.04417
28.28,-0.54646,-0.12782,-0.16208,-0.28059,-0.60316,0.23136,0.9746,-0.08169,0.01349,-0.08566,-0.18106,-0.037,2.15667,-0.58404,0.8203,1.98108,2.40183,-0.69703,-0.2266,-0.32827,0.12556,0.32071,0.53103,-1.874,0.12859,-0.09991,1.17892,-0.39448,-0.07943,-0.22013,-0.202,-0.0779,-0.08178,0.85836,0.01043,0.2516,-0.5796,-0.10993,0.01059,0.0443
28.3,-0.54577,-0.12739,-0.15995,-0.28097,-0.60483,0.22766,0.97427,-0.08191,0.01326,-0.08896,-0.17835,-0.037,2.17754,-0.59329,0.85407,1.97621,2.46575,-0.74079,-0.238,-0.34283,0.1205,0.34997,0.51478,-1.90526,0.13469,-0.10546,1.17932,-0.39122,-0.0797,-0.22365,-0.20143,-0.07735,-0.08147,0.85857,0.01412,0.24478,-0.57956,-0.10978,0.01084,0.04443
28.32,-0.54515,-0.12704,-0.15713,-0.28058,-0.60638,0.22343,0.97315,-0.08157,0.01188,-0.09112,-0.17638,-0.037,2.15494,-0.57523,0.83173,1.9781,2.20251,-0.54207,-0.22302,-0.35932,0.11936,0.36872,0.50258,-1.92556,0.14048,-0.10774,1.17978,-0.3872,-0.07916,-0.22761,-0.20056,-0.0765,-0.08097,0.85848,0.01897,0.23845,-0.5792,-0.10966,0.01108,0.04452
28.34,-0.54452,-0.12672,-0.15401,-0.28,-0.60788,0.21896,0.97175,-0.08098,0.01016,-0.09289,-0.17464,-0.037,2.11703,-0.54831,0.7899,1.98224,1.83051,-0.26343,-0.19919,-0.37652,0.11967,0.38364,0.49197,-1.94009,0.14567,-0.10856,1.18032,-0.38284,-0.07848,-0.23188,-0.19955,-0.07547,-0.08035,0.85822,0.02425,0.23205,-0.57873,-0.10953,0.01134,0.04462
28.36,-0.54388,-0.12639,-0.15101,-0.27955,-0.6094,0.21461,0.97048,-0.08045,0.00871,-0.09483,-0.17278,-0.037,2.08731,-0.52619,0.7582,1.98514,1.5196,-0.03028,-0.18022,-0.39332,0.11936,0.40006,0.48087,-1.95542,0.15063,-0.10983,1.18089,-0.37866,-0.07816,-0.23612,-0.19855,-0.07445,-0.07975,0.85803,0.0293,0.2255,-0.57832,-0.10939,0.01161,0.04473
28.38,-0.54328,-0.12605,-0.14809,-0.27895,-0.6109,0.21018,0.96919,-0.0801,0.00678,-0.09686,-0.171,-0.037,2.05211,-0.50117,0.72114,1.98888,1.16051,0.2405,-0.15781,-0.41056,0.11886,0.41769,0.46872,-1.97796,0.15755,-0.11193,1.18114,-0.37435,-0.0766,-0.2399,-0.19776,-0.07376,-0.07931,0.85786,0.03453,0.21964,-0.5779,-0.10929,0.01181,0.04481
28.4,-0.54261,-0.12573,-0.14492,-0.2786,-0.61243,0.20589,0.96786,-0.07934,0.00574,-0.09858,-0.16911,-0.037,2.02477,-0.47992,0.69058,1.99144,0.87524,0.45259,-0.14039,-0.42697,0.1191,0.43181,0.45918,-1.98455,0.16039,-0.112,1.1821,-0.37023,-0.07752,-0.24474,-0.19651,-0.07234,-0.0785,0.8576,0.03949,0.21237,-0.57746,-0.10911,0.01215,0.04495
28.42,-0.54172,-0.12544,-0.14121,-0.27914,-0.61415,0.20204,0.96656,-0.0775,0.00741,-0.09948,-0.16685,-0.037,2.02321,-0.47162,0.68305,1.99015,0.82407,0.47952,-0.13924,-0.44132,0.121,0.43721,0.45639,-1.94541,0.1512,-0.10653,1.18492,-0.36681,-0.08621,-0.25211,-0.19393,-0.06894,-0.07669,0.85716,0.04351,0.20111,-0.577,-0.10872,0.01288,0.04527
28.44,-0.54076,-0.12517,-0.13726,-0.27991,-0.6159,0.19837,0.96523,-0.07526,0.00993,-0.10008,-0.16448,-0.037,2.03011,-0.46732,0.6827,1.98759,0.8501,0.44543,-0.14336,-0.45471,0.12361,0.43918,0.45622,-1.89097,0.1381,-0.09913,1.18847,-0.36358,-0.09725,-0.26061,-0.19092,-0.06483,-0.07451,0.85662,0.04726,0.18848,-0.57652,-0.10825,0.01374,0.04565
28.46,-0.53983,-0.1249,-0.13338,-0.28047,-0.6176,0.19464,0.96389,-0.07323,0.01195,-0.10082,-0.1622,-0.037,2.03296,-0.46086,0.67881,1.98564,0.83837,0.44168,-0.14482,-0.46826,0.12592,0.44267,0.45492,-1.84564,0.12741,-0.09284,1.19176,-0.36019,-0.10661,-0.2688,-0.18816,-0.06104,-0.0725,0.8561,0.05116,0.17653,-0.57604,-0.10782,0.01453,0.046
28.48,-0.5389,-0.1246,-0.12964,-0.28148,-0.61945,0.1908,0.96265,-0.07108,0.01447,-0.10153,-0.15977,-0.037,2.03604,-0.45544,0.67531,1.98364,0.83442,0.42958,-0.14702,-0.48305,0.12818,0.44622,0.4534,-1.79117,0.11406,-0.08554,1.19477,-0.35708,-0.11851,-0.2761,-0.18515,-0.05722,-0.07047,0.85572,0.05492,0.16423,-0.57557,-0.10735,0.01538,0.04638
28.5,-0.53794,-0.12436,-0.12554,-0.28158,-0.62098,0.18723,0.96119,-0.0691,0.01613,-0.10223,-0.15763,-0.037,2.04095,-0.44905,0.6731,1.98141,0.83367,0.41949,-0.14915,-0.49498,0.13068,0.44885,0.45297,-1.75198,0.10529,-0.07986,1.19852,-0.35345,-0.12573,-0.28555,-0.18256,-0.05331,-0.06841,0.855,0.05896,0.15245,-0.57509,-0.10696,0.01612,0.04671
28.52,-0.53698,-0.12428,-0.12064,-0.27932,-0.62163,0.18431,0.95912,-0.06762,0.0154,-0.10306,-0.15629,-0.037,2.04796,-0.43778,0.67139,1.97878,0.82674,0.42816,-0.14873,-0.49954,0.13368,0.45021,0.45479,-1.76056,0.11043,-0.07938,1.20412,-0.34829,-0.11902,-0.30034,-0.18132,-0.04931,-0.06635,0.8535,0.06344,0.14144,-0.57455,-0.10677,0.01664,0.04695
28.54,-0.53598,-0.12425,-0.11538,-0.2761,-0.62194,0.18165,0.95683,-0.06633,0.01373,-0.10387,-0.15524,-0.037,2.05668,-0.42564,0.67102,1.97597,0.82042,0.44077,-0.14825,-0.50119,0.1369,0.4507,0.45766,-1.78475,0.12025,-0.08053,1.21043,-0.34262,-0.10761,-0.31731,-0.1805,-0.04524,-0.06428,0.85164,0.06827,0.13115,-0.574,-0.10668,0.01704,0.04713
28.56,-0.53497,-0.12421,-0.11022,-0.2732,-0.62236,0.17887,0.95464,-0.06498,0.01237,-0.10464,-0.15406,-0.037,2.06532,-0.41482,0.67107,1.97328,0.81158,0.45246,-0.1486,-0.50397,0.14,0.45137,0.46013,-1.80063,0.12776,-0.08074,1.21639,-0.33724,-0.09864,-0.33348,-0.17946,-0.04122,-0.06222,0.84986,0.0732,0.12121,-0.57346,-0.10659,0.01742,0.0473
28.58,-0.53408,-0.12413,-0.1053,-0.27081,-0.62296,0.1761,0.95247,-0.0635,0.01154,-0.10561,-0.15287,-0.037,2.07156,-0.4004,0.66724,1.97038,0.81394,0.45887,-0.14597,-0.50753,0.14317,0.45289,0.46235,-1.82109,0.13598,-0.08172,1.2225,-0.33165,-0.08848,-0.34886,-0.17856,-0.0371,-0.06011,0.8484,0.07708,0.10846,-0.5729,-0.10632,0.0181,0.0476
28.6,-0.53292,-0.12415,-0.0998,-0.26712,-0.6231,0.17337,0.9502,-0.06234,0.00937,-0.10617,-0.15177,-0.037,2.0828,-0.39298,0.67142,1.96788,0.79324,0.47739,-0.14919,-0.50878,0.14626,0.45242,0.46533,-1.83593,0.14381,-0.08152,1.22844,-0.32635,-0.07963,-0.3664,-0.17746,-0.03319,-0.05812,0.84621,0.08319,0.10162,-0.57237,-0.10643,0.01814,0.04763
28.62,-0.53107,-0.12447,-0.0929,-0.26027,-0.6221,0.17061,0.94762,-0.06197,0.00377,-0.10561,-0.15079,-0.037,2.10979,-0.40716,0.70005,1.96659,0.69874,0.534,-0.17077,-0.50455,0.14911,0.44717,0.47008,-1.83155,0.14991,-0.07752,1.23381,-0.32204,-0.07559,-0.38933,-0.17571,-0.02971,-0.05635,0.84209,0.09564,0.11204,-0.57192,-0.10762,0.01638,0.04685
28.64,-0.52892,-0.12491,-0.08542,-0.25213,-0.62066,0.16788,0.94497,-0.06192,-0.00316,-0.10465,-0.14989,-0.037,2.14133,-0.42807,0.73621,1.9657,0.58227,0.60203,-0.19786,-0.49808,0.15188,0.43988,0.47559,-1.82102,0.15537,-0.07231,1.23898,-0.31804,-0.07299,-0.41437,-0.17374,-0.02649,-0.05471,0.83724,0.11027,0.12816,-0.57149,-0.10918,0.01401,0.04581
28.66,-0.52686,-0.1253,-0.07815,-0.24448,-0.61941,0.16518,0.94241,-0.06176,-0.0095,-0.10388,-0.14897,-0.037,2.16911,-0.44445,0.76704,1.9646,0.48234,0.66133,-0.22088,-0.49252,0.15466,0.43325,0.48081,-1.81336,0.16083,-0.06778,1.24421,-0.31387,-0.06965,-0.4385,-0.17187,-0.02327,-0.05306,0.83272,0.12371,0.14096,-0.57104,-0.11053,0.01198,0.04491
28.68,-0.52499,-0.12567,-0.07112,-0.23719,-0.61819,0.16233,0.93959,-0.06147,-0.01581,-0.10307,-0.148,-0.037,2.20382,-0.46678,0.80574,1.96363,0.3558,0.73521,-0.25028,-0.48732,0.15755,0.42775,0.4858,-1.80601,0.16771,-0.06279,1.24961,-0.30979,-0.06649,-0.46251,-0.17005,-0.01955,-0.05118,0.82819,0.13797,0.15692,-0.57063,-0.11205,0.00966,0.04389
28.7,-0.52266,-0.12611,-0.06343,-0.22887,-0.6168,0.15979,0.93731,-0.0615,-0.02247,-0.10224,-0.14714,-0.037,2.22547,-0.47861,0.83015,1.96247,0.27822,0.78197,-0.26799,-0.48087,0.16019,0.41939,0.49147,-1.79626,0.1714,-0.0584,1.25456,-0.30559,-0.06338,-0.48722,-0.16805,-0.01693,-0.04983,0.82351,0.15105,0.1676,-0.57014,-0.1133,0.00781,0.04307
28.72,-0.51923,-0.12676,-0.05411,-0.21786,-0.61499,0.15825,0.93634,-0.06245,-0.02987,-0.10143,-0.14667,-0.037,2.2073,-0.45739,0.81034,1.96064,0.35178,0.74614,-0.24935,-0.47148,0.16212,0.40389,0.4985,-1.78228,0.16642,-0.05638,1.25854,-0.30127,-0.05978,-0.51366,-0.16572,-0.01728,-0.04989,0.81861,0.16018,0.16257,-0.5695,-0.11367,0.00739,0.04287
28.74,-0.51535,-0.12748,-0.04413,-0.2059,-0.61305,0.157,0.93595,-0.06369,-0.03754,-0.10063,-0.1463,-0.037,2.17627,-0.4258,0.77639,1.95861,0.47354,0.68346,-0.21924,-0.46094,0.1638,0.38557,0.50624,-1.7659,0.15823,-0.05494,1.262,-0.29679,-0.05626,-0.54065,-0.16321,-0.01874,-0.05048,0.81359,0.16806,0.15197,-0.56876,-0.11376,0.00748,0.04288
28.76,-0.51163,-0.12813,-0.03438,-0.19448,-0.61122,0.15555,0.9354,-0.06473,-0.04499,-0.09984,-0.14583,-0.037,2.15289,-0.40061,0.7509,1.9567,0.56608,0.63638,-0.19623,-0.45097,0.16559,0.36837,0.51386,-1.7499,0.15148,-0.05294,1.26554,-0.29223,-0.05288,-0.56721,-0.16074,-0.01971,-0.05084,0.80862,0.17658,0.14374,-0.56801,-0.11399,0.00734,0.0428
28.78,-0.50806,-0.12892,-0.02488,-0.18255,-0.60916,0.1544,0.93439,-0.06605,-0.05291,-0.09894,-0.14558,-0.037,2.12219,-0.3687,0.71727,1.95465,0.68811,0.57562,-0.16559,-0.44069,0.16738,0.35172,0.52064,-1.73651,0.14477,-0.05209,1.26977,-0.28834,-0.04874,-0.5947,-0.15845,-0.02063,-0.05118,0.80363,0.18483,0.13639,-0.5675,-0.11416,0.00716,0.04269
28.8,-0.50409,-0.12944,-0.01472,-0.1715,-0.60754,0.15268,0.93448,-0.06686,-0.05989,-0.09829,-0.14489,-0.037,2.10344,-0.34804,0.69691,1.95285,0.76121,0.53649,-0.14783,-0.43085,0.16911,0.33334,0.52934,-1.71742,0.13726,-0.04908,1.27239,-0.28299,-0.04626,-0.62025,-0.15573,-0.0219,-0.05167,0.79868,0.19335,0.12583,-0.56648,-0.11441,0.00721,0.0427
28.82,-0.49911,-0.1293,-0.00296,-0.16282,-0.60717,0.14939,0.93747,-0.06621,-0.06423,-0.09834,-0.14296,-0.037,2.12255,-0.36243,0.71849,1.9518,0.68088,0.56669,-0.1702,-0.42226,0.17085,0.31043,0.54304,-1.68125,0.1279,-0.03943,1.27114,-0.27386,-0.04784,-0.64105,-0.1518,-0.02393,-0.05245,0.79395,0.2028,0.10765,-0.56408,-0.11484,0.00776,0.04296
28.84,-0.49373,-0.12889,0.00944,-0.15512,-0.60724,0.14549,0.94153,-0.06503,-0.0676,-0.09865,-0.14056,-0.037,2.15382,-0.3882,0.75352,1.95101,0.55094,0.61899,-0.20558,-0.41422,0.17252,0.28596,0.55866,-1.63978,0.11792,-0.0277,1.2682,-0.26324,-0.05119,-0.65971,-0.14745,-0.02625,-0.05335,0.78927,0.21256,0.08645,-0.56118,-0.11541,0.00855,0.04335
28.86,-0.48853,-0.12857,0.02159,-0.14717,-0.6071,0.1418,0.94511,-0.06407,-0.0714,-0.09884,-0.13836,-0.037,2.17839,-0.40774,0.78112,1.95009,0.44814,0.65914,-0.2338,-0.4061,0.17414,0.26251,0.5735,-1.60202,0.10852,-0.01731,1.26575,-0.2532,-0.05407,-0.67885,-0.14333,-0.0284,-0.05418,0.78452,0.22223,0.06669,-0.55849,-0.11599,0.00926,0.04369
28.88,-0.48333,-0.12839,0.03361,-0.13834,-0.60699,0.13842,0.94872,-0.0632,-0.07525,-0.09903,-0.13625,-0.037,2.20742,-0.43132,0.81378,1.94919,0.32772,0.70721,-0.26682,-0.39723,0.1761,0.23766,0.58799,-1.55875,0.09777,-0.0053,1.26445,-0.24359,-0.05554,-0.70011,-0.13901,-0.03077,-0.0551,0.77993,0.23163,0.04642,-0.55583,-0.11622,0.00987,0.04397
28.9,-0.47806,-0.12786,0.04604,-0.13159,-0.60692,0.13424,0.95248,-0.06201,-0.07878,-0.09927,-0.13383,-0.037,2.23027,-0.44937,0.83933,1.94832,0.23146,0.74445,-0.29314,-0.39004,0.17735,0.21539,0.60361,-1.52568,0.08971,0.00386,1.26035,-0.23272,-0.06035,-0.71641,-0.13502,-0.03273,-0.05585,0.77507,0.24168,0.0266,-0.55307,-0.11726,0.01073,0.04442
28.92,-0.47264,-0.1264,0.05951,-0.13039,-0.60701,0.12796,0.95656,-0.06011,-0.08151,-0.09961,-0.13058,-0.037,2.23268,-0.44904,0.8416,1.94744,0.21501,0.74587,-0.29744,-0.38753,0.17667,0.20072,0.62242,-1.52253,0.0893,0.00455,1.24911,-0.21876,-0.07401,-0.71992,-0.13201,-0.03346,-0.05605,0.76908,0.25359,0.00859,-0.54947,-0.12022,0.01217,0.04525
28.94,-0.46717,-0.1246,0.07334,-0.13124,-0.60712,0.1209,0.9607,-0.05789,-0.08396,-0.09998,-0.12704,-0.037,2.22859,-0.44286,0.8364,1.94656,0.22418,0.73587,-0.29465,-0.38667,0.17529,0.18869,0.6422,-1.52978,0.09161,0.00233,1.23508,-0.20358,-0.09091,-0.71846,-0.12936,-0.03376,-0.05606,0.76292,0.26611,-0.00877,-0.54594,-0.12405,0.01385,0.04624
28.96,-0.46176,-0.12298,0.08696,-0.13112,-0.60714,0.11418,0.96468,-0.05581,-0.08663,-0.10029,-0.1237,-0.037,2.22781,-0.43961,0.83495,1.94567,0.22073,0.73158,-0.29536,-0.38494,0.17424,0.1754,0.66118,-1.53199,0.09262,0.00153,1.22219,-0.18895,-0.10628,-0.71904,-0.12657,-0.03425,-0.05615,0.75707,0.27825,-0.02629,-0.54277,-0.12767,0.01545,0.04718
28.98,-0.45619,-0.12127,0.10084,-0.13118,-0.60749,0.10747,0.96929,-0.05376,-0.08891,-0.1008,-0.12006,-0.037,2.22594,-0.4356,0.83245,1.94484,0.21964,0.72586,-0.29534,-0.38372,0.17313,0.16228,0.68173,-1.5353,0.09388,0.00039,1.20976,-0.17429,-0.12204,-0.72045,-0.12366,-0.03478,-0.05626,0.75014,0.29083,-0.04455,-0.53782,-0.13051,0.01695,0.04805
29,-0.45096,-0.11966,0.11422,-0.13136,-0.60716,0.10059,0.97255,-0.05157,-0.09192,-0.10089,-0.11698,-0.037,2.22462,-0.43163,0.83019,1.94389,0.22043,0.72011,-0.29498,-0.38182,0.17197,0.14948,0.69922,-1.5389,0.09528,-0.00078,1.19575,-0.15942,-0.13765,-0.71898,-0.12109,-0.03513,-0.0563,0.74553,0.30264,-0.06098,-0.53675,-0.13519,0.01868,0.0491
29.02,-0.44661,-0.11835,0.12633,-0.13125,-0.60505,0.09325,0.97224,-0.04914,-0.09733,-0.09989,-0.11541,-0.037,2.22643,-0.4293,0.83051,1.94268,0.22,0.71697,-0.29555,-0.37766,0.17083,0.13685,0.7081,-1.54055,0.09635,-0.00122,1.17788,-0.14425,-0.15275,-0.71072,-0.11931,-0.03506,-0.05621,0.74643,0.31225,-0.07335,-0.54492,-0.1448,0.0211,0.05071
29.04,-0.44261,-0.11716,0.1379,-0.1312,-0.60224,0.08582,0.97052,-0.04658,-0.10343,-0.09847,-0.11443,-0.037,2.22892,-0.42712,0.83123,1.94135,0.22097,0.71405,-0.29591,-0.37275,0.16964,0.12446,0.71386,-1.54221,0.09748,-0.00161,1.15857,-0.12894,-0.16745,-0.69974,-0.11785,-0.03485,-0.05607,0.74985,0.32103,-0.08372,-0.55722,-0.15623,0.02371,0.05249
29.06,-0.4385,-0.11593,0.14961,-0.13119,-0.5997,0.07855,0.9693,-0.04405,-0.10904,-0.09721,-0.11323,-0.037,2.23107,-0.42478,0.8317,1.94002,0.22152,0.71105,-0.29626,-0.36814,0.16847,0.11198,0.72102,-1.54405,0.09863,-0.00208,1.14004,-0.1137,-0.18184,-0.69006,-0.11628,-0.03473,-0.05597,0.75276,0.33013,-0.09444,-0.5686,-0.16683,0.02615,0.05415
29.08,-0.4342,-0.1146,0.16179,-0.13098,-0.59736,0.07072,0.96865,-0.04161,-0.11545,-0.09607,-0.1118,-0.037,2.23324,-0.42273,0.83234,1.93888,0.22162,0.7078,-0.29691,-0.36371,0.1673,0.09949,0.72828,-1.54547,0.09972,-0.00242,1.12088,-0.09831,-0.19838,-0.67994,-0.1146,-0.03447,-0.05579,0.75298,0.33954,-0.10748,-0.57604,-0.17754,0.02892,0.05598
29.1,-0.43038,-0.11352,0.17284,-0.13118,-0.59444,0.06408,0.96649,-0.03897,-0.12031,-0.09461,-0.11099,-0.037,2.23546,-0.42007,0.83266,1.93736,0.22319,0.70499,-0.29686,-0.35876,0.16613,0.08707,0.73458,-1.54761,0.10087,-0.00298,1.10272,-0.08329,-0.21035,-0.67016,-0.11321,-0.03446,-0.05575,0.75938,0.34803,-0.11524,-0.59255,-0.18835,0.03107,0.05751
29.12,-0.42779,-0.11314,0.18104,-0.13229,-0.59016,0.06051,0.96056,-0.03569,-0.12106,-0.09212,-0.1119,-0.037,2.23899,-0.41665,0.83329,1.93462,0.22354,0.70572,-0.29608,-0.35215,0.16501,0.07455,0.73887,-1.55185,0.10225,-0.00424,1.08777,-0.06885,-0.20935,-0.66195,-0.11252,-0.03526,-0.05612,0.78255,0.35471,-0.10873,-0.63397,-0.19974,0.0314,0.05819
29.14,-0.42566,-0.113,0.1881,-0.13383,-0.58531,0.0582,0.95315,-0.03223,-0.12018,-0.08936,-0.11341,-0.037,2.24236,-0.41252,0.83343,1.93156,0.22589,0.70655,-0.29448,-0.34511,0.1639,0.06212,0.74232,-1.55671,0.10361,-0.00571,1.07389,-0.0549,-0.20382,-0.65421,-0.11211,-0.03629,-0.0566,0.81179,0.36037,-0.09699,-0.68415,-0.21101,0.0311,0.05857
29.16,-0.42329,-0.11274,0.19561,-0.13529,-0.58069,0.05547,0.94639,-0.02891,-0.11982,-0.08687,-0.11457,-0.037,2.24488,-0.40806,0.83292,1.92878,0.23072,0.70576,-0.29245,-0.33852,0.16279,0.04979,0.74624,-1.56119,0.10495,-0.00705,1.05947,-0.04105,-0.20065,-0.64632,-0.11158,-0.03716,-0.05701,0.83806,0.36612,-0.08778,-0.7298,-0.22182,0.03113,0.05908
29.18,-0.42104,-0.11253,0.20338,-0.13629,-0.5762,0.05206,0.93965,-0.02533,-0.12038,-0.08375,-0.11607,-0.037,2.25112,-0.40613,0.83589,1.92539,0.22223,0.71139,-0.29351,-0.33081,0.16168,0.03685,0.74967,-1.56621,0.10655,-0.00854,1.04521,-0.02579,-0.19623,-0.63807,-0.11105,-0.03827,-0.05753,0.86537,0.37344,-0.07794,-0.77811,-0.23485,0.03099,0.05961
29.2,-0.41866,-0.11227,0.21034,-0.13833,-0.57128,0.05039,0.93254,-0.02228,-0.11868,-0.08187,-0.11699,-0.037,2.24979,-0.39902,0.83177,1.92324,0.24078,0.70395,-0.28828,-0.32538,0.16056,0.02523,0.75395,-1.57008,0.10745,-0.00976,1.03089,-0.01363,-0.19331,-0.63071,-0.11058,-0.03893,-0.05783,0.89185,0.37725,-0.06812,-0.82264,-0.24322,0.03105,0.06003
29.22,-0.4159,-0.11186,0.21541,-0.14331,-0.56537,0.05301,0.92469,-0.02047,-0.11085,-0.08375,-0.11626,-0.037,2.22568,-0.37556,0.80566,1.92428,0.34396,0.65766,-0.26308,-0.32589,0.1594,0.01691,0.76094,-1.57199,0.10778,-0.01016,1.01624,-0.00964,-0.19598,-0.62562,-0.11015,-0.03824,-0.05746,0.91532,0.37165,-0.06023,-0.85703,-0.23862,0.0319,0.06025
29.24,-0.413,-0.11139,0.21969,-0.14928,-0.55904,0.05736,0.91652,-0.01923,-0.10087,-0.08687,-0.11491,-0.037,2.19428,-0.3473,0.77285,1.92664,0.47275,0.59856,-0.23203,-0.32879,0.15824,0.00998,0.76876,-1.57248,0.1072,-0.01027,1.0015,-0.00878,-0.20026,-0.62142,-0.10977,-0.03709,-0.05686,0.93761,0.36257,-0.05247,-0.88685,-0.22935,0.03296,0.06035
29.26,-0.41012,-0.11094,0.22428,-0.15466,-0.55286,0.06105,0.90851,-0.01792,-0.09209,-0.08926,-0.11375,-0.037,2.16753,-0.32274,0.74485,1.92861,0.58236,0.5473,-0.2056,-0.33089,0.15709,0.0026,0.77611,-1.57265,0.1061,-0.01054,0.98675,-0.00667,-0.20357,-0.61688,-0.10939,-0.03616,-0.05637,0.9599,0.35507,-0.04424,-0.91715,-0.22229,0.03389,0.06049
29.28,-0.40742,-0.11054,0.22902,-0.16062,-0.54679,0.06431,0.90036,-0.01587,-0.08231,-0.09229,-0.11296,-0.037,2.13531,-0.29188,0.70961,1.92973,0.72204,0.48816,-0.17118,-0.33177,0.15587,-0.00555,0.78389,-1.57673,0.10879,-0.01073,0.97219,-0.00392,-0.20772,-0.6121,-0.10896,-0.03518,-0.05586,0.98462,0.34748,-0.03747,-0.95448,-0.21486,0.03497,0.0607
29.3,-0.40431,-0.11001,0.23329,-0.16564,-0.54043,0.06881,0.89247,-0.01544,-0.07411,-0.09432,-0.11127,-0.037,2.11256,-0.27282,0.6876,1.9329,0.80744,0.44158,-0.15163,-0.33575,0.15482,-0.01173,0.79092,-1.57253,0.10356,-0.011,0.95725,-0.00319,-0.21058,-0.60801,-0.10862,-0.03419,-0.05534,1.00399,0.33933,-0.02785,-0.97601,-0.20712,0.03578,0.06074
29.32,-0.40011,-0.10911,0.23651,-0.1675,-0.53305,0.07675,0.88508,-0.0197,-0.07089,-0.09304,-0.10703,-0.037,2.11934,-0.28938,0.70605,1.94183,0.71656,0.44011,-0.17811,-0.34797,0.15394,-0.01322,0.79624,-1.54408,0.07494,-0.01154,0.94101,-0.00772,-0.2095,-0.60573,-0.10853,-0.03324,-0.05487,1.00835,0.32999,-0.00976,-0.95451,-0.19933,0.03582,0.06037
29.34,-0.3955,-0.10808,0.23927,-0.16843,-0.52545,0.08581,0.878,-0.02551,-0.06931,-0.09075,-0.10194,-0.037,2.13566,-0.31767,0.73768,1.95271,0.5736,0.45048,-0.21917,-0.36319,0.15325,-0.01269,0.80066,-1.50763,0.03869,-0.01218,0.92445,-0.01412,-0.20711,-0.60411,-0.10851,-0.03229,-0.05442,1.00744,0.3203,0.01105,-0.91731,-0.19146,0.03556,0.05983
29.36,-0.39107,-0.10712,0.2422,-0.16997,-0.51817,0.09407,0.87094,-0.0304,-0.06692,-0.08907,-0.09738,-0.037,2.14652,-0.33931,0.76172,1.96244,0.46807,0.45051,-0.25119,-0.3769,0.15265,-0.01282,0.80511,-1.47598,0.00709,-0.01278,0.90823,-0.01938,-0.20537,-0.60209,-0.10845,-0.03137,-0.05397,1.00928,0.31114,0.03023,-0.88756,-0.18384,0.03542,0.05938
29.38,-0.3867,-0.10611,0.24526,-0.17076,-0.50995,0.10359,0.86318,-0.03622,-0.06475,-0.08678,-0.0922,-0.037,2.1617,-0.3662,0.79207,1.97334,0.30661,0.4706,-0.29298,-0.39131,0.15134,-0.01402,0.81118,-1.43947,-0.02945,-0.01334,0.89119,-0.02594,-0.20345,-0.60049,-0.10844,-0.0303,-0.05346,1.0096,0.30034,0.05111,-0.85628,-0.17515,0.03537,0.0589
29.4,-0.38209,-0.10517,0.24796,-0.17287,-0.50362,0.11075,0.85697,-0.04047,-0.06253,-0.08551,-0.0881,-0.037,2.17046,-0.3852,0.81275,1.98225,0.24736,0.45244,-0.31822,-0.40495,0.15153,-0.01249,0.81366,-1.41109,-0.0576,-0.01402,0.87578,-0.03023,-0.2016,-0.59821,-0.10835,-0.02955,-0.05309,1.01182,0.29287,0.06903,-0.82458,-0.16872,0.03507,0.05843
29.42,-0.37705,-0.10441,0.24983,-0.17893,-0.50267,0.11102,0.85502,-0.03995,-0.05984,-0.08735,-0.08728,-0.037,2.15729,-0.37784,0.8013,1.98515,0.49633,0.3213,-0.29189,-0.41566,0.15607,-0.00427,0.80645,-1.40803,-0.05983,-0.01505,0.865,-0.02734,-0.19991,-0.59352,-0.10805,-0.02974,-0.05318,1.02074,0.29515,0.07872,-0.79519,-0.16862,0.03413,0.058
29.44,-0.37178,-0.10373,0.25134,-0.18635,-0.50361,0.10889,0.85463,-0.03781,-0.05703,-0.09023,-0.08755,-0.037,2.13766,-0.36244,0.78004,1.98599,0.84727,0.15229,-0.24882,-0.42548,0.16207,0.00667,0.79565,-1.41327,-0.05351,-0.0162,0.85587,-0.02215,-0.19839,-0.58819,-0.10767,-0.03025,-0.05342,1.03172,0.30074,0.08524,-0.76602,-0.1708,0.03297,0.05758
29.46,-0.36656,-0.10303,0.25298,-0.1931,-0.50362,0.10793,0.85348,-0.03646,-0.05423,-0.09259,-0.08726,-0.037,2.12231,-0.35193,0.76479,1.98778,1.14281,0.0035,-0.21497,-0.43573,0.16724,0.01661,0.78648,-1.41411,-0.0517,-0.01727,0.84598,-0.01828,-0.19702,-0.58339,-0.10734,-0.03057,-0.05357,1.04163,0.30453,0.09281,-0.73701,-0.17191,0.03195,0.05717
29.48,-0.36153,-0.10228,0.25476,-0.20001,-0.50393,0.10669,0.85253,-0.03494,-0.05167,-0.09509,-0.08722,-0.037,2.10182,-0.33677,0.74365,1.98955,1.47513,-0.15806,-0.17491,-0.44598,0.17313,0.02568,0.77729,-1.4173,-0.04755,-0.01844,0.83612,-0.01335,-0.19469,-0.57759,-0.10699,-0.03104,-0.05379,1.05188,0.30952,0.10211,-0.70632,-0.17316,0.03077,0.0567
29.5,-0.35607,-0.10165,0.25615,-0.20693,-0.50406,0.10543,0.85154,-0.03336,-0.04856,-0.09758,-0.08693,-0.037,2.09012,-0.32902,0.73202,1.99088,1.75529,-0.30158,-0.14352,-0.45598,0.17785,0.03714,0.76732,-1.41772,-0.04608,-0.01944,0.8266,-0.01003,-0.19436,-0.57373,-0.10664,-0.03128,-0.0539,1.062,0.31284,0.10706,-0.67944,-0.17466,0.02986,0.05636
29.52,-0.34958,-0.10138,0.25659,-0.21362,-0.50313,0.10478,0.84992,-0.03204,-0.04387,-0.09974,-0.08568,-0.037,2.10666,-0.34548,0.75143,1.99133,1.87057,-0.3911,-0.14089,-0.46545,0.17901,0.05479,0.75581,-1.40788,-0.05457,-0.01993,0.8176,-0.01185,-0.20006,-0.57543,-0.10631,-0.03077,-0.05364,1.0713,0.31046,0.10031,-0.66269,-0.17627,0.02973,0.05639
29.54,-0.34267,-0.10123,0.25663,-0.22025,-0.50196,0.10417,0.84824,-0.03071,-0.03862,-0.10189,-0.08415,-0.037,2.13184,-0.3693,0.78029,1.99142,1.92941,-0.46034,-0.14736,-0.47469,0.17892,0.07467,0.7437,-1.39509,-0.06592,-0.02024,0.80889,-0.01536,-0.2077,-0.5791,-0.10597,-0.03003,-0.05325,1.08042,0.30634,0.08936,-0.64991,-0.17805,0.02988,0.05656
29.56,-0.3359,-0.10103,0.25682,-0.22685,-0.50093,0.10348,0.84669,-0.02936,-0.03368,-0.10409,-0.08276,-0.037,2.15143,-0.38846,0.80317,1.99177,2.01154,-0.53549,-0.14912,-0.48407,0.17936,0.09336,0.73204,-1.38403,-0.07563,-0.02062,0.80004,-0.018,-0.21411,-0.58185,-0.10563,-0.02943,-0.05294,1.08965,0.30321,0.08064,-0.63559,-0.17976,0.02991,0.05666
29.58,-0.32935,-0.10083,0.25713,-0.23376,-0.49982,0.10298,0.84475,-0.02805,-0.02854,-0.10611,-0.08136,-0.037,2.17766,-0.4128,0.8327,1.99168,2.10681,-0.6256,-0.15272,-0.4933,0.18,0.11294,0.71946,-1.3716,-0.08652,-0.02103,0.79127,-0.02093,-0.22194,-0.58468,-0.10531,-0.02869,-0.05256,1.09885,0.29934,0.07047,-0.6201,-0.1815,0.0299,0.05676
29.6,-0.32223,-0.10065,0.25709,-0.23998,-0.4988,0.10213,0.84359,-0.02669,-0.02365,-0.1085,-0.07989,-0.037,2.19238,-0.42834,0.85091,1.99242,2.16042,-0.67964,-0.15489,-0.50277,0.17993,0.13113,0.70875,-1.36124,-0.0957,-0.02135,0.78238,-0.02373,-0.22734,-0.58782,-0.10494,-0.02818,-0.05229,1.10803,0.29656,0.06232,-0.60804,-0.18319,0.03003,0.05691
29.62,-0.31369,-0.10043,0.25624,-0.24434,-0.49806,0.10029,0.84457,-0.02524,-0.01968,-0.11189,-0.07831,-0.037,2.17175,-0.41654,0.83423,1.99571,2.10853,-0.63538,-0.1506,-0.51312,0.17824,0.14526,0.70311,-1.35692,-0.0998,-0.0214,0.77315,-0.02541,-0.22497,-0.59123,-0.10444,-0.02841,-0.05238,1.11725,0.29726,0.06114,-0.60419,-0.18472,0.03046,0.05717
29.64,-0.30457,-0.10022,0.25503,-0.24799,-0.49741,0.09811,0.84634,-0.02375,-0.01594,-0.11566,-0.07666,-0.037,2.13956,-0.39591,0.80612,1.99984,2.0169,-0.55599,-0.1447,-0.52369,0.17589,0.15786,0.69943,-1.3548,-0.10204,-0.02137,0.76378,-0.02695,-0.22019,-0.59489,-0.10389,-0.02887,-0.05259,1.12645,0.29911,0.06209,-0.60372,-0.18618,0.03101,0.05748
29.66,-0.29567,-0.10003,0.25394,-0.25196,-0.49672,0.09611,0.84775,-0.02226,-0.01201,-0.11927,-0.07506,-0.037,2.11366,-0.38021,0.78417,2.00351,1.94578,-0.4949,-0.13981,-0.53404,0.17382,0.17095,0.69503,-1.35188,-0.10493,-0.0214,0.75444,-0.0288,-0.21693,-0.59849,-0.10337,-0.02919,-0.05272,1.13561,0.3004,0.06183,-0.6019,-0.18763,0.03152,0.05777
29.68,-0.28694,-0.09978,0.25303,-0.25595,-0.49604,0.09401,0.84915,-0.02083,-0.00841,-0.12284,-0.0734,-0.037,2.08366,-0.36091,0.75853,2.00747,1.86257,-0.42333,-0.13403,-0.5449,0.17179,0.18499,0.6899,-1.34802,-0.10875,-0.02132,0.74525,-0.02973,-0.21204,-0.60193,-0.10281,-0.02964,-0.05292,1.14494,0.30176,0.0624,-0.59945,-0.18924,0.03199,0.05804
29.7,-0.27772,-0.09963,0.25166,-0.2597,-0.49537,0.09204,0.85077,-0.01928,-0.00421,-0.12658,-0.07183,-0.037,2.05934,-0.34687,0.73768,2.01104,1.79565,-0.36541,-0.12962,-0.55472,0.16953,0.19664,0.68676,-1.34665,-0.11016,-0.02145,0.73571,-0.03246,-0.20982,-0.60573,-0.10233,-0.02988,-0.05301,1.15393,0.30327,0.06183,-0.59906,-0.19051,0.03255,0.05836
29.72,-0.26733,-0.09976,0.24911,-0.26319,-0.49472,0.09056,0.85281,-0.01735,0.00194,-0.13073,-0.07049,-0.037,2.05368,-0.34975,0.73322,2.01338,1.78483,-0.35467,-0.12939,-0.5618,0.16675,0.20223,0.68856,-1.35177,-0.10518,-0.02227,0.72526,-0.04055,-0.21669,-0.61067,-0.10209,-0.02938,-0.05269,1.16185,0.30489,0.05753,-0.60337,-0.1909,0.03337,0.0588
29.74,-0.25646,-0.09999,0.24609,-0.26642,-0.49409,0.08921,0.85505,-0.01531,0.00866,-0.13503,-0.06923,-0.037,2.05409,-0.35813,0.73386,2.01528,1.79178,-0.3588,-0.13055,-0.56776,0.16377,0.2054,0.6923,-1.35929,-0.09787,-0.0233,0.71446,-0.05037,-0.22613,-0.61592,-0.10193,-0.02867,-0.05225,1.16945,0.30662,0.05204,-0.60965,-0.19096,0.03428,0.05928
29.76,-0.24579,-0.10018,0.24327,-0.26964,-0.49346,0.08777,0.8572,-0.01335,0.01496,-0.13924,-0.06793,-0.037,2.05161,-0.3638,0.73191,2.01734,1.78993,-0.3556,-0.13103,-0.57411,0.16092,0.20954,0.69518,-1.3656,-0.09174,-0.02421,0.7038,-0.05915,-0.23361,-0.62091,-0.10172,-0.02814,-0.05191,1.17728,0.30831,0.04717,-0.61512,-0.19117,0.03514,0.05973
29.78,-0.23519,-0.10034,0.24054,-0.2734,-0.49278,0.08644,0.85937,-0.01124,0.02192,-0.14354,-0.06665,-0.037,2.04928,-0.37008,0.73073,2.01962,1.78967,-0.35354,-0.13167,-0.58104,0.15788,0.2142,0.69805,-1.37248,-0.08502,-0.02523,0.6932,-0.06899,-0.24428,-0.62646,-0.10158,-0.02729,-0.0514,1.18475,0.30999,0.04206,-0.62035,-0.19137,0.03604,0.06021
29.8,-0.22434,-0.10058,0.2375,-0.27596,-0.49222,0.08493,0.86154,-0.00942,0.02765,-0.14768,-0.06536,-0.037,2.04823,-0.37649,0.72929,2.02131,1.79089,-0.35316,-0.13232,-0.58644,0.1552,0.21721,0.70136,-1.37872,-0.079,-0.02606,0.68241,-0.07706,-0.24903,-0.63088,-0.10132,-0.02703,-0.05121,1.1929,0.3117,0.03711,-0.6265,-0.19152,0.03687,0.06064
29.82,-0.21293,-0.101,0.23374,-0.27534,-0.4919,0.08283,0.86365,-0.00835,0.0298,-0.15144,-0.064,-0.037,2.04925,-0.38191,0.72604,2.02151,1.79166,-0.35338,-0.13267,-0.58821,0.15338,0.21651,0.7055,-1.38268,-0.07544,-0.02636,0.67113,-0.07945,-0.23594,-0.63216,-0.10073,-0.02853,-0.05196,1.20292,0.31367,0.03316,-0.63457,-0.19159,0.03743,0.06092
29.84,-0.20129,-0.1015,0.22969,-0.27354,-0.49172,0.08055,0.86575,-0.00756,0.03071,-0.15502,-0.06266,-0.037,2.0514,-0.38729,0.72239,2.02111,1.79356,-0.35501,-0.13298,-0.58843,0.15196,0.21422,0.71001,-1.38591,-0.07266,-0.02646,0.65966,-0.08004,-0.21694,-0.63227,-0.10004,-0.03062,-0.05303,1.21366,0.31564,0.02936,-0.64352,-0.19162,0.03792,0.06116
29.86,-0.18975,-0.10196,0.22576,-0.27223,-0.49153,0.0784,0.86786,-0.00669,0.0322,-0.1586,-0.06134,-0.037,2.05306,-0.39273,0.71889,2.02097,1.79525,-0.35644,-0.13327,-0.58914,0.15047,0.21254,0.71428,-1.38938,-0.06961,-0.02664,0.6483,-0.08169,-0.20126,-0.6329,-0.09942,-0.03239,-0.05393,1.22414,0.31748,0.0253,-0.65212,-0.19168,0.03846,0.06143
29.88,-0.17818,-0.10241,0.22188,-0.27104,-0.49111,0.07606,0.86996,-0.00564,0.0336,-0.1625,-0.05984,-0.037,2.05479,-0.39821,0.71568,2.0209,1.7962,-0.35655,-0.13372,-0.59071,0.14847,0.21126,0.71888,-1.39321,-0.06623,-0.02691,0.63686,-0.08243,-0.18311,-0.63363,-0.09872,-0.03436,-0.05494,1.23433,0.31983,0.02195,-0.6605,-0.19168,0.03891,0.06164
29.9,-0.16664,-0.1029,0.21782,-0.26939,-0.4912,0.07404,0.87207,-0.005,0.03494,-0.16571,-0.05876,-0.037,2.05661,-0.4035,0.71172,2.02052,1.79879,-0.35951,-0.13385,-0.59014,0.14767,0.20878,0.72289,-1.39624,-0.06359,-0.02691,0.62554,-0.08457,-0.16849,-0.63383,-0.09814,-0.03607,-0.0558,1.24529,0.32117,0.01723,-0.66958,-0.19183,0.03954,0.06196
29.92,-0.15518,-0.10345,0.21333,-0.26614,-0.49271,0.07309,0.87446,-0.00577,0.03601,-0.16699,-0.05857,-0.037,2.05812,-0.40838,0.70573,2.01977,1.80503,-0.37031,-0.1329,-0.58404,0.14974,0.20355,0.72498,-1.39588,-0.06423,-0.0263,0.61473,-0.09152,-0.16657,-0.6331,-0.09795,-0.03687,-0.05615,1.25812,0.31911,0.00824,-0.67986,-0.19216,0.04069,0.06253
29.94,-0.14377,-0.10402,0.20865,-0.26257,-0.49471,0.07244,0.87683,-0.00689,0.03713,-0.1676,-0.05885,-0.037,2.05972,-0.41301,0.69901,2.01867,1.81291,-0.38379,-0.13166,-0.57585,0.15306,0.19716,0.72648,-1.39493,-0.06536,-0.0254,0.60404,-0.09987,-0.16814,-0.63183,-0.09789,-0.03739,-0.05635,1.2717,0.31613,-0.00205,-0.69088,-0.1927,0.04203,0.0632
29.96,-0.13237,-0.10459,0.20405,-0.25956,-0.49644,0.07151,0.87907,-0.0076,0.03852,-0.16858,-0.05911,-0.037,2.06146,-0.41767,0.69265,2.0175,1.82039,-0.39577,-0.13069,-0.56861,0.15603,0.19121,0.72838,-1.39517,-0.06526,-0.02455,0.59322,-0.10724,-0.16703,-0.63064,-0.09775,-0.03808,-0.05664,1.28499,0.31398,-0.01148,-0.7019,-0.19331,0.0433,0.06385
29.98,-0.12085,-0.10517,0.19949,-0.25477,-0.49838,0.07112,0.8819,-0.00932,0.03869,-0.16927,-0.05858,-0.037,2.0625,-0.42269,0.68612,2.01726,1.82651,-0.40902,-0.12915,-0.56129,0.1581,0.18557,0.72977,-1.39165,-0.06926,-0.02404,0.58268,-0.11592,-0.17014,-0.6301,-0.09766,-0.03864,-0.05687,1.29812,0.31015,-0.02205,-0.71154,-0.19322,0.0445,0.06442
30,-0.10959,-0.10571,0.1948,-0.25358,-0.50002,0.06974,0.8835,-0.00907,0.04138,-0.17039,-0.05978,-0.037,2.06495,-0.42688,0.67983,2.01506,1.83574,-0.42023,-0.1287,-0.55368,0.16233,0.17904,0.73206,-1.39566,-0.06503,-0.02277,0.57164,-0.12232,-0.1656,-0.62812,-0.09751,-0.03938,-0.05718,1.31171,0.30953,-0.03056,-0.72418,-0.19462,0.04588,0.06516
30.02,-0.099,-0.10614,0.18976,-0.26277,-0.50057,0.06524,0.88156,-0.00289,0.05148,-0.17308,-0.06582,-0.037,2.0717,-0.42902,0.67393,2.00707,1.85399,-0.42525,-0.13151,-0.54577,0.17239,0.17033,0.7371,-1.42226,-0.03629,-0.01929,0.55881,-0.12124,-0.13696,-0.62208,-0.09709,-0.04082,-0.05783,1.32665,0.31852,-0.03288,-0.74525,-0.20044,0.04775,0.06642
30.04,-0.08868,-0.10652,0.18458,-0.27552,-0.50082,0.0598,0.87841,0.00522,0.06404,-0.17617,-0.07354,-0.037,2.07977,-0.43029,0.66839,1.99721,1.87514,-0.42811,-0.1354,-0.53766,0.18456,0.16079,0.74304,-1.45622,0.00044,-0.01509,0.54554,-0.11798,-0.10089,-0.61466,-0.0966,-0.04242,-0.05856,1.34196,0.33068,-0.03311,-0.76924,-0.2077,0.04977,0.06784
30.06,-0.07828,-0.10693,0.17947,-0.28638,-0.50128,0.05501,0.8759,0.01218,0.07518,-0.17891,-0.08035,-0.037,2.08694,-0.43181,0.66299,1.98852,1.89438,-0.43189,-0.13868,-0.52966,0.19567,0.15164,0.74849,-1.48569,0.03241,-0.0113,0.53271,-0.1163,-0.06968,-0.60803,-0.09615,-0.04385,-0.05921,1.35693,0.34102,-0.0344,-0.79165,-0.21407,0.05169,0.06916
30.08,-0.0677,-0.10733,0.17434,-0.29835,-0.50144,0.04931,0.873,0.02025,0.08758,-0.18236,-0.08781,-0.037,2.09538,-0.43393,0.65627,1.97847,1.91616,-0.436,-0.14243,-0.52149,0.20724,0.14234,0.75427,-1.51977,0.0691,-0.00708,0.51889,-0.11223,-0.03248,-0.60072,-0.09565,-0.04566,-0.06003,1.37267,0.3529,-0.03528,-0.81515,-0.22144,0.05377,0.07061
30.1,-0.05757,-0.10772,0.16923,-0.30887,-0.50214,0.04527,0.87061,0.02649,0.09795,-0.18442,-0.0943,-0.037,2.1015,-0.43459,0.65239,1.97078,1.93333,-0.43887,-0.14547,-0.51367,0.21834,0.13323,0.75956,-1.54624,0.09792,-0.00366,0.50702,-0.11254,-0.00576,-0.5945,-0.09524,-0.04674,-0.06052,1.38686,0.36237,-0.03649,-0.83704,-0.22708,0.05554,0.07181
30.12,-0.04852,-0.10808,0.1642,-0.31429,-0.50446,0.04612,0.86995,0.02708,0.10209,-0.18246,-0.0977,-0.037,2.10082,-0.43139,0.65629,1.97025,1.93691,-0.43888,-0.14626,-0.50692,0.22778,0.12436,0.76365,-1.54783,0.10255,-0.00193,0.50058,-0.12594,-0.01133,-0.59163,-0.09508,-0.04566,-0.06003,1.39686,0.36429,-0.03911,-0.85401,-0.22751,0.05637,0.07229
30.14,-0.03993,-0.10842,0.15919,-0.31816,-0.50733,0.04868,0.86982,0.02578,0.10411,-0.1791,-0.10006,-0.037,2.09778,-0.42674,0.66302,1.97212,1.93577,-0.43768,-0.1463,-0.50054,0.23666,0.11579,0.76717,-1.54182,0.09907,-0.00111,0.49614,-0.14373,-0.02742,-0.58991,-0.09501,-0.04386,-0.05921,1.40525,0.36373,-0.04214,-0.86921,-0.22616,0.05688,0.07251
30.16,-0.03118,-0.10877,0.15418,-0.32288,-0.50992,0.05044,0.86943,0.02541,0.10712,-0.17643,-0.1029,-0.037,2.09587,-0.42275,0.66842,1.97277,1.93685,-0.43699,-0.1467,-0.49398,0.24571,0.10743,0.77072,-1.54075,0.09965,-0.00036,0.49084,-0.1592,-0.03765,-0.58765,-0.09491,-0.04248,-0.05857,1.41427,0.3644,-0.04498,-0.88508,-0.22568,0.05754,0.07286
30.18,-0.02223,-0.10913,0.14912,-0.32711,-0.51263,0.05227,0.86909,0.02482,0.1101,-0.17355,-0.10576,-0.037,2.09378,-0.4187,0.67401,1.97391,1.93768,-0.43639,-0.14706,-0.48746,0.25518,0.09767,0.77522,-1.534,0.09898,0.00229,0.4853,-0.17597,-0.0521,-0.5854,-0.09476,-0.04075,-0.05778,1.42375,0.36472,-0.04775,-0.90163,-0.22499,0.05818,0.07318
30.2,-0.01381,-0.10946,0.14417,-0.33194,-0.51521,0.05435,0.86878,0.02421,0.11261,-0.17077,-0.10831,-0.037,2.09147,-0.41446,0.67988,1.97463,1.93789,-0.43536,-0.14731,-0.48097,0.26363,0.09082,0.77762,-1.53673,0.09881,0.00094,0.48075,-0.19111,-0.06048,-0.58343,-0.09472,-0.03954,-0.05723,1.43188,0.36516,-0.0508,-0.91628,-0.2243,0.05879,0.07348
30.22,-0.00669,-0.10964,0.13948,-0.33889,-0.51739,0.05674,0.86845,0.02401,0.11455,-0.16858,-0.11031,-0.037,2.08921,-0.40993,0.68595,1.97349,1.93751,-0.43339,-0.14747,-0.47419,0.26916,0.09253,0.77409,-1.57149,0.10264,-0.0127,0.47848,-0.20056,-0.04854,-0.58196,-0.09495,-0.04003,-0.05747,1.43673,0.36649,-0.05444,-0.92628,-0.22399,0.05941,0.07377
30.24,-0.0001,-0.10978,0.13492,-0.34647,-0.51942,0.0593,0.86813,0.02384,0.11605,-0.16655,-0.11201,-0.037,2.08683,-0.4053,0.6922,1.97186,1.93672,-0.43113,-0.14755,-0.46747,0.27373,0.09705,0.7685,-1.61532,0.1071,-0.03008,0.47715,-0.20825,-0.03036,-0.58076,-0.09527,-0.04104,-0.05795,1.44027,0.36803,-0.05838,-0.93439,-0.22374,0.06001,0.07404
30.26,0.00667,-0.10995,0.13033,-0.35372,-0.52147,0.06172,0.86778,0.02365,0.11761,-0.16446,-0.1138,-0.037,2.08444,-0.40077,0.69828,1.97052,1.93602,-0.42897,-0.14765,-0.4609,0.27891,0.0999,0.76402,-1.65231,0.11081,-0.04475,0.47539,-0.21684,-0.01576,-0.57946,-0.09554,-0.04174,-0.05828,1.44437,0.36951,-0.06223,-0.94325,-0.22346,0.06059,0.07431
30.28,0.01367,-0.11007,0.1256,-0.36111,-0.52373,0.06444,0.86754,0.02346,0.11971,-0.16225,-0.11574,-0.037,2.08214,-0.39586,0.70477,1.96898,1.93525,-0.42662,-0.14774,-0.45361,0.28335,0.10443,0.75881,-1.70034,0.11617,-0.06364,0.47369,-0.22515,0.0016,-0.57809,-0.09585,-0.0427,-0.05874,1.44855,0.37079,-0.06584,-0.95251,-0.22311,0.06125,0.07461
30.3,0.02006,-0.11029,0.1212,-0.36837,-0.52551,0.06657,0.86706,0.02328,0.12061,-0.16034,-0.11732,-0.037,2.07975,-0.39183,0.7105,1.96772,1.93499,-0.42498,-0.14789,-0.44781,0.28909,0.10611,0.7546,-1.72786,0.11839,-0.0747,0.47207,-0.23356,0.01487,-0.57694,-0.0961,-0.04325,-0.05901,1.45229,0.37255,-0.07006,-0.96049,-0.22296,0.06177,0.07485
30.32,0.02497,-0.11074,0.11763,-0.37523,-0.52599,0.06699,0.8659,0.02317,0.11823,-0.1593,-0.11795,-0.037,2.07631,-0.38952,0.71329,1.96735,1.93273,-0.42209,-0.14791,-0.44637,0.2988,0.09917,0.75391,-1.69448,0.11152,-0.06248,0.47039,-0.24279,0.0151,-0.57628,-0.09621,-0.0425,-0.05867,1.45522,0.3758,-0.07569,-0.96547,-0.2234,0.06189,0.07491
30.34,0.02926,-0.11128,0.11439,-0.38192,-0.52599,0.06681,0.86449,0.02308,0.1147,-0.15853,-0.11826,-0.037,2.07291,-0.3882,0.7154,1.96727,1.93152,-0.4204,-0.14805,-0.44638,0.30981,0.08927,0.75426,-1.64059,0.10155,-0.04238,0.46878,-0.25211,0.01111,-0.57586,-0.09628,-0.04132,-0.05814,1.45777,0.37951,-0.08195,-0.96922,-0.22406,0.06187,0.07491
30.36,0.03379,-0.1118,0.11103,-0.38863,-0.52621,0.06693,0.86319,0.02298,0.11176,-0.15758,-0.11875,-0.037,2.07009,-0.38693,0.71838,1.96705,1.93237,-0.42055,-0.14836,-0.44557,0.32015,0.08072,0.75398,-1.59747,0.09322,-0.02635,0.46717,-0.26127,0.00927,-0.57535,-0.09636,-0.04036,-0.05771,1.46048,0.38288,-0.08805,-0.97349,-0.22464,0.06193,0.07495
30.38,0.0385,-0.11225,0.10756,-0.39561,-0.52645,0.06695,0.86187,0.02289,0.1085,-0.15686,-0.11907,-0.037,2.06491,-0.38369,0.71917,1.96681,1.92319,-0.41127,-0.14774,-0.44546,0.33085,0.07218,0.75429,-1.5485,0.08393,-0.00834,0.46543,-0.2709,0.00666,-0.57471,-0.09645,-0.03929,-0.05723,1.46322,0.38679,-0.09369,-0.97785,-0.22515,0.06196,0.07496
30.4,0.04267,-0.11285,0.10439,-0.40194,-0.5265,0.06703,0.86055,0.02278,0.10564,-0.15573,-0.11967,-0.037,2.06447,-0.38463,0.72414,1.96671,1.9343,-0.42111,-0.14902,-0.44423,0.34105,0.06297,0.75365,-1.50676,0.0759,0.00743,0.46398,-0.27958,0.00454,-0.57446,-0.09651,-0.03835,-0.05681,1.4658,0.3897,-0.10037,-0.98174,-0.22584,0.062,0.075
30.42,0.04557,-0.11383,0.10188,-0.40676,-0.52631,0.06745,0.85933,0.02257,0.10425,-0.15328,-0.12117,-0.037,2.07874,-0.39832,0.74264,1.96694,2.00882,-0.49054,-0.15625,-0.4397,0.35002,0.05196,0.75014,-1.48962,0.07204,0.01541,0.46318,-0.28575,0.00495,-0.57483,-0.0965,-0.03791,-0.05662,1.46815,0.38975,-0.11036,-0.98473,-0.22706,0.06211,0.07512
30.44,0.04792,-0.11494,0.09965,-0.41087,-0.52591,0.06794,0.85811,0.02234,0.10331,-0.15041,-0.12296,-0.037,2.0975,-0.41596,0.76507,1.96732,2.10247,-0.57801,-0.16527,-0.43399,0.35835,0.04048,0.74566,-1.48048,0.06956,0.02083,0.46267,-0.29094,0.00592,-0.57569,-0.09647,-0.03762,-0.05649,1.47033,0.38879,-0.12129,-0.98727,-0.22845,0.06224,0.07527
30.46,0.05046,-0.11599,0.09732,-0.41512,-0.52553,0.0684,0.85687,0.02211,0.10215,-0.14778,-0.12459,-0.037,2.11308,-0.43081,0.78445,1.96766,2.18211,-0.65237,-0.17295,-0.42875,0.36665,0.02967,0.74164,-1.46789,0.06649,0.02723,0.46209,-0.29652,0.00649,-0.57658,-0.09645,-0.03726,-0.05633,1.47252,0.38831,-0.13143,-0.98997,-0.2297,0.06235,0.0754
30.48,0.05326,-0.11706,0.09489,-0.42014,-0.52549,0.06886,0.85571,0.0219,0.10104,-0.14496,-0.12634,-0.037,2.13331,-0.44974,0.80894,1.96789,2.28348,-0.74683,-0.18276,-0.4238,0.37633,0.01689,0.73752,-1.45384,0.06314,0.03468,0.46126,-0.30236,0.0075,-0.57633,-0.09642,-0.03688,-0.05616,1.47499,0.38775,-0.14311,-0.99286,-0.23121,0.06249,0.07555
30.5,0.05537,-0.11812,0.09275,-0.42337,-0.52467,0.06932,0.85438,0.02165,0.09992,-0.14243,-0.1279,-0.037,2.14514,-0.46127,0.82395,1.96837,2.34507,-0.80455,-0.18866,-0.41797,0.38299,0.00808,0.73341,-1.44497,0.06073,0.03925,0.46104,-0.30739,0.00783,-0.57865,-0.0964,-0.0366,-0.05604,1.47683,0.38711,-0.15182,-0.99519,-0.23223,0.06258,0.07566
30.52,0.05588,-0.11909,0.09124,-0.42212,-0.52197,0.06981,0.85269,0.02129,0.09879,-0.14073,-0.12891,-0.037,2.13088,-0.44988,0.80982,1.96965,2.28363,-0.74868,-0.18245,-0.40989,0.3812,0.01093,0.72932,-1.4488,0.06058,0.03622,0.46212,-0.31073,0.00582,-0.58709,-0.0964,-0.0366,-0.05601,1.47718,0.38656,-0.15185,-0.99655,-0.23175,0.06257,0.07563
30.54,0.05568,-0.12006,0.09004,-0.41905,-0.51846,0.07028,0.85081,0.02089,0.0976,-0.13936,-0.12972,-0.037,2.10831,-0.43115,0.78633,1.97115,2.18287,-0.65647,-0.17239,-0.40096,0.37642,0.01768,0.72532,-1.4576,0.06132,0.03039,0.46386,-0.31322,0.00317,-0.59823,-0.09641,-0.0367,-0.05603,1.47687,0.38596,-0.1489,-0.99726,-0.23079,0.06252,0.07554
30.56,0.0557,-0.12105,0.08876,-0.41664,-0.51519,0.07073,0.84895,0.02049,0.09633,-0.1379,-0.1306,-0.037,2.09079,-0.41681,0.76847,1.97247,2.10593,-0.58619,-0.16468,-0.39248,0.37315,0.02226,0.72144,-1.46399,0.06164,0.02598,0.4655,-0.31589,0.00105,-0.6087,-0.09642,-0.03674,-0.05602,1.47674,0.38531,-0.14747,-0.99796,-0.23012,0.06247,0.07548
30.58,0.05619,-0.12197,0.08721,-0.41492,-0.51244,0.07133,0.8474,0.02018,0.09554,-0.13617,-0.1316,-0.037,2.06823,-0.39828,0.7451,1.97414,2.00533,-0.49441,-0.15459,-0.38371,0.36923,0.02851,0.71682,-1.47131,0.06205,0.02087,0.46631,-0.31942,-0.00201,-0.61691,-0.09642,-0.03686,-0.05604,1.4771,0.38487,-0.14539,-0.99998,-0.22914,0.0625,0.07544
30.6,0.05549,-0.12303,0.08632,-0.41134,-0.50842,0.07159,0.84515,0.01967,0.09375,-0.1351,-0.13227,-0.037,2.05394,-0.38652,0.73071,1.97513,1.94342,-0.43762,-0.1484,-0.37535,0.36597,0.03223,0.71378,-1.47777,0.06248,0.01658,0.46899,-0.32093,-0.00333,-0.63039,-0.09643,-0.03683,-0.056,1.47631,0.38406,-0.14394,-0.99904,-0.22872,0.06235,0.07533
30.62,0.0519,-0.12437,0.08703,-0.40316,-0.50109,0.07115,0.84097,0.01854,0.08915,-0.13569,-0.13218,-0.037,2.06627,-0.39685,0.74545,1.97412,2.00686,-0.49446,-0.15476,-0.36845,0.3651,0.02793,0.71494,-1.48047,0.0627,0.01534,0.47697,-0.31742,0.00093,-0.65838,-0.09654,-0.03633,-0.05577,1.47234,0.38189,-0.14503,-0.99053,-0.22984,0.06179,0.07511
30.64,0.04709,-0.12587,0.08843,-0.39317,-0.49251,0.07034,0.83609,0.01722,0.08357,-0.13696,-0.13175,-0.037,2.08687,-0.41396,0.76917,1.97243,2.10897,-0.58629,-0.165,-0.36198,0.36502,0.02099,0.71771,-1.48213,0.06291,0.01503,0.4868,-0.31185,0.00684,-0.69149,-0.09666,-0.03569,-0.05549,1.46727,0.37944,-0.14688,-0.97899,-0.23155,0.06105,0.07482
30.66,0.04269,-0.12736,0.08963,-0.38395,-0.48451,0.06955,0.83157,0.01604,0.07847,-0.13798,-0.13144,-0.037,2.10246,-0.42691,0.78735,1.9711,2.18731,-0.65654,-0.17288,-0.35522,0.3647,0.01531,0.71983,-1.48436,0.06317,0.01424,0.49559,-0.30698,0.01159,-0.72184,-0.09675,-0.03513,-0.05524,1.46285,0.37738,-0.14835,-0.96856,-0.23307,0.06034,0.07454
30.68,0.03886,-0.12856,0.09035,-0.37488,-0.47644,0.06935,0.8269,0.01463,0.07319,-0.13877,-0.13128,-0.037,2.12295,-0.44409,0.81123,1.96954,2.28998,-0.74902,-0.18311,-0.34878,0.36382,0.00945,0.72161,-1.48641,0.06329,0.01357,0.50514,-0.30305,0.01807,-0.75406,-0.09693,-0.03448,-0.05495,1.4578,0.37422,-0.14981,-0.95925,-0.2343,0.05983,0.07434
30.7,0.03356,-0.13042,0.09223,-0.36512,-0.46825,0.06787,0.82235,0.01365,0.06812,-0.14018,-0.13073,-0.037,2.13543,-0.45427,0.82565,1.9683,2.35227,-0.80458,-0.18948,-0.34184,0.36429,0.00336,0.72448,-1.48846,0.06365,0.01291,0.51364,-0.29671,0.02133,-0.78363,-0.09692,-0.03398,-0.05472,1.45377,0.37326,-0.15155,-0.94686,-0.23624,0.05888,0.07396
30.72,0.02475,-0.13401,0.09709,-0.35347,-0.45988,0.06263,0.81841,0.01393,0.06339,-0.14321,-0.12899,-0.037,2.12282,-0.44251,0.81046,1.96806,2.28844,-0.7448,-0.18376,-0.33301,0.36874,-0.00348,0.72997,-1.49116,0.06497,0.01195,0.51804,-0.28415,0.01537,-0.80419,-0.09634,-0.03387,-0.05464,1.45333,0.37857,-0.15353,-0.92719,-0.24021,0.05655,0.07302
30.74,0.01447,-0.13826,0.10311,-0.34128,-0.45146,0.05617,0.81459,0.01463,0.059,-0.14682,-0.12689,-0.037,2.10208,-0.42371,0.78573,1.96818,2.18385,-0.6478,-0.17413,-0.32376,0.37446,-0.01035,0.7365,-1.49381,0.06648,0.01101,0.52145,-0.26927,0.00611,-0.82198,-0.09556,-0.03392,-0.05463,1.45387,0.38607,-0.15585,-0.90443,-0.24484,0.0538,0.07192
30.76,0.00471,-0.14222,0.10864,-0.32962,-0.44315,0.05047,0.81064,0.01509,0.05479,-0.15012,-0.12506,-0.037,2.08572,-0.4088,0.76622,1.96817,2.10143,-0.57114,-0.1666,-0.31493,0.37933,-0.01673,0.74257,-1.4962,0.06771,0.01013,0.52578,-0.2555,-0.0017,-0.84135,-0.09489,-0.03394,-0.0546,1.45367,0.39248,-0.15825,-0.8828,-0.24901,0.05138,0.07094
30.78,-0.00447,-0.14612,0.11402,-0.3167,-0.43445,0.04387,0.80696,0.01578,0.04916,-0.15363,-0.1228,-0.037,2.06672,-0.39113,0.74323,1.968,2.00471,-0.48102,-0.15779,-0.30506,0.38539,-0.02518,0.74869,-1.49974,0.06973,0.00895,0.52816,-0.24139,-0.00927,-0.85955,-0.09414,-0.0338,-0.0545,1.45473,0.39928,-0.15967,-0.86227,-0.25386,0.04842,0.06975
30.8,-0.01518,-0.15032,0.11999,-0.30631,-0.42657,0.03885,0.80278,0.01609,0.04656,-0.15683,-0.12133,-0.037,2.05124,-0.37752,0.72518,1.96824,1.92788,-0.40989,-0.15071,-0.29736,0.38925,-0.02932,0.75489,-1.50091,0.07019,0.00841,0.53437,-0.22748,-0.01811,-0.87945,-0.0935,-0.03401,-0.05456,1.45335,0.40581,-0.16321,-0.8387,-0.25747,0.04646,0.06897
30.82,-0.02971,-0.15518,0.12732,-0.30286,-0.42097,0.03853,0.7972,0.01509,0.05246,-0.15895,-0.1222,-0.037,2.04681,-0.37633,0.72248,1.9696,1.91315,-0.39789,-0.14907,-0.29497,0.3869,-0.02125,0.76121,-1.49542,0.06591,0.00947,0.55132,-0.21468,-0.02993,-0.90489,-0.09319,-0.0352,-0.0551,1.44539,0.41093,-0.17246,-0.80796,-0.25737,0.04743,0.06943
30.84,-0.04572,-0.1603,0.1352,-0.30202,-0.41621,0.03982,0.79112,0.01373,0.06135,-0.16073,-0.12386,-0.037,2.04626,-0.3795,0.72512,1.97137,1.92002,-0.4064,-0.14932,-0.29493,0.38224,-0.00887,0.76752,-1.48763,0.06013,0.01117,0.57217,-0.20218,-0.04285,-0.93205,-0.09299,-0.03671,-0.05579,1.43486,0.41574,-0.18381,-0.77422,-0.25603,0.04941,0.07032
30.86,-0.06107,-0.16529,0.14282,-0.30012,-0.41111,0.04033,0.78528,0.01263,0.06871,-0.16269,-0.12513,-0.037,2.04438,-0.38101,0.72576,1.9729,1.91889,-0.40715,-0.1489,-0.29434,0.37855,0.00131,0.77375,-1.48095,0.05527,0.01268,0.5913,-0.18955,-0.05508,-0.95829,-0.09275,-0.03803,-0.05639,1.42523,0.4208,-0.19425,-0.7415,-0.25535,0.05089,0.07099
30.88,-0.07643,-0.17037,0.15056,-0.29767,-0.40585,0.04099,0.77941,0.01112,0.07682,-0.16456,-0.12652,-0.037,2.04055,-0.38104,0.72444,1.97463,1.90941,-0.40071,-0.1476,-0.29155,0.3753,0.01242,0.78044,-1.47384,0.04936,0.01384,0.61021,-0.17679,-0.06821,-0.98509,-0.09248,-0.03956,-0.05708,1.41672,0.42549,-0.2046,-0.70998,-0.2543,0.05257,0.07174
30.9,-0.09208,-0.17531,0.15815,-0.29697,-0.40111,0.04174,0.77349,0.01037,0.08404,-0.16654,-0.12785,-0.037,2.04161,-0.38514,0.72838,1.97607,1.92205,-0.41377,-0.14854,-0.29391,0.3705,0.02272,0.78605,-1.46727,0.04532,0.0158,0.63048,-0.16441,-0.07968,-1.01111,-0.09229,-0.04073,-0.05761,1.40531,0.43081,-0.21551,-0.67545,-0.25371,0.05405,0.07242
30.92,-0.10826,-0.17983,0.16529,-0.30071,-0.39765,0.04223,0.76753,0.012,0.08858,-0.16889,-0.12885,-0.037,2.05712,-0.40073,0.7475,1.9764,1.99869,-0.48316,-0.15594,-0.30987,0.36245,0.02893,0.78949,-1.46117,0.04637,0.02058,0.65381,-0.15302,-0.08646,-1.03484,-0.09233,-0.04077,-0.05763,1.38613,0.43829,-0.22846,-0.63197,-0.25466,0.05487,0.07288
30.94,-0.12466,-0.18418,0.17225,-0.30608,-0.39467,0.04278,0.76156,0.01437,0.09205,-0.17138,-0.12975,-0.037,2.07715,-0.42008,0.77144,1.97646,2.09562,-0.57037,-0.1654,-0.33092,0.35283,0.03431,0.79168,-1.45597,0.0494,0.02601,0.67832,-0.14202,-0.09147,-1.05765,-0.09245,-0.04044,-0.05747,1.3642,0.44632,-0.24173,-0.58583,-0.25612,0.05545,0.07325
30.96,-0.14088,-0.18858,0.17925,-0.31053,-0.39142,0.04339,0.75563,0.01626,0.09568,-0.17383,-0.13066,-0.037,2.09392,-0.43686,0.79191,1.97678,2.17792,-0.64457,-0.17341,-0.34966,0.34361,0.0406,0.79387,-1.45146,0.05182,0.03066,0.70213,-0.13081,-0.09714,-1.0807,-0.09254,-0.04032,-0.05741,1.34378,0.45385,-0.25419,-0.54183,-0.25736,0.05603,0.0736
30.98,-0.15747,-0.19313,0.18646,-0.31576,-0.3884,0.04367,0.74953,0.01872,0.10076,-0.17616,-0.13174,-0.037,2.1158,-0.45733,0.81787,1.97657,2.28329,-0.7398,-0.18358,-0.36852,0.3356,0.04484,0.79843,-1.44236,0.05303,0.03737,0.72681,-0.11968,-0.10344,-1.10462,-0.09264,-0.04008,-0.0573,1.32217,0.46243,-0.26945,-0.49379,-0.25848,0.05705,0.07418
31,-0.17333,-0.19732,0.19317,-0.31978,-0.38503,0.04465,0.7438,0.02019,0.10258,-0.17877,-0.13245,-0.037,2.1282,-0.47105,0.83362,1.97737,2.34577,-0.79571,-0.18978,-0.38827,0.32475,0.05306,0.79778,-1.4429,0.05719,0.03993,0.74986,-0.10854,-0.10802,-1.1264,-0.09272,-0.03997,-0.05724,1.30241,0.46896,-0.27901,-0.4536,-0.26001,0.05714,0.07431
31.02,-0.1872,-0.20069,0.19864,-0.31957,-0.38041,0.0474,0.73894,0.01857,0.09518,-0.1821,-0.13206,-0.037,2.11217,-0.46443,0.81873,1.98119,2.27957,-0.73394,-0.18398,-0.40958,0.30608,0.07266,0.78302,-1.47138,0.06967,0.03085,0.76828,-0.09692,-0.10811,-1.1431,-0.09273,-0.04037,-0.05743,1.28855,0.46976,-0.2721,-0.43564,-0.26216,0.05424,0.07287
31.04,-0.20032,-0.20368,0.20358,-0.31815,-0.37545,0.05086,0.73449,0.01595,0.0846,-0.1857,-0.13132,-0.037,2.08664,-0.45101,0.7936,1.98599,2.17035,-0.63274,-0.17419,-0.43153,0.28468,0.09625,0.76308,-1.50927,0.08495,0.01758,0.78497,-0.08535,-0.10655,-1.15753,-0.09271,-0.04091,-0.05768,1.27663,0.46848,-0.25953,-0.42572,-0.26474,0.05048,0.07104
31.06,-0.21374,-0.20676,0.2087,-0.31758,-0.37075,0.05406,0.72995,0.0139,0.07578,-0.18918,-0.13081,-0.037,2.0662,-0.44123,0.77398,1.99023,2.08422,-0.55263,-0.16657,-0.45293,0.26475,0.11789,0.7455,-1.54187,0.09854,0.00618,0.80234,-0.07401,-0.10585,-1.17259,-0.09271,-0.04134,-0.05788,1.26374,0.46815,-0.24998,-0.41219,-0.26739,0.04744,0.06964
31.08,-0.22733,-0.21021,0.21406,-0.3158,-0.36562,0.05701,0.72501,0.01137,0.06562,-0.19267,-0.12998,-0.037,2.04268,-0.42929,0.75096,1.99494,1.98404,-0.45987,-0.15754,-0.47559,0.24374,0.14008,0.7278,-1.57879,0.11398,-0.00517,0.82019,-0.0616,-0.10464,-1.18936,-0.09271,-0.04197,-0.05817,1.25114,0.46782,-0.23864,-0.39837,-0.26903,0.04304,0.06724
31.1,-0.24039,-0.21278,0.21879,-0.31623,-0.36133,0.06063,0.721,0.0096,0.05749,-0.19618,-0.12973,-0.037,2.02324,-0.42015,0.73248,1.99892,1.90245,-0.38373,-0.15045,-0.49573,0.2244,0.16205,0.70923,-1.60891,0.12621,-0.01746,0.83661,-0.05144,-0.10411,-1.20197,-0.0927,-0.04222,-0.05829,1.23843,0.46698,-0.2296,-0.38711,-0.27276,0.04121,0.06677
31.12,-0.25223,-0.21312,0.22194,-0.32306,-0.35923,0.06599,0.71926,0.01015,0.05599,-0.19989,-0.13118,-0.037,2.01765,-0.42058,0.72935,2.0006,1.88406,-0.3642,-0.1498,-0.50861,0.21013,0.18275,0.68875,-1.61813,0.12888,-0.03275,0.84959,-0.04753,-0.10593,-1.20418,-0.09264,-0.04138,-0.05792,1.22491,0.4652,-0.22893,-0.381,-0.28313,0.04739,0.07232
31.14,-0.26356,-0.21257,0.22445,-0.33215,-0.35803,0.07198,0.71847,0.01148,0.05661,-0.20358,-0.13323,-0.037,2.01645,-0.42401,0.73105,2.00153,1.88552,-0.36249,-0.15121,-0.51892,0.1977,0.20303,0.66773,-1.62013,0.12822,-0.04861,0.86117,-0.04587,-0.10848,-1.20216,-0.09257,-0.04017,-0.05738,1.21124,0.46297,-0.23065,-0.37721,-0.29542,0.05608,0.07974
31.16,-0.27508,-0.21237,0.22723,-0.3402,-0.35658,0.07765,0.71737,0.01244,0.05613,-0.20717,-0.13499,-0.037,2.01307,-0.4259,0.7303,2.00284,1.87689,-0.35185,-0.15161,-0.5305,0.18456,0.22334,0.64752,-1.62531,0.12909,-0.06324,0.87333,-0.04314,-0.11067,-1.20173,-0.09251,-0.03913,-0.05692,1.19767,0.46097,-0.23088,-0.37232,-0.30615,0.06316,0.08591
31.18,-0.28674,-0.21243,0.2301,-0.34827,-0.35446,0.08351,0.71578,0.01345,0.05613,-0.21123,-0.13682,-0.037,2.01012,-0.42827,0.73027,2.00404,1.87122,-0.34333,-0.15221,-0.54172,0.17074,0.24453,0.62478,-1.63126,0.13,-0.08199,0.88567,-0.04063,-0.11296,-1.20268,-0.09241,-0.03807,-0.05646,1.184,0.4588,-0.23265,-0.36785,-0.31973,0.07212,0.09372
31.2,-0.298,-0.21172,0.23263,-0.35683,-0.35396,0.0891,0.71541,0.01454,0.05564,-0.21428,-0.13865,-0.037,2.00748,-0.43046,0.73003,2.00526,1.86473,-0.33519,-0.15292,-0.553,0.15888,0.26366,0.6072,-1.63376,0.13,-0.09237,0.8973,-0.03819,-0.11521,-1.19972,-0.0924,-0.03697,-0.05597,1.17052,0.45688,-0.23183,-0.36303,-0.3279,0.07784,0.0986
31.22,-0.30831,-0.20916,0.23449,-0.36651,-0.35774,0.09386,0.71823,0.01571,0.0536,-0.2148,-0.14021,-0.037,2.00438,-0.43135,0.72785,2.00681,1.85034,-0.32322,-0.15343,-0.56583,0.15148,0.27792,0.60445,-1.6285,0.12819,-0.07843,0.90765,-0.03545,-0.11735,-1.18739,-0.09261,-0.03577,-0.05541,1.15734,0.45614,-0.22341,-0.35601,-0.32022,0.07359,0.09455
31.24,-0.31822,-0.20586,0.23603,-0.37656,-0.36313,0.09833,0.72222,0.01693,0.05095,-0.21426,-0.14175,-0.037,2.00155,-0.432,0.72537,2.00838,1.83462,-0.31119,-0.15399,-0.57866,0.14612,0.28995,0.60687,-1.61997,0.12557,-0.05623,0.9173,-0.03272,-0.11941,-1.17119,-0.0929,-0.03454,-0.05482,1.14441,0.45562,-0.21231,-0.34866,-0.30713,0.06605,0.08753
31.26,-0.32828,-0.20286,0.23768,-0.38625,-0.36775,0.1029,0.72561,0.01808,0.04837,-0.21405,-0.14336,-0.037,1.99881,-0.43285,0.7232,2.00987,1.82047,-0.29989,-0.15453,-0.59101,0.14017,0.30252,0.60666,-1.61289,0.12336,-0.0385,0.92709,-0.02994,-0.1214,-1.1565,-0.09317,-0.03335,-0.05426,1.13154,0.45478,-0.20238,-0.34188,-0.29682,0.06028,0.08211
31.28,-0.33847,-0.19996,0.23947,-0.39685,-0.37254,0.10762,0.72932,0.01943,0.04671,-0.21448,-0.14477,-0.037,1.99533,-0.43345,0.72048,2.01163,1.80368,-0.28674,-0.15513,-0.60534,0.1328,0.31712,0.60755,-1.60568,0.12087,-0.01776,0.9376,-0.02739,-0.12385,-1.14268,-0.09341,-0.03205,-0.05365,1.11793,0.45484,-0.19272,-0.3334,-0.28518,0.05348,0.07574
31.3,-0.34828,-0.1967,0.24088,-0.40559,-0.37736,0.11193,0.73262,0.02036,0.043,-0.21332,-0.14658,-0.037,1.99338,-0.43442,0.71874,2.01284,1.79087,-0.27657,-0.15559,-0.61552,0.12891,0.32693,0.60747,-1.59807,0.1188,-0.0013,0.94643,-0.02438,-0.12535,-1.1262,-0.09371,-0.03097,-0.05314,1.10593,0.4531,-0.18186,-0.32836,-0.27503,0.048,0.07059
31.32,-0.35721,-0.19263,0.24131,-0.40918,-0.38196,0.11528,0.73446,0.02005,0.03346,-0.20802,-0.14961,-0.037,1.99595,-0.43684,0.72021,2.01245,1.79767,-0.28033,-0.15566,-0.61465,0.13384,0.3245,0.60284,-1.59003,0.11832,0.00109,0.95099,-0.01988,-0.12388,-1.1034,-0.09418,-0.0305,-0.05293,1.09812,0.44623,-0.16801,-0.33274,-0.27018,0.04705,0.06956
31.34,-0.36576,-0.18824,0.24134,-0.41084,-0.38654,0.11821,0.73585,0.0193,0.02192,-0.20114,-0.15303,-0.037,2,-0.43957,0.72262,2.01153,1.80697,-0.28609,-0.1556,-0.60952,0.14226,0.31725,0.59717,-1.58176,0.11827,-0.00107,0.95384,-0.01498,-0.12153,-1.07806,-0.09471,-0.03026,-0.05282,1.09195,0.43758,-0.1531,-0.34059,-0.26702,0.04753,0.06982
31.36,-0.37444,-0.184,0.24154,-0.41333,-0.3911,0.12127,0.73746,0.01878,0.0115,-0.19499,-0.15621,-0.037,2.00312,-0.44186,0.72426,2.01089,1.80947,-0.28698,-0.15554,-0.60608,0.14928,0.31192,0.59236,-1.57373,0.11793,-0.00098,0.95735,-0.01042,-0.11985,-1.05383,-0.09522,-0.02992,-0.05267,1.08518,0.42983,-0.13889,-0.34696,-0.26318,0.0473,0.06945
31.38,-0.38327,-0.17969,0.2418,-0.41609,-0.39581,0.12455,0.73903,0.01816,0.00022,-0.18879,-0.15969,-0.037,2.00726,-0.44531,0.7272,2.01006,1.83547,-0.30406,-0.15558,-0.60374,0.1556,0.30765,0.58607,-1.56502,0.11798,-0.00135,0.96135,-0.00518,-0.11703,-1.02966,-0.0957,-0.02957,-0.0525,1.07784,0.42168,-0.12366,-0.35298,-0.25883,0.04722,0.06917
31.4,-0.3917,-0.17546,0.24184,-0.41775,-0.40018,0.12728,0.74055,0.01763,-0.00978,-0.18231,-0.16259,-0.037,2.00973,-0.44655,0.72782,2.00952,1.81361,-0.28856,-0.15556,-0.59804,0.16415,0.30006,0.58258,-1.55769,0.11729,-0.00196,0.96393,-0.00126,-0.11637,-1.00482,-0.09624,-0.0293,-0.05239,1.07205,0.41396,-0.11034,-0.3605,-0.25595,0.04721,0.06903
31.42,-0.39924,-0.17149,0.2414,-0.41747,-0.4037,0.12868,0.74204,0.01764,-0.01536,-0.17564,-0.16416,-0.037,2.00628,-0.44039,0.7205,2.00957,1.65501,-0.17691,-0.154,-0.58436,0.17831,0.28433,0.58667,-1.55456,0.11495,-0.00199,0.9631,-0.00113,-0.12197,-0.97858,-0.0969,-0.02915,-0.05237,1.07034,0.40785,-0.10271,-0.3719,-0.25728,0.04711,0.06904
31.44,-0.40638,-0.16762,0.24076,-0.41605,-0.40685,0.12952,0.74347,0.01774,-0.01966,-0.16872,-0.16507,-0.037,2.00127,-0.43219,0.71103,2.00998,1.44901,-0.03346,-0.15261,-0.56736,0.19452,0.26545,0.59365,-1.55279,0.11177,-0.00216,0.9609,-0.00236,-0.12976,-0.95179,-0.09761,-0.0291,-0.05241,1.07008,0.40226,-0.09704,-0.3846,-0.25998,0.04705,0.06914
31.46,-0.41366,-0.16375,0.24021,-0.41475,-0.41008,0.13054,0.7449,0.01769,-0.02482,-0.1618,-0.16605,-0.037,1.99764,-0.42578,0.70347,2.01045,1.26715,0.09171,-0.15211,-0.55168,0.2096,0.24813,0.59956,-1.5502,0.10865,-0.00238,0.95929,-0.00296,-0.13649,-0.92536,-0.0983,-0.02903,-0.05244,1.06901,0.39645,-0.0904,-0.39634,-0.26172,0.04696,0.06918
31.48,-0.42114,-0.1597,0.23963,-0.41503,-0.41367,0.13184,0.74643,0.01808,-0.0289,-0.15526,-0.16799,-0.037,1.99131,-0.41589,0.69215,2.00999,1.07394,0.233,-0.14767,-0.53667,0.22565,0.23013,0.60446,-1.54846,0.10692,-0.00229,0.95775,-0.00356,-0.14344,-0.89838,-0.09897,-0.02883,-0.0524,1.06866,0.39048,-0.08405,-0.40976,-0.26489,0.04698,0.06935
31.5,-0.42808,-0.15604,0.23906,-0.41181,-0.41643,0.13244,0.74777,0.0176,-0.03484,-0.14792,-0.16781,-0.037,1.99009,-0.4126,0.68798,2.01152,0.89365,0.34825,-0.15131,-0.51953,0.24009,0.2128,0.61211,-1.54526,0.1021,-0.00281,0.95577,-0.0045,-0.15046,-0.87247,-0.09968,-0.02894,-0.0525,1.06713,0.385,-0.07757,-0.41995,-0.26544,0.04676,0.06926
31.52,-0.43375,-0.15344,0.23861,-0.39903,-0.41683,0.13131,0.74842,0.01463,-0.04666,-0.13817,-0.16163,-0.037,2.0044,-0.42931,0.70526,2.01879,0.75606,0.38408,-0.17874,-0.49746,0.24975,0.19861,0.62704,-1.53794,0.08885,-0.0051,0.95285,-0.00608,-0.15732,-0.84948,-0.10049,-0.02991,-0.05298,1.06194,0.38057,-0.07018,-0.42091,-0.25793,0.04572,0.06832
31.54,-0.43888,-0.15123,0.23815,-0.38281,-0.41642,0.1295,0.74892,0.01081,-0.06032,-0.12768,-0.15341,-0.037,2.02369,-0.45249,0.72956,2.02799,0.63421,0.39244,-0.21398,-0.47337,0.25765,0.18514,0.64458,-1.52908,0.07257,-0.00796,0.94955,-0.00795,-0.16413,-0.82765,-0.10133,-0.03117,-0.05359,1.05553,0.37663,-0.0626,-0.4186,-0.2478,0.04446,0.06713
31.56,-0.44419,-0.14883,0.23767,-0.36831,-0.41648,0.12796,0.74961,0.00745,-0.07286,-0.1177,-0.14634,-0.037,2.04002,-0.47189,0.74985,2.0361,0.50779,0.41336,-0.24468,-0.45013,0.26622,0.17103,0.6607,-1.52075,0.05773,-0.01047,0.94648,-0.00966,-0.17085,-0.80542,-0.10214,-0.03228,-0.05412,1.04969,0.37256,-0.05513,-0.41777,-0.23918,0.0434,0.06611
31.58,-0.44977,-0.14646,0.23731,-0.35313,-0.41613,0.12655,0.7498,0.00381,-0.08655,-0.10699,-0.13833,-0.037,2.05926,-0.4948,0.77355,2.04517,0.36772,0.43555,-0.27971,-0.42706,0.27544,0.15812,0.67793,-1.5131,0.04252,-0.01334,0.94313,-0.01152,-0.17814,-0.7826,-0.103,-0.03351,-0.05472,1.04379,0.36811,-0.04761,-0.41692,-0.22928,0.04194,0.06482
31.6,-0.45464,-0.14414,0.23668,-0.33856,-0.41643,0.12472,0.75098,0.00054,-0.09829,-0.09761,-0.13179,-0.037,2.07363,-0.51193,0.79181,2.05266,0.26182,0.44755,-0.30743,-0.40321,0.28281,0.14293,0.69339,-1.50373,0.02746,-0.0156,0.94028,-0.01314,-0.18421,-0.76132,-0.10378,-0.03454,-0.05521,1.03774,0.36456,-0.04017,-0.41542,-0.22139,0.04124,0.06404
31.62,-0.45775,-0.1418,0.23538,-0.32669,-0.41886,0.12196,0.75515,-0.00146,-0.10416,-0.09212,-0.1298,-0.037,2.07336,-0.51171,0.79361,2.05543,0.23445,0.44356,-0.31441,-0.37757,0.28593,0.12107,0.70348,-1.48919,0.01293,-0.01603,0.9389,-0.01385,-0.18681,-0.74375,-0.10432,-0.03499,-0.05541,1.03128,0.36349,-0.03266,-0.41189,-0.21994,0.04284,0.06479
31.64,-0.46015,-0.1395,0.23378,-0.31554,-0.42197,0.11879,0.76029,-0.00306,-0.108,-0.08799,-0.12935,-0.037,2.06804,-0.50544,0.78966,2.05652,0.24309,0.42925,-0.31356,-0.35126,0.28717,0.09693,0.71163,-1.4731,-0.00121,-0.01581,0.93805,-0.01433,-0.1882,-0.72774,-0.10477,-0.03524,-0.05551,1.02477,0.3633,-0.0253,-0.40798,-0.22058,0.04519,0.06605
31.66,-0.46284,-0.13721,0.23228,-0.30398,-0.42471,0.11578,0.76487,-0.00485,-0.11278,-0.0832,-0.1282,-0.037,2.06503,-0.50177,0.78814,2.0583,0.24374,0.41577,-0.31538,-0.32534,0.28899,0.07396,0.72053,-1.45823,-0.0151,-0.01588,0.93695,-0.015,-0.19021,-0.71119,-0.10527,-0.03558,-0.05566,1.01846,0.36262,-0.01812,-0.40491,-0.22011,0.04714,0.06703
31.68,-0.46565,-0.13481,0.23097,-0.29267,-0.42769,0.1129,0.76996,-0.00662,-0.11755,-0.07854,-0.12699,-0.037,2.06211,-0.49887,0.7876,2.06046,0.21084,0.41703,-0.32107,-0.29892,0.29189,0.05044,0.73006,-1.44115,-0.03089,-0.016,0.93585,-0.01533,-0.19195,-0.69395,-0.10577,-0.03594,-0.05581,1.01133,0.36231,-0.00993,-0.39893,-0.22019,0.04935,0.06818
31.7,-0.46805,-0.13264,0.22917,-0.28103,-0.43033,0.10962,0.77421,-0.00832,-0.12184,-0.07397,-0.12627,-0.037,2.05778,-0.49295,0.78363,2.06141,0.25454,0.38626,-0.31693,-0.2735,0.29213,0.02751,0.73782,-1.42831,-0.04259,-0.01584,0.93489,-0.01631,-0.19395,-0.67853,-0.10623,-0.0362,-0.05593,1.00595,0.36146,-0.00385,-0.39892,-0.21966,0.05118,0.0691
31.72,-0.4696,-0.13106,0.22612,-0.26844,-0.43182,0.1055,0.77584,-0.00991,-0.12523,-0.0692,-0.12671,-0.037,2.05028,-0.47946,0.77101,2.05936,0.51515,0.26296,-0.28572,-0.25033,0.28548,0.00675,0.74092,-1.42763,-0.04305,-0.01502,0.93409,-0.01919,-0.19712,-0.66756,-0.10659,-0.03623,-0.05598,1.00527,0.35881,-0.00381,-0.41601,-0.21692,0.05178,0.06927
31.74,-0.47077,-0.1297,0.22257,-0.25549,-0.43295,0.10097,0.77659,-0.01143,-0.12819,-0.06451,-0.12758,-0.037,2.04161,-0.46325,0.75524,2.05616,0.84894,0.10912,-0.24517,-0.22832,0.27624,-0.01333,0.74233,-1.43126,-0.0394,-0.01393,0.93342,-0.02273,-0.20057,-0.65841,-0.1069,-0.03619,-0.05602,1.00639,0.35562,-0.00585,-0.43902,-0.2135,0.05195,0.06918
31.76,-0.47208,-0.12826,0.21922,-0.24262,-0.43429,0.09652,0.77776,-0.01295,-0.13138,-0.05987,-0.12816,-0.037,2.03377,-0.44874,0.74129,2.05353,1.13975,-0.02624,-0.21005,-0.2062,0.26819,-0.03372,0.74469,-1.43286,-0.03764,-0.01296,0.93275,-0.02593,-0.20382,-0.64854,-0.10723,-0.03619,-0.05608,1.00681,0.35276,-0.00677,-0.45902,-0.21043,0.05229,0.0692
31.78,-0.4735,-0.12676,0.21601,-0.23013,-0.43545,0.0925,0.77885,-0.01457,-0.1344,-0.05489,-0.12919,-0.037,2.02448,-0.43209,0.72547,2.05061,1.47259,-0.18128,-0.16967,-0.18227,0.25999,-0.05421,0.74625,-1.43469,-0.03579,-0.01196,0.93185,-0.02928,-0.20737,-0.63825,-0.10758,-0.03611,-0.0561,1.00676,0.34959,-0.00841,-0.48043,-0.20727,0.05276,0.06929
31.8,-0.4746,-0.12542,0.21237,-0.21676,-0.4369,0.08749,0.77991,-0.01599,-0.13767,-0.05065,-0.12936,-0.037,2.018,-0.41932,0.71288,2.04807,1.73512,-0.30258,-0.13808,-0.16244,0.25155,-0.07426,0.74908,-1.4371,-0.03314,-0.01098,0.93145,-0.03249,-0.21034,-0.62925,-0.10788,-0.0362,-0.05619,1.00812,0.3469,-0.00906,-0.50021,-0.2041,0.05285,0.06916
31.82,-0.47498,-0.12451,0.20775,-0.20095,-0.43918,0.07987,0.78098,-0.01692,-0.1421,-0.04823,-0.12716,-0.037,2.01978,-0.41801,0.71015,2.0469,1.78271,-0.32202,-0.13347,-0.15319,0.24279,-0.09369,0.75602,-1.43988,-0.02946,-0.01007,0.93248,-0.03521,-0.21194,-0.62344,-0.10807,-0.03683,-0.05649,1.01305,0.34582,-0.00639,-0.51492,-0.20101,0.05202,0.0685
31.84,-0.47504,-0.12375,0.20269,-0.18428,-0.44177,0.07127,0.78206,-0.01767,-0.14674,-0.04657,-0.12405,-0.037,2.02444,-0.42073,0.7108,2.04617,1.75744,-0.30671,-0.13799,-0.14814,0.23396,-0.11258,0.76425,-1.44312,-0.02511,-0.00921,0.934,-0.03778,-0.21291,-0.61884,-0.10822,-0.03764,-0.05688,1.01934,0.34521,-0.00266,-0.52765,-0.19793,0.05083,0.06762
31.86,-0.47519,-0.12292,0.19778,-0.16808,-0.44424,0.06311,0.78318,-0.01849,-0.15109,-0.04467,-0.12128,-0.037,2.02767,-0.42155,0.70979,2.04524,1.76712,-0.30793,-0.13808,-0.14149,0.22536,-0.13143,0.77178,-1.44631,-0.02093,-0.00836,0.93523,-0.04039,-0.21398,-0.61365,-0.1084,-0.03837,-0.05723,1.02494,0.3443,0.00051,-0.54069,-0.19487,0.04979,0.06684
31.88,-0.47554,-0.12213,0.1931,-0.15155,-0.44657,0.05495,0.78407,-0.01936,-0.15629,-0.0423,-0.11883,-0.037,2.03128,-0.42248,0.7091,2.04426,1.77127,-0.30673,-0.139,-0.13356,0.21582,-0.15153,0.7798,-1.44904,-0.01709,-0.00735,0.93673,-0.04312,-0.21582,-0.60871,-0.10856,-0.03907,-0.05756,1.0309,0.34375,0.0039,-0.55635,-0.19168,0.04879,0.06605
31.9,-0.47541,-0.12127,0.18781,-0.13551,-0.44929,0.04658,0.78544,-0.02009,-0.15973,-0.04111,-0.11552,-0.037,2.0349,-0.42427,0.70872,2.04351,1.7691,-0.30235,-0.1405,-0.12931,0.20827,-0.16881,0.78706,-1.45272,-0.01252,-0.0067,0.93778,-0.04559,-0.21592,-0.6035,-0.10874,-0.03988,-0.05796,1.03644,0.34255,0.00716,-0.56607,-0.18877,0.04762,0.06524
31.92,-0.47406,-0.12016,0.18112,-0.12089,-0.453,0.03772,0.78818,-0.02048,-0.1585,-0.04303,-0.10993,-0.037,2.03683,-0.42674,0.70704,2.04331,1.76313,-0.29372,-0.1412,-0.13381,0.20603,-0.17935,0.79249,-1.45951,-0.00549,-0.00713,0.93755,-0.04707,-0.21103,-0.59715,-0.109,-0.0411,-0.05857,1.04024,0.3396,0.00931,-0.5592,-0.18662,0.04608,0.06444
31.94,-0.47224,-0.11897,0.17381,-0.10681,-0.45709,0.02871,0.79138,-0.02074,-0.15543,-0.0461,-0.10354,-0.037,2.03883,-0.43007,0.70578,2.04333,1.7536,-0.28357,-0.14225,-0.14193,0.20583,-0.18689,0.79701,-1.46711,0.00212,-0.00793,0.93683,-0.04834,-0.20443,-0.59049,-0.10929,-0.04241,-0.05923,1.0436,0.33594,0.01138,-0.54652,-0.18476,0.04438,0.06363
31.96,-0.47061,-0.11781,0.16669,-0.09256,-0.46101,0.01988,0.79434,-0.02106,-0.15302,-0.04862,-0.09761,-0.037,2.04148,-0.43353,0.70523,2.04325,1.74819,-0.2767,-0.14333,-0.14864,0.20481,-0.19522,0.80159,-1.47391,0.00904,-0.00851,0.9363,-0.04992,-0.19883,-0.58401,-0.10955,-0.04359,-0.05983,1.0473,0.33249,0.01381,-0.53692,-0.18278,0.04276,0.06281
31.98,-0.46905,-0.11668,0.15993,-0.07795,-0.46492,0.01057,0.79743,-0.02137,-0.15134,-0.05128,-0.09126,-0.037,2.04142,-0.435,0.70111,2.04317,1.73019,-0.25813,-0.14394,-0.15453,0.20331,-0.20601,0.80773,-1.48252,0.01775,-0.00928,0.93593,-0.05063,-0.19233,-0.57739,-0.10987,-0.04512,-0.06061,1.05045,0.32956,0.01492,-0.5254,-0.18074,0.04112,0.06202
32,-0.46725,-0.11546,0.15228,-0.06423,-0.46895,0.00222,0.80035,-0.02167,-0.14771,-0.05392,-0.08561,-0.037,2.04688,-0.44066,0.70434,2.04313,1.7379,-0.26349,-0.14547,-0.16294,0.20332,-0.21087,0.81035,-1.4876,0.0229,-0.00976,0.9351,-0.05307,-0.18725,-0.57099,-0.11008,-0.04596,-0.06104,1.05463,0.32534,0.01872,-0.51653,-0.1789,0.03947,0.06117
32.02,-0.46492,-0.11398,0.14237,-0.05288,-0.47319,-0.00352,0.8027,-0.02196,-0.13913,-0.05615,-0.08203,-0.037,2.0685,-0.45859,0.72912,2.04328,1.82311,-0.33984,-0.14957,-0.17742,0.20679,-0.20087,0.80387,-1.48235,0.01775,-0.0093,0.933,-0.06042,-0.18705,-0.56512,-0.11001,-0.0448,-0.06044,1.06172,0.31784,0.03032,-0.51631,-0.17756,0.0378,0.06017
32.04,-0.46238,-0.11242,0.13158,-0.04242,-0.47753,-0.00827,0.80486,-0.02223,-0.12863,-0.05834,-0.07919,-0.037,2.09548,-0.4805,0.76103,2.04346,1.93366,-0.43965,-0.1545,-0.19432,0.21173,-0.18482,0.79381,-1.47359,0.00905,-0.00856,0.93045,-0.06949,-0.18827,-0.55949,-0.10984,-0.04296,-0.0595,1.06985,0.30902,0.04455,-0.51897,-0.17641,0.03614,0.05912
32.06,-0.45994,-0.11091,0.12118,-0.03154,-0.48185,-0.01343,0.80708,-0.0225,-0.11901,-0.06059,-0.07606,-0.037,2.11936,-0.49995,0.78881,2.04355,2.02927,-0.52587,-0.15891,-0.21013,0.21612,-0.17104,0.78513,-1.46668,0.00221,-0.00799,0.92815,-0.07772,-0.18843,-0.55382,-0.10971,-0.04149,-0.05875,1.07751,0.30072,0.05735,-0.52037,-0.17516,0.03449,0.05811
32.08,-0.45747,-0.10933,0.11081,-0.02071,-0.48609,-0.01878,0.80939,-0.02281,-0.10931,-0.0627,-0.07275,-0.037,2.14603,-0.52218,0.82036,2.04392,2.13908,-0.62434,-0.16394,-0.22601,0.22009,-0.15927,0.77743,-1.45872,-0.00563,-0.00726,0.92568,-0.08618,-0.19015,-0.54786,-0.10958,-0.03976,-0.05787,1.08514,0.29276,0.07119,-0.52138,-0.17396,0.03276,0.05702
32.1,-0.45501,-0.10789,0.10018,-0.01002,-0.49052,-0.0235,0.81149,-0.02304,-0.09933,-0.06509,-0.06998,-0.037,2.16816,-0.53956,0.84575,2.04374,2.22548,-0.70294,-0.16787,-0.24227,0.22526,-0.14182,0.76686,-1.4521,-0.01226,-0.0068,0.92344,-0.0946,-0.18915,-0.54258,-0.10943,-0.03841,-0.05718,1.09309,0.28377,0.08343,-0.52396,-0.17271,0.03121,0.05609
32.12,-0.45263,-0.10685,0.08899,0.00074,-0.4955,-0.02672,0.81301,-0.02306,-0.08911,-0.06819,-0.06874,-0.037,2.17655,-0.54241,0.85227,2.04186,2.24016,-0.72024,-0.16852,-0.259,0.23332,-0.11092,0.7493,-1.45006,-0.01464,-0.00713,0.92194,-0.10226,-0.179,-0.53879,-0.10929,-0.03831,-0.05715,1.10184,0.27224,0.09113,-0.53028,-0.17124,0.03014,0.05563
32.14,-0.45028,-0.10595,0.07761,0.01135,-0.50065,-0.02933,0.81433,-0.023,-0.07866,-0.07159,-0.06799,-0.037,2.18014,-0.54023,0.85233,2.03946,2.2305,-0.71679,-0.16802,-0.27599,0.24255,-0.07438,0.729,-1.44948,-0.0157,-0.00775,0.92068,-0.10983,-0.1663,-0.53576,-0.10913,-0.0386,-0.05732,1.11084,0.25974,0.09706,-0.53809,-0.1697,0.02927,0.05535
32.16,-0.44791,-0.10498,0.06636,0.02189,-0.50569,-0.03222,0.81576,-0.02298,-0.06827,-0.0749,-0.06691,-0.037,2.18588,-0.54045,0.85545,2.03742,2.23268,-0.72339,-0.16807,-0.29281,0.2513,-0.0399,0.7099,-1.44823,-0.01739,-0.00827,0.91929,-0.11759,-0.15566,-0.53256,-0.10896,-0.03868,-0.05738,1.11964,0.24769,0.10346,-0.54519,-0.1682,0.02835,0.05499
32.18,-0.44554,-0.10403,0.05485,0.03299,-0.5109,-0.03506,0.81712,-0.02294,-0.05797,-0.07802,-0.06632,-0.037,2.19204,-0.54038,0.85838,2.03487,2.23278,-0.72849,-0.16804,-0.30994,0.25988,-0.00727,0.69076,-1.44694,-0.01903,-0.00866,0.91794,-0.12485,-0.14135,-0.52853,-0.10886,-0.03886,-0.0575,1.12891,0.2355,0.1113,-0.55254,-0.16669,0.02728,0.0546
32.2,-0.4432,-0.10309,0.04388,0.04287,-0.51577,-0.03787,0.81855,-0.02292,-0.04748,-0.0816,-0.06482,-0.037,2.196,-0.53958,0.85996,2.03325,2.23068,-0.73109,-0.16786,-0.32648,0.26906,0.03037,0.67122,-1.44606,-0.02046,-0.00939,0.91662,-0.13305,-0.13395,-0.52651,-0.10862,-0.03895,-0.05756,1.13719,0.22343,0.11575,-0.55966,-0.16519,0.02655,0.05433
32.22,-0.44089,-0.10218,0.03432,0.04972,-0.51991,-0.04074,0.82041,-0.02305,-0.03635,-0.08637,-0.06066,-0.037,2.19601,-0.53889,0.86048,2.03438,2.232,-0.7352,-0.16784,-0.34096,0.27963,0.0812,0.65036,-1.44637,-0.02139,-0.01097,0.91505,-0.14432,-0.14722,-0.52888,-0.108,-0.03863,-0.05735,1.14305,0.21154,0.11059,-0.56597,-0.16372,0.0268,0.05437
32.24,-0.43862,-0.10129,0.02534,0.0553,-0.52366,-0.0436,0.82231,-0.02319,-0.02509,-0.09157,-0.05557,-0.037,2.19378,-0.53748,0.85966,2.03644,2.23123,-0.73685,-0.16766,-0.35489,0.29073,0.13666,0.62938,-1.44698,-0.02219,-0.01288,0.91356,-0.15646,-0.16735,-0.53342,-0.10726,-0.03822,-0.05707,1.14782,0.19988,0.10218,-0.57194,-0.16226,0.02738,0.05453
32.26,-0.43638,-0.10039,0.01618,0.06126,-0.52743,-0.04646,0.82406,-0.02328,-0.01398,-0.09654,-0.05092,-0.037,2.19188,-0.53575,0.85868,2.03802,2.22885,-0.73721,-0.16736,-0.3693,0.30155,0.18949,0.60903,-1.4472,-0.02321,-0.01465,0.91223,-0.16792,-0.18371,-0.53761,-0.10658,-0.03789,-0.05685,1.15282,0.1884,0.0957,-0.57793,-0.16081,0.02778,0.05463
32.28,-0.43395,-0.0995,0.00667,0.06804,-0.53189,-0.04931,0.82635,-0.02355,-0.00241,-0.10167,-0.04619,-0.037,2.19263,-0.53643,0.86063,2.03981,2.2361,-0.7467,-0.1678,-0.38277,0.31258,0.24487,0.58613,-1.44851,-0.02354,-0.01638,0.9101,-0.1806,-0.20277,-0.53916,-0.10586,-0.03739,-0.05654,1.15893,0.17572,0.08726,-0.58454,-0.15931,0.02832,0.05479
32.3,-0.43191,-0.0986,-0.00196,0.07284,-0.53481,-0.0522,0.82755,-0.02345,0.00816,-0.10657,-0.04141,-0.037,2.1875,-0.53214,0.85637,2.04139,2.22353,-0.73726,-0.16671,-0.39803,0.32326,0.29579,0.56856,-1.44765,-0.02525,-0.01826,0.90963,-0.19093,-0.21783,-0.5467,-0.10519,-0.03721,-0.0564,1.16248,0.16558,0.08213,-0.58975,-0.15792,0.02863,0.05485
32.32,-0.4309,-0.09766,-0.00836,0.0723,-0.53356,-0.05519,0.82562,-0.02233,0.01637,-0.1108,-0.0367,-0.037,2.16564,-0.51317,0.83407,2.04208,2.15318,-0.67272,-0.16115,-0.4187,0.33311,0.33479,0.56568,-1.44042,-0.03107,-0.02053,0.91388,-0.19466,-0.22044,-0.57046,-0.10468,-0.03795,-0.05678,1.15925,0.1624,0.08729,-0.59134,-0.15678,0.0282,0.05462
32.34,-0.43028,-0.09671,-0.01386,0.06986,-0.53077,-0.05822,0.82264,-0.02084,0.0235,-0.11479,-0.03197,-0.037,2.13815,-0.48946,0.80581,2.04253,2.06372,-0.58993,-0.15413,-0.4411,0.34254,0.36882,0.56818,-1.43106,-0.03822,-0.02291,0.91975,-0.19598,-0.21877,-0.60013,-0.10423,-0.03899,-0.05734,1.15349,0.16175,0.09583,-0.59151,-0.15575,0.02752,0.0543
32.36,-0.42948,-0.09576,-0.01972,0.06843,-0.52872,-0.06125,0.82024,-0.01952,0.03086,-0.11887,-0.02727,-0.037,2.11396,-0.46871,0.78112,2.04312,1.98549,-0.51787,-0.14797,-0.46249,0.352,0.40417,0.56824,-1.42287,-0.0446,-0.0252,0.92477,-0.1983,-0.21889,-0.62696,-0.10375,-0.03987,-0.05781,1.1489,0.15991,0.10259,-0.59223,-0.15469,0.02697,0.05402
32.38,-0.42868,-0.09483,-0.02579,0.06635,-0.52653,-0.06422,0.81741,-0.01821,0.03933,-0.12306,-0.02248,-0.037,2.08658,-0.44457,0.75276,2.04359,1.8965,-0.43552,-0.14097,-0.4849,0.36218,0.44379,0.56828,-1.41381,-0.05173,-0.02773,0.9303,-0.201,-0.21982,-0.65452,-0.10326,-0.04083,-0.05832,1.1442,0.15828,0.11029,-0.5933,-0.15355,0.02637,0.05372
32.4,-0.42797,-0.09386,-0.03121,0.0652,-0.52424,-0.06732,0.81523,-0.01679,0.04523,-0.12695,-0.01786,-0.037,2.06451,-0.42634,0.73062,2.04426,1.82532,-0.37019,-0.13537,-0.50552,0.37072,0.47309,0.56966,-1.4061,-0.05756,-0.02973,0.93512,-0.2024,-0.21804,-0.68194,-0.10282,-0.0417,-0.05877,1.13914,0.1568,0.11687,-0.59334,-0.1526,0.02581,0.05345
32.42,-0.42741,-0.09278,-0.03512,0.067,-0.52211,-0.07084,0.81516,-0.01518,0.04434,-0.1302,-0.01371,-0.037,2.05855,-0.42585,0.72733,2.04561,1.80883,-0.35726,-0.134,-0.52146,0.37494,0.47647,0.57327,-1.40224,-0.05998,-0.03074,0.93783,-0.20034,-0.20918,-0.70752,-0.10249,-0.04231,-0.05902,1.13372,0.15516,0.1196,-0.59074,-0.1521,0.02543,0.05325
32.44,-0.42694,-0.09168,-0.03839,0.06985,-0.51991,-0.07447,0.81578,-0.01348,0.04089,-0.13314,-0.00972,-0.037,2.05811,-0.43143,0.73044,2.04718,1.81078,-0.36191,-0.13407,-0.53541,0.37747,0.46939,0.57806,-1.39985,-0.06099,-0.03115,0.9397,-0.19715,-0.19782,-0.73276,-0.10221,-0.04281,-0.05919,1.12804,0.15358,0.12109,-0.58719,-0.15177,0.0251,0.05307
32.46,-0.42643,-0.0906,-0.04191,0.07229,-0.51768,-0.07801,0.81607,-0.0118,0.03859,-0.13615,-0.00564,-0.037,2.05509,-0.43407,0.73046,2.04861,1.80374,-0.35788,-0.13346,-0.54988,0.38074,0.4661,0.5824,-1.39709,-0.06227,-0.03147,0.94178,-0.1948,-0.18802,-0.75815,-0.10191,-0.04329,-0.05937,1.12246,0.15198,0.12313,-0.58415,-0.15137,0.02473,0.05288
32.48,-0.42593,-0.08945,-0.04556,0.07434,-0.51567,-0.08173,0.81639,-0.01017,0.03631,-0.13945,-0.00161,-0.037,2.05215,-0.43729,0.73106,2.05019,1.79859,-0.3561,-0.13291,-0.56612,0.38423,0.46651,0.58657,-1.39314,-0.06501,-0.03323,0.94469,-0.19103,-0.17635,-0.78371,-0.10161,-0.04404,-0.05967,1.11683,0.15046,0.12534,-0.58067,-0.15097,0.02439,0.05269
32.5,-0.42543,-0.08846,-0.04879,0.07751,-0.51319,-0.08509,0.81683,-0.00842,0.03338,-0.14207,0.00248,-0.037,2.05044,-0.44081,0.73206,2.05152,1.79416,-0.35409,-0.13261,-0.57808,0.38674,0.45703,0.59133,-1.39186,-0.06453,-0.03198,0.94563,-0.18995,-0.16792,-0.80881,-0.10133,-0.04422,-0.0597,1.11129,0.14874,0.12684,-0.57794,-0.1506,0.02403,0.0525
32.52,-0.4248,-0.08788,-0.05112,0.08336,-0.50954,-0.08746,0.81752,-0.00633,0.02938,-0.1431,0.0068,-0.037,2.05068,-0.44369,0.73263,2.05206,1.78718,-0.34714,-0.13264,-0.57945,0.38787,0.4209,0.59726,-1.39901,-0.05398,-0.02141,0.94135,-0.19691,-0.16999,-0.83244,-0.10099,-0.04281,-0.05901,1.10588,0.14656,0.12703,-0.57729,-0.15025,0.0236,0.05228
32.54,-0.42418,-0.08747,-0.05303,0.09034,-0.50541,-0.08944,0.81831,-0.00413,0.0248,-0.14342,0.01118,-0.037,2.05203,-0.44669,0.73342,2.05234,1.78047,-0.33952,-0.1329,-0.57642,0.3879,0.37552,0.60377,-1.40845,-0.04053,-0.00804,0.9351,-0.20658,-0.17527,-0.85563,-0.10067,-0.04084,-0.05806,1.1006,0.14415,0.1265,-0.57747,-0.14992,0.02317,0.05207
32.56,-0.42358,-0.08702,-0.05507,0.09689,-0.50146,-0.09158,0.819,-0.00201,0.02042,-0.14392,0.01549,-0.037,2.05292,-0.44961,0.73408,2.05277,1.77365,-0.3322,-0.13307,-0.57489,0.38779,0.33572,0.61009,-1.416,-0.02936,0.00327,0.92973,-0.21482,-0.17849,-0.87923,-0.10038,-0.03915,-0.05725,1.09538,0.14177,0.12604,-0.57742,-0.14958,0.02278,0.05187
32.58,-0.42286,-0.08642,-0.05733,0.10311,-0.49767,-0.09386,0.81993,0.00024,0.01623,-0.14503,0.01996,-0.037,2.05373,-0.45277,0.73501,2.05306,1.7671,-0.32519,-0.13322,-0.5754,0.39026,0.28996,0.61608,-1.42751,-0.01397,0.01789,0.92442,-0.22386,-0.18411,-0.90206,-0.09992,-0.03732,-0.05636,1.08965,0.13968,0.12655,-0.57671,-0.14923,0.02224,0.0516
32.6,-0.4224,-0.08618,-0.05904,0.11028,-0.49344,-0.09571,0.82038,0.00223,0.01155,-0.14469,0.02412,-0.037,2.05498,-0.45547,0.73546,2.05356,1.76019,-0.31753,-0.13345,-0.57066,0.38721,0.25427,0.62293,-1.43091,-0.00682,0.0263,0.9185,-0.2319,-0.18556,-0.92623,-0.09985,-0.03566,-0.05557,1.085,0.13694,0.12498,-0.57757,-0.14892,0.02199,0.05147
32.62,-0.42268,-0.08691,-0.05939,0.11987,-0.48811,-0.09675,0.81935,0.00367,0.00552,-0.14061,0.02755,-0.037,2.05629,-0.45616,0.73345,2.0548,1.74864,-0.30483,-0.13374,-0.55229,0.36832,0.25109,0.63174,-1.41493,-0.02221,0.01657,0.91166,-0.23644,-0.17437,-0.95556,-0.10052,-0.03466,-0.05514,1.08339,0.13229,0.11704,-0.58286,-0.1487,0.02261,0.05174
32.64,-0.42324,-0.088,-0.05918,0.13036,-0.48237,-0.09732,0.81786,0.00481,-0.00092,-0.13509,0.03063,-0.037,2.05808,-0.45644,0.73109,2.05623,1.73714,-0.29192,-0.13411,-0.52883,0.34407,0.25797,0.64145,-1.39025,-0.04611,0.00056,0.90425,-0.23988,-0.15894,-0.98599,-0.10163,-0.03385,-0.05482,1.08285,0.127,0.10719,-0.58966,-0.14853,0.02351,0.05214
32.66,-0.42369,-0.08891,-0.05917,0.14042,-0.47682,-0.09792,0.81665,0.00598,-0.00706,-0.13019,0.03378,-0.037,2.06026,-0.45738,0.72965,2.05749,1.72808,-0.28144,-0.1345,-0.50784,0.32281,0.25865,0.65094,-1.36693,-0.06688,-0.0124,0.89691,-0.24388,-0.14568,-1.01506,-0.10275,-0.03293,-0.05445,1.08176,0.12209,0.09874,-0.5956,-0.14836,0.02424,0.05247
32.68,-0.42407,-0.08988,-0.05938,0.15065,-0.47122,-0.09926,0.81512,0.00761,-0.01375,-0.12541,0.03734,-0.037,2.0601,-0.45648,0.72519,2.05909,1.7093,-0.26167,-0.13466,-0.48605,0.29912,0.26579,0.65966,-1.35377,-0.08481,-0.02619,0.89025,-0.24776,-0.1315,-1.04781,-0.10302,-0.03207,-0.05408,1.08092,0.1168,0.08803,-0.60232,-0.14813,0.02513,0.05285
32.7,-0.42465,-0.09081,-0.05898,0.16066,-0.46567,-0.09897,0.81418,0.00821,-0.01934,-0.12005,0.03995,-0.037,2.0647,-0.45911,0.72668,2.06003,1.70997,-0.26048,-0.1353,-0.46477,0.27929,0.26209,0.67019,-1.31844,-0.11025,-0.03966,0.88211,-0.25157,-0.11821,-1.07307,-0.10513,-0.03114,-0.05374,1.07984,0.11215,0.08154,-0.60773,-0.14802,0.02578,0.05315
32.72,-0.42565,-0.09154,-0.05712,0.17038,-0.46009,-0.09439,0.81482,0.00603,-0.02203,-0.11321,0.04001,-0.037,2.08419,-0.47345,0.74694,2.05925,1.77138,-0.31695,-0.13753,-0.4461,0.27112,0.2254,0.6853,-1.21442,-0.15824,-0.05167,0.86985,-0.2557,-0.10809,-1.0784,-0.11236,-0.0299,-0.05345,1.07758,0.10928,0.08758,-0.60927,-0.14819,0.02568,0.05313
32.74,-0.42683,-0.09221,-0.05464,0.17973,-0.45463,-0.08819,0.81612,0.00283,-0.02357,-0.10587,0.03914,-0.037,2.10813,-0.49106,0.7728,2.05779,1.85114,-0.39105,-0.1402,-0.42817,0.26707,0.17766,0.70221,-1.09005,-0.21283,-0.06299,0.85618,-0.25974,-0.09906,-1.076,-0.12138,-0.0286,-0.05321,1.07508,0.1071,0.09786,-0.60941,-0.14848,0.02536,0.05301
32.76,-0.42796,-0.09292,-0.05237,0.18891,-0.44929,-0.08269,0.81725,0.00011,-0.02549,-0.0989,0.03871,-0.037,2.12877,-0.50594,0.79457,2.05657,1.91774,-0.45285,-0.14247,-0.40996,0.26133,0.13538,0.71844,-0.98143,-0.26182,-0.07398,0.84331,-0.26366,-0.0897,-1.0765,-0.12948,-0.02737,-0.05296,1.07285,0.10466,0.10592,-0.61011,-0.14873,0.02516,0.05295
32.78,-0.42897,-0.0936,-0.05038,0.19959,-0.4432,-0.07734,0.81783,-0.00268,-0.028,-0.09126,0.03815,-0.037,2.15471,-0.52592,0.82273,2.05565,2.00429,-0.53238,-0.14557,-0.39128,0.25464,0.09145,0.73417,-0.84555,-0.32193,-0.08782,0.82973,-0.26823,-0.07946,-1.0796,-0.13809,-0.02593,-0.05263,1.06996,0.10189,0.11511,-0.61119,-0.14892,0.02486,0.05284
32.8,-0.43027,-0.09433,-0.04765,0.20698,-0.43872,-0.0713,0.8197,-0.00555,-0.02901,-0.08494,0.03768,-0.037,2.1708,-0.53621,0.83909,2.05395,2.05414,-0.57959,-0.14707,-0.37389,0.25097,0.04839,0.75131,-0.76109,-0.36054,-0.09557,0.81733,-0.27143,-0.0714,-1.07548,-0.14602,-0.02493,-0.05249,1.06839,0.10006,0.123,-0.61114,-0.14927,0.02473,0.05281
32.82,-0.43229,-0.09514,-0.04319,0.20586,-0.4386,-0.06373,0.82502,-0.00852,-0.02602,-0.08228,0.03756,-0.037,2.15733,-0.51763,0.82004,2.05016,1.99392,-0.5297,-0.14372,-0.35946,0.25484,0.00882,0.77233,-0.82907,-0.33618,-0.08592,0.80844,-0.27086,-0.06883,-1.05289,-0.15207,-0.02522,-0.05292,1.07042,0.10022,0.12605,-0.60822,-0.14995,0.02513,0.05302
32.84,-0.43461,-0.09602,-0.03799,0.20132,-0.44012,-0.05555,0.8316,-0.01153,-0.02158,-0.081,0.03759,-0.037,2.134,-0.48943,0.78921,2.04562,1.89691,-0.44733,-0.13879,-0.34643,0.2616,-0.02921,0.7946,-0.94854,-0.29027,-0.07026,0.80081,-0.26891,-0.06849,-1.02337,-0.15729,-0.02597,-0.05354,1.07379,0.10142,0.12766,-0.60421,-0.15078,0.0257,0.05331
32.86,-0.43682,-0.0969,-0.03304,0.19799,-0.44094,-0.04768,0.83757,-0.01445,-0.01787,-0.07917,0.03764,-0.037,2.11602,-0.4665,0.76477,2.04148,1.81955,-0.38216,-0.13479,-0.33304,0.26693,-0.06693,0.81602,-1.04082,-0.2555,-0.05782,0.79266,-0.26759,-0.06733,-0.99732,-0.16259,-0.02649,-0.05406,1.07662,0.10245,0.13007,-0.60078,-0.15156,0.02618,0.05356
32.88,-0.43891,-0.09763,-0.02844,0.19612,-0.44155,-0.03961,0.84371,-0.01769,-0.01379,-0.07696,0.03727,-0.037,2.09458,-0.4399,0.73619,2.03705,1.73053,-0.30733,-0.12993,-0.31846,0.2729,-0.10933,0.83876,-1.14824,-0.21531,-0.04332,0.78422,-0.26627,-0.0654,-0.96968,-0.16921,-0.02708,-0.05466,1.07919,0.1022,0.13207,-0.59703,-0.15227,0.02672,0.05383
32.9,-0.44134,-0.09869,-0.02292,0.19038,-0.443,-0.03185,0.84978,-0.02027,-0.01017,-0.0759,0.03783,-0.037,2.07788,-0.4186,0.71331,2.03308,1.65674,-0.24462,-0.12647,-0.30674,0.27817,-0.14143,0.85894,-1.23679,-0.18115,-0.03166,0.77672,-0.26459,-0.06558,-0.94377,-0.17287,-0.02764,-0.05512,1.0826,0.10487,0.13445,-0.59362,-0.15317,0.02718,0.05407
32.92,-0.44457,-0.10064,-0.01522,0.17514,-0.44619,-0.02498,0.85531,-0.02098,-0.00789,-0.07755,0.04093,-0.037,2.07714,-0.41449,0.70934,2.03043,1.6346,-0.22369,-0.12733,-0.30203,0.28061,-0.1459,0.87238,-1.25936,-0.16948,-0.02947,0.77125,-0.26256,-0.07104,-0.92471,-0.16838,-0.02808,-0.05515,1.08803,0.1151,0.13882,-0.59189,-0.15446,0.02735,0.05415
32.94,-0.44816,-0.10293,-0.0066,0.15607,-0.45018,-0.01847,0.8607,-0.02101,-0.00617,-0.08034,0.04496,-0.037,2.0814,-0.41601,0.71144,2.0283,1.62886,-0.21593,-0.12963,-0.30026,0.28225,-0.13993,0.88308,-1.26152,-0.16447,-0.03033,0.76674,-0.26015,-0.07853,-0.90761,-0.16095,-0.02848,-0.05503,1.09424,0.12826,0.14347,-0.59044,-0.15594,0.02746,0.0542
32.96,-0.45165,-0.10508,0.00171,0.13853,-0.45391,-0.01187,0.86615,-0.02135,-0.00435,-0.08269,0.04858,-0.037,2.08305,-0.41482,0.71055,2.02603,1.61513,-0.20178,-0.13121,-0.29749,0.28437,-0.1384,0.89461,-1.27398,-0.156,-0.0297,0.76196,-0.2577,-0.08507,-0.88939,-0.15494,-0.02888,-0.05498,1.10008,0.14021,0.14759,-0.58857,-0.15739,0.02764,0.05429
32.98,-0.45484,-0.10719,0.00959,0.12174,-0.45727,-0.00494,0.87166,-0.0217,-0.0018,-0.08475,0.05219,-0.037,2.08577,-0.41394,0.7102,2.02336,1.60235,-0.18818,-0.13302,-0.29333,0.28611,-0.13811,0.90794,-1.28388,-0.14864,-0.02928,0.75647,-0.25612,-0.09183,-0.87187,-0.14853,-0.02937,-0.05495,1.1061,0.15169,0.15339,-0.58794,-0.1586,0.02765,0.05427
33,-0.45877,-0.10945,0.01859,0.10254,-0.46155,0.00121,0.87698,-0.02187,-0.00095,-0.08767,0.05599,-0.037,2.08758,-0.41388,0.71033,2.02164,1.59199,-0.17702,-0.13471,-0.29278,0.2884,-0.13276,0.91684,-1.29361,-0.14082,-0.02924,0.75272,-0.25262,-0.09858,-0.8535,-0.14228,-0.02965,-0.05482,1.11184,0.16483,0.15573,-0.58474,-0.16037,0.028,0.05447
33.02,-0.46456,-0.112,0.03038,0.0777,-0.46828,0.00537,0.88206,-0.02175,-0.00444,-0.09268,0.06032,-0.037,2.08561,-0.4147,0.71025,2.02254,1.5843,-0.16931,-0.13575,-0.30097,0.29252,-0.11602,0.91432,-1.30741,-0.13033,-0.02951,0.75324,-0.24413,-0.1047,-0.83175,-0.13711,-0.02936,-0.05446,1.11713,0.18174,0.14887,-0.57484,-0.16356,0.02923,0.05525
33.04,-0.47109,-0.11469,0.04329,0.05058,-0.47588,0.00874,0.88691,-0.02149,-0.00967,-0.0985,0.06474,-0.037,2.08262,-0.41621,0.71051,2.02438,1.57868,-0.16381,-0.13661,-0.31275,0.29718,-0.09453,0.90741,-1.32151,-0.11922,-0.03009,0.75553,-0.23368,-0.11074,-0.80922,-0.13222,-0.02886,-0.054,1.12201,0.20022,0.13847,-0.56226,-0.16731,0.03079,0.05626
33.06,-0.47735,-0.11732,0.05573,0.0245,-0.48302,0.01241,0.8917,-0.02128,-0.01426,-0.10394,0.06896,-0.037,2.08019,-0.41746,0.71068,2.02572,1.57229,-0.15749,-0.13753,-0.32321,0.30155,-0.07521,0.90242,-1.33553,-0.10831,-0.03056,0.75721,-0.22399,-0.1169,-0.78745,-0.12726,-0.02845,-0.05358,1.12676,0.21802,0.12938,-0.55057,-0.17087,0.03223,0.05718
33.08,-0.48337,-0.11993,0.06802,-0.00174,-0.49046,0.0163,0.8972,-0.02107,-0.01825,-0.10946,0.0739,-0.037,2.07751,-0.41864,0.71077,2.02734,1.56565,-0.15077,-0.1386,-0.3325,0.30614,-0.05552,0.89769,-1.34881,-0.09789,-0.03098,0.7581,-0.21484,-0.12283,-0.76401,-0.12196,-0.02807,-0.05317,1.13292,0.23579,0.12145,-0.54023,-0.17421,0.03357,0.05805
33.1,-0.49005,-0.12261,0.08088,-0.02812,-0.49746,0.01957,0.90114,-0.02085,-0.02386,-0.115,0.07734,-0.037,2.07503,-0.42008,0.71104,2.02862,1.55992,-0.14533,-0.13929,-0.34499,0.31034,-0.03558,0.89138,-1.36377,-0.08634,-0.03154,0.76104,-0.20411,-0.12911,-0.74388,-0.11748,-0.02757,-0.05273,1.13598,0.25393,0.11039,-0.52648,-0.17809,0.03519,0.05908
33.12,-0.49839,-0.12546,0.09519,-0.05438,-0.50316,0.02107,0.90091,-0.02057,-0.03384,-0.1204,0.07676,-0.037,2.07354,-0.42207,0.71164,2.02856,1.55515,-0.1421,-0.13894,-0.36571,0.31402,-0.01644,0.88212,-1.38499,-0.07071,-0.03247,0.76929,-0.18941,-0.13719,-0.73277,-0.11518,-0.02679,-0.05224,1.13112,0.27289,0.09058,-0.50365,-0.18369,0.03759,0.06054
33.14,-0.50735,-0.12836,0.11002,-0.08067,-0.50835,0.02202,0.89911,-0.02031,-0.04532,-0.12578,0.07465,-0.037,2.07224,-0.42429,0.71238,2.02816,1.55131,-0.14017,-0.1382,-0.38944,0.31717,0.00278,0.8714,-1.40769,-0.05415,-0.03349,0.77951,-0.17321,-0.14547,-0.72508,-0.11372,-0.0259,-0.05173,1.12309,0.29211,0.06791,-0.47756,-0.18975,0.04024,0.06214
33.16,-0.51599,-0.13122,0.12455,-0.10692,-0.51367,0.02338,0.89797,-0.0201,-0.0559,-0.13117,0.07315,-0.037,2.07071,-0.42641,0.71308,2.02803,1.54764,-0.13812,-0.13763,-0.41161,0.32011,0.02215,0.86116,-1.42869,-0.03875,-0.03441,0.78879,-0.15775,-0.15309,-0.71604,-0.11191,-0.02507,-0.05124,1.11615,0.31109,0.04719,-0.45311,-0.19534,0.04272,0.06365
33.18,-0.52482,-0.13417,0.1394,-0.13341,-0.51948,0.02406,0.89704,-0.01963,-0.06749,-0.13663,0.07202,-0.037,2.06972,-0.42855,0.71371,2.02743,1.54161,-0.1342,-0.13709,-0.43473,0.32496,0.04099,0.8515,-1.45396,-0.02027,-0.03558,0.79836,-0.14196,-0.16307,-0.70612,-0.10998,-0.02422,-0.05073,1.1106,0.33068,0.02367,-0.4278,-0.20203,0.04544,0.06531
33.2,-0.53337,-0.13694,0.15366,-0.15935,-0.52412,0.02603,0.8953,-0.01969,-0.07728,-0.14189,0.06976,-0.037,2.06769,-0.43068,0.7145,2.0277,1.54062,-0.13441,-0.13639,-0.45649,0.32569,0.06081,0.84037,-1.4708,-0.00791,-0.03624,0.80773,-0.12657,-0.16825,-0.69883,-0.10851,-0.02337,-0.05025,1.10149,0.34897,0.00527,-0.40368,-0.20654,0.04773,0.06667
33.22,-0.54112,-0.13923,0.16633,-0.18394,-0.52569,0.03161,0.89163,-0.02126,-0.08201,-0.1468,0.06479,-0.037,2.06254,-0.43276,0.71564,2.03055,1.55387,-0.14614,-0.13529,-0.47416,0.31528,0.08381,0.82542,-1.46305,-0.01337,-0.03543,0.81641,-0.11219,-0.15943,-0.69822,-0.10808,-0.02257,-0.04984,1.08274,0.36432,0.00242,-0.38235,-0.20491,0.04885,0.0672
33.24,-0.54853,-0.14132,0.17835,-0.20793,-0.5261,0.03852,0.88721,-0.02334,-0.08482,-0.15147,0.05874,-0.037,2.05636,-0.43482,0.71693,2.03426,1.57208,-0.16189,-0.13405,-0.49024,0.30071,0.10766,0.80911,-1.44695,-0.0249,-0.03409,0.82475,-0.09837,-0.14589,-0.70011,-0.10811,-0.02176,-0.04945,1.06065,0.37819,0.00472,-0.3626,-0.20106,0.04952,0.06742
33.26,-0.55603,-0.14348,0.19055,-0.23208,-0.52702,0.04489,0.88318,-0.02515,-0.08831,-0.15613,0.05318,-0.037,2.05077,-0.43687,0.71817,2.03748,1.58763,-0.17546,-0.13291,-0.50674,0.28796,0.13079,0.79354,-1.43533,-0.03319,-0.03301,0.83302,-0.0846,-0.13498,-0.7007,-0.10796,-0.02093,-0.04904,1.04043,0.39225,0.0042,-0.34297,-0.19823,0.05035,0.06775
33.28,-0.56386,-0.14576,0.20327,-0.25675,-0.52797,0.05101,0.8789,-0.02713,-0.09267,-0.1613,0.04756,-0.037,2.04468,-0.43902,0.71933,2.04108,1.60485,-0.1905,-0.13161,-0.52462,0.27548,0.15539,0.77735,-1.42093,-0.04346,-0.03186,0.84233,-0.06949,-0.12208,-0.7021,-0.10769,-0.02022,-0.04869,1.01852,0.40839,0.00556,-0.31962,-0.19536,0.05138,0.0682
33.3,-0.57089,-0.14773,0.21472,-0.28016,-0.5286,0.05795,0.87498,-0.02885,-0.09475,-0.16533,0.04184,-0.037,2.03939,-0.44095,0.72069,2.04411,1.61984,-0.20349,-0.1306,-0.53921,0.26147,0.17705,0.76222,-1.41025,-0.0511,-0.03073,0.84934,-0.05731,-0.11217,-0.70236,-0.10778,-0.01926,-0.04822,0.99949,0.4198,0.0043,-0.30454,-0.19205,0.05188,0.06833
33.32,-0.57588,-0.14892,0.22297,-0.30051,-0.52857,0.0671,0.87219,-0.02983,-0.09084,-0.16639,0.03593,-0.037,2.0365,-0.44214,0.72254,2.04533,1.62677,-0.20915,-0.13047,-0.54524,0.24403,0.19111,0.7497,-1.41257,-0.04946,-0.02987,0.85013,-0.0532,-0.11196,-0.69897,-0.10871,-0.01757,-0.04742,0.98838,0.41886,-0.00577,-0.31106,-0.18792,0.05102,0.06764
33.34,-0.58006,-0.14979,0.22993,-0.31956,-0.52827,0.07698,0.86981,-0.0305,-0.08473,-0.16629,0.02998,-0.037,2.03449,-0.44314,0.72459,2.04596,1.63145,-0.21277,-0.13064,-0.54798,0.22525,0.20203,0.73841,-1.41881,-0.04504,-0.02904,0.84858,-0.052,-0.11488,-0.69431,-0.10997,-0.01562,-0.04651,0.98045,0.41315,-0.01856,-0.32603,-0.18343,0.04964,0.06666
33.36,-0.58455,-0.15077,0.2374,-0.33903,-0.52813,0.08637,0.86728,-0.03121,-0.07971,-0.16662,0.02416,-0.037,2.0321,-0.44428,0.72653,2.04687,1.63754,-0.21769,-0.13065,-0.55213,0.20719,0.21397,0.72695,-1.42279,-0.04227,-0.02817,0.84804,-0.04939,-0.11618,-0.69014,-0.11109,-0.01382,-0.04566,0.97162,0.40939,-0.02992,-0.33776,-0.1792,0.04852,0.06583
33.38,-0.58931,-0.1519,0.24517,-0.35925,-0.52777,0.09652,0.86456,-0.03234,-0.07421,-0.16734,0.01783,-0.037,2.02948,-0.44513,0.72848,2.04774,1.64198,-0.22095,-0.13072,-0.55662,0.18843,0.22779,0.71376,-1.42846,-0.03816,-0.02745,0.84769,-0.04717,-0.11815,-0.68642,-0.11221,-0.01191,-0.04475,0.96035,0.40647,-0.04202,-0.34709,-0.17451,0.04728,0.0649
33.4,-0.5933,-0.15264,0.252,-0.37756,-0.52782,0.10521,0.86234,-0.03253,-0.06924,-0.16697,0.01257,-0.037,2.02768,-0.44663,0.73057,2.04857,1.64952,-0.2274,-0.13077,-0.55963,0.171,0.23677,0.70455,-1.4317,-0.03603,-0.02638,0.84642,-0.04483,-0.11954,-0.68145,-0.11339,-0.01015,-0.04394,0.95498,0.40072,-0.05317,-0.36328,-0.17071,0.04618,0.06411
33.42,-0.59547,-0.15234,0.25661,-0.39109,-0.52898,0.10981,0.86142,-0.0302,-0.0662,-0.16393,0.0101,-0.037,2.0269,-0.44903,0.73191,2.04936,1.66362,-0.24058,-0.13054,-0.55941,0.15647,0.2347,0.70556,-1.42667,-0.04068,-0.02466,0.84308,-0.04143,-0.11839,-0.67312,-0.11464,-0.00883,-0.04341,0.96512,0.38799,-0.06203,-0.39755,-0.16946,0.04563,0.06378
33.44,-0.59688,-0.15165,0.2603,-0.40271,-0.53057,0.11287,0.861,-0.02694,-0.06381,-0.15981,0.00873,-0.037,2.02708,-0.45222,0.73355,2.05017,1.68129,-0.2574,-0.13032,-0.55782,0.14355,0.22763,0.71062,-1.41918,-0.0473,-0.02255,0.83893,-0.03782,-0.11661,-0.6636,-0.11593,-0.00766,-0.04296,0.98112,0.37263,-0.0697,-0.4382,-0.16913,0.04523,0.06359
33.46,-0.5986,-0.15115,0.26436,-0.41508,-0.53202,0.11653,0.86035,-0.0241,-0.06122,-0.15613,0.00695,-0.037,2.02755,-0.45569,0.73581,2.05105,1.6991,-0.27431,-0.13022,-0.55685,0.13066,0.22174,0.71415,-1.41324,-0.05255,-0.02039,0.83523,-0.03435,-0.11528,-0.65472,-0.11719,-0.00642,-0.04248,0.99448,0.3587,-0.07724,-0.47517,-0.16839,0.04473,0.06333
33.48,-0.60044,-0.15061,0.26856,-0.4279,-0.53323,0.12065,0.85973,-0.02123,-0.05815,-0.15264,0.00477,-0.037,2.0251,-0.4566,0.73501,2.05156,1.70972,-0.28412,-0.12964,-0.5558,0.11455,0.22012,0.71644,-1.40566,-0.05963,-0.01912,0.83108,-0.03081,-0.11337,-0.64535,-0.11848,-0.00515,-0.04199,1.00785,0.34364,-0.08758,-0.51576,-0.16762,0.04434,0.06311
33.5,-0.60185,-0.15006,0.27228,-0.43934,-0.53504,0.12342,0.85914,-0.01823,-0.05626,-0.14851,0.0037,-0.037,2.02879,-0.46288,0.74047,2.05286,1.73577,-0.3092,-0.13003,-0.55461,0.10549,0.20876,0.72223,-1.40078,-0.06349,-0.01599,0.82769,-0.02732,-0.11247,-0.63676,-0.11972,-0.004,-0.04154,1.02252,0.33034,-0.09191,-0.55016,-0.16714,0.04378,0.06283
33.52,-0.60239,-0.14956,0.27493,-0.44745,-0.53847,0.12283,0.85854,-0.01504,-0.05747,-0.14298,0.00545,-0.037,2.05051,-0.48499,0.76468,2.05637,1.80743,-0.37914,-0.1333,-0.55359,0.1162,0.16904,0.73704,-1.40451,-0.05713,-0.00698,0.8267,-0.02391,-0.11439,-0.63049,-0.12085,-0.0031,-0.04115,1.03955,0.32266,-0.07882,-0.56661,-0.16713,0.04264,0.06226
33.54,-0.6025,-0.14908,0.27713,-0.45424,-0.54249,0.12092,0.85793,-0.01175,-0.05985,-0.13685,0.00827,-0.037,2.07813,-0.51226,0.79488,2.06068,1.89382,-0.46368,-0.13751,-0.55245,0.13386,0.12016,0.75517,-1.41092,-0.04761,0.00375,0.82648,-0.02055,-0.11732,-0.62507,-0.12192,-0.00232,-0.04079,1.05761,0.31684,-0.05991,-0.57646,-0.16739,0.04134,0.06162
33.56,-0.60275,-0.1486,0.27952,-0.46164,-0.54622,0.1196,0.85729,-0.00855,-0.06169,-0.13097,0.01061,-0.037,2.10218,-0.5364,0.82131,2.06462,1.97095,-0.53919,-0.14116,-0.55125,0.14788,0.07729,0.77157,-1.41569,-0.04014,0.01311,0.82585,-0.0172,-0.11986,-0.61933,-0.123,-0.0015,-0.04043,1.07505,0.31009,-0.04443,-0.58883,-0.16761,0.04017,0.06104
33.58,-0.60323,-0.14807,0.28195,-0.46892,-0.55007,0.11827,0.85682,-0.00515,-0.06357,-0.12517,0.01301,-0.037,2.13002,-0.5639,0.85214,2.06859,2.05897,-0.62488,-0.14538,-0.55047,0.16391,0.02661,0.78908,-1.42211,-0.03026,0.0249,0.82543,-0.0137,-0.12215,-0.61327,-0.12415,-0.00064,-0.04004,1.09337,0.30355,-0.02568,-0.60341,-0.16755,0.03877,0.06034
33.6,-0.60312,-0.14766,0.28419,-0.47616,-0.55379,0.11667,0.85598,-0.00215,-0.06564,-0.11906,0.01549,-0.037,2.15137,-0.58561,0.87526,2.07268,2.12784,-0.69285,-0.14864,-0.5488,0.17748,-0.01013,0.80495,-1.42583,-0.02449,0.03214,0.82475,-0.01054,-0.12514,-0.6081,-0.12514,0.00012,-0.03971,1.11001,0.29709,-0.01225,-0.6118,-0.16812,0.03781,0.05988
33.62,-0.60163,-0.14762,0.28608,-0.48373,-0.55704,0.11461,0.85405,-0.00025,-0.06808,-0.11223,0.01825,-0.037,2.15313,-0.59001,0.87529,2.07707,2.13948,-0.70778,-0.14903,-0.54489,0.18171,-0.00425,0.81605,-1.42082,-0.03187,0.02546,0.82321,-0.00822,-0.13022,-0.60516,-0.1258,0.00069,-0.03948,1.12189,0.28999,-0.01607,-0.60413,-0.17046,0.03816,0.06018
33.64,-0.59953,-0.1477,0.28778,-0.49128,-0.56013,0.11234,0.85177,0.00126,-0.07065,-0.10512,0.021,-0.037,2.14819,-0.58843,0.86741,2.08155,2.13146,-0.70446,-0.14843,-0.54006,0.18335,0.01567,0.82525,-1.41313,-0.04334,0.01429,0.82136,-0.00627,-0.13589,-0.60312,-0.12631,0.00116,-0.03931,1.132,0.28297,-0.02524,-0.59054,-0.17341,0.03895,0.06073
33.66,-0.59763,-0.14771,0.28954,-0.49879,-0.56328,0.11021,0.84972,0.00295,-0.0731,-0.09816,0.02354,-0.037,2.14647,-0.58964,0.86337,2.08591,2.13292,-0.70984,-0.14831,-0.53553,0.18677,0.02789,0.83491,-1.40715,-0.05223,0.00581,0.81961,-0.0042,-0.14101,-0.6007,-0.12686,0.00165,-0.03913,1.14284,0.27616,-0.03121,-0.57998,-0.17603,0.03949,0.06114
33.68,-0.59608,-0.1478,0.2914,-0.5065,-0.5665,0.10784,0.84736,0.00462,-0.07587,-0.09106,0.02702,-0.037,2.14421,-0.59072,0.85852,2.09061,2.1326,-0.71401,-0.1481,-0.53147,0.18799,0.04521,0.84638,-1.39929,-0.06393,-0.00526,0.81807,-0.0019,-0.14733,-0.59813,-0.12751,0.00224,-0.0389,1.15408,0.26839,-0.04019,-0.5677,-0.1789,0.04022,0.06166
33.7,-0.59363,-0.14774,0.29301,-0.51377,-0.56952,0.10594,0.84557,0.00624,-0.07797,-0.0842,0.02855,-0.037,2.14141,-0.59059,0.8534,2.09461,2.13111,-0.71616,-0.14782,-0.52624,0.19297,0.05558,0.85361,-1.39455,-0.07094,-0.01215,0.81601,-0.00018,-0.15128,-0.59612,-0.12791,0.00261,-0.03877,1.16399,0.26261,-0.04427,-0.55774,-0.18137,0.04066,0.06201
33.72,-0.58897,-0.14723,0.29399,-0.51999,-0.57205,0.10539,0.84532,0.00782,-0.07826,-0.07795,0.02452,-0.037,2.13868,-0.5885,0.84932,2.09665,2.13138,-0.71732,-0.14759,-0.51786,0.21004,0.04159,0.84932,-1.39999,-0.06274,-0.00544,0.81265,0.00022,-0.14841,-0.59524,-0.12765,0.00243,-0.03885,1.17098,0.26237,-0.03349,-0.55532,-0.1827,0.04024,0.06185
33.74,-0.58339,-0.14657,0.29472,-0.52572,-0.57437,0.10532,0.84568,0.00935,-0.07784,-0.07197,0.01856,-0.037,2.13564,-0.5854,0.84523,2.09797,2.13104,-0.71699,-0.14733,-0.50837,0.23078,0.02048,0.84086,-1.4085,-0.04989,0.00544,0.80876,1e-05,-0.14313,-0.59494,-0.12715,0.00204,-0.03901,1.17661,0.2641,-0.01764,-0.55553,-0.18357,0.03952,0.06151
33.76,-0.57814,-0.14596,0.29554,-0.53156,-0.57674,0.10503,0.84581,0.01089,-0.07769,-0.06594,0.01356,-0.037,2.13278,-0.58279,0.84119,2.0996,2.13082,-0.71718,-0.1471,-0.49949,0.24914,0.00385,0.83446,-1.41496,-0.04004,0.01374,0.80508,-6e-05,-0.13903,-0.5945,-0.12676,0.00175,-0.03913,1.18262,0.26489,-0.00416,-0.55478,-0.18455,0.03893,0.06125
33.78,-0.57327,-0.1454,0.29645,-0.53793,-0.57928,0.10474,0.84569,0.01246,-0.07776,-0.05957,0.00817,-0.037,2.12949,-0.57982,0.8367,2.10133,2.13063,-0.71737,-0.14678,-0.49013,0.27042,-0.01745,0.82729,-1.42399,-0.02672,0.02473,0.80156,0.00044,-0.13462,-0.59356,-0.12634,0.00143,-0.03926,1.18957,0.2659,0.00946,-0.55284,-0.18595,0.03835,0.06101
33.8,-0.56738,-0.1447,0.29711,-0.54304,-0.58141,0.10458,0.84627,0.01396,-0.07721,-0.05397,0.00318,-0.037,2.12713,-0.57746,0.83324,2.10268,2.13046,-0.71746,-0.14664,-0.48152,0.28653,-0.03101,0.82078,-1.42853,-0.01934,0.03124,0.79756,-0.0004,-0.13026,-0.59377,-0.12593,0.00112,-0.03939,1.19426,0.26688,0.02402,-0.55406,-0.18638,0.03769,0.06068
33.82,-0.55902,-0.14374,0.29716,-0.54522,-0.58245,0.10463,0.84844,0.01545,-0.07511,-0.05043,-0.00054,-0.037,2.12742,-0.57696,0.83257,2.10312,2.13074,-0.71758,-0.14705,-0.47527,0.28724,-0.0205,0.8171,-1.41906,-0.03053,0.0237,0.79248,-0.00472,-0.12667,-0.5971,-0.12558,0.00089,-0.03948,1.19314,0.26764,0.04043,-0.56366,-0.18426,0.03685,0.06014
33.84,-0.54965,-0.14263,0.29697,-0.5461,-0.58307,0.10481,0.85133,0.01684,-0.0724,-0.04766,-0.00374,-0.037,2.12871,-0.57715,0.83297,2.10323,2.13113,-0.71773,-0.14763,-0.46983,0.28267,-0.00221,0.81426,-1.40515,-0.04765,0.01162,0.78692,-0.01037,-0.1232,-0.60155,-0.12525,0.00067,-0.03957,1.18976,0.26824,0.05757,-0.57633,-0.18119,0.03594,0.05952
33.86,-0.54066,-0.14153,0.2969,-0.54731,-0.58388,0.10496,0.85402,0.01814,-0.06999,-0.04456,-0.00696,-0.037,2.12956,-0.57713,0.83295,2.10354,2.13141,-0.71801,-0.14808,-0.46402,0.28064,0.01183,0.81102,-1.39387,-0.06137,0.00206,0.78148,-0.01547,-0.11966,-0.60539,-0.12493,0.00044,-0.03966,1.18738,0.26868,0.0741,-0.58747,-0.17856,0.03508,0.05895
33.88,-0.53195,-0.14065,0.29676,-0.5496,-0.5847,0.10499,0.85621,0.01997,-0.06751,-0.04141,-0.01113,-0.037,2.1303,-0.57669,0.83269,2.10361,2.13191,-0.71769,-0.14877,-0.45815,0.2781,0.02866,0.80763,-1.38009,-0.07793,-0.00923,0.77638,-0.0204,-0.11614,-0.60962,-0.12455,0.00022,-0.03974,1.18515,0.27016,0.09197,-0.59934,-0.17587,0.03413,0.05833
33.9,-0.52244,-0.13928,0.29671,-0.54935,-0.5854,0.10529,0.85959,0.02071,-0.065,-0.03853,-0.01318,-0.037,2.13154,-0.57725,0.83315,2.1041,2.13198,-0.71856,-0.149,-0.45266,0.27538,0.04159,0.80493,-1.37045,-0.08999,-0.01808,0.77051,-0.02597,-0.11259,-0.61334,-0.12429,-2e-05,-0.03984,1.18201,0.26942,0.10714,-0.6103,-0.17308,0.03336,0.0578
33.92,-0.51101,-0.13663,0.29697,-0.54209,-0.58596,0.10629,0.86622,0.01827,-0.06288,-0.03632,-0.00936,-0.037,2.13376,-0.58061,0.83544,2.10605,2.13079,-0.72328,-0.14782,-0.44767,0.27303,0.04222,0.80282,-1.37292,-0.08854,-0.01892,0.7625,-0.03308,-0.10935,-0.61519,-0.12431,-0.00029,-0.03996,1.17743,0.2626,0.11487,-0.61855,-0.17018,0.03306,0.05754
33.94,-0.49883,-0.13347,0.29732,-0.53236,-0.58641,0.10755,0.874,0.01475,-0.0607,-0.03435,-0.00344,-0.037,2.13645,-0.58489,0.83838,2.10841,2.1291,-0.72903,-0.14619,-0.44311,0.27076,0.03865,0.80159,-1.37973,-0.0823,-0.01718,0.7538,-0.04077,-0.106,-0.61655,-0.12446,-0.00056,-0.0401,1.17193,0.25355,0.1198,-0.62567,-0.16721,0.03295,0.05738
33.96,-0.48699,-0.13051,0.29762,-0.52397,-0.58689,0.10867,0.88118,0.01183,-0.05834,-0.03223,0.00142,-0.037,2.13906,-0.58861,0.841,2.11043,2.12776,-0.734,-0.14484,-0.43863,0.26872,0.03677,0.8007,-1.38484,-0.07802,-0.01673,0.74552,-0.04814,-0.10241,-0.61825,-0.12458,-0.00083,-0.04023,1.16653,0.2455,0.12585,-0.63296,-0.16429,0.03279,0.05719
33.98,-0.4751,-0.12768,0.29797,-0.51463,-0.58745,0.10988,0.88872,0.00848,-0.0568,-0.03033,0.00676,-0.037,2.14123,-0.59302,0.84389,2.11307,2.12621,-0.74055,-0.14322,-0.43309,0.26534,0.03598,0.79676,-1.38877,-0.07483,-0.01595,0.73669,-0.0558,-0.10003,-0.6194,-0.12454,-0.00113,-0.04036,1.16237,0.23749,0.13257,-0.64181,-0.16128,0.03247,0.05693
34,-0.46317,-0.12447,0.29822,-0.50669,-0.58782,0.11097,0.89576,0.00576,-0.0536,-0.028,0.01158,-0.037,2.1443,-0.59613,0.84622,2.11453,2.12462,-0.74376,-0.14202,-0.42977,0.26489,0.03195,0.79933,-1.39612,-0.06819,-0.01516,0.72893,-0.06298,-0.09515,-0.62165,-0.12487,-0.00136,-0.04048,1.15546,0.22889,0.13721,-0.64711,-0.15845,0.03253,0.05685
34.02,-0.45118,-0.12025,0.29813,-0.5033,-0.58782,0.11174,0.90131,0.0052,-0.04545,-0.02441,0.01458,-0.037,2.15083,-0.59621,0.848,2.11256,2.12621,-0.74029,-0.14231,-0.43293,0.27194,0.01893,0.81992,-1.41297,-0.05286,-0.01536,0.72377,-0.06861,-0.08297,-0.62625,-0.12607,-0.00144,-0.04057,1.14101,0.21908,0.1368,-0.64273,-0.15612,0.03357,0.05724
34.04,-0.4392,-0.11568,0.29792,-0.50138,-0.58763,0.11238,0.90626,0.0053,-0.0357,-0.02037,0.01699,-0.037,2.15809,-0.59485,0.84904,2.10942,2.12732,-0.73305,-0.14301,-0.4382,0.28204,0.00301,0.84695,-1.43293,-0.03427,-0.01555,0.71982,-0.07373,-0.06836,-0.63209,-0.12765,-0.00143,-0.04063,1.12387,0.20881,0.13442,-0.63483,-0.15398,0.03497,0.0578
34.06,-0.42731,-0.11133,0.29778,-0.49873,-0.58748,0.11305,0.91136,0.00502,-0.02691,-0.01652,0.01961,-0.037,2.16423,-0.59359,0.84962,2.10687,2.12644,-0.72553,-0.1434,-0.44225,0.29116,-0.01095,0.87089,-1.45075,-0.0173,-0.01543,0.71569,-0.07915,-0.05516,-0.63787,-0.12912,-0.00142,-0.04069,1.10806,0.19884,0.1329,-0.62862,-0.15177,0.0362,0.05829
34.08,-0.415,-0.10673,0.29759,-0.49629,-0.58755,0.11387,0.91704,0.00504,-0.0171,-0.01272,0.02253,-0.037,2.17353,-0.59457,0.85338,2.10406,2.13438,-0.72588,-0.14428,-0.44755,0.29866,-0.02794,0.89568,-1.47176,0.00057,-0.01649,0.70999,-0.08436,-0.04066,-0.6415,-0.13033,-0.00159,-0.04082,1.09174,0.18838,0.13132,-0.62196,-0.1495,0.03749,0.05879
34.1,-0.40359,-0.10258,0.29747,-0.49377,-0.58708,0.11431,0.92133,0.00462,-0.00908,-0.00873,0.02466,-0.037,2.17664,-0.59073,0.8506,2.10152,2.12446,-0.70966,-0.14427,-0.45058,0.31014,-0.03904,0.92006,-1.48684,0.01711,-0.01521,0.70785,-0.08984,-0.02827,-0.64991,-0.13215,-0.00137,-0.04079,1.07586,0.17892,0.12955,-0.61545,-0.14741,0.03871,0.05928
34.12,-0.39452,-0.0997,0.29751,-0.49083,-0.58534,0.11401,0.92217,0.00273,-0.00612,-0.00406,0.02476,-0.037,2.1604,-0.57212,0.82741,2.09992,2.05973,-0.64209,-0.14153,-0.44816,0.33283,-0.03496,0.94311,-1.48448,0.0305,-0.00652,0.71519,-0.09649,-0.02255,-0.67131,-0.13578,0,-0.04028,1.0618,0.17168,0.12671,-0.60983,-0.14579,0.03979,0.05975
34.14,-0.38638,-0.0973,0.29763,-0.48774,-0.58301,0.11329,0.92157,0.00039,-0.00507,0.00073,0.02408,-0.037,2.13825,-0.54901,0.79805,2.09862,1.97798,-0.55904,-0.13791,-0.44315,0.35926,-0.02454,0.96526,-1.47608,0.04219,0.00437,0.72606,-0.10337,-0.019,-0.69743,-0.13998,0.00176,-0.0396,1.0483,0.16558,0.12393,-0.60454,-0.14434,0.04076,0.06017
34.16,-0.3779,-0.09474,0.29774,-0.48465,-0.5808,0.11259,0.92144,-0.00167,-0.00332,0.0053,0.02376,-0.037,2.12024,-0.52922,0.77324,2.09724,1.90784,-0.48751,-0.1348,-0.43844,0.38333,-0.01571,0.98694,-1.47061,0.05372,0.01363,0.73533,-0.10993,-0.01429,-0.72134,-0.1438,0.0033,-0.03902,1.03459,0.1594,0.12188,-0.59935,-0.1428,0.04167,0.06056
34.18,-0.36905,-0.09195,0.29774,-0.48192,-0.57919,0.11258,0.92206,-0.00398,-0.00082,0.01059,0.02339,-0.037,2.09634,-0.50419,0.7413,2.09561,1.82178,-0.39748,-0.13127,-0.43744,0.41022,-0.01215,1.01258,-1.46449,0.06922,0.02548,0.74463,-0.11737,-0.01019,-0.74568,-0.14818,0.00502,-0.03837,1.0206,0.1514,0.1167,-0.59302,-0.14131,0.04304,0.06118
34.2,-0.36121,-0.08975,0.29799,-0.47836,-0.57622,0.11107,0.92081,-0.00591,-0.00036,0.0144,0.02294,-0.037,2.08301,-0.48878,0.72245,2.09456,1.76429,-0.34162,-0.12838,-0.42813,0.43219,0.00356,1.02964,-1.45824,0.07614,0.03256,0.75469,-0.12305,-0.00541,-0.77007,-0.15149,0.00644,-0.03782,1.00736,0.14742,0.11792,-0.58916,-0.13978,0.04342,0.06131
34.22,-0.35581,-0.08907,0.2988,-0.47283,-0.5695,0.10535,0.91457,-0.00664,-0.00505,0.01425,0.02264,-0.037,2.10282,-0.50336,0.74405,2.09528,1.79484,-0.39059,-0.12752,-0.39609,0.43881,0.05436,1.0234,-1.453,0.0585,0.02492,0.76607,-0.12353,0.0023,-0.79484,-0.1519,0.00708,-0.03752,0.99586,0.15472,0.13829,-0.59235,-0.138,0.04098,0.06006
34.24,-0.3514,-0.08896,0.29987,-0.4664,-0.56147,0.09816,0.90654,-0.00698,-0.01173,0.01258,0.02226,-0.037,2.13306,-0.52742,0.77858,2.09653,1.85394,-0.47341,-0.12733,-0.35589,0.44047,0.11659,1.00851,-1.44785,0.03251,0.0126,0.77808,-0.12227,0.01066,-0.8192,-0.15119,0.00739,-0.03733,0.98514,0.16595,0.16485,-0.59797,-0.13618,0.03755,0.05833
34.26,-0.34659,-0.0886,0.30087,-0.46018,-0.55413,0.09175,0.89943,-0.00752,-0.01753,0.0115,0.0218,-0.037,2.15681,-0.54557,0.80527,2.09736,1.89655,-0.53618,-0.1268,-0.31965,0.44499,0.17157,0.99738,-1.44273,0.01119,0.00311,0.78977,-0.12197,0.01835,-0.84284,-0.15086,0.00775,-0.03714,0.97419,0.17508,0.18762,-0.60229,-0.13444,0.03464,0.05684
34.28,-0.3416,-0.08825,0.30168,-0.45479,-0.54634,0.08486,0.89179,-0.00797,-0.02333,0.01083,0.02178,-0.037,2.18751,-0.57008,0.83975,2.09891,1.95289,-0.61747,-0.12638,-0.2821,0.44721,0.2355,0.98682,-1.4371,-0.01384,-0.00925,0.80175,-0.12097,0.02751,-0.87055,-0.15104,0.00852,-0.03677,0.96269,0.18558,0.2145,-0.60746,-0.13249,0.03145,0.05522
34.3,-0.33722,-0.08799,0.30296,-0.44746,-0.5392,0.07864,0.88487,-0.00851,-0.02953,0.00897,0.02086,-0.037,2.20658,-0.58393,0.8615,2.09912,1.98827,-0.66921,-0.12592,-0.2456,0.45286,0.28336,0.9732,-1.43263,-0.03316,-0.01684,0.81321,-0.12098,0.03386,-0.88954,-0.14993,0.00838,-0.03678,0.95253,0.19416,0.23433,-0.61141,-0.13095,0.02859,0.05378
34.32,-0.33416,-0.08781,0.3054,-0.43501,-0.53413,0.07448,0.88033,-0.00937,-0.0367,0.00395,0.01733,-0.037,2.18842,-0.56371,0.84205,2.09535,1.95325,-0.62435,-0.12504,-0.2121,0.47017,0.28449,0.9518,-1.4314,-0.03422,-0.00953,0.82304,-0.12441,0.03165,-0.88518,-0.14509,0.00555,-0.03794,0.94589,0.19641,0.23275,-0.61168,-0.13055,0.02687,0.05292
34.34,-0.33167,-0.08768,0.30831,-0.42063,-0.52976,0.07106,0.8766,-0.01033,-0.04411,-0.00219,0.01294,-0.037,2.15865,-0.53283,0.80986,2.09023,1.89714,-0.54976,-0.12413,-0.18031,0.49087,0.26894,0.92788,-1.43135,-0.02933,0.00261,0.8323,-0.12888,0.0267,-0.87195,-0.13906,0.00187,-0.03947,0.94056,0.1966,0.22394,-0.6106,-0.13056,0.02551,0.05225
34.36,-0.32897,-0.08753,0.31104,-0.40714,-0.5251,0.06737,0.87251,-0.01127,-0.05114,-0.00767,0.00902,-0.037,2.136,-0.50844,0.78551,2.08581,1.85458,-0.49346,-0.12335,-0.14896,0.5094,0.26066,0.90611,-1.43074,-0.02744,0.01214,0.84186,-0.13274,0.02342,-0.86231,-0.13385,-0.00123,-0.04075,0.93462,0.19778,0.21876,-0.60999,-0.13039,0.02399,0.0515
34.38,-0.32613,-0.08741,0.31363,-0.39357,-0.52027,0.06333,0.86829,-0.01213,-0.05941,-0.01384,0.00473,-0.037,2.10623,-0.47763,0.7532,2.08103,1.79682,-0.41877,-0.1221,-0.11213,0.53053,0.25401,0.87991,-1.43022,-0.02454,0.02325,0.85136,-0.13713,0.01843,-0.85442,-0.12746,-0.00514,-0.04236,0.92877,0.19888,0.21239,-0.61011,-0.1302,0.02241,0.05072
34.4,-0.3237,-0.08722,0.31663,-0.3797,-0.51598,0.06022,0.86458,-0.01316,-0.06511,-0.01884,0.00103,-0.037,2.08805,-0.45728,0.73393,2.07667,1.76463,-0.37409,-0.1218,-0.08728,0.54695,0.23998,0.86229,-1.42977,-0.02226,0.03227,0.86074,-0.14068,0.0163,-0.8409,-0.12323,-0.00759,-0.04338,0.92302,0.1996,0.20662,-0.60833,-0.13015,0.02106,0.05006
34.42,-0.32222,-0.08686,0.32055,-0.36564,-0.51304,0.05956,0.86198,-0.01473,-0.06364,-0.02,-0.00084,-0.037,2.10754,-0.4706,0.75669,2.07374,1.81429,-0.42652,-0.12443,-0.09467,0.55087,0.2087,0.87039,-1.42948,-0.02276,0.03454,0.87057,-0.14181,0.02299,-0.81314,-0.12551,-0.00565,-0.04258,0.91735,0.19982,0.20488,-0.60196,-0.13034,0.02025,0.0497
34.44,-0.32114,-0.08641,0.32489,-0.35131,-0.51063,0.0598,0.8599,-0.01646,-0.05957,-0.01999,-0.00208,-0.037,2.13855,-0.49439,0.79243,2.07128,1.88922,-0.5088,-0.12798,-0.11418,0.5497,0.17075,0.88695,-1.42917,-0.0241,0.03452,0.88016,-0.14206,0.0326,-0.78017,-0.12997,-0.00225,-0.04118,0.91173,0.19971,0.20383,-0.59366,-0.13065,0.01967,0.04946
34.46,-0.31988,-0.08599,0.3291,-0.33697,-0.50793,0.05959,0.85765,-0.01807,-0.05671,-0.0207,-0.0036,-0.037,2.16233,-0.51184,0.8202,2.06863,1.94837,-0.57257,-0.13094,-0.12848,0.55004,0.13635,0.89881,-1.42867,-0.02531,0.03545,0.88942,-0.14263,0.04073,-0.75014,-0.13329,0.00038,-0.04011,0.90599,0.1997,0.20202,-0.58604,-0.13092,0.019,0.04917
34.48,-0.31862,-0.08563,0.33308,-0.32314,-0.50543,0.05958,0.85511,-0.01989,-0.05374,-0.02066,-0.00518,-0.037,2.19398,-0.53545,0.85613,2.06582,2.02461,-0.65581,-0.1346,-0.14161,0.55393,0.09896,0.91436,-1.42898,-0.02535,0.03697,0.90049,-0.14358,0.04949,-0.71739,-0.13722,0.00346,-0.03885,0.90067,0.1998,0.20184,-0.57923,-0.13115,0.01831,0.04887
34.5,-0.31746,-0.08511,0.33762,-0.30821,-0.50268,0.05936,0.85332,-0.02131,-0.05037,-0.02188,-0.00647,-0.037,2.21232,-0.54903,0.87851,2.06347,2.07193,-0.70643,-0.13705,-0.16,0.54912,0.0667,0.92405,-1.42766,-0.028,0.03661,0.90775,-0.14351,0.05758,-0.68916,-0.1404,0.00594,-0.03783,0.89452,0.19963,0.1985,-0.57029,-0.13149,0.01771,0.04861
34.52,-0.31645,-0.08413,0.34362,-0.29027,-0.49871,0.0583,0.85315,-0.02163,-0.04667,-0.02698,-0.007,-0.037,2.18953,-0.53081,0.85864,2.06213,2.02984,-0.65577,-0.13578,-0.19021,0.52208,0.04814,0.9174,-1.42125,-0.03852,0.03203,0.90456,-0.14091,0.06364,-0.67507,-0.14109,0.00645,-0.03759,0.88556,0.19886,0.1867,-0.55591,-0.13209,0.01728,0.04843
34.54,-0.31553,-0.08299,0.35016,-0.27126,-0.49455,0.05699,0.85378,-0.02152,-0.04262,-0.03338,-0.00725,-0.037,2.1533,-0.50246,0.82506,2.06126,1.9585,-0.57209,-0.1333,-0.22524,0.48636,0.0355,0.90426,-1.41321,-0.05153,0.02554,0.89753,-0.13728,0.06882,-0.66569,-0.14094,0.00629,-0.03762,0.87586,0.19785,0.17168,-0.53947,-0.13278,0.01694,0.04829
34.56,-0.31458,-0.08194,0.35646,-0.25278,-0.49074,0.05581,0.85428,-0.02157,-0.03865,-0.0391,-0.00769,-0.037,2.12431,-0.47981,0.79892,2.06026,1.90289,-0.50621,-0.13148,-0.25787,0.45423,0.02154,0.89278,-1.40641,-0.06281,0.01959,0.89222,-0.13405,0.07405,-0.65394,-0.14112,0.00639,-0.03754,0.86682,0.19694,0.15783,-0.52398,-0.13344,0.01659,0.04814
34.58,-0.31358,-0.08082,0.36277,-0.23412,-0.48585,0.05461,0.85383,-0.0218,-0.03497,-0.04513,-0.00788,-0.037,2.09096,-0.45293,0.76815,2.0589,1.83789,-0.4296,-0.12924,-0.2918,0.42337,0.0013,0.88684,-1.39789,-0.0765,0.01488,0.88701,-0.13108,0.08083,-0.64293,-0.14159,0.0067,-0.03738,0.8564,0.19605,0.14509,-0.50832,-0.13408,0.01616,0.04796
34.6,-0.31272,-0.0798,0.36918,-0.21558,-0.48314,0.05338,0.85552,-0.02155,-0.03061,-0.05085,-0.00851,-0.037,2.0633,-0.43229,0.74356,2.0584,1.78513,-0.36708,-0.12756,-0.32403,0.38793,-0.00406,0.86795,-1.39211,-0.08594,0.00725,0.88069,-0.12735,0.08414,-0.63159,-0.14123,0.00642,-0.03746,0.84869,0.19509,0.12945,-0.49259,-0.13478,0.01589,0.04785
34.62,-0.31213,-0.07901,0.37576,-0.19756,-0.48656,0.05212,0.86306,-0.02006,-0.02468,-0.05529,-0.01057,-0.037,2.05503,-0.43156,0.7397,2.06011,1.77372,-0.35183,-0.12783,-0.35002,0.34151,0.02761,0.81291,-1.39855,-0.0812,-0.00856,0.87211,-0.12171,0.07805,-0.61806,-0.13871,0.00459,-0.03821,0.84849,0.19367,0.10488,-0.47686,-0.13554,0.01623,0.04802
34.64,-0.31169,-0.07832,0.38242,-0.1797,-0.49214,0.05085,0.87269,-0.0181,-0.01805,-0.0594,-0.01306,-0.037,2.05284,-0.43739,0.74242,2.06269,1.77543,-0.3517,-0.12869,-0.37413,0.29093,0.07444,0.74541,-1.40722,-0.07236,-0.02709,0.86257,-0.11537,0.06847,-0.6041,-0.1354,0.00219,-0.0392,0.85106,0.19224,0.0778,-0.46119,-0.13637,0.01671,0.04826
34.66,-0.31123,-0.07762,0.38903,-0.1618,-0.49665,0.04961,0.88126,-0.01636,-0.01162,-0.06375,-0.01527,-0.037,2.04757,-0.44006,0.74188,2.06493,1.77076,-0.34435,-0.12923,-0.39929,0.24253,0.11626,0.68485,-1.41184,-0.06671,-0.04398,0.85356,-0.1094,0.06049,-0.59044,-0.1325,9e-05,-0.04006,0.85243,0.19103,0.05301,-0.44569,-0.13723,0.01701,0.04842
34.68,-0.31058,-0.07677,0.39574,-0.14376,-0.50152,0.04827,0.89034,-0.01455,-0.00566,-0.06776,-0.01785,-0.037,2.04318,-0.44314,0.74201,2.06697,1.76689,-0.33737,-0.12996,-0.42382,0.19248,0.1509,0.61861,-1.42838,-0.0559,-0.06272,0.84401,-0.10312,0.05247,-0.57646,-0.12936,-0.00219,-0.04099,0.85348,0.18893,0.02337,-0.4293,-0.13786,0.01778,0.04879
34.7,-0.31036,-0.07626,0.40225,-0.12604,-0.50617,0.04713,0.89883,-0.0128,0.00144,-0.07237,-0.01975,-0.037,2.03859,-0.44705,0.74248,2.06961,1.7648,-0.33359,-0.13044,-0.44914,0.14517,0.20333,0.5614,-1.42168,-0.0544,-0.07814,0.83543,-0.09736,0.04364,-0.56302,-0.12655,-0.00423,-0.04184,0.8559,0.18866,0.00315,-0.4148,-0.13897,0.01761,0.04874
34.72,-0.31115,-0.07665,0.40823,-0.10935,-0.50971,0.04667,0.90537,-0.01136,0.0115,-0.07874,-0.01981,-0.037,2.03172,-0.45168,0.74231,2.07385,1.76488,-0.3355,-0.13001,-0.47713,0.10471,0.30711,0.53154,-1.3415,-0.08313,-0.08444,0.82964,-0.09312,0.0341,-0.55091,-0.12477,-0.00557,-0.04241,0.86118,0.19371,0.01062,-0.40537,-0.14132,0.0147,0.04745
34.74,-0.31237,-0.07739,0.414,-0.09295,-0.51295,0.04639,0.91122,-0.00999,0.02266,-0.08571,-0.01917,-0.037,2.02457,-0.45697,0.74233,2.07863,1.76639,-0.34017,-0.12933,-0.50592,0.0675,0.42716,0.51137,-1.23946,-0.12073,-0.0872,0.82491,-0.08943,0.02377,-0.53938,-0.12335,-0.00664,-0.04288,0.86778,0.20056,0.02748,-0.39787,-0.14415,0.01086,0.04575
34.76,-0.31345,-0.07798,0.41985,-0.0763,-0.51629,0.04595,0.91728,-0.00856,0.03333,-0.09237,-0.01876,-0.037,2.01777,-0.46198,0.74231,2.08306,1.76708,-0.34335,-0.12881,-0.53431,0.02994,0.53582,0.48718,-1.15329,-0.15192,-0.09107,0.81978,-0.08557,0.01334,-0.52775,-0.12182,-0.00778,-0.04338,0.87393,0.20644,0.03938,-0.38957,-0.14677,0.0075,0.04427
34.78,-0.31429,-0.07853,0.42577,-0.06016,-0.51985,0.04584,0.92384,-0.00724,0.04405,-0.09917,-0.01871,-0.037,2.01018,-0.46712,0.74228,2.08797,1.76885,-0.34798,-0.12809,-0.56287,-0.01253,0.66178,0.46085,-1.04239,-0.19289,-0.09701,0.81425,-0.08139,0.00465,-0.51542,-0.12008,-0.00917,-0.04395,0.87952,0.21297,0.05413,-0.38092,-0.14936,0.00386,0.04265
34.8,-0.31574,-0.07925,0.43149,-0.04301,-0.52287,0.04508,0.92915,-0.00571,0.05486,-0.10581,-0.01775,-0.037,2.00412,-0.47206,0.74225,2.092,1.76864,-0.35014,-0.12772,-0.59117,-0.04395,0.75549,0.44153,-0.97746,-0.21579,-0.09792,0.80983,-0.07798,-0.00772,-0.5047,-0.11886,-0.00997,-0.04435,0.88658,0.21855,0.06517,-0.37347,-0.15213,0.0006,0.04122
34.82,-0.31865,-0.08033,0.43667,-0.0232,-0.52441,0.04267,0.93134,-0.00352,0.06608,-0.11217,-0.01438,-0.037,2.00222,-0.47624,0.74214,2.09345,1.76169,-0.34405,-0.12843,-0.61957,-0.04551,0.75507,0.43836,-1.04747,-0.18538,-0.08436,0.808,-0.07677,-0.03075,-0.49819,-0.1191,-0.00899,-0.04425,0.89704,0.22116,0.06399,-0.36884,-0.15521,-0.00142,0.04037
34.84,-0.32218,-0.08158,0.44164,-0.00235,-0.52543,0.03958,0.93225,-0.0011,0.07726,-0.1183,-0.01014,-0.037,2.00187,-0.48016,0.74202,2.09401,1.75286,-0.3355,-0.12951,-0.64749,-0.03606,0.72175,0.44212,-1.16388,-0.13679,-0.06607,0.80729,-0.07626,-0.05731,-0.4933,-0.11984,-0.00744,-0.04399,0.90895,0.22272,0.05871,-0.36535,-0.15846,-0.00303,0.03972
34.86,-0.32548,-0.08278,0.44671,0.01817,-0.52671,0.0367,0.93363,0.00118,0.08816,-0.12434,-0.00636,-0.037,2.00085,-0.48417,0.74187,2.09499,1.74537,-0.32842,-0.13039,-0.67502,-0.03171,0.70419,0.4433,-1.25745,-0.09731,-0.05091,0.8062,-0.07527,-0.0818,-0.48772,-0.12028,-0.00627,-0.04383,0.92037,0.22468,0.05507,-0.36136,-0.16164,-0.00481,0.03898
34.88,-0.32855,-0.0839,0.45177,0.03813,-0.52787,0.03423,0.93548,0.00357,0.10035,-0.13125,-0.00229,-0.037,1.99961,-0.48828,0.74177,2.0959,1.73564,-0.31971,-0.13137,-0.70523,-0.02685,0.68392,0.4424,-1.35814,-0.05435,-0.03163,0.80455,-0.07498,-0.1083,-0.48195,-0.12103,-0.00461,-0.04356,0.93112,0.22702,0.05263,-0.35739,-0.16479,-0.0067,0.0382
34.9,-0.33226,-0.08521,0.4568,0.05946,-0.52917,0.03073,0.93604,0.0058,0.10984,-0.13626,0.00136,-0.037,1.99927,-0.49219,0.74168,2.09675,1.73039,-0.31408,-0.13224,-0.72964,-0.02045,0.66113,0.44735,-1.45468,-0.01443,-0.01966,0.80435,-0.07338,-0.13142,-0.47697,-0.12126,-0.00382,-0.04349,0.94359,0.22832,0.04672,-0.3536,-0.16804,-0.00824,0.03758
34.92,-0.33755,-0.08701,0.46185,0.08466,-0.53101,0.02465,0.93338,0.00736,0.1118,-0.13608,0.00366,-0.037,2.00022,-0.49484,0.74061,2.09756,1.73532,-0.31468,-0.13257,-0.73878,-0.01291,0.64056,0.4667,-1.53402,0.01451,-0.03067,0.80782,-0.06802,-0.14463,-0.47368,-0.11989,-0.00568,-0.04401,0.96061,0.22677,0.03126,-0.35011,-0.17152,-0.00907,0.03728
34.94,-0.34347,-0.08899,0.46689,0.11115,-0.53301,0.01753,0.92947,0.00878,0.11103,-0.13399,0.00549,-0.037,2.00211,-0.49739,0.73968,2.09835,1.74515,-0.31885,-0.13278,-0.74197,-0.00414,0.61832,0.49166,-1.60672,0.03948,-0.04892,0.81271,-0.06131,-0.15428,-0.47114,-0.11799,-0.00842,-0.04473,0.97925,0.22424,0.0126,-0.34674,-0.17509,-0.00953,0.03716
34.96,-0.3491,-0.0909,0.47191,0.13682,-0.53492,0.01081,0.92611,0.01038,0.11155,-0.13276,0.00751,-0.037,2.00416,-0.50052,0.73942,2.09921,1.75462,-0.32342,-0.13315,-0.74746,0.00432,0.59604,0.51403,-1.67876,0.06506,-0.06276,0.81699,-0.05518,-0.16538,-0.46832,-0.11637,-0.01072,-0.04536,0.99703,0.2223,-0.004,-0.34322,-0.17861,-0.01007,0.037
34.98,-0.35476,-0.09279,0.47702,0.16351,-0.53689,0.00435,0.92279,0.01152,0.11192,-0.13155,0.00964,-0.037,2.00401,-0.50158,0.73627,2.09981,1.75673,-0.31993,-0.13314,-0.75467,0.01212,0.57595,0.53683,-1.76755,0.09621,-0.08108,0.82117,-0.04919,-0.17729,-0.46533,-0.11459,-0.01318,-0.04599,1.01543,0.21974,-0.02331,-0.34013,-0.18216,-0.011,0.03665
35,-0.3605,-0.09474,0.48193,0.18837,-0.53877,-0.00287,0.91911,0.01354,0.1119,-0.12986,0.01142,-0.037,2.00837,-0.50671,0.73891,2.10095,1.77461,-0.33338,-0.13384,-0.75685,0.02141,0.55139,0.55999,-1.81974,0.11472,-0.09196,0.82587,-0.0426,-0.18664,-0.46284,-0.11302,-0.01552,-0.04667,1.03287,0.21824,-0.03763,-0.33616,-0.18566,-0.01102,0.03675
35.02,-0.36639,-0.09686,0.48639,0.20792,-0.54037,-0.01213,0.91464,0.01828,0.11166,-0.12722,0.01236,-0.037,2.02726,-0.52481,0.75992,2.1035,1.84143,-0.39908,-0.13689,-0.7468,0.03464,0.51457,0.58262,-1.7682,0.09791,-0.07963,0.83174,-0.03434,-0.18966,-0.46149,-0.11213,-0.01735,-0.04745,1.04757,0.21994,-0.03772,-0.32974,-0.1891,-0.00877,0.03796
35.04,-0.37232,-0.09902,0.49064,0.22558,-0.54186,-0.02206,0.90988,0.02387,0.11107,-0.12418,0.01294,-0.037,2.05024,-0.5467,0.78635,2.10662,1.92282,-0.48062,-0.1406,-0.73186,0.04923,0.47353,0.60542,-1.68062,0.0687,-0.05976,0.83806,-0.02557,-0.19021,-0.46061,-0.11147,-0.01902,-0.04826,1.06118,0.22274,-0.03258,-0.32245,-0.19246,-0.00561,0.03962
35.06,-0.37819,-0.10112,0.49495,0.24408,-0.54337,-0.03154,0.9053,0.02892,0.1105,-0.12139,0.01366,-0.037,2.06977,-0.56569,0.80868,2.10954,1.99311,-0.55064,-0.14376,-0.71901,0.06303,0.43479,0.62819,-1.61215,0.04601,-0.04398,0.84413,-0.01723,-0.19196,-0.45953,-0.11072,-0.02075,-0.04905,1.07505,0.22503,-0.02957,-0.31556,-0.19578,-0.0028,0.04111
35.08,-0.38428,-0.10337,0.49944,0.26271,-0.545,-0.04169,0.90044,0.03461,0.11044,-0.11825,0.01448,-0.037,2.09594,-0.58959,0.83775,2.11221,2.08209,-0.63868,-0.14796,-0.70648,0.07762,0.39435,0.65096,-1.53201,0.01946,-0.02564,0.85047,-0.00798,-0.1933,-0.4584,-0.1099,-0.02255,-0.04988,1.08996,0.22735,-0.02767,-0.30858,-0.19941,-0.00023,0.04249
35.1,-0.38992,-0.10533,0.50347,0.28058,-0.54634,-0.05057,0.89614,0.03918,0.10925,-0.11577,0.015,-0.037,2.10941,-0.60426,0.85426,2.11551,2.13604,-0.69337,-0.15017,-0.69221,0.09087,0.35648,0.67369,-1.46759,-0.00198,-0.01074,0.85633,-0.00055,-0.19494,-0.45749,-0.10928,-0.02415,-0.05063,1.10243,0.22988,-0.02225,-0.30165,-0.20239,0.00304,0.0442
35.12,-0.39438,-0.10648,0.50638,0.29694,-0.5469,-0.05588,0.8934,0.04046,0.10515,-0.11531,0.01488,-0.037,2.08509,-0.59162,0.83324,2.12076,2.08519,-0.64794,-0.14647,-0.67418,0.10001,0.32671,0.69624,-1.45645,-0.00587,-0.00733,0.86081,0.00183,-0.19821,-0.45706,-0.10917,-0.0252,-0.05112,1.10853,0.2327,-0.00777,-0.29462,-0.2035,0.00824,0.04683
35.14,-0.39838,-0.10734,0.50881,0.31257,-0.54716,-0.05986,0.89127,0.04058,0.09993,-0.11554,0.01446,-0.037,2.04815,-0.56974,0.79967,2.12656,1.99939,-0.56916,-0.1408,-0.65462,0.10777,0.29969,0.71872,-1.4622,-0.00423,-0.00758,0.86477,0.00232,-0.20187,-0.45684,-0.10925,-0.02604,-0.05151,1.11218,0.23571,0.00997,-0.28778,-0.20396,0.01407,0.04978
35.16,-0.40255,-0.10832,0.51138,0.32847,-0.54755,-0.06438,0.88891,0.04121,0.09517,-0.11542,0.0141,-0.037,2.01813,-0.5527,0.77285,2.13188,1.93255,-0.50838,-0.13622,-0.63589,0.11621,0.2714,0.74125,-1.45955,-0.00535,-0.00603,0.86889,0.0036,-0.20528,-0.45653,-0.10924,-0.02697,-0.05195,1.11688,0.23865,0.02586,-0.28116,-0.20477,0.01948,0.05252
35.18,-0.40687,-0.10935,0.51426,0.3446,-0.54798,-0.0692,0.88631,0.04194,0.09058,-0.11544,0.01403,-0.037,1.98334,-0.53309,0.74182,2.13818,1.85331,-0.43617,-0.13083,-0.61645,0.12449,0.24299,0.76375,-1.4587,-0.00587,-0.00482,0.87333,0.00524,-0.20893,-0.45618,-0.10925,-0.0279,-0.05239,1.12183,0.24156,0.04351,-0.27316,-0.20539,0.02549,0.05556
35.2,-0.41078,-0.1102,0.51638,0.36006,-0.54825,-0.07306,0.88438,0.04217,0.08542,-0.11533,0.0133,-0.037,1.95535,-0.51658,0.71645,2.14259,1.79129,-0.3796,-0.12664,-0.59817,0.13275,0.2156,0.78623,-1.45859,-0.00616,-0.00385,0.87699,0.00564,-0.21219,-0.45598,-0.10927,-0.02879,-0.05281,1.12567,0.24456,0.05818,-0.26813,-0.20622,0.03038,0.05804
35.22,-0.4137,-0.11061,0.51669,0.37427,-0.54806,-0.07461,0.88401,0.04131,0.07862,-0.11476,0.01082,-0.037,1.94984,-0.51079,0.71025,2.14139,1.78631,-0.3746,-0.12643,-0.58351,0.14142,0.18992,0.80924,-1.45649,-0.00701,-0.0027,0.87859,0.00314,-0.21433,-0.45609,-0.10929,-0.02961,-0.05321,1.12721,0.24756,0.06382,-0.27086,-0.20794,0.03209,0.05896
35.24,-0.41622,-0.11084,0.51624,0.38778,-0.54774,-0.07523,0.88433,0.03999,0.07135,-0.11404,0.0077,-0.037,1.95145,-0.50842,0.71004,2.13832,1.79962,-0.38638,-0.12747,-0.57008,0.1501,0.16526,0.83211,-1.45472,-0.00777,-0.0017,0.87943,-0.00058,-0.21606,-0.45635,-0.10931,-0.03038,-0.05359,1.12769,0.25065,0.06632,-0.27662,-0.20986,0.03265,0.0593
35.26,-0.41889,-0.11114,0.51605,0.40137,-0.54754,-0.07625,0.88445,0.03888,0.06452,-0.11335,0.0049,-0.037,1.94941,-0.5045,0.70676,2.13628,1.80388,-0.39023,-0.12783,-0.55606,0.1587,0.14043,0.85468,-1.45292,-0.00858,-0.00063,0.88063,-0.00381,-0.21797,-0.45656,-0.10933,-0.03116,-0.05397,1.12856,0.25379,0.07017,-0.28124,-0.21158,0.0337,0.05989
35.28,-0.42168,-0.11146,0.51618,0.41592,-0.54707,-0.07734,0.88413,0.0377,0.05671,-0.11283,0.00197,-0.037,1.94881,-0.50021,0.70457,2.13348,1.81005,-0.39416,-0.1286,-0.54209,0.16758,0.11445,0.87884,-1.45116,-0.00916,0.00034,0.88172,-0.00684,-0.21998,-0.45668,-0.10937,-0.03199,-0.05438,1.12977,0.25656,0.07441,-0.2849,-0.21376,0.0349,0.06057
35.3,-0.42412,-0.11172,0.51547,0.42832,-0.54713,-0.07808,0.88487,0.03657,0.05082,-0.1119,-0.00082,-0.037,1.94691,-0.49767,0.70161,2.13186,1.81702,-0.40241,-0.12883,-0.52837,0.17586,0.0911,0.89961,-1.4492,-0.01031,0.00152,0.88289,-0.01052,-0.2216,-0.45703,-0.10936,-0.03271,-0.05472,1.13003,0.26011,0.07711,-0.29125,-0.21504,0.03551,0.06091
35.32,-0.42572,-0.11191,0.51278,0.43497,-0.54861,-0.07803,0.8883,0.03571,0.05055,-0.11002,-0.00306,-0.037,1.94086,-0.49877,0.69583,2.13357,1.8221,-0.41801,-0.12732,-0.51474,0.18269,0.07443,0.91129,-1.44655,-0.01274,0.00324,0.88444,-0.01581,-0.22294,-0.45796,-0.10923,-0.03304,-0.05485,1.12805,0.26597,0.07574,-0.30433,-0.21383,0.03461,0.06042
35.34,-0.42697,-0.11205,0.50924,0.4395,-0.55062,-0.07769,0.89277,0.0349,0.05218,-0.1077,-0.00511,-0.037,1.93304,-0.50161,0.68899,2.13659,1.82748,-0.43767,-0.12522,-0.50139,0.18888,0.06039,0.9195,-1.44363,-0.01584,0.0052,0.88611,-0.02169,-0.22378,-0.45913,-0.10906,-0.03327,-0.05493,1.12514,0.27256,0.073,-0.31998,-0.21172,0.03317,0.05963
35.36,-0.42836,-0.11221,0.50602,0.44499,-0.55244,-0.07755,0.89679,0.03405,0.05279,-0.10547,-0.00724,-0.037,1.92539,-0.50392,0.68222,2.13923,1.83263,-0.45594,-0.12337,-0.48811,0.19523,0.04534,0.92917,-1.44077,-0.01887,0.0071,0.88775,-0.0272,-0.22436,-0.46021,-0.10892,-0.0336,-0.05505,1.12259,0.27874,0.0713,-0.33443,-0.21002,0.03207,0.05902
35.38,-0.42979,-0.11238,0.50309,0.45041,-0.55407,-0.07706,0.90074,0.03329,0.05403,-0.10366,-0.00945,-0.037,1.92086,-0.50525,0.67744,2.14086,1.83872,-0.47278,-0.12164,-0.47403,0.20212,0.0296,0.93939,-1.43817,-0.02092,0.00879,0.88928,-0.03314,-0.22688,-0.46121,-0.10873,-0.03372,-0.05507,1.12028,0.28535,0.06783,-0.34919,-0.2083,0.03054,0.05819
35.4,-0.43106,-0.11253,0.49933,0.45555,-0.55621,-0.07726,0.90507,0.03234,0.05443,-0.10089,-0.01142,-0.037,1.90905,-0.509,0.66813,2.14497,1.84277,-0.49344,-0.11951,-0.46166,0.20774,0.01588,0.94756,-1.43499,-0.02518,0.01097,0.89105,-0.03835,-0.22539,-0.46243,-0.10862,-0.03424,-0.05529,1.11726,0.29114,0.06766,-0.36377,-0.20642,0.02978,0.05774
35.42,-0.43197,-0.11262,0.49357,0.45997,-0.5596,-0.07954,0.91025,0.03101,0.05212,-0.09541,-0.01275,-0.037,1.87967,-0.5189,0.6469,2.15539,1.84046,-0.5226,-0.1163,-0.45411,0.21005,0.00735,0.95147,-1.43011,-0.03514,0.01444,0.89362,-0.04087,-0.21168,-0.46419,-0.10873,-0.03596,-0.05612,1.11238,0.29526,0.07782,-0.37804,-0.20437,0.03135,0.05843
35.44,-0.43274,-0.11269,0.48698,0.46428,-0.56349,-0.08252,0.91577,0.02946,0.0489,-0.08901,-0.01383,-0.037,1.84251,-0.53115,0.62105,2.1683,1.83611,-0.55551,-0.11272,-0.44823,0.21113,0.00071,0.95333,-1.42471,-0.04733,0.01839,0.89638,-0.0427,-0.19416,-0.46617,-0.10893,-0.03807,-0.05713,1.10683,0.29837,0.09123,-0.39189,-0.20218,0.0337,0.0595
35.46,-0.43357,-0.11277,0.48069,0.46891,-0.56715,-0.08511,0.92111,0.02793,0.04607,-0.08313,-0.01501,-0.037,1.80757,-0.54241,0.59709,2.18023,1.83305,-0.58738,-0.10938,-0.44148,0.21277,-0.00697,0.95577,-1.41968,-0.05866,0.0221,0.89893,-0.04519,-0.17926,-0.46805,-0.10908,-0.03993,-0.05803,1.10165,0.30142,0.10258,-0.40538,-0.20003,0.03567,0.06038
35.48,-0.43438,-0.11288,0.4747,0.47228,-0.57084,-0.08799,0.9266,0.02675,0.04338,-0.0768,-0.01626,-0.037,1.77839,-0.55353,0.57405,2.1916,1.82856,-0.61685,-0.10573,-0.4352,0.21434,-0.01376,0.95959,-1.41405,-0.06941,0.02589,0.90203,-0.04627,-0.16072,-0.46996,-0.10923,-0.04206,-0.05905,1.09617,0.30667,0.11627,-0.42121,-0.19798,0.03776,0.06132
35.5,-0.4352,-0.11291,0.46788,0.47832,-0.57456,-0.09044,0.93182,0.02479,0.0402,-0.07119,-0.01731,-0.037,1.73504,-0.56533,0.54795,2.20466,1.82647,-0.65183,-0.10263,-0.42832,0.2158,-0.02202,0.96006,-1.40957,-0.08183,0.02965,0.904,-0.05009,-0.14868,-0.47185,-0.10942,-0.04376,-0.05988,1.09117,0.30712,0.12597,-0.43212,-0.19568,0.03977,0.06222
35.52,-0.43609,-0.1127,0.45902,0.49147,-0.57827,-0.09165,0.93631,0.02079,0.03555,-0.06775,-0.0178,-0.037,1.65748,-0.57976,0.51495,2.22229,1.83198,-0.70364,-0.10112,-0.41941,0.21709,-0.0345,0.952,-1.40843,-0.09871,0.03305,0.90294,-0.06195,-0.1572,-0.47361,-0.10961,-0.04397,-0.06001,1.08751,0.29434,0.12298,-0.4289,-0.19278,0.04155,0.06298
35.54,-0.43701,-0.11241,0.44934,0.50738,-0.58197,-0.09239,0.94046,0.01601,0.03049,-0.06508,-0.01812,-0.037,1.56541,-0.59453,0.47899,2.24138,1.83982,-0.76028,-0.10017,-0.40983,0.21834,-0.04856,0.94062,-1.40847,-0.1171,0.03641,0.9007,-0.07655,-0.17211,-0.47537,-0.10986,-0.04375,-0.05996,1.08437,0.27679,0.116,-0.42084,-0.18961,0.0432,0.06366
35.56,-0.43794,-0.11217,0.44,0.52223,-0.58566,-0.09327,0.94469,0.01154,0.02583,-0.06209,-0.01856,-0.037,1.47795,-0.60832,0.44409,2.25956,1.84637,-0.81312,-0.09898,-0.4005,0.21973,-0.06214,0.93061,-1.40798,-0.13456,0.03993,0.89893,-0.08969,-0.18294,-0.47714,-0.11015,-0.04386,-0.06006,1.08108,0.26155,0.11149,-0.41542,-0.18651,0.04479,0.06432
35.58,-0.43877,-0.11187,0.43075,0.53626,-0.58946,-0.0945,0.9493,0.00724,0.02021,-0.05892,-0.0188,-0.037,1.3984,-0.62576,0.41011,2.27912,1.85407,-0.8732,-0.09774,-0.39141,0.22058,-0.0748,0.92107,-1.40746,-0.15316,0.04298,0.89749,-0.10366,-0.19847,-0.47883,-0.11016,-0.04346,-0.0599,1.07741,0.2457,0.10447,-0.40814,-0.18363,0.04688,0.06524
35.6,-0.43981,-0.11169,0.42113,0.55265,-0.593,-0.09488,0.953,0.00242,0.01653,-0.05636,-0.01942,-0.037,1.29925,-0.63556,0.37371,2.29579,1.85964,-0.91888,-0.09672,-0.38168,0.22252,-0.08958,0.90981,-1.40727,-0.16967,0.04688,0.89505,-0.11662,-0.20595,-0.48073,-0.11077,-0.04399,-0.06021,1.07464,0.22995,0.10151,-0.40357,-0.18024,0.0479,0.0656
35.62,-0.4413,-0.11181,0.41072,0.57494,-0.59603,-0.09297,0.95444,-0.00374,0.01814,-0.055,-0.02117,-0.037,1.14783,-0.62491,0.33021,2.307,1.86165,-0.92735,-0.09644,-0.36994,0.22799,-0.11135,0.89442,-1.40787,-0.18062,0.05423,0.8903,-0.12579,-0.18819,-0.48295,-0.113,-0.04734,-0.06195,1.07432,0.21611,0.1124,-0.40774,-0.17543,0.0458,0.06432
35.64,-0.443,-0.11206,0.39997,0.5995,-0.59877,-0.09024,0.95493,-0.01035,0.02176,-0.05429,-0.02327,-0.037,0.9776,-0.60645,0.28462,2.31464,1.86095,-0.92056,-0.09634,-0.35765,0.23448,-0.13492,0.87745,-1.40871,-0.18932,0.06226,0.88456,-0.13391,-0.16237,-0.48545,-0.11583,-0.05162,-0.06416,1.07485,0.20248,0.12723,-0.41478,-0.17014,0.04264,0.06249
35.66,-0.44466,-0.11227,0.38937,0.623,-0.60153,-0.08791,0.95574,-0.01667,0.02458,-0.0535,-0.02517,-0.037,0.81703,-0.59105,0.24072,2.32207,1.85952,-0.91818,-0.096,-0.34585,0.24017,-0.15669,0.86134,-1.40934,-0.19862,0.06926,0.87917,-0.14274,-0.1412,-0.48796,-0.11838,-0.05539,-0.06611,1.07492,0.18845,0.13912,-0.42045,-0.16514,0.0401,0.06098
35.68,-0.44609,-0.11241,0.37877,0.6467,-0.60475,-0.08543,0.95705,-0.02339,0.02691,-0.05186,-0.02726,-0.037,0.65099,-0.57763,0.19352,2.33752,1.86623,-0.92622,-0.09632,-0.33299,0.24728,-0.18266,0.84451,-1.41049,-0.20969,0.07923,0.87412,-0.15073,-0.11613,-0.4898,-0.12094,-0.05954,-0.06824,1.07534,0.17547,0.15559,-0.42622,-0.1598,0.03702,0.05919
35.7,-0.44805,-0.11271,0.36809,0.67048,-0.60693,-0.0831,0.95707,-0.02937,0.03074,-0.0521,-0.02901,-0.037,0.49242,-0.55835,0.1528,2.33512,1.85558,-0.90935,-0.09531,-0.32225,0.25168,-0.20026,0.82884,-1.41053,-0.21662,0.08329,0.86817,-0.16015,-0.09716,-0.4932,-0.12364,-0.0631,-0.0701,1.07518,0.16049,0.16371,-0.43251,-0.15508,0.03477,0.05784
35.72,-0.45141,-0.1134,0.35724,0.69391,-0.60647,-0.08114,0.95394,-0.03334,0.03833,-0.05774,-0.03011,-0.037,0.35625,-0.52383,0.12999,2.28647,1.79529,-0.8231,-0.09047,-0.31703,0.24844,-0.19452,0.81686,-1.40807,-0.21168,0.06989,0.85979,-0.17388,-0.09726,-0.50007,-0.12656,-0.06485,-0.0711,1.07353,0.13935,0.14591,-0.43968,-0.15219,0.03531,0.05796
35.74,-0.45531,-0.11424,0.34633,0.71731,-0.60493,-0.07941,0.9495,-0.03653,0.04734,-0.06517,-0.03078,-0.037,0.22889,-0.48388,0.11388,2.21956,1.71805,-0.71306,-0.08429,-0.31404,0.24244,-0.18025,0.80611,-1.40436,-0.20282,0.05069,0.85058,-0.18902,-0.10369,-0.50866,-0.12961,-0.06596,-0.07181,1.07119,0.11634,0.11993,-0.44727,-0.14995,0.03669,0.05853
35.76,-0.45899,-0.11501,0.33547,0.7407,-0.60377,-0.07774,0.94553,-0.03999,0.05562,-0.07157,-0.0314,-0.037,0.09939,-0.44708,0.09501,2.15955,1.65012,-0.61675,-0.07878,-0.3103,0.23765,-0.16971,0.79476,-1.40081,-0.19643,0.03482,0.84187,-0.20342,-0.10702,-0.51696,-0.13263,-0.06735,-0.07264,1.06895,0.09458,0.09896,-0.45459,-0.14741,0.03755,0.05882
35.78,-0.46256,-0.1158,0.3245,0.76427,-0.60306,-0.07535,0.94208,-0.04384,0.06434,-0.07895,-0.03305,-0.037,-0.03878,-0.4071,0.07483,2.10528,1.57531,-0.5077,-0.07302,-0.30541,0.23301,-0.15977,0.7835,-1.39899,-0.18713,0.0161,0.83255,-0.21824,-0.11106,-0.52313,-0.13558,-0.06883,-0.07352,1.06765,0.07109,0.07268,-0.46233,-0.14487,0.03896,0.05939
35.8,-0.46648,-0.11657,0.31376,0.78742,-0.60116,-0.07452,0.93724,-0.04667,0.07243,-0.08467,-0.03245,-0.037,-0.15636,-0.37256,0.05905,2.03483,1.51082,-0.41961,-0.06745,-0.30347,0.22748,-0.14663,0.77237,-1.39327,-0.18292,0.00186,0.8244,-0.2325,-0.11521,-0.53422,-0.13866,-0.06994,-0.07422,1.06419,0.05079,0.05546,-0.46926,-0.14249,0.03944,0.05951
35.82,-0.47129,-0.11727,0.30356,0.80934,-0.59632,-0.07792,0.92909,-0.0469,0.07851,-0.08549,-0.02575,-0.037,-0.22078,-0.35439,0.05333,1.92369,1.47917,-0.39627,-0.0627,-0.30899,0.21949,-0.12602,0.76138,-1.37734,-0.19406,0.00192,0.81912,-0.24502,-0.11834,-0.55778,-0.14225,-0.07022,-0.07455,1.05521,0.03953,0.0653,-0.47393,-0.14032,0.03711,0.05831
35.84,-0.47641,-0.11793,0.29361,0.83081,-0.59031,-0.08289,0.91958,-0.04613,0.08386,-0.08456,-0.01681,-0.037,-0.2644,-0.3419,0.05186,1.79707,1.45851,-0.3947,-0.05817,-0.31742,0.21083,-0.1026,0.75048,-1.35757,-0.21034,0.00658,0.81518,-0.25688,-0.12134,-0.58634,-0.14592,-0.07011,-0.07471,1.04403,0.03158,0.08449,-0.47774,-0.13831,0.03382,0.05667
35.86,-0.48133,-0.1186,0.28361,0.8525,-0.58475,-0.08716,0.91057,-0.04579,0.08948,-0.08432,-0.00888,-0.037,-0.31643,-0.32682,0.0488,1.67781,1.43263,-0.38258,-0.05352,-0.32459,0.2029,-0.08091,0.73949,-1.33932,-0.22412,0.00878,0.81098,-0.26895,-0.12432,-0.61312,-0.14945,-0.07015,-0.07493,1.03367,0.02228,0.09937,-0.48189,-0.13628,0.03097,0.05523
35.88,-0.48652,-0.11932,0.27333,0.87418,-0.57944,-0.0914,0.90196,-0.0455,0.09542,-0.08454,-0.00091,-0.037,-0.37259,-0.31162,0.04468,1.55629,1.40691,-0.37251,-0.04889,-0.33158,0.19305,-0.05701,0.72869,-1.32169,-0.2387,0.01233,0.80522,-0.28151,-0.12794,-0.63798,-0.15344,-0.0703,-0.07522,1.02401,0.01228,0.11427,-0.48629,-0.13405,0.02811,0.05378
35.9,-0.49121,-0.11993,0.2637,0.89574,-0.57341,-0.09604,0.89225,-0.0449,0.10047,-0.08341,0.00744,-0.037,-0.41531,-0.29806,0.04351,1.43633,1.38391,-0.3635,-0.04434,-0.33961,0.18711,-0.03715,0.71755,-1.30224,-0.25255,0.01427,0.80311,-0.29281,-0.13003,-0.66788,-0.15647,-0.07013,-0.07531,1.01242,0.00453,0.13138,-0.48992,-0.13227,0.02505,0.05225
35.92,-0.49454,-0.12032,0.25577,0.91727,-0.5653,-0.10165,0.87947,-0.04351,0.10333,-0.07847,0.01671,-0.037,-0.42599,-0.28783,0.05101,1.32221,1.36408,-0.35359,-0.03954,-0.34969,0.19196,-0.02945,0.70526,-1.27526,-0.26597,0.01021,0.80997,-0.30135,-0.12869,-0.7113,-0.15704,-0.06931,-0.07496,0.99576,0.00244,0.15311,-0.4919,-0.1317,0.02155,0.05053
35.94,-0.49733,-0.1206,0.24849,0.93866,-0.55659,-0.10757,0.86571,-0.04187,0.10526,-0.07231,0.02621,-0.037,-0.42392,-0.2791,0.06107,1.2108,1.347,-0.3439,-0.03487,-0.36074,0.20082,-0.02594,0.69273,-1.24716,-0.278,0.00448,0.82058,-0.30855,-0.12568,-0.75937,-0.1566,-0.06817,-0.07439,0.97731,0.00246,0.17664,-0.49306,-0.13157,0.0179,0.04874
35.96,-0.50028,-0.12091,0.24095,0.95999,-0.54843,-0.11317,0.85266,-0.04047,0.10755,-0.06702,0.03531,-0.037,-0.42773,-0.26954,0.06877,1.09964,1.32988,-0.33318,-0.03041,-0.37138,0.20796,-0.02031,0.68039,-1.22188,-0.28872,-0.00017,0.83002,-0.316,-0.12288,-0.80482,-0.15647,-0.06708,-0.07386,0.95988,0.00133,0.19884,-0.49437,-0.13124,0.01438,0.04701
35.98,-0.50358,-0.12129,0.23329,0.98183,-0.53905,-0.11954,0.83844,-0.0385,0.11013,-0.06032,0.0457,-0.037,-0.4304,-0.26061,0.08135,0.98132,1.30811,-0.32693,-0.02485,-0.3819,0.21457,-0.01534,0.66749,-1.18689,-0.3076,-0.00597,0.83735,-0.32494,-0.1223,-0.85287,-0.15692,-0.06636,-0.07355,0.94147,0.00109,0.22351,-0.49655,-0.13091,0.01057,0.04514
36,-0.50603,-0.12151,0.22602,1.00259,-0.53209,-0.12439,0.82644,-0.03767,0.11184,-0.05632,0.05345,-0.037,-0.43278,-0.25088,0.08474,0.87919,1.29643,-0.31138,-0.02158,-0.39295,0.22333,-0.01022,0.65597,-1.17165,-0.30936,-0.00987,0.84981,-0.33045,-0.11685,-0.89619,-0.15597,-0.06481,-0.07275,0.92471,-0.00049,0.24336,-0.49679,-0.13068,0.00733,0.04356
36.02,-0.50633,-0.12137,0.21968,1.02025,-0.53197,-0.12476,0.82073,-0.04019,0.1118,-0.05995,0.05361,-0.037,-0.43688,-0.23664,0.05849,0.81769,1.31284,-0.26792,-0.02494,-0.40454,0.23634,-0.00198,0.646,-1.21364,-0.26192,-0.00798,0.87666,-0.32695,-0.09705,-0.92815,-0.15116,-0.06091,-0.07058,0.91295,-0.00674,0.24907,-0.49156,-0.13053,0.00578,0.04285
36.04,-0.50578,-0.12108,0.2137,1.03685,-0.53429,-0.12363,0.81732,-0.04385,0.11085,-0.06638,0.05111,-0.037,-0.44136,-0.22191,0.02354,0.77316,1.3391,-0.21538,-0.03055,-0.41677,0.25153,0.00623,0.63791,-1.2751,-0.19771,-0.00416,0.90831,-0.32003,-0.07264,-0.95463,-0.14502,-0.05623,-0.06794,0.90292,-0.01434,0.24988,-0.48447,-0.13048,0.00481,0.04243
36.06,-0.50558,-0.12084,0.20754,1.05405,-0.53549,-0.12333,0.8129,-0.04693,0.11002,-0.07163,0.04995,-0.037,-0.44613,-0.20857,-0.00503,0.72309,1.36021,-0.16832,-0.03491,-0.42913,0.26611,0.01335,0.63039,-1.32605,-0.14266,-0.00133,0.93699,-0.3146,-0.05121,-0.98173,-0.13962,-0.05201,-0.06558,0.8921,-0.02102,0.25317,-0.47844,-0.13044,0.00354,0.04186
36.08,-0.50551,-0.12066,0.20148,1.07077,-0.53674,-0.12243,0.80825,-0.05027,0.11035,-0.07646,0.04829,-0.037,-0.44839,-0.19016,-0.04364,0.66366,1.38428,-0.1156,-0.0402,-0.43969,0.27908,0.02499,0.6166,-1.38397,-0.08108,0.00191,0.96912,-0.30938,-0.02601,-1.01692,-0.13359,-0.04732,-0.06294,0.88124,-0.02887,0.25553,-0.47147,-0.13017,0.0024,0.04135
36.1,-0.50498,-0.12033,0.19528,1.08819,-0.53846,-0.12238,0.80467,-0.05333,0.10812,-0.08284,0.04701,-0.037,-0.45628,-0.18241,-0.06358,0.62806,1.4045,-0.07247,-0.04412,-0.45421,0.29608,0.02726,0.61662,-1.43201,-0.02912,0.00479,0.99516,-0.30294,-0.00754,-1.03387,-0.1286,-0.04344,-0.06077,0.8709,-0.03468,0.25854,-0.46604,-0.13038,0.00113,0.04078
36.12,-0.50339,-0.11967,0.18865,1.10813,-0.54086,-0.1253,0.8034,-0.05532,0.09853,-0.09279,0.04751,-0.037,-0.47855,-0.20245,-0.02849,0.65141,1.41166,-0.05846,-0.04342,-0.47884,0.32188,0.00354,0.65197,-1.44804,-0.0082,0.00594,1.00301,-0.29399,-0.00919,-1.00191,-0.1266,-0.04201,-0.05998,0.86158,-0.03425,0.26542,-0.46539,-0.13199,-0.00073,0.03994
36.14,-0.50137,-0.11887,0.18187,1.12874,-0.54365,-0.12909,0.80317,-0.05698,0.08647,-0.10421,0.04847,-0.037,-0.50671,-0.23365,0.02549,0.69864,1.41465,-0.05442,-0.04132,-0.50754,0.35202,-0.02957,0.70161,-1.4535,0.00242,0.00672,1.00457,-0.28393,-0.0177,-0.95178,-0.12574,-0.04144,-0.05967,0.85275,-0.03178,0.27296,-0.46635,-0.13406,-0.00273,0.03904
36.16,-0.49953,-0.11813,0.17513,1.14883,-0.54626,-0.13233,0.80253,-0.0588,0.07588,-0.11499,0.04915,-0.037,-0.53299,-0.26084,0.06983,0.73671,1.41952,-0.04538,-0.04007,-0.53481,0.38129,-0.05829,0.74629,-1.46369,0.01811,0.00783,1.00911,-0.27439,-0.0228,-0.90984,-0.12449,-0.04046,-0.05915,0.84372,-0.03046,0.2796,-0.46655,-0.13585,-0.0046,0.03819
36.18,-0.49772,-0.11739,0.1685,1.16981,-0.54896,-0.13618,0.80169,-0.06066,0.06382,-0.12577,0.04999,-0.037,-0.55608,-0.28325,0.11806,0.76827,1.42464,-0.03756,-0.03801,-0.56035,0.40585,-0.08753,0.7846,-1.4746,0.03315,0.00828,1.01331,-0.26469,-0.02897,-0.86787,-0.12265,-0.03951,-0.05861,0.83466,-0.02828,0.28855,-0.46683,-0.13791,-0.00672,0.03723
36.2,-0.49575,-0.11661,0.16159,1.18907,-0.55153,-0.13899,0.80151,-0.06231,0.05423,-0.13685,0.05068,-0.037,-0.58698,-0.31861,0.16313,0.81881,1.42832,-0.03025,-0.03728,-0.59045,0.44139,-0.1179,0.8395,-1.48158,0.04635,0.01004,1.01662,-0.2551,-0.03461,-0.82185,-0.12232,-0.03873,-0.05822,0.82574,-0.02734,0.29295,-0.46734,-0.13952,-0.00835,0.03649
36.22,-0.49352,-0.11578,0.15403,1.20375,-0.5537,-0.1385,0.80274,-0.06361,0.05217,-0.14848,0.05068,-0.037,-0.64001,-0.38416,0.19187,0.91591,1.4272,-0.01714,-0.04052,-0.63214,0.50473,-0.14923,0.937,-1.47745,0.06154,0.01509,1.01918,-0.24623,-0.03682,-0.76799,-0.12582,-0.03805,-0.05805,0.81724,-0.03062,0.28446,-0.46811,-0.13974,-0.0086,0.03637
36.24,-0.49112,-0.1149,0.14618,1.21661,-0.5557,-0.13698,0.80463,-0.06466,0.05265,-0.16034,0.05056,-0.037,-0.70031,-0.4628,0.21731,1.03116,1.42511,-0.0051,-0.04515,-0.67822,0.57915,-0.18135,1.05059,-1.47015,0.07434,0.02152,1.02097,-0.2375,-0.03831,-0.71092,-0.1308,-0.03754,-0.05802,0.80883,-0.03514,0.27141,-0.46907,-0.13949,-0.00834,0.03648
36.26,-0.48875,-0.11401,0.1384,1.23011,-0.55772,-0.13605,0.80632,-0.06573,0.05191,-0.17206,0.05067,-0.037,-0.75598,-0.53747,0.24633,1.13803,1.42457,0.00422,-0.04914,-0.72237,0.64954,-0.213,1.15668,-1.46608,0.08509,0.02759,1.02298,-0.22864,-0.04033,-0.65607,-0.13515,-0.03706,-0.05798,0.80028,-0.03888,0.26058,-0.46994,-0.13945,-0.00832,0.03649
36.28,-0.48659,-0.11325,0.13085,1.24445,-0.55999,-0.13462,0.80763,-0.06723,0.05142,-0.18398,0.0501,-0.037,-0.81752,-0.60459,0.26749,1.24644,1.41905,0.0266,-0.0531,-0.76662,0.71617,-0.24539,1.26428,-1.45413,0.10855,0.03257,1.02539,-0.22001,-0.04177,-0.59733,-0.13941,-0.03615,-0.05773,0.79218,-0.04348,0.24917,-0.47088,-0.13941,-0.00829,0.0365
36.3,-0.48394,-0.11223,0.12277,1.25655,-0.5617,-0.13398,0.80989,-0.06776,0.05101,-0.1955,0.05086,-0.037,-0.8684,-0.68986,0.30366,1.35548,1.42393,0.02181,-0.05749,-0.81134,0.79278,-0.27636,1.37213,-1.45792,0.10533,0.04008,1.0268,-0.21096,-0.04412,-0.54623,-0.14414,-0.03614,-0.05795,0.78317,-0.04659,0.23786,-0.47171,-0.13927,-0.00816,0.03656
36.32,-0.48004,-0.11049,0.11335,1.26328,-0.56185,-0.13564,0.81438,-0.06589,0.0503,-0.2061,0.0557,-0.037,-0.8888,-0.82653,0.38482,1.46299,1.45577,-0.05888,-0.06259,-0.85895,0.89783,-0.30251,1.47871,-1.50645,0.02732,0.05491,1.02612,-0.20072,-0.04945,-0.51648,-0.1502,-0.03865,-0.05949,0.7715,-0.04551,0.22802,-0.47213,-0.13904,-0.00788,0.03668
36.34,-0.47564,-0.10849,0.10341,1.26774,-0.56147,-0.13814,0.81982,-0.06304,0.04956,-0.21624,0.0618,-0.037,-0.89811,-0.98001,0.4805,1.57011,1.49844,-0.1665,-0.06811,-0.90637,1.01176,-0.32721,1.58449,-1.57076,-0.07693,0.07213,1.02441,-0.19007,-0.05565,-0.4947,-0.15661,-0.04203,-0.06147,0.75896,-0.04287,0.21842,-0.47246,-0.13873,-0.00753,0.03684
36.36,-0.47143,-0.10662,0.0937,1.27297,-0.56137,-0.14035,0.82495,-0.0605,0.04877,-0.22644,0.06703,-0.037,-0.91193,-1.1229,0.56775,1.67661,1.53755,-0.26112,-0.07353,-0.95208,1.11937,-0.35308,1.68933,-1.62771,-0.16818,0.08783,1.0229,-0.1796,-0.0612,-0.46968,-0.16258,-0.04494,-0.06321,0.74689,-0.04082,0.20866,-0.47285,-0.13845,-0.0072,0.03698
36.38,-0.46737,-0.10473,0.084,1.27918,-0.56108,-0.14216,0.8296,-0.0585,0.04837,-0.23729,0.0735,-0.037,-0.92804,-1.27909,0.66301,1.78737,1.57107,-0.35942,-0.0786,-1.00547,1.2374,-0.37712,1.80044,-1.68585,-0.26469,0.10537,1.02251,-0.16911,-0.0677,-0.44293,-0.16976,-0.04817,-0.06516,0.73446,-0.0393,0.19896,-0.47311,-0.13819,-0.00689,0.03712
36.4,-0.46287,-0.10282,0.07417,1.28288,-0.56107,-0.14501,0.83544,-0.05516,0.0471,-0.24666,0.07769,-0.037,-0.9369,-1.41092,0.74459,1.88863,1.61854,-0.45592,-0.08448,-1.04286,1.33522,-0.40423,1.89785,-1.74469,-0.35568,0.11965,1.01952,-0.1586,-0.07255,-0.42172,-0.17449,-0.05093,-0.06675,0.72262,-0.03628,0.18927,-0.47367,-0.13787,-0.00653,0.03728
36.42,-0.45726,-0.10096,0.06401,1.28003,-0.56204,-0.15061,0.84465,-0.0482,0.04356,-0.25227,0.07542,-0.037,-0.92595,-1.47552,0.78922,1.96608,1.7043,-0.54529,-0.09242,-1.03517,1.37905,-0.44352,1.9597,-1.80706,-0.43174,0.12411,1.0097,-0.148,-0.07159,-0.41396,-0.1723,-0.05224,-0.06726,0.71241,-0.02955,0.17945,-0.47478,-0.13736,-0.00601,0.0375
36.44,-0.45122,-0.09909,0.05377,1.27476,-0.5633,-0.15723,0.85497,-0.03993,0.03912,-0.25638,0.0708,-0.037,-0.90842,-1.5142,0.81887,2.03343,1.80325,-0.63112,-0.10116,-1.01149,1.40152,-0.48541,2.00733,-1.86883,-0.50028,0.12523,0.99727,-0.13743,-0.0691,-0.4115,-0.16764,-0.05304,-0.06738,0.70288,-0.02134,0.16969,-0.47628,-0.13681,-0.00545,0.03772
36.46,-0.44535,-0.09723,0.04362,1.27071,-0.56438,-0.16335,0.8646,-0.03235,0.03499,-0.26104,0.06718,-0.037,-0.8956,-1.56194,0.8524,2.10382,1.89461,-0.71561,-0.10959,-0.99584,1.431,-0.5238,2.06007,-1.92698,-0.56759,0.12799,0.98596,-0.12694,-0.06801,-0.40654,-0.16413,-0.05402,-0.06765,0.69318,-0.01374,0.15999,-0.47778,-0.1363,-0.00493,0.03794
36.48,-0.43953,-0.09535,0.03318,1.26612,-0.56561,-0.16963,0.87507,-0.02435,0.03123,-0.26624,0.06387,-0.037,-0.87547,-1.62168,0.89843,2.18086,1.99317,-0.81338,-0.11782,-0.97724,1.47185,-0.57153,2.11855,-2.00111,-0.65459,0.13029,0.97487,-0.11604,-0.06409,-0.40219,-0.16048,-0.05526,-0.06803,0.68281,-0.00631,0.14991,-0.47842,-0.13565,-0.00433,0.03818
36.5,-0.43353,-0.09351,0.02335,1.26207,-0.56663,-0.17581,0.88403,-0.01693,0.02653,-0.26998,0.05937,-0.037,-0.86873,-1.65017,0.91513,2.24151,2.07962,-0.88244,-0.12661,-0.96065,1.48424,-0.60094,2.16166,-2.04285,-0.69954,0.13278,0.96274,-0.106,-0.06554,-0.39777,-0.15654,-0.05582,-0.06808,0.67409,0.00176,0.14065,-0.48106,-0.13531,-0.00389,0.03837
36.52,-0.42709,-0.09173,0.01509,1.26027,-0.56699,-0.18157,0.8887,-0.01145,0.01926,-0.26988,0.052,-0.037,-0.90416,-1.59746,0.8505,2.26052,2.13024,-0.87171,-0.13703,-0.95642,1.41973,-0.57484,2.16628,-1.98423,-0.62061,0.13599,0.94807,-0.09833,-0.08337,-0.39136,-0.15229,-0.05461,-0.06727,0.66909,0.01143,0.13365,-0.48813,-0.13582,-0.00396,0.03836
36.54,-0.4205,-0.09,0.00747,1.25907,-0.56713,-0.18716,0.89178,-0.0066,0.01111,-0.26839,0.04355,-0.037,-0.95269,-1.51436,0.75757,2.26317,2.16802,-0.83235,-0.14793,-0.95427,1.32794,-0.531,2.15585,-1.89482,-0.50118,0.1396,0.9325,-0.09152,-0.10645,-0.38473,-0.14784,-0.05274,-0.06613,0.66587,0.02165,0.12749,-0.49741,-0.13667,-0.00419,0.03829
36.56,-0.41402,-0.08828,-0.00038,1.2575,-0.56736,-0.19275,0.89552,-0.00147,0.00349,-0.26764,0.03569,-0.037,-0.9929,-1.44586,0.68016,2.27251,2.2111,-0.8068,-0.15845,-0.9492,1.25093,-0.49818,2.152,-1.82697,-0.40662,0.14346,0.91755,-0.08431,-0.12636,-0.37845,-0.14353,-0.05122,-0.06517,0.66225,0.03147,0.12095,-0.5063,-0.13739,-0.00434,0.03826
36.58,-0.40735,-0.08643,-0.00851,1.25627,-0.56766,-0.19871,0.8996,0.00371,-0.00472,-0.26638,0.02732,-0.037,-1.04279,-1.373,0.59098,2.28459,2.25694,-0.77762,-0.16972,-0.9517,1.16313,-0.45312,2.14872,-1.72801,-0.28498,0.14549,0.90162,-0.07715,-0.14949,-0.37131,-0.13893,-0.04948,-0.06408,0.65687,0.04195,0.11437,-0.51252,-0.13798,-0.00455,0.0382
36.6,-0.40104,-0.08486,-0.01589,1.25447,-0.56773,-0.20384,0.90254,0.00865,-0.01186,-0.26586,0.0198,-0.037,-1.07584,-1.30252,0.51981,2.28727,2.29377,-0.74941,-0.17949,-0.93941,1.0916,-0.42909,2.14092,-1.68549,-0.20964,0.15134,0.88755,-0.07009,-0.16724,-0.36586,-0.13492,-0.04803,-0.06317,0.65564,0.05118,0.10809,-0.52493,-0.13895,-0.00466,0.03819
36.62,-0.39575,-0.08397,-0.02144,1.25114,-0.56755,-0.20664,0.90314,0.01299,-0.01606,-0.26775,0.01481,-0.037,-1.0582,-1.24453,0.50519,2.26746,2.30898,-0.72959,-0.18523,-0.88344,1.07182,-0.46931,2.12396,-1.81525,-0.27703,0.16865,0.87895,-0.06302,-0.16839,-0.36491,-0.13261,-0.04762,-0.06287,0.66474,0.05662,0.10234,-0.55284,-0.14053,-0.00433,0.03841
36.64,-0.39083,-0.08335,-0.02623,1.24719,-0.56711,-0.2086,0.90255,0.01713,-0.01911,-0.27043,0.01074,-0.037,-1.02338,-1.19039,0.50978,2.2389,2.31545,-0.71198,-0.1894,-0.81304,1.06942,-0.53094,2.10311,-2.00125,-0.39153,0.18961,0.87224,-0.05603,-0.16402,-0.36569,-0.13091,-0.04752,-0.06276,0.67808,0.0608,0.09688,-0.58706,-0.14252,-0.0039,0.03869
36.66,-0.38577,-0.08263,-0.0313,1.2434,-0.56658,-0.21098,0.90222,0.02142,-0.02255,-0.27273,0.0063,-0.037,-0.99712,-1.1356,0.50573,2.21475,2.32576,-0.69425,-0.19414,-0.75083,1.05906,-0.58157,2.08435,-2.15565,-0.48122,0.20824,0.86459,-0.04901,-0.16246,-0.3658,-0.12894,-0.04724,-0.06254,0.68994,0.0657,0.09131,-0.61909,-0.14456,-0.00356,0.03892
36.68,-0.3806,-0.08182,-0.03662,1.2401,-0.56689,-0.21323,0.90304,0.02546,-0.0266,-0.27504,0.0016,-0.037,-0.96813,-1.07513,0.50031,2.18821,2.33623,-0.67186,-0.19952,-0.68172,1.04803,-0.63698,2.06371,-2.33438,-0.58379,0.22972,0.85724,-0.04196,-0.15982,-0.36544,-0.12696,-0.04707,-0.06238,0.7,0.07004,0.08563,-0.64845,-0.14567,-0.00304,0.03921
36.7,-0.37576,-0.08126,-0.04124,1.23566,-0.56543,-0.21552,0.9012,0.02995,-0.02908,-0.27755,-0.00232,-0.037,-0.94059,-1.02778,0.50265,2.16476,2.34441,-0.65999,-0.20317,-0.62362,1.04283,-0.68769,2.04625,-2.47633,-0.67132,0.24613,0.84975,-0.03502,-0.15804,-0.36645,-0.12514,-0.04676,-0.06216,0.71477,0.0752,0.08027,-0.68468,-0.14873,-0.00286,0.03941
36.72,-0.37168,-0.08134,-0.04413,1.22807,-0.55897,-0.2184,0.89216,0.03604,-0.02741,-0.28026,-0.00424,-0.037,-0.92109,-1.01612,0.52213,2.1523,2.34885,-0.67736,-0.2024,-0.59881,1.05013,-0.72072,2.0389,-2.50166,-0.70526,0.2475,0.84134,-0.02802,-0.16013,-0.37103,-0.12358,-0.04597,-0.06171,0.74168,0.08311,0.07545,-0.73976,-0.15771,-0.0038,0.03929
36.74,-0.36795,-0.08166,-0.04633,1.21939,-0.55077,-0.22129,0.8805,0.04253,-0.0242,-0.28316,-0.00539,-0.037,-0.90364,-1.01763,0.54882,2.14329,2.35122,-0.7052,-0.19992,-0.5857,1.06269,-0.74824,2.0349,-2.48841,-0.7227,0.24366,0.83275,-0.02118,-0.16323,-0.3769,-0.12217,-0.04502,-0.06119,0.77315,0.09186,0.07099,-0.80121,-0.1685,-0.00505,0.03908
36.76,-0.3641,-0.08184,-0.04884,1.21132,-0.5435,-0.22402,0.87011,0.04863,-0.02175,-0.28607,-0.0069,-0.037,-0.88529,-1.01303,0.57212,2.13256,2.35438,-0.72801,-0.19824,-0.56763,1.07254,-0.77803,2.02921,-2.49386,-0.74828,0.24228,0.8243,-0.01446,-0.16575,-0.38206,-0.12071,-0.04415,-0.06071,0.80244,0.1001,0.06651,-0.85883,-0.17802,-0.00605,0.03895
36.78,-0.36009,-0.08213,-0.05135,1.20272,-0.53566,-0.2274,0.85935,0.0556,-0.019,-0.28861,-0.00835,-0.037,-0.86614,-1.00904,0.59661,2.1221,2.35809,-0.75227,-0.19647,-0.54751,1.08436,-0.80962,2.02408,-2.49642,-0.77292,0.24062,0.81566,-0.00694,-0.16855,-0.38784,-0.11918,-0.04324,-0.06021,0.83238,0.10881,0.06136,-0.92081,-0.18946,-0.0075,0.03867
36.8,-0.35649,-0.08226,-0.05371,1.19499,-0.5286,-0.22943,0.84876,0.06086,-0.01652,-0.29194,-0.00976,-0.037,-0.84945,-1.00689,0.61998,2.11206,2.35999,-0.77564,-0.19445,-0.53465,1.09309,-0.8358,2.01866,-2.495,-0.79482,0.23826,0.80738,-0.00114,-0.17111,-0.39259,-0.11783,-0.04238,-0.05973,0.86192,0.11679,0.05778,-0.9749,-0.19733,-0.00809,0.03868
36.82,-0.35383,-0.08189,-0.05586,1.19005,-0.524,-0.22777,0.83911,0.06137,-0.01524,-0.29741,-0.01119,-0.037,-0.83837,-1.00641,0.63936,2.10199,2.3601,-0.79692,-0.19252,-0.53899,1.09208,-0.84905,2.01145,-2.49264,-0.8143,0.2353,0.79997,7e-05,-0.17264,-0.39422,-0.1169,-0.0417,-0.05936,0.88976,0.12243,0.05772,-1.00785,-0.19479,-0.00635,0.03942
36.84,-0.35157,-0.08135,-0.0579,1.18603,-0.52027,-0.22475,0.82974,0.06015,-0.01426,-0.30365,-0.01263,-0.037,-0.8299,-1.00734,0.65712,2.09234,2.35804,-0.81641,-0.19035,-0.5503,1.08769,-0.8568,2.00387,-2.48722,-0.83115,0.23176,0.79295,-0.00047,-0.17394,-0.39475,-0.11615,-0.04108,-0.05901,0.91693,0.12736,0.05937,-1.03221,-0.18861,-0.00371,0.04047
36.86,-0.34917,-0.08089,-0.05999,1.18153,-0.51623,-0.22232,0.82033,0.05971,-0.01308,-0.30953,-0.01414,-0.037,-0.82078,-1.00771,0.67497,2.08277,2.35524,-0.83479,-0.18808,-0.55848,1.08471,-0.86652,1.99658,-2.48254,-0.84825,0.22842,0.78585,-0.00031,-0.17544,-0.39574,-0.11533,-0.04041,-0.05863,0.94405,0.13272,0.06073,-1.05903,-0.18417,-0.0014,0.04142
36.88,-0.34662,-0.08045,-0.06202,1.17723,-0.51179,-0.21999,0.81046,0.05931,-0.01213,-0.31546,-0.01533,-0.037,-0.80948,-1.0082,0.69578,2.07215,2.35958,-0.86156,-0.18661,-0.56687,1.08246,-0.87833,1.98891,-2.47934,-0.86878,0.22521,0.77835,0.00023,-0.17657,-0.39692,-0.11446,-0.03981,-0.05829,0.97278,0.13765,0.06007,-1.09216,-0.17943,0.00058,0.0422
36.9,-0.34447,-0.07991,-0.06418,1.17277,-0.5084,-0.21714,0.80165,0.0584,-0.01078,-0.32146,-0.01718,-0.037,-0.80329,-1.00861,0.70997,2.06378,2.34863,-0.87038,-0.18344,-0.57634,1.07781,-0.88454,1.98189,-2.47279,-0.88177,0.22164,0.77176,-0.00044,-0.1784,-0.39745,-0.11373,-0.03909,-0.0579,0.99798,0.14329,0.06399,-1.11007,-0.17443,0.00345,0.0434
36.92,-0.34332,-0.07911,-0.06672,1.16765,-0.5077,-0.21317,0.7957,0.05651,-0.00826,-0.32747,-0.0209,-0.037,-0.8106,-1.00832,0.70608,2.06153,2.29562,-0.82955,-0.17562,-0.58692,1.06735,-0.87658,1.9767,-2.45796,-0.87456,0.21722,0.76762,-0.00403,-0.18225,-0.39647,-0.11335,-0.03805,-0.05735,1.01352,0.1511,0.08023,-1.08779,-0.16959,0.00858,0.04571
36.94,-0.34257,-0.07821,-0.06941,1.16236,-0.50802,-0.20873,0.79078,0.05416,-0.00534,-0.33353,-0.02528,-0.037,-0.8229,-1.00787,0.69563,2.06149,2.22746,-0.77086,-0.16612,-0.59832,1.05458,-0.86324,1.97215,-2.44001,-0.85999,0.21247,0.76438,-0.00877,-0.18679,-0.39489,-0.11309,-0.03688,-0.05674,1.0256,0.15964,0.10097,-1.05062,-0.16459,0.01457,0.04844
36.96,-0.34164,-0.07736,-0.07202,1.15717,-0.50788,-0.2045,0.78542,0.05201,-0.00261,-0.33955,-0.02935,-0.037,-0.83292,-1.00751,0.68818,2.06044,2.1664,-0.72049,-0.15741,-0.60937,1.04288,-0.85234,1.96732,-2.42351,-0.84879,0.20788,0.76074,-0.01299,-0.191,-0.39358,-0.11278,-0.03578,-0.05617,1.03921,0.16781,0.1196,-1.02028,-0.15965,0.02016,0.05097
36.98,-0.34073,-0.0765,-0.07465,1.15193,-0.50779,-0.20023,0.78007,0.04983,0.00016,-0.34562,-0.03348,-0.037,-0.84327,-1.00713,0.68032,2.05951,2.10406,-0.66875,-0.14855,-0.62051,1.03098,-0.8411,1.96249,-2.40673,-0.83712,0.20324,0.75712,-0.0173,-0.19528,-0.39224,-0.11247,-0.03466,-0.05558,1.05272,0.17609,0.13861,-0.98894,-0.15469,0.02583,0.05354
37,-0.33984,-0.07564,-0.07728,1.14672,-0.50777,-0.19595,0.77482,0.04763,0.00294,-0.35165,-0.03763,-0.037,-0.85387,-1.00674,0.67211,2.05873,2.04118,-0.61624,-0.13964,-0.63164,1.019,-0.82958,1.95773,-2.38986,-0.82505,0.19861,0.75358,-0.02165,-0.19958,-0.39086,-0.11218,-0.03353,-0.055,1.06594,0.18436,0.15779,-0.95684,-0.14973,0.03152,0.05611
